0.46484375,-0.2659912109375,0.96435546875,4.57763671875,-7.2021484375,-4.39453125
0.4337158203125,-0.23095703125,0.95947265625,5.18798828125,-8.60595703125,-4.21142578125
0.4180908203125,-0.2373046875,0.949951171875,5.7373046875,-10.68115234375,-2.50244140625
0.3701171875,-0.24755859375,0.936279296875,6.34765625,-10.43701171875,-1.40380859375
0.344970703125,-0.2388916015625,0.927490234375,6.591796875,-7.87353515625,-1.64794921875
0.3604736328125,-0.24560546875,0.9219970703125,6.77490234375,-7.75146484375,-1.77001953125
0.3880615234375,-0.2545166015625,0.912109375,7.38525390625,-9.1552734375,-2.01416015625
0.400634765625,-0.2508544921875,0.912841796875,7.01904296875,-10.19287109375,-1.220703125
0.3912353515625,-0.2559814453125,0.91357421875,4.45556640625,-9.765625,-1.15966796875
0.36669921875,-0.259521484375,0.914306640625,0.3662109375,-10.498046875,-1.40380859375
0.347412109375,-0.2532958984375,0.9307861328125,-1.89208984375,-10.68115234375,-1.89208984375
0.34228515625,-0.2437744140625,0.923583984375,-1.89208984375,-10.68115234375,-2.74658203125
0.3349609375,-0.240966796875,0.91455078125,-1.77001953125,-9.94873046875,-2.50244140625
0.332763671875,-0.233154296875,0.923583984375,-2.01416015625,-8.7890625,-2.38037109375
0.344482421875,-0.217529296875,0.9295654296875,-3.72314453125,-8.7890625,-2.13623046875
0.351318359375,-0.2100830078125,0.923828125,-4.08935546875,-9.09423828125,-1.8310546875
0.353759765625,-0.2139892578125,0.9178466796875,-3.662109375,-8.72802734375,-2.3193359375
0.36376953125,-0.2255859375,0.9163818359375,-2.38037109375,-7.2021484375,-2.62451171875
0.3677978515625,-0.2362060546875,0.9090576171875,-1.15966796875,-5.31005859375,-3.41796875
0.364501953125,-0.237548828125,0.9085693359375,-0.1220703125,-4.5166015625,-4.45556640625
0.3671875,-0.2313232421875,0.9031982421875,0.18310546875,-5.18798828125,-4.69970703125
0.374267578125,-0.2294921875,0.9024658203125,-0.244140625,-6.53076171875,-4.57763671875
0.3763427734375,-0.23583984375,0.91259765625,-0.48828125,-7.6904296875,-4.69970703125
0.373291015625,-0.239013671875,0.9150390625,15.380859375,-9.58251953125,-4.638671875
0.3702392578125,-0.243408203125,0.9068603515625,1.03759765625,-12.0849609375,-5.0048828125
0.3702392578125,-0.2384033203125,0.9017333984375,1.64794921875,-14.0380859375,-5.43212890625
0.3724365234375,-0.2308349609375,0.90771484375,1.40380859375,-15.68603515625,-6.16455078125
0.3743896484375,-0.22705078125,0.909423828125,1.15966796875,-18.1884765625,-6.04248046875
0.379150390625,-0.2235107421875,0.9080810546875,0.732421875,-21.8505859375,-6.28662109375
0.383544921875,-0.227783203125,0.9022216796875,-0.06103515625,-25.0244140625,-6.9580078125
0.3839111328125,-0.2352294921875,0.8980712890625,-0.91552734375,-28.80859375,-7.01904296875
0.3853759765625,-0.2403564453125,0.905029296875,-1.15966796875,-33.87451171875,-8.30078125
0.3861083984375,-0.2430419921875,0.905029296875,-1.28173828125,-38.57421875,-9.33837890625
0.380859375,-0.23876953125,0.9024658203125,-1.220703125,-45.47119140625,-12.6953125
0.3770751953125,-0.237060546875,0.9063720703125,-0.3662109375,-53.955078125,-18.310546875
0.3685302734375,-0.233642578125,0.9102783203125,-3.35693359375,-62.98828125,-21.66748046875
0.3641357421875,-0.2276611328125,0.9127197265625,-4.7607421875,-74.15771484375,-24.96337890625
0.3712158203125,-0.228759765625,0.9271240234375,-9.94873046875,-87.95166015625,-30.1513671875
0.3731689453125,-0.2318115234375,0.936767578125,-15.0146484375,-104.736328125,-40.71044921875
0.3670654296875,-0.2322998046875,0.94091796875,-20.3857421875,-117.24853515625,-58.28857421875
0.364501953125,-0.240478515625,0.93701171875,-23.01025390625,-132.6904296875,-69.7021484375
0.3536376953125,-0.2025146484375,0.9342041015625,-21.1181640625,-148.01025390625,-54.19921875
0.352783203125,-0.1895751953125,0.9263916015625,-21.97265625,-175.59814453125,-62.6220703125
0.3681640625,-0.206787109375,0.9122314453125,-12.5732421875,-220.27587890625,-83.0078125
0.365966796875,-0.2086181640625,0.90869140625,3.90625,-253.2958984375,-89.17236328125
0.3665771484375,-0.2159423828125,0.9306640625,19.53125,-293.5791015625,-104.91943359375
0.3626708984375,-0.209228515625,0.97119140625,37.04833984375,-349.2431640625,-121.39892578125
0.3416748046875,-0.269775390625,0.9986572265625,39.61181640625,-358.154296875,-130.859375
0.3546142578125,-0.2548828125,1.0260009765625,19.4091796875,-363.28125,-145.5078125
0.3736572265625,-0.2301025390625,1.1307373046875,23.193359375,-376.77001953125,-160.94970703125
0.361083984375,-0.264892578125,1.1029052734375,44.00634765625,-376.3427734375,-175.78125
0.3193359375,-0.259033203125,0.866455078125,46.0205078125,-354.06494140625,-176.20849609375
0.3321533203125,-0.2918701171875,1.111328125,39.36767578125,-344.482421875,-158.14208984375
0.3995361328125,-0.2935791015625,1.159423828125,36.1328125,-376.03759765625,-130.126953125
0.51171875,-0.24853515625,1.0113525390625,31.6162109375,-354.18701171875,-97.10693359375
0.683837890625,-0.27978515625,1.433349609375,20.263671875,-230.8349609375,-71.77734375
0.582275390625,-0.35107421875,1.6614990234375,-15.56396484375,-24.658203125,-49.31640625
0.3514404296875,-0.3936767578125,1.55224609375,-58.53271484375,77.33154296875,-29.6630859375
0.47412109375,-0.5672607421875,1.5350341796875,-77.20947265625,112.548828125,-5.0048828125
0.1805419921875,-0.73583984375,1.66162109375,-103.21044921875,127.62451171875,22.0947265625
0.1353759765625,-0.66162109375,1.69384765625,-108.21533203125,131.7138671875,70.25146484375
0.69921875,-0.6749267578125,1.7838134765625,-120.91064453125,127.197265625,88.0126953125
0.947998046875,-0.705322265625,1.88134765625,-101.01318359375,123.59619140625,99.42626953125
1.121337890625,-0.4176025390625,1.9581298828125,-51.1474609375,142.39501953125,106.689453125
1.2406005859375,-0.1627197265625,2.9044189453125,-11.1083984375,162.353515625,110.29052734375
1.2596435546875,-0.156982421875,3.4176025390625,10.19287109375,186.279296875,110.53466796875
0.7158203125,-0.37890625,2.361083984375,8.97216796875,206.84814453125,107.2998046875
-0.0572509765625,-0.79638671875,1.3023681640625,-16.29638671875,218.56689453125,101.13525390625
0.216552734375,-1.22705078125,0.8455810546875,-24.59716796875,227.294921875,92.529296875
1.845947265625,-1.43701171875,0.6517333984375,-24.658203125,229.79736328125,82.82470703125
2.2113037109375,-1.3084716796875,0.550537109375,-22.216796875,232.0556640625,73.54736328125
1.125,-0.98974609375,0.597412109375,-20.6298828125,241.39404296875,65.36865234375
0.3907470703125,-0.705078125,0.9150390625,-23.62060546875,251.40380859375,59.63134765625
-0.1085205078125,-0.508544921875,1.0421142578125,-29.72412109375,256.4697265625,56.5185546875
-0.2430419921875,-0.3934326171875,1.11279296875,-35.15625,264.83154296875,64.88037109375
-0.2685546875,-0.344970703125,1.1080322265625,-39.36767578125,276.4892578125,68.42041015625
-0.2587890625,-0.3265380859375,1.0716552734375,-42.96875,285.70556640625,74.462890625
-0.193359375,-0.254150390625,1.05810546875,-45.59326171875,292.1142578125,86.48681640625
0.0330810546875,-0.14306640625,1.0634765625,-49.560546875,282.77587890625,100.7080078125
0.1373291015625,-0.01904296875,1.0975341796875,-56.396484375,278.80859375,116.14990234375
0.197265625,0.083740234375,1.15185546875,-62.3779296875,281.43310546875,131.8359375
0.230712890625,0.1319580078125,1.2099609375,-70.068359375,287.353515625,145.263671875
0.2535400390625,0.1304931640625,1.2498779296875,-61.70654296875,292.78564453125,153.6865234375
0.2774658203125,0.1141357421875,1.3011474609375,-57.861328125,291.259765625,157.89794921875
0.3328857421875,0.090576171875,1.394775390625,-58.16650390625,283.75244140625,161.92626953125
0.4080810546875,0.054931640625,1.714599609375,-58.28857421875,271.66748046875,166.68701171875
0.4732666015625,0.0064697265625,1.758544921875,-54.87060546875,252.74658203125,168.76220703125
0.53759765625,-0.0775146484375,1.739501953125,-48.4619140625,232.177734375,161.7431640625
0.61767578125,-0.280517578125,1.7274169921875,-41.3818359375,214.05029296875,138.73291015625
0.7154541015625,-0.3912353515625,1.7169189453125,-38.26904296875,195.12939453125,97.22900390625
0.818115234375,-0.443359375,1.721923828125,-38.75732421875,173.64501953125,33.99658203125
1.005126953125,-0.531982421875,1.7042236328125,-44.677734375,144.71435546875,-30.21240234375
1.0762939453125,-0.6673583984375,1.6226806640625,-54.38232421875,104.91943359375,-72.3876953125
1.1522216796875,-0.7772216796875,1.5191650390625,-58.41064453125,53.466796875,-97.47314453125
1.2818603515625,-0.8280029296875,1.43212890625,-52.67333984375,-6.4697265625,-130.92041015625
1.435546875,-0.7843017578125,1.3240966796875,-42.724609375,-65.0634765625,-153.13720703125
1.5694580078125,-0.67041015625,1.1368408203125,-38.87939453125,-102.783203125,-152.16064453125
1.679443359375,-0.5147705078125,0.8448486328125,-29.11376953125,-141.11328125,-110.2294921875
1.7801513671875,-0.3372802734375,0.4217529296875,-10.25390625,-134.6435546875,-55.11474609375
1.9085693359375,-0.1326904296875,-0.1005859375,13.97705078125,-139.70947265625,-15.44189453125
2.1060791015625,0.1019287109375,-0.7215576171875,49.74365234375,-165.22216796875,-14.404296875
2.3597412109375,0.4144287109375,-1.2930908203125,102.84423828125,-196.22802734375,-39.0625
2.587646484375,0.9439697265625,-1.537109375,124.32861328125,-207.763671875,-48.27880859375
2.7525634765625,1.4471435546875,-1.3592529296875,121.09375,-197.1435546875,-47.2412109375
2.845458984375,1.74072265625,-0.7877197265625,66.22314453125,-180.60302734375,-37.90283203125
2.95654296875,1.7259521484375,0.26123046875,58.53271484375,-175.72021484375,-18.9208984375
3.1048583984375,1.257568359375,1.370361328125,44.7998046875,-175.048828125,-9.46044921875
3.046630859375,0.6534423828125,1.511962890625,41.259765625,-170.41015625,-19.04296875
2.74853515625,0.1259765625,0.9163818359375,35.70556640625,-166.56494140625,-41.32080078125
2.5054931640625,-0.9228515625,0.923828125,22.15576171875,-150.390625,-16.6015625
1.89111328125,-1.4976806640625,1.623046875,10.1318359375,-122.6806640625,-6.77490234375
0.43798828125,-1.0921630859375,1.982177734375,9.46044921875,-68.4814453125,-3.47900390625
-0.7958984375,-0.8720703125,1.67919921875,26.85546875,-49.6826171875,-1.953125
-0.385498046875,-0.5521240234375,1.32275390625,40.22216796875,-29.78515625,-2.25830078125
0.7637939453125,0.1668701171875,1.2884521484375,42.1142578125,-2.86865234375,-1.3427734375
1.02587890625,0.7972412109375,1.2662353515625,-26.55029296875,-13.61083984375,-1.5869140625
0.9107666015625,0.70849609375,1.2200927734375,-11.962890625,-4.5166015625,-1.40380859375
0.9420166015625,-0.0294189453125,1.30029296875,-17.76123046875,-4.33349609375,0.18310546875
0.768798828125,-0.783447265625,1.5423583984375,-13.97705078125,-2.01416015625,1.708984375
0.509765625,-1.1837158203125,1.6942138671875,-16.845703125,-2.01416015625,2.5634765625
0.54638671875,-0.877197265625,0.7947998046875,-14.6484375,-2.50244140625,3.23486328125
0.7567138671875,0.148681640625,1.2081298828125,-16.54052734375,-2.50244140625,2.5634765625
0.9556884765625,0.6607666015625,1.1978759765625,-11.77978515625,-2.25830078125,2.13623046875
0.9859619140625,-0.4385986328125,0.850830078125,-10.68115234375,-3.41796875,1.28173828125
1.08740234375,-0.208251953125,1.00390625,-11.04736328125,-3.7841796875,0.06103515625
0.9163818359375,-0.12255859375,0.9381103515625,-9.6435546875,-3.0517578125,-0.91552734375
0.4931640625,-0.222412109375,0.97119140625,-9.521484375,-2.86865234375,-1.953125
0.6287841796875,-0.2701416015625,0.9493408203125,-7.8125,-5.18798828125,-1.46484375
0.49169921875,-0.1981201171875,0.950927734375,-3.90625,-6.53076171875,-2.44140625
0.3409423828125,-0.21337890625,0.95654296875,-2.01416015625,-6.34765625,-2.50244140625
0.39208984375,-0.1953125,0.95361328125,0.9765625,-8.7890625,1.64794921875
0.3961181640625,-0.19482421875,0.957275390625,3.0517578125,-10.498046875,0.732421875
0.405517578125,-0.1983642578125,0.9451904296875,4.2724609375,-8.056640625,-0.67138671875
0.379638671875,-0.1973876953125,0.927001953125,6.591796875,-7.4462890625,-2.5634765625
0.377685546875,-0.2135009765625,0.935791015625,8.36181640625,-7.32421875,-3.5400390625
0.38232421875,-0.230712890625,0.933837890625,7.87353515625,-8.056640625,-4.39453125
0.3739013671875,-0.2296142578125,0.9154052734375,4.150390625,-10.009765625,-4.69970703125
0.376220703125,-0.23681640625,0.9212646484375,-1.52587890625,-11.8408203125,-4.638671875
0.380126953125,-0.24365234375,0.928466796875,-2.8076171875,-13.00048828125,-4.2724609375
0.37109375,-0.249755859375,0.91552734375,-4.5166015625,-13.24462890625,-3.72314453125
0.3673095703125,-0.2529296875,0.891357421875,-5.2490234375,-12.5732421875,-2.8076171875
0.364990234375,-0.2308349609375,0.8817138671875,-5.615234375,-11.23046875,-2.44140625
0.3721923828125,-0.2247314453125,0.89013671875,-4.69970703125,-10.55908203125,-2.01416015625
0.3751220703125,-0.203125,0.8892822265625,-3.662109375,-9.58251953125,-1.77001953125
0.374267578125,-0.2059326171875,0.8955078125,-2.9296875,-8.23974609375,-2.62451171875
0.3760986328125,-0.2484130859375,0.8963623046875,-2.25830078125,-7.4462890625,-3.90625
0.3564453125,-0.2584228515625,0.902587890625,-1.220703125,-8.056640625,-5.18798828125
0.337646484375,-0.259033203125,0.90966796875,-0.244140625,-10.7421875,-5.126953125
0.3348388671875,-0.253662109375,0.9066162109375,0.8544921875,-13.916015625,-4.08935546875
0.335205078125,-0.2464599609375,0.905029296875,1.15966796875,-19.10400390625,-2.685546875
0.3436279296875,-0.2301025390625,0.9091796875,1.15966796875,-22.52197265625,-1.64794921875
0.3536376953125,-0.2210693359375,0.913330078125,1.3427734375,-27.52685546875,-1.220703125
0.3638916015625,-0.2183837890625,0.9127197265625,1.89208984375,-32.04345703125,-1.5869140625
0.373291015625,-0.2181396484375,0.9051513671875,2.38037109375,-37.841796875,-1.15966796875
0.380615234375,-0.2271728515625,0.9049072265625,1.52587890625,-44.98291015625,-5.9814453125
0.3836669921875,-0.2271728515625,0.9073486328125,0.732421875,-52.67333984375,-12.02392578125
0.386474609375,-0.2181396484375,0.9110107421875,-1.46484375,-63.232421875,-18.98193359375
0.39794921875,-0.22900390625,0.9163818359375,-4.08935546875,-89.17236328125,-24.96337890625
0.4036865234375,-0.2408447265625,0.927978515625,-8.36181640625,-104.55322265625,-32.89794921875
0.3897705078125,-0.2393798828125,0.9287109375,-12.939453125,-116.39404296875,-29.11376953125
0.3638916015625,-0.2171630859375,0.9271240234375,-18.61572265625,-120.91064453125,-28.076171875
0.35205078125,-0.191162109375,0.938232421875,-30.21240234375,-133.11767578125,-24.90234375
0.3505859375,-0.188232421875,0.9248046875,-34.85107421875,-139.83154296875,-28.25927734375
0.356689453125,-0.1904296875,0.926025390625,-31.67724609375,-164.1845703125,-35.70556640625
0.3604736328125,-0.19091796875,0.927978515625,-20.44677734375,-194.39697265625,-36.07177734375
0.353271484375,-0.1961669921875,0.88916015625,3.5400390625,-247.0703125,-37.2314453125
0.3631591796875,-0.1964111328125,0.880615234375,11.29150390625,-299.9267578125,-49.6826171875
0.363525390625,-0.197021484375,0.93310546875,6.28662109375,-350.09765625,-75.5615234375
0.358642578125,-0.2432861328125,0.9581298828125,-2.01416015625,-384.3994140625,-99.54833984375
0.3548583984375,-0.2899169921875,1.012451171875,20.3857421875,-400.5126953125,-118.896484375
0.3651123046875,-0.319580078125,1.0020751953125,20.81298828125,-401.0009765625,-128.662109375
0.371826171875,-0.331298828125,0.9964599609375,41.44287109375,-395.20263671875,-138.3056640625
0.3916015625,-0.1507568359375,1.1072998046875,21.240234375,-354.79736328125,-143.310546875
0.433837890625,-0.186767578125,0.9371337890625,-21.05712890625,-338.623046875,-136.41357421875
0.532958984375,-0.2298583984375,0.8878173828125,-9.70458984375,-386.23046875,-125.91552734375
0.55126953125,-0.23095703125,1.3502197265625,9.21630859375,-291.07666015625,-116.88232421875
0.4742431640625,-0.1693115234375,1.459228515625,12.39013671875,-133.36181640625,-88.31787109375
0.5777587890625,-0.18798828125,1.443603515625,0.79345703125,28.74755859375,-72.20458984375
0.5982666015625,-0.3477783203125,1.5457763671875,-43.39599609375,110.4736328125,-52.6123046875
-0.021728515625,-0.4805908203125,1.556884765625,-99.7314453125,153.01513671875,-29.4189453125
-0.016357421875,-0.6339111328125,1.7255859375,-137.39013671875,175.96435546875,43.45703125
0.4656982421875,-0.7095947265625,1.82568359375,-97.900390625,187.255859375,60.1806640625
0.7498779296875,-0.7701416015625,1.676513671875,-97.83935546875,193.84765625,72.57080078125
1.0889892578125,-0.9012451171875,2.0650634765625,-80.078125,191.83349609375,80.87158203125
1.24560546875,-0.533935546875,2.874267578125,-44.921875,201.72119140625,85.51025390625
1.3919677734375,-0.087158203125,3.752197265625,-13.671875,210.44921875,86.36474609375
1.4853515625,0.087890625,3.13818359375,5.859375,222.10693359375,84.228515625
0.8779296875,-0.4385986328125,1.9774169921875,3.662109375,235.107421875,80.2001953125
-0.117431640625,-1.2249755859375,1.2012939453125,-17.333984375,247.98583984375,73.42529296875
1.29296875,-1.0821533203125,0.8072509765625,-24.71923828125,260.009765625,65.49072265625
2.2825927734375,-1.09912109375,0.685791015625,-26.55029296875,270.08056640625,57.9833984375
1.73291015625,-1.096923828125,0.629638671875,-25.2685546875,277.28271484375,51.3916015625
0.721923828125,-0.91943359375,0.6597900390625,-22.94921875,282.53173828125,47.119140625
0.2215576171875,-0.7393798828125,0.7232666015625,-20.93505859375,282.71484375,46.38671875
0.0548095703125,-0.4866943359375,0.8197021484375,-17.08984375,287.7197265625,48.7060546875
-0.0068359375,-0.3021240234375,0.94921875,-23.13232421875,295.59326171875,53.16162109375
-0.032958984375,-0.259765625,1.0802001953125,-32.40966796875,302.1240234375,68.84765625
-0.0369873046875,-0.227783203125,1.165283203125,-40.771484375,306.33544921875,82.94677734375
0.0146484375,-0.2021484375,1.1922607421875,-51.6357421875,301.8798828125,93.75
0.080322265625,-0.17578125,1.1455078125,-60.791015625,293.9453125,106.14013671875
0.1627197265625,-0.1258544921875,1.123779296875,-68.29833984375,277.7099609375,125.18310546875
0.2579345703125,-0.048095703125,1.1607666015625,-72.265625,270.56884765625,146.42333984375
0.3619384765625,0.0250244140625,1.209716796875,-73.42529296875,271.728515625,165.95458984375
0.4521484375,0.0667724609375,1.301513671875,-78.125,276.7333984375,176.7578125
0.5025634765625,0.0716552734375,1.40478515625,-73.2421875,281.982421875,184.87548828125
0.525146484375,0.0218505859375,1.522216796875,-62.8662109375,286.68212890625,202.880859375
0.5489501953125,-0.0780029296875,1.5828857421875,-54.01611328125,276.611328125,213.134765625
0.6029052734375,-0.198974609375,1.6495361328125,-49.560546875,250.9765625,207.33642578125
0.7049560546875,-0.3126220703125,1.7034912109375,-43.8232421875,250.48828125,178.8330078125
0.816162109375,-0.3551025390625,1.6961669921875,-40.8935546875,218.44482421875,125.732421875
0.8956298828125,-0.4010009765625,1.735595703125,-32.470703125,174.86572265625,55.72509765625
0.9638671875,-0.545166015625,1.8028564453125,-34.60693359375,135.009765625,-14.0380859375
1.017333984375,-0.720703125,1.8743896484375,-47.2412109375,93.1396484375,-60.60791015625
1.0416259765625,-0.8564453125,1.915283203125,-75.5615234375,41.3818359375,-108.70361328125
1.108642578125,-0.9544677734375,1.6405029296875,-72.93701171875,-13.671875,-155.029296875
1.259765625,-0.9967041015625,1.4534912109375,-51.6357421875,-69.03076171875,-164.4287109375
1.4493408203125,-0.9415283203125,1.2972412109375,-37.2314453125,-133.7890625,-131.16455078125
1.6649169921875,-0.764404296875,0.7412109375,-28.076171875,-191.89453125,-84.16748046875
1.9444580078125,-0.4754638671875,0.117431640625,-20.1416015625,-161.4990234375,-38.2080078125
2.268310546875,-0.0836181640625,-0.4403076171875,-0.8544921875,-174.37744140625,-21.66748046875
2.39501953125,0.1884765625,-0.93310546875,63.96484375,-190.61279296875,-31.8603515625
2.6719970703125,0.35986328125,-1.3948974609375,74.15771484375,-216.49169921875,-39.24560546875
2.974853515625,0.8133544921875,-1.632080078125,112.48779296875,-227.11181640625,-38.87939453125
3.004638671875,1.36572265625,-1.419677734375,80.38330078125,-209.89990234375,-34.423828125
3.07666015625,1.7115478515625,-1.07958984375,50.4150390625,-187.43896484375,-12.26806640625
3.213623046875,1.7138671875,-0.0936279296875,51.20849609375,-176.69677734375,-16.2353515625
3.399658203125,1.252685546875,1.2205810546875,39.36767578125,-167.17529296875,-37.41455078125
3.355712890625,0.7669677734375,1.58544921875,43.8232421875,-155.21240234375,-35.64453125
3.014892578125,-0.0989990234375,1.287841796875,25.87890625,-136.65771484375,-17.9443359375
2.6619873046875,-1.177001953125,1.253662109375,11.71875,-81.23779296875,-17.4560546875
0.98974609375,-1.3297119140625,1.801025390625,12.26806640625,-52.734375,-6.591796875
0.034423828125,-1.076416015625,2.1136474609375,45.41015625,-37.78076171875,-2.3193359375
-0.155517578125,-0.77294921875,1.8660888671875,51.45263671875,-21.97265625,-1.40380859375
0.1864013671875,-0.2376708984375,1.5555419921875,8.1787109375,5.2490234375,-2.38037109375
1.2872314453125,0.4300537109375,1.3836669921875,22.76611328125,-5.92041015625,-1.3427734375
1.032470703125,0.7269287109375,1.194580078125,-27.83203125,-1.28173828125,-1.220703125
0.951171875,0.2567138671875,1.3349609375,-23.193359375,-2.38037109375,-1.28173828125
1.1617431640625,-0.513916015625,1.7451171875,3.96728515625,-2.44140625,-1.15966796875
1.010986328125,-1.0465087890625,1.429443359375,-12.6953125,-3.173828125,-0.18310546875
0.75341796875,-0.1209716796875,0.60107421875,-10.986328125,-3.47900390625,0.8544921875
0.7454833984375,0.5401611328125,1.10546875,-14.6484375,-5.615234375,1.220703125
0.7825927734375,0.1651611328125,1.33447265625,-12.6953125,-8.36181640625,-0.06103515625
0.918701171875,-0.4171142578125,0.91796875,-11.8408203125,-7.87353515625,0.1220703125
1.0233154296875,-0.2646484375,0.9661865234375,-10.3759765625,-8.30078125,-0.1220703125
0.7330322265625,-0.0166015625,0.9090576171875,-13.5498046875,-10.25390625,-1.15966796875
0.5521240234375,-0.165771484375,0.9755859375,-12.75634765625,-9.8876953125,-2.197265625
0.5849609375,-0.285400390625,0.952880859375,-11.23046875,-10.68115234375,-1.77001953125
0.4351806640625,-0.2135009765625,0.9588623046875,-10.68115234375,-11.90185546875,-3.11279296875
0.3587646484375,-0.21435546875,0.948486328125,-7.4462890625,-13.24462890625,-2.8076171875
0.37060546875,-0.20263671875,0.9459228515625,-6.103515625,-9.765625,-1.3427734375
0.3546142578125,-0.1961669921875,0.939697265625,-4.2724609375,-14.22119140625,-1.8310546875
0.3887939453125,-0.2027587890625,0.94482421875,-1.46484375,-17.4560546875,-3.2958984375
0.379638671875,-0.2039794921875,0.9522705078125,0.18310546875,-18.06640625,-4.08935546875
0.35791015625,-0.2080078125,0.9447021484375,3.173828125,-13.12255859375,-4.2724609375
0.3504638671875,-0.2176513671875,0.9444580078125,5.79833984375,-11.16943359375,-3.90625
0.3662109375,-0.216796875,0.9388427734375,3.5400390625,-10.1318359375,-3.90625
0.3675537109375,-0.21826171875,0.9188232421875,-0.244140625,-10.1318359375,-4.08935546875
0.366455078125,-0.2314453125,0.9261474609375,-1.0986328125,-10.55908203125,-3.72314453125
0.3753662109375,-0.2427978515625,0.9334716796875,-0.54931640625,-9.94873046875,-3.35693359375
0.376953125,-0.2440185546875,0.9090576171875,-0.732421875,-8.72802734375,-3.173828125
0.3760986328125,-0.2261962890625,0.8905029296875,-1.28173828125,-7.87353515625,-3.23486328125
0.3834228515625,-0.225341796875,0.887939453125,-0.732421875,-7.14111328125,-2.8076171875
0.391357421875,-0.21240234375,0.9019775390625,0.91552734375,-6.7138671875,-2.01416015625
0.3753662109375,-0.225830078125,0.8978271484375,2.44140625,-6.7138671875,-1.64794921875
0.36669921875,-0.243896484375,0.9022216796875,2.86865234375,-7.080078125,-1.8310546875
0.3580322265625,-0.2479248046875,0.9029541015625,3.11279296875,-8.056640625,-1.953125
0.3695068359375,-0.241455078125,0.9046630859375,3.5400390625,-10.43701171875,-2.13623046875
0.3890380859375,-0.2322998046875,0.9056396484375,4.0283203125,-13.73291015625,-1.77001953125
0.3961181640625,-0.224853515625,0.90380859375,3.90625,-17.88330078125,-1.40380859375
0.396484375,-0.2230224609375,0.9014892578125,2.99072265625,-23.92578125,-1.46484375
0.393798828125,-0.2164306640625,0.9007568359375,1.708984375,-30.1513671875,-1.52587890625
0.394287109375,-0.2108154296875,0.904296875,0.6103515625,-35.888671875,-1.3427734375
0.4024658203125,-0.2144775390625,0.90625,-1.220703125,-42.90771484375,-3.23486328125
0.405029296875,-0.2161865234375,0.9111328125,-1.77001953125,-51.8798828125,-5.9814453125
0.4000244140625,-0.2110595703125,0.9097900390625,-3.60107421875,-60.791015625,-12.20703125
0.3922119140625,-0.2020263671875,0.9090576171875,-5.67626953125,-70.86181640625,-19.47021484375
0.386474609375,-0.200439453125,0.9287109375,-8.36181640625,-82.21435546875,-26.611328125
0.388427734375,-0.2125244140625,0.936767578125,-11.474609375,-95.27587890625,-32.2265625
0.3885498046875,-0.2030029296875,0.93603515625,-15.68603515625,-110.53466796875,-36.7431640625
0.3770751953125,-0.1929931640625,0.9339599609375,-18.85986328125,-123.35205078125,-41.80908203125
0.362060546875,-0.19580078125,0.9298095703125,-25.08544921875,-130.55419921875,-37.65869140625
0.351318359375,-0.1871337890625,0.932373046875,-28.564453125,-135.3759765625,-37.65869140625
0.3529052734375,-0.1890869140625,0.9210205078125,-30.45654296875,-152.03857421875,-42.78564453125
0.3553466796875,-0.1932373046875,0.908935546875,-20.3857421875,-180.2978515625,-55.84716796875
0.364501953125,-0.1827392578125,0.89892578125,-5.37109375,-218.75,-60.546875
0.37548828125,-0.1907958984375,0.8997802734375,5.06591796875,-270.93505859375,-84.47265625
0.3643798828125,-0.2044677734375,0.9144287109375,22.03369140625,-326.72119140625,-107.177734375
0.373046875,-0.233642578125,0.96435546875,19.95849609375,-347.47314453125,-141.845703125
0.384521484375,-0.2716064453125,1.0098876953125,12.02392578125,-391.6015625,-154.11376953125
0.380126953125,-0.29833984375,1.0538330078125,15.80810546875,-398.3154296875,-167.05322265625
0.371826171875,-0.296875,0.9422607421875,28.62548828125,-345.8251953125,-115.53955078125
0.360107421875,-0.2431640625,0.9583740234375,60.1806640625,-355.16357421875,-93.56689453125
0.4041748046875,-0.1827392578125,1.1868896484375,13.671875,-356.01806640625,-59.14306640625
0.4959716796875,-0.2886962890625,0.9708251953125,30.94482421875,-19.10400390625,-30.45654296875
0.57470703125,-0.2747802734375,0.9627685546875,9.09423828125,78.0029296875,-16.41845703125
0.4794921875,-0.1502685546875,1.312744140625,-28.80859375,138.5498046875,5.615234375
0.537353515625,-0.216552734375,1.6556396484375,-57.861328125,163.0859375,27.40478515625
0.571044921875,-0.350830078125,1.56982421875,-56.2744140625,180.60302734375,71.044921875
0.4697265625,-0.413330078125,1.821533203125,-57.67822265625,194.03076171875,77.45361328125
-0.071533203125,-0.7279052734375,1.701416015625,-57.861328125,197.32666015625,80.9326171875
0.0506591796875,-0.827392578125,2.2398681640625,-27.52685546875,205.6884765625,81.48193359375
0.6536865234375,-0.6998291015625,3.1044921875,-3.84521484375,214.66064453125,79.16259765625
1.1834716796875,-0.3690185546875,3.5068359375,4.45556640625,226.4404296875,76.171875
1.3011474609375,-0.2965087890625,2.428955078125,0.54931640625,236.572265625,73.1201171875
1.3349609375,-1.1917724609375,1.5185546875,-20.93505859375,240.53955078125,67.68798828125
0.337646484375,-1.2557373046875,1.08349609375,-20.44677734375,244.7509765625,65.24658203125
0.091552734375,-1.190673828125,0.885009765625,-18.98193359375,252.25830078125,65.7958984375
2.2520751953125,-1.11328125,0.783447265625,-16.7236328125,271.240234375,67.0166015625
1.0299072265625,-0.9129638671875,0.7567138671875,-14.95361328125,280.029296875,77.20947265625
0.3157958984375,-0.661865234375,0.8310546875,-18.1884765625,298.2177734375,88.8671875
0.0079345703125,-0.4642333984375,0.8909912109375,-23.5595703125,299.98779296875,94.8486328125
-0.047607421875,-0.23388671875,0.935791015625,-34.5458984375,294.921875,99.79248046875
-0.05712890625,-0.2313232421875,0.978759765625,-38.63525390625,284.912109375,123.53515625
-0.087890625,-0.2042236328125,1.0225830078125,-57.9833984375,277.9541015625,138.18359375
0.0076904296875,-0.1484375,1.1063232421875,-64.697265625,275.45166015625,159.7900390625
0.09521484375,-0.07763671875,1.226318359375,-71.6552734375,279.72412109375,167.29736328125
0.1656494140625,-0.023681640625,1.35888671875,-72.3876953125,283.8134765625,177.3681640625
0.197265625,-0.0125732421875,1.4239501953125,-64.27001953125,276.3671875,187.07275390625
0.235107421875,-0.0408935546875,1.5386962890625,-53.77197265625,264.34326171875,188.8427734375
0.29736328125,-0.11279296875,1.6754150390625,-48.4619140625,247.86376953125,173.33984375
0.382080078125,-0.1893310546875,1.714599609375,-38.0859375,225.89111328125,134.82666015625
0.48486328125,-0.252685546875,1.7286376953125,-24.59716796875,195.12939453125,74.76806640625
0.629638671875,-0.2879638671875,1.7781982421875,-31.06689453125,154.84619140625,11.16943359375
0.857666015625,-0.373291015625,1.817138671875,-50.537109375,105.28564453125,-31.31103515625
0.92822265625,-0.4989013671875,1.890869140625,-70.1904296875,43.51806640625,-59.50927734375
0.978515625,-0.6015625,1.7874755859375,-78.43017578125,-18.4326171875,-104.91943359375
1.0457763671875,-0.7091064453125,1.6177978515625,-72.509765625,-74.40185546875,-143.98193359375
1.1173095703125,-0.9171142578125,1.28173828125,-64.88037109375,-117.0654296875,-140.07568359375
1.2261962890625,-0.7874755859375,0.8248291015625,-53.3447265625,-167.05322265625,-110.83984375
1.3948974609375,-0.509765625,0.27978515625,-37.109375,-156.92138671875,-71.77734375
1.8294677734375,-0.1923828125,-0.3494873046875,-18.06640625,-166.9921875,-41.3818359375
2.37744140625,0.0615234375,-1.030517578125,12.26806640625,-192.9931640625,-42.3583984375
2.638427734375,0.303955078125,-1.6182861328125,49.01123046875,-215.087890625,-51.26953125
2.87841796875,0.7086181640625,-1.8475341796875,47.607421875,-227.47802734375,-47.8515625
3.053955078125,1.1544189453125,-1.6064453125,70.9228515625,-214.41650390625,-32.89794921875
3.1761474609375,1.4493408203125,-1.102294921875,42.6025390625,-193.42041015625,-23.62060546875
3.3125,1.510986328125,-0.2513427734375,37.109375,-181.5185546875,-24.7802734375
3.472412109375,1.14013671875,1.0211181640625,28.25927734375,-177.001953125,-32.5927734375
3.4444580078125,0.51416015625,1.45703125,39.4287109375,-182.6171875,-47.36328125
3.1131591796875,0.179931640625,1.185302734375,39.55078125,-166.93115234375,-29.296875
2.7503662109375,-0.7529296875,1.3729248046875,33.8134765625,-139.34326171875,-19.1650390625
2.16015625,-1.252685546875,1.892578125,34.5458984375,-79.77294921875,-10.25390625
0.587158203125,-0.762939453125,2.2156982421875,55.2978515625,-56.7626953125,-2.5634765625
-1.0029296875,-0.700439453125,1.9765625,71.35009765625,-45.5322265625,0.30517578125
-0.46630859375,-0.46826171875,1.62646484375,52.6123046875,-6.53076171875,-0.54931640625
1.1170654296875,0.1195068359375,1.3487548828125,11.16943359375,-5.55419921875,-0.3662109375
1.3773193359375,0.385986328125,1.2000732421875,1.28173828125,0.3662109375,0.1220703125
1.1336669921875,-0.1075439453125,1.298583984375,17.88330078125,-2.685546875,-0.244140625
1.2479248046875,-0.6669921875,1.528564453125,-24.7802734375,-5.615234375,0.9765625
1.0628662109375,-0.7950439453125,1.690185546875,-11.23046875,-7.01904296875,1.15966796875
0.82421875,-0.6119384765625,1.2720947265625,-3.35693359375,-5.55419921875,1.5869140625
0.8046875,0.1085205078125,0.7581787109375,-10.55908203125,-2.86865234375,1.708984375
0.8336181640625,0.4649658203125,0.9365234375,-7.50732421875,-3.60107421875,1.77001953125
0.8837890625,-0.150146484375,1.2008056640625,-8.544921875,-0.79345703125,1.52587890625
1.0625,-0.274658203125,1.004150390625,-6.89697265625,1.89208984375,0.3662109375
0.9442138671875,-0.1292724609375,0.9156494140625,-6.2255859375,2.3193359375,-0.06103515625
0.5196533203125,-0.309814453125,0.9952392578125,-6.53076171875,0.6103515625,-1.52587890625
0.4888916015625,-0.2733154296875,0.94677734375,-6.8359375,-0.732421875,-2.8076171875
0.659912109375,-0.223388671875,0.9354248046875,-4.0283203125,-3.60107421875,-3.23486328125
0.565673828125,-0.2103271484375,0.9443359375,-2.685546875,-8.4228515625,-2.62451171875
0.37158203125,-0.2005615234375,0.9405517578125,-0.67138671875,-9.8876953125,-5.37109375
0.3438720703125,-0.20849609375,0.9400634765625,1.708984375,-6.40869140625,1.64794921875
0.3564453125,-0.2027587890625,0.942626953125,2.44140625,-4.8828125,1.28173828125
0.3642578125,-0.21337890625,0.9415283203125,3.60107421875,-9.1552734375,-1.40380859375
0.3648681640625,-0.2181396484375,0.945556640625,3.96728515625,-18.310546875,-5.4931640625
0.3499755859375,-0.2161865234375,0.940185546875,4.0283203125,-18.00537109375,-4.0283203125
0.353271484375,-0.2178955078125,0.9364013671875,5.0048828125,-9.3994140625,-4.45556640625
0.36767578125,-0.2265625,0.927001953125,5.2490234375,-7.87353515625,-4.638671875
0.3590087890625,-0.2362060546875,0.9024658203125,-4.21142578125,-8.97216796875,-4.0283203125
0.3486328125,-0.2464599609375,0.896484375,-0.79345703125,-11.53564453125,-4.45556640625
0.3533935546875,-0.2550048828125,0.9268798828125,1.64794921875,-11.41357421875,-5.615234375
0.3536376953125,-0.2532958984375,0.931884765625,4.82177734375,-13.5498046875,-6.4697265625
0.3392333984375,-0.243408203125,0.9239501953125,-0.244140625,-14.95361328125,-7.26318359375
0.3341064453125,-0.2393798828125,0.9014892578125,0.67138671875,-16.11328125,-7.4462890625
0.3424072265625,-0.18798828125,0.8900146484375,-0.06103515625,-17.15087890625,-6.89697265625
0.3482666015625,-0.18212890625,0.9072265625,-2.25830078125,-17.88330078125,-6.16455078125
0.3486328125,-0.243408203125,0.908447265625,-2.0751953125,-20.08056640625,-4.94384765625
0.3211669921875,-0.279052734375,0.912353515625,-1.0986328125,-23.0712890625,-4.2724609375
0.3135986328125,-0.2620849609375,0.916015625,0.54931640625,-26.42822265625,-3.2958984375
0.3555908203125,-0.2203369140625,0.916748046875,1.03759765625,-31.25,-2.5634765625
0.3695068359375,-0.2144775390625,0.9144287109375,1.708984375,-37.17041015625,-1.64794921875
0.3538818359375,-0.206298828125,0.9173583984375,1.708984375,-43.45703125,-1.8310546875
0.3529052734375,-0.207275390625,0.9229736328125,2.01416015625,-51.6357421875,-2.8076171875
0.3511962890625,-0.2183837890625,0.927734375,-1.46484375,-60.11962890625,-5.0048828125
0.354248046875,-0.2296142578125,0.9266357421875,-2.197265625,-71.10595703125,-10.80322265625
0.3431396484375,-0.228271484375,0.921875,-4.638671875,-82.1533203125,-19.775390625
0.3450927734375,-0.2254638671875,0.9384765625,-7.62939453125,-94.42138671875,-27.4658203125
0.3553466796875,-0.22509765625,0.95068359375,-11.65771484375,-111.6943359375,-34.24072265625
0.364990234375,-0.2159423828125,0.9508056640625,-17.9443359375,-125.3662109375,-41.07666015625
0.3709716796875,-0.167724609375,0.953857421875,-24.71923828125,-131.53076171875,-43.39599609375
0.363037109375,-0.16259765625,0.9495849609375,-29.052734375,-137.8173828125,-41.259765625
0.35302734375,-0.19482421875,0.941162109375,-36.1328125,-146.1181640625,-40.58837890625
0.3502197265625,-0.180419921875,0.915771484375,-34.48486328125,-172.42431640625,-54.99267578125
0.3507080078125,-0.1737060546875,0.91748046875,-19.53125,-209.04541015625,-56.5185546875
0.3616943359375,-0.1741943359375,0.9017333984375,-3.35693359375,-247.00927734375,-90.14892578125
0.361328125,-0.1793212890625,0.8856201171875,10.3759765625,-300.84228515625,-111.328125
0.3704833984375,-0.2098388671875,0.9180908203125,27.16064453125,-350.76904296875,-144.83642578125
0.3795166015625,-0.2325439453125,0.987060546875,18.798828125,-391.29638671875,-169.0673828125
0.3992919921875,-0.2821044921875,1.0504150390625,18.37158203125,-397.03369140625,-164.4287109375
0.4013671875,-0.343017578125,1.0499267578125,26.79443359375,-349.7314453125,-103.759765625
0.3460693359375,-0.309326171875,0.9210205078125,55.5419921875,-397.39990234375,-81.298828125
0.360595703125,-0.207275390625,1.0377197265625,30.6396484375,-392.9443359375,-58.7158203125
0.4808349609375,-0.1883544921875,1.1600341796875,38.51318359375,52.6123046875,-48.27880859375
0.551025390625,-0.2960205078125,0.813232421875,2.25830078125,120.2392578125,-30.09033203125
0.522705078125,-0.2740478515625,1.5028076171875,-38.818359375,143.9208984375,14.58740234375
0.4981689453125,-0.2376708984375,1.67578125,-47.36328125,155.8837890625,36.2548828125
0.493408203125,-0.2681884765625,1.6610107421875,-89.41650390625,163.63525390625,53.64990234375
0.5792236328125,-0.4542236328125,1.9647216796875,-94.66552734375,180.5419921875,65.97900390625
0.3782958984375,-0.753662109375,1.8590087890625,-55.7861328125,193.4814453125,75.0732421875
-0.0992431640625,-0.8233642578125,2.249755859375,-18.85986328125,205.38330078125,82.6416015625
0.8193359375,-0.6158447265625,2.966796875,-1.220703125,215.39306640625,88.31787109375
1.160888671875,-0.1942138671875,2.6417236328125,-17.27294921875,225.9521484375,91.61376953125
1.33203125,-0.240478515625,1.5537109375,-29.9072265625,235.9619140625,93.6279296875
0.9276123046875,-0.6868896484375,1.049072265625,-35.15625,239.013671875,93.6279296875
-0.1572265625,-1.165771484375,0.9110107421875,-32.2265625,239.44091796875,89.90478515625
-0.1517333984375,-1.133056640625,0.88037109375,-26.67236328125,244.44580078125,78.2470703125
2.13134765625,-0.9202880859375,0.89892578125,-22.64404296875,255.9814453125,70.9228515625
0.2745361328125,-0.67333984375,0.9134521484375,-20.81298828125,268.73779296875,93.75
-0.1470947265625,-0.4013671875,0.9212646484375,-22.39990234375,291.32080078125,101.01318359375
-0.2481689453125,-0.37939453125,0.9002685546875,-27.03857421875,305.0537109375,116.8212890625
-0.2122802734375,-0.405029296875,0.88134765625,-30.82275390625,286.376953125,145.6298828125
-0.058837890625,-0.4249267578125,0.90380859375,-33.75244140625,283.0810546875,152.40478515625
-0.0152587890625,-0.39208984375,0.966552734375,-45.41015625,302.18505859375,169.49462890625
0.026123046875,-0.31884765625,1.0462646484375,-72.021484375,316.10107421875,181.5185546875
0.076904296875,-0.2403564453125,1.166748046875,-79.52880859375,295.654296875,184.75341796875
0.1307373046875,-0.175537109375,1.3018798828125,-68.9697265625,266.29638671875,170.5322265625
0.1656494140625,-0.139404296875,1.41015625,-51.7578125,237.3046875,134.46044921875
0.1949462890625,-0.1356201171875,1.523193359375,-61.70654296875,191.40625,79.1015625
0.264404296875,-0.1373291015625,1.70166015625,-53.466796875,150.7568359375,26.06201171875
0.3668212890625,-0.1029052734375,1.7855224609375,-99.7314453125,106.99462890625,-7.26318359375
0.4798583984375,-0.2490234375,2.04541015625,-138.61083984375,47.18017578125,-42.96875
0.5985107421875,-0.521484375,2.029541015625,-135.1318359375,-21.240234375,-83.740234375
0.754150390625,-0.727294921875,1.547119140625,-98.876953125,-91.12548828125,-58.9599609375
0.9757080078125,-1.002197265625,1.4256591796875,-65.12451171875,-199.52392578125,-34.5458984375
1.1617431640625,-0.9486083984375,0.8558349609375,-47.2412109375,-186.95068359375,-64.27001953125
1.3187255859375,-0.69189453125,0.2147216796875,-45.0439453125,-223.69384765625,-67.626953125
1.8101806640625,0.0057373046875,-0.3214111328125,-31.005859375,-241.02783203125,-50.4150390625
2.443603515625,0.14013671875,-0.933349609375,124.6337890625,-234.130859375,-26.611328125
2.448486328125,0.0828857421875,-1.607177734375,132.38525390625,-189.8193359375,-49.8046875
2.844482421875,0.3123779296875,-1.9595947265625,92.28515625,-185.97412109375,-53.64990234375
2.9490966796875,0.7969970703125,-1.74755859375,77.392578125,-185.48583984375,-22.15576171875
2.9681396484375,1.3538818359375,-0.2738037109375,22.03369140625,-134.765625,-24.96337890625
3.2220458984375,1.5821533203125,1.4451904296875,-9.033203125,-73.91357421875,-14.58740234375
3.6015625,1.1221923828125,1.07763671875,-2.25830078125,-56.45751953125,-2.25830078125
3.6629638671875,-0.6021728515625,1.4764404296875,22.5830078125,-36.31591796875,-1.52587890625
3.267578125,-0.7550048828125,2.31689453125,39.73388671875,-1.52587890625,-3.5400390625
2.806640625,0.2928466796875,1.7430419921875,-3.96728515625,5.7373046875,-3.84521484375
0.3875732421875,0.5625,1.353515625,14.892578125,3.7841796875,-3.0517578125
-0.505859375,1.218017578125,1.1339111328125,4.8828125,5.43212890625,-0.91552734375
0.88720703125,0.161865234375,1.6451416015625,-4.150390625,1.953125,-0.30517578125
1.41162109375,-1.099365234375,1.792724609375,-0.67138671875,-2.0751953125,0.0
1.15966796875,-1.826904296875,1.2034912109375,-6.2255859375,-6.7138671875,1.15966796875
0.931884765625,0.7950439453125,0.8087158203125,-7.01904296875,-4.150390625,0.9765625
0.8843994140625,0.4002685546875,1.12548828125,-6.8359375,-0.9765625,-0.244140625
0.9681396484375,-0.56884765625,1.0692138671875,-6.34765625,-0.3662109375,-0.732421875
0.8228759765625,-0.4293212890625,0.9072265625,-8.36181640625,-4.7607421875,-0.54931640625
0.9266357421875,0.0189208984375,0.945556640625,-7.99560546875,-6.65283203125,-1.40380859375
0.4703369140625,-0.173095703125,0.9814453125,-6.4697265625,-5.9814453125,-2.25830078125
0.5963134765625,-0.3017578125,0.9884033203125,-5.615234375,-8.97216796875,0.67138671875
0.6495361328125,-0.2447509765625,0.9307861328125,-2.685546875,-9.765625,-0.67138671875
0.4825439453125,-0.2445068359375,0.9349365234375,0.30517578125,-11.3525390625,-2.9296875
0.3958740234375,-0.20703125,0.9312744140625,1.5869140625,-20.44677734375,-4.39453125
0.378662109375,-0.213134765625,0.9498291015625,0.48828125,-15.80810546875,-4.39453125
0.42822265625,-0.2197265625,0.9603271484375,2.50244140625,-10.07080078125,-2.8076171875
0.407958984375,-0.224853515625,0.937744140625,2.8076171875,-10.8642578125,-2.50244140625
0.3958740234375,-0.2236328125,0.92138671875,-5.615234375,-9.70458984375,-2.86865234375
0.41064453125,-0.236083984375,0.9327392578125,-2.99072265625,-8.9111328125,-2.74658203125
0.40625,-0.247314453125,0.892578125,0.1220703125,-10.498046875,-2.197265625
0.393310546875,-0.244873046875,0.9090576171875,1.0986328125,-12.26806640625,-1.708984375
0.3924560546875,-0.2459716796875,0.8985595703125,-1.220703125,-12.51220703125,-1.52587890625
0.3931884765625,-0.239990234375,0.8707275390625,-4.82177734375,-11.8408203125,-1.0986328125
0.3870849609375,-0.2451171875,0.888427734375,-4.69970703125,-10.009765625,-0.67138671875
0.3853759765625,-0.2396240234375,0.896728515625,-0.732421875,-7.26318359375,-0.06103515625
0.383056640625,-0.2667236328125,0.882080078125,0.67138671875,-5.31005859375,0.18310546875
0.3648681640625,-0.2659912109375,0.8968505859375,1.46484375,-5.43212890625,-0.06103515625
0.36474609375,-0.2529296875,0.9039306640625,1.89208984375,-8.4228515625,-0.244140625
0.400146484375,-0.238525390625,0.9012451171875,2.8076171875,-13.73291015625,-0.1220703125
0.4031982421875,-0.236572265625,0.8973388671875,3.11279296875,-18.00537109375,0.18310546875
0.3897705078125,-0.237548828125,0.888671875,2.9296875,-23.25439453125,0.06103515625
0.392578125,-0.236083984375,0.887939453125,1.77001953125,-30.09033203125,-0.6103515625
0.394287109375,-0.232666015625,0.8870849609375,0.8544921875,-36.62109375,-1.8310546875
0.397216796875,-0.2293701171875,0.8927001953125,-0.42724609375,-42.90771484375,-3.662109375
0.4111328125,-0.2335205078125,0.901123046875,-2.13623046875,-50.78125,-7.14111328125
0.41064453125,-0.233642578125,0.9122314453125,-3.96728515625,-57.55615234375,-22.216796875
0.411865234375,-0.2293701171875,0.914794921875,-6.28662109375,-65.61279296875,-27.4658203125
0.41552734375,-0.220458984375,0.90869140625,-9.033203125,-74.64599609375,-32.65380859375
0.414306640625,-0.215576171875,0.918701171875,-12.5732421875,-106.5673828125,-41.93115234375
0.4044189453125,-0.221923828125,0.9183349609375,-16.54052734375,-112.60986328125,-34.60693359375
0.388671875,-0.21923828125,0.909423828125,-19.10400390625,-120.361328125,-51.81884765625
0.380859375,-0.2152099609375,0.91064453125,-22.8271484375,-144.775390625,-48.095703125
0.3759765625,-0.2125244140625,0.9066162109375,-18.85986328125,-167.66357421875,-61.46240234375
0.37451171875,-0.21630859375,0.901123046875,-5.7373046875,-308.53271484375,-82.3974609375
0.3782958984375,-0.2239990234375,0.8916015625,3.11279296875,-329.65087890625,-111.81640625
0.3800048828125,-0.224609375,0.8760986328125,16.11328125,-365.8447265625,-131.53076171875
0.3858642578125,-0.241943359375,0.92626953125,17.15087890625,-377.01416015625,-140.869140625
0.3848876953125,-0.2515869140625,0.96142578125,41.93115234375,-382.080078125,-175.72021484375
0.3858642578125,-0.2584228515625,1.0162353515625,41.07666015625,-363.525390625,-172.607421875
0.3917236328125,-0.3074951171875,0.9691162109375,2.5634765625,-324.70703125,-168.88427734375
0.40625,-0.2799072265625,0.9637451171875,-4.82177734375,-391.7236328125,-107.177734375
0.40576171875,-0.21533203125,1.0203857421875,12.02392578125,-319.39697265625,-91.61376953125
0.484130859375,-0.220703125,1.315185546875,9.46044921875,-193.90869140625,-73.73046875
0.5958251953125,-0.2252197265625,1.5084228515625,-16.66259765625,131.7138671875,-57.43408203125
0.5306396484375,-0.3260498046875,1.69775390625,-71.1669921875,147.88818359375,-35.70556640625
0.401611328125,-0.4525146484375,1.65771484375,-101.37939453125,155.82275390625,21.54541015625
0.6563720703125,-0.6409912109375,1.7413330078125,-130.18798828125,155.517578125,49.13330078125
0.0633544921875,-0.8101806640625,1.8978271484375,-117.24853515625,152.83203125,92.22412109375
0.814697265625,-0.874267578125,1.7314453125,-76.23291015625,168.0908203125,106.8115234375
0.91162109375,-0.9100341796875,2.146728515625,-36.07177734375,180.60302734375,124.3896484375
1.2557373046875,-0.5810546875,2.63134765625,-13.18359375,201.84326171875,129.08935546875
1.418212890625,-0.240234375,1.9136962890625,-2.99072265625,209.41162109375,130.31005859375
1.5518798828125,0.1097412109375,1.138916015625,-19.287109375,227.60009765625,128.2958984375
1.1475830078125,-0.359130859375,0.7750244140625,-28.74755859375,242.0654296875,124.3896484375
-0.16357421875,-1.013671875,0.65869140625,-32.5927734375,257.01904296875,110.04638671875
0.685546875,-1.145751953125,0.645751953125,-28.076171875,270.8740234375,103.08837890625
1.8509521484375,-0.9764404296875,0.683349609375,-18.6767578125,282.5927734375,98.14453125
0.8311767578125,-0.78369140625,0.7850341796875,-15.07568359375,292.48046875,94.78759765625
-0.1549072265625,-0.651123046875,0.8194580078125,-15.380859375,297.119140625,109.375
-0.19091796875,-0.5584716796875,0.856201171875,-19.47021484375,299.86572265625,118.408203125
-0.1888427734375,-0.545654296875,0.9970703125,-28.3203125,294.86083984375,125.0
-0.1458740234375,-0.501953125,1.11474609375,-48.33984375,292.54150390625,135.3759765625
-0.0601806640625,-0.4481201171875,1.2384033203125,-56.0302734375,284.423828125,151.7333984375
0.05908203125,-0.34033203125,1.3035888671875,-60.72998046875,284.66796875,164.48974609375
0.1192626953125,-0.2874755859375,1.3287353515625,-58.4716796875,287.841796875,171.630859375
0.1748046875,-0.22900390625,1.366943359375,-63.232421875,291.07666015625,173.7060546875
0.361572265625,-0.1536865234375,1.4315185546875,-55.11474609375,291.015625,177.06298828125
0.4891357421875,-0.0843505859375,1.5478515625,-43.45703125,285.400390625,171.20361328125
0.6204833984375,-0.092529296875,1.58447265625,-36.865234375,270.263671875,72.08251953125
0.717529296875,-0.1890869140625,1.6192626953125,-37.90283203125,248.291015625,-21.05712890625
0.783203125,-0.3671875,1.6395263671875,-43.64013671875,200.37841796875,-39.97802734375
0.9490966796875,-0.462890625,1.621337890625,-56.15234375,101.37939453125,-60.302734375
1.05908203125,-0.56591796875,1.6773681640625,-73.1201171875,4.45556640625,-54.5654296875
1.1558837890625,-0.779052734375,1.73291015625,-96.49658203125,-55.35888671875,-36.92626953125
1.2406005859375,-0.94970703125,1.7547607421875,-124.8779296875,-118.95751953125,-50.6591796875
1.33984375,-1.04345703125,1.7017822265625,-76.59912109375,-118.34716796875,-42.96875
1.4722900390625,-1.05810546875,1.5408935546875,-60.546875,-80.810546875,-31.494140625
1.660400390625,-0.9656982421875,1.252685546875,-37.4755859375,-100.52490234375,-15.7470703125
1.9005126953125,-0.7476806640625,0.4952392578125,43.76220703125,-188.1103515625,-25.45166015625
2.1324462890625,-0.4501953125,-0.71337890625,69.4580078125,-221.61865234375,-57.4951171875
2.32421875,-0.129638671875,-1.5987548828125,153.076171875,-205.56640625,-33.447265625
2.466552734375,0.3592529296875,-1.4576416015625,126.708984375,-194.4580078125,-7.50732421875
2.547607421875,1.064208984375,-0.303955078125,109.55810546875,-188.232421875,-7.99560546875
2.599365234375,1.30712890625,0.7366943359375,90.75927734375,-149.7802734375,-6.7138671875
2.6141357421875,0.794677734375,2.1005859375,41.32080078125,-138.61083984375,-5.126953125
3.0216064453125,-0.240478515625,0.871826171875,17.578125,9.82666015625,-3.84521484375
2.5028076171875,-0.7623291015625,-0.1884765625,2.3193359375,3.23486328125,-2.86865234375
2.0469970703125,-2.2008056640625,0.7630615234375,11.5966796875,-0.06103515625,-2.9296875
1.9130859375,-0.649658203125,1.8055419921875,55.5419921875,-2.0751953125,-2.685546875
0.570068359375,1.1641845703125,2.0076904296875,5.92041015625,-2.62451171875,-2.74658203125
-0.4464111328125,0.7994384765625,1.6611328125,6.53076171875,-7.6904296875,-3.662109375
-0.910400390625,0.8648681640625,1.3704833984375,5.4931640625,-5.7373046875,-2.74658203125
0.0018310546875,1.230712890625,1.1898193359375,4.57763671875,-7.080078125,-2.01416015625
0.547119140625,1.329345703125,0.9786376953125,4.5166015625,-5.31005859375,-1.3427734375
0.810302734375,-1.56689453125,0.9908447265625,5.615234375,0.30517578125,-0.30517578125
0.796630859375,-1.3995361328125,0.9881591796875,7.38525390625,2.99072265625,0.18310546875
0.72802734375,-0.2532958984375,0.9595947265625,9.033203125,1.8310546875,-1.5869140625
1.1199951171875,-0.19482421875,0.944580078125,10.986328125,-6.4697265625,0.54931640625
1.00830078125,-0.200439453125,0.9464111328125,9.27734375,-6.103515625,-1.15966796875
0.4189453125,-0.208984375,0.9302978515625,6.9580078125,-3.84521484375,-1.52587890625
0.4305419921875,-0.2132568359375,0.9178466796875,3.0517578125,-3.2958984375,-1.5869140625
0.4239501953125,-0.218017578125,0.90576171875,1.89208984375,-5.2490234375,-1.8310546875
0.41357421875,-0.2203369140625,0.8936767578125,0.30517578125,-5.43212890625,-2.44140625
0.4114990234375,-0.222412109375,0.891845703125,1.52587890625,-4.0283203125,-2.8076171875
0.41259765625,-0.219482421875,0.9232177734375,-5.79833984375,-2.74658203125,-3.5400390625
0.405517578125,-0.209228515625,0.9219970703125,-3.72314453125,-1.0986328125,-3.2958984375
0.4007568359375,-0.206787109375,0.903076171875,-2.9296875,-2.197265625,-2.197265625
0.415771484375,-0.2044677734375,0.906982421875,-2.44140625,-3.662109375,-1.5869140625
0.4129638671875,-0.2041015625,0.9049072265625,-1.64794921875,-4.08935546875,-0.3662109375
0.3963623046875,-0.2218017578125,0.904296875,1.8310546875,-6.28662109375,-0.18310546875
0.3792724609375,-0.2177734375,0.8983154296875,2.685546875,-6.591796875,0.0
0.380126953125,-0.223388671875,0.89501953125,3.11279296875,-6.77490234375,-0.06103515625
0.3994140625,-0.2269287109375,0.8978271484375,2.5634765625,-7.14111328125,0.18310546875
0.39501953125,-0.22021484375,0.9146728515625,0.91552734375,-6.9580078125,0.3662109375
0.39306640625,-0.216064453125,0.90966796875,0.1220703125,-6.2255859375,0.48828125
0.386962890625,-0.21728515625,0.904296875,-1.708984375,-5.43212890625,0.18310546875
0.39013671875,-0.2105712890625,0.9100341796875,-3.173828125,-4.69970703125,0.1220703125
0.39111328125,-0.2164306640625,0.91064453125,-3.35693359375,-3.662109375,-0.06103515625
0.3934326171875,-0.2060546875,0.9095458984375,-2.86865234375,-3.47900390625,-0.18310546875
0.39794921875,-0.205810546875,0.9088134765625,-2.50244140625,-3.41796875,-0.30517578125
0.3870849609375,-0.2020263671875,0.9046630859375,-2.0751953125,-3.41796875,-0.42724609375
0.3985595703125,-0.2037353515625,0.904296875,-1.953125,-4.45556640625,-1.64794921875
0.40283203125,-0.20556640625,0.90283203125,-1.52587890625,-5.37109375,-1.89208984375
0.414306640625,-0.208251953125,0.90283203125,-1.5869140625,-6.4697265625,-1.8310546875
0.416015625,-0.2081298828125,0.9013671875,-1.3427734375,-8.1787109375,-1.52587890625
0.41650390625,-0.2081298828125,0.8975830078125,-1.220703125,-7.8125,-1.220703125
0.4150390625,-0.2080078125,0.903076171875,-0.8544921875,-7.38525390625,-1.03759765625
0.41845703125,-0.2130126953125,0.9014892578125,-0.6103515625,-6.77490234375,-0.91552734375
0.42138671875,-0.21484375,0.904296875,0.54931640625,-6.04248046875,-1.03759765625
0.421630859375,-0.21826171875,0.90966796875,0.79345703125,-5.31005859375,-0.9765625
0.4202880859375,-0.2139892578125,0.908447265625,0.79345703125,-4.33349609375,-1.15966796875
0.418701171875,-0.21337890625,0.9068603515625,0.42724609375,-3.72314453125,-1.28173828125
0.4061279296875,-0.2142333984375,0.89794921875,0.0,-3.84521484375,-1.46484375
0.4068603515625,-0.21435546875,0.894287109375,-0.30517578125,-4.21142578125,-1.220703125
0.4078369140625,-0.2147216796875,0.893798828125,-0.42724609375,-4.94384765625,-1.220703125
0.4114990234375,-0.22021484375,0.89306640625,-0.6103515625,-5.67626953125,-1.220703125
0.416259765625,-0.214599609375,0.8929443359375,-0.91552734375,-11.962890625,-1.52587890625
0.4180908203125,-0.2081298828125,0.893798828125,-1.28173828125,-12.0849609375,-2.0751953125
0.42431640625,-0.206787109375,0.8939208984375,-1.64794921875,-12.63427734375,-3.41796875
0.4302978515625,-0.2095947265625,0.8968505859375,-1.708984375,-13.0615234375,-4.33349609375
0.4346923828125,-0.209716796875,0.8970947265625,-1.708984375,-12.939453125,-5.79833984375
0.4361572265625,-0.2115478515625,0.8970947265625,-2.197265625,-12.14599609375,-46.93603515625
0.4361572265625,-0.212890625,0.8985595703125,-2.685546875,-11.23046875,-64.14794921875
0.436279296875,-0.2105712890625,0.8983154296875,-3.2958984375,-10.55908203125,-83.80126953125
0.434326171875,-0.21142578125,0.900146484375,-4.21142578125,15.19775390625,-99.12109375
0.4317626953125,-0.210693359375,0.899658203125,-4.8828125,37.4755859375,-119.93408203125
0.4267578125,-0.211181640625,0.895751953125,-6.34765625,62.98828125,-117.7978515625
0.4234619140625,-0.2109375,0.892578125,-6.77490234375,77.81982421875,-114.68505859375
0.42333984375,-0.2110595703125,0.8863525390625,-35.888671875,93.75,-141.05224609375
0.422119140625,-0.214111328125,0.8841552734375,-30.94482421875,108.3984375,-171.93603515625
0.4425048828125,-0.2198486328125,0.888916015625,-34.912109375,103.57666015625,-185.4248046875
0.4476318359375,-0.22998046875,0.89111328125,-42.96875,83.3740234375,-194.88525390625
0.4521484375,-0.2314453125,0.90087890625,-53.16162109375,62.255859375,-200.01220703125
0.457763671875,-0.227783203125,0.9127197265625,-66.58935546875,54.26025390625,-201.904296875
0.46728515625,-0.226806640625,0.9117431640625,-71.59423828125,45.95947265625,-202.20947265625
0.4884033203125,0.00341796875,0.8060302734375,-63.90380859375,40.71044921875,-201.47705078125
0.5181884765625,-0.017822265625,0.799560546875,-66.5283203125,36.376953125,-200.37841796875
0.5499267578125,0.0244140625,0.860595703125,-69.091796875,32.89794921875,-199.21875
0.7769775390625,-0.0609130859375,0.695556640625,-70.37353515625,29.47998046875,-197.69287109375
0.8697509765625,-0.1480712890625,0.4134521484375,-70.068359375,25.634765625,-195.49560546875
1.0108642578125,-0.149658203125,0.38671875,-67.32177734375,21.6064453125,-191.95556640625
1.074951171875,-0.1717529296875,0.4222412109375,-62.92724609375,17.822265625,-187.31689453125
1.3387451171875,0.025146484375,0.484375,-58.77685546875,15.07568359375,-174.49951171875
1.4842529296875,0.0322265625,0.5634765625,-55.48095703125,14.7705078125,-167.90771484375
1.195068359375,-0.008544921875,0.613037109375,-52.8564453125,14.6484375,-161.7431640625
1.0128173828125,-0.0780029296875,0.6495361328125,-50.537109375,12.451171875,-155.76171875
0.9732666015625,-0.160888671875,0.7010498046875,-48.2177734375,8.36181640625,-150.7568359375
0.9619140625,-0.232177734375,0.7303466796875,-46.142578125,3.662109375,-146.8505859375
0.952880859375,-0.2689208984375,0.7427978515625,-43.51806640625,-0.67138671875,-144.34814453125
0.9425048828125,-0.281982421875,0.759521484375,-39.306640625,-2.99072265625,-143.1884765625
0.907470703125,-0.2862548828125,0.7713623046875,-36.07177734375,-4.0283203125,-143.310546875
0.8543701171875,-0.2900390625,0.797119140625,-32.3486328125,-2.8076171875,-143.4326171875
0.8187255859375,-0.3040771484375,0.8575439453125,-29.296875,0.79345703125,-144.83642578125
