0.79248046875,-0.45068359375,1.0404052734375,-8.30078125,-4.08935546875,2.13623046875
0.9212646484375,-0.398193359375,1.11376953125,-6.4697265625,-2.38037109375,1.5869140625
0.7347412109375,-0.2174072265625,0.95166015625,-4.2724609375,-2.99072265625,1.15966796875
0.382568359375,-0.05419921875,0.9903564453125,-7.4462890625,-5.06591796875,0.06103515625
0.58642578125,-0.1297607421875,0.9541015625,-8.7890625,-1.953125,-0.8544921875
0.6826171875,-0.205810546875,0.956787109375,-9.6435546875,0.48828125,-2.44140625
0.500732421875,-0.23291015625,0.92919921875,-8.36181640625,0.3662109375,-3.72314453125
0.4068603515625,-0.2359619140625,0.9097900390625,-6.89697265625,-1.220703125,-3.47900390625
0.3524169921875,-0.192138671875,0.932861328125,-6.103515625,-3.90625,-2.9296875
0.3822021484375,-0.1851806640625,0.938720703125,-6.04248046875,-7.2021484375,-1.64794921875
0.37451171875,-0.2122802734375,0.921142578125,-4.08935546875,-9.521484375,-0.67138671875
0.3514404296875,-0.22314453125,0.9229736328125,-2.38037109375,-9.6435546875,-1.52587890625
0.340087890625,-0.2196044921875,0.9322509765625,-0.06103515625,-10.92529296875,-2.8076171875
0.3446044921875,-0.2152099609375,0.93310546875,2.0751953125,-10.43701171875,-3.47900390625
0.3585205078125,-0.2227783203125,0.9215087890625,2.86865234375,-7.080078125,-4.21142578125
0.359619140625,-0.2274169921875,0.9295654296875,3.47900390625,-9.521484375,-4.5166015625
0.3604736328125,-0.2310791015625,0.930419921875,3.11279296875,-11.962890625,-4.8828125
0.3756103515625,-0.238037109375,0.9254150390625,1.953125,-13.24462890625,-4.2724609375
0.3748779296875,-0.250732421875,0.9256591796875,1.46484375,-13.7939453125,-2.9296875
0.3564453125,-0.236572265625,0.9300537109375,1.220703125,-13.12255859375,-2.0751953125
0.3446044921875,-0.219970703125,0.899658203125,0.6103515625,-12.6953125,-1.3427734375
0.3536376953125,-0.205322265625,0.8892822265625,-0.67138671875,-11.41357421875,-1.15966796875
0.359375,-0.19873046875,0.905029296875,-1.3427734375,-12.939453125,-1.5869140625
0.3607177734375,-0.21728515625,0.89892578125,-0.8544921875,-13.427734375,-2.86865234375
0.3607177734375,-0.2376708984375,0.8948974609375,-0.48828125,-13.00048828125,-3.23486328125
0.3568115234375,-0.242431640625,0.900390625,-0.30517578125,-14.09912109375,-3.35693359375
0.3572998046875,-0.2384033203125,0.916015625,0.244140625,-15.93017578125,-2.74658203125
0.3511962890625,-0.2362060546875,0.9227294921875,0.0,-17.27294921875,-1.8310546875
0.34521484375,-0.234619140625,0.9268798828125,1.64794921875,-18.61572265625,-0.8544921875
0.347900390625,-0.2208251953125,0.9276123046875,2.9296875,-18.24951171875,-0.1220703125
0.3485107421875,-0.198486328125,0.92138671875,3.35693359375,-21.484375,1.0986328125
0.36181640625,-0.193603515625,0.9210205078125,3.23486328125,-27.40478515625,3.2958984375
0.3834228515625,-0.1995849609375,0.911376953125,2.685546875,-33.26416015625,4.33349609375
0.39892578125,-0.2088623046875,0.9140625,1.46484375,-39.1845703125,2.13623046875
0.3994140625,-0.2239990234375,0.927490234375,1.64794921875,-47.79052734375,-5.126953125
0.3907470703125,-0.234375,0.9183349609375,-1.64794921875,-66.83349609375,-15.93017578125
0.3919677734375,-0.2257080078125,0.920654296875,-4.150390625,-78.06396484375,-21.728515625
0.385498046875,-0.211669921875,0.9307861328125,-6.34765625,-91.49169921875,-25.2685546875
0.3587646484375,-0.2042236328125,0.932861328125,-10.1318359375,-104.1259765625,-36.56005859375
0.360595703125,-0.20166015625,0.9456787109375,-21.97265625,-117.98095703125,-43.5791015625
0.3853759765625,-0.1800537109375,0.951904296875,-27.03857421875,-128.90625,-52.67333984375
0.3914794921875,-0.17529296875,0.9381103515625,-32.1044921875,-136.23046875,-32.958984375
0.3902587890625,-0.1741943359375,0.9248046875,-35.5224609375,-141.4794921875,-21.8505859375
0.3624267578125,-0.1563720703125,0.9188232421875,-32.28759765625,-165.0390625,-35.64453125
0.349365234375,-0.1605224609375,0.912109375,-21.3623046875,-192.7490234375,-23.5595703125
0.367919921875,-0.195068359375,0.910400390625,-8.544921875,-313.720703125,-30.70068359375
0.36962890625,-0.2440185546875,0.930419921875,1.0986328125,-350.9521484375,-66.650390625
0.3604736328125,-0.2791748046875,1.0023193359375,16.90673828125,-361.572265625,-113.76953125
0.369384765625,-0.30859375,1.052490234375,10.43701171875,-406.3720703125,-135.80322265625
0.36376953125,-0.279052734375,1.012939453125,-1.5869140625,-420.59326171875,-139.16015625
0.3719482421875,-0.246337890625,0.8310546875,28.01513671875,-419.25048828125,-153.4423828125
0.4052734375,-0.22998046875,0.9700927734375,9.09423828125,-381.16455078125,-159.97314453125
0.4552001953125,-0.1561279296875,0.7979736328125,-30.2734375,-349.42626953125,-125.3662109375
0.5272216796875,-0.2371826171875,1.0286865234375,-41.93115234375,-385.3759765625,-109.43603515625
0.5609130859375,-0.2357177734375,1.5072021484375,-29.4189453125,-409.912109375,-93.81103515625
0.3809814453125,-0.121826171875,1.6025390625,7.01904296875,2.13623046875,-79.16259765625
0.457275390625,-0.2698974609375,1.66357421875,-3.23486328125,108.58154296875,-45.95947265625
0.6346435546875,-0.41259765625,1.708251953125,-23.13232421875,149.23095703125,-28.9306640625
-0.178955078125,-0.6724853515625,1.902587890625,-48.7060546875,165.6494140625,7.87353515625
0.1796875,-0.8544921875,2.078369140625,-74.76806640625,188.8427734375,24.0478515625
0.9130859375,-0.97900390625,1.975341796875,-85.02197265625,188.65966796875,38.14697265625
1.0103759765625,-1.0753173828125,1.7764892578125,-72.93701171875,193.7255859375,51.69677734375
1.28466796875,-0.6873779296875,3.511474609375,-45.8984375,200.86669921875,64.208984375
1.635009765625,-0.299072265625,3.19873046875,7.26318359375,211.3037109375,75.8056640625
1.6839599609375,-0.2578125,2.134765625,14.892578125,224.12109375,85.75439453125
1.314697265625,-1.239501953125,1.3570556640625,7.2021484375,236.75537109375,94.8486328125
-0.0943603515625,-1.00830078125,0.75634765625,0.06103515625,247.74169921875,100.9521484375
-0.6190185546875,-0.9686279296875,0.6990966796875,-7.32421875,257.568359375,104.4921875
1.879150390625,-0.959716796875,0.59912109375,-14.7705078125,271.05712890625,106.0791015625
0.6298828125,-0.7056884765625,0.6556396484375,-18.24951171875,284.85107421875,105.40771484375
0.081787109375,-0.584716796875,0.7454833984375,-17.4560546875,297.2412109375,103.759765625
-0.0843505859375,-0.4366455078125,0.85302734375,-13.5498046875,305.5419921875,102.6611328125
-0.102294921875,-0.436279296875,0.941162109375,-11.474609375,307.31201171875,102.1728515625
-0.1094970703125,-0.448974609375,1.015625,-11.65771484375,308.7158203125,101.25732421875
-0.052734375,-0.464111328125,1.10302734375,-15.93017578125,312.1337890625,109.55810546875
0.015380859375,-0.4949951171875,1.1871337890625,-24.7802734375,314.697265625,127.50244140625
0.11279296875,-0.5218505859375,1.249267578125,-35.0341796875,313.65966796875,136.1083984375
0.2152099609375,-0.518310546875,1.2637939453125,-45.41015625,308.53271484375,153.38134765625
0.3118896484375,-0.4940185546875,1.2366943359375,-54.87060546875,294.00634765625,158.14208984375
0.392333984375,-0.447998046875,1.2254638671875,-64.8193359375,301.8798828125,167.48046875
0.4925537109375,-0.371826171875,1.2603759765625,-71.59423828125,319.3359375,162.41455078125
0.6314697265625,-0.303466796875,1.3560791015625,-77.45361328125,309.6923828125,148.5595703125
0.742919921875,-0.2657470703125,1.4835205078125,-65.97900390625,263.916015625,121.88720703125
0.7996826171875,-0.2711181640625,1.6282958984375,-66.89453125,230.1025390625,88.92822265625
0.8297119140625,-0.311279296875,1.743408203125,-65.73486328125,189.453125,16.4794921875
0.8624267578125,-0.3636474609375,1.91064453125,-67.3828125,151.85546875,-51.6357421875
0.9449462890625,-0.436279296875,2.1060791015625,-89.66064453125,110.3515625,-76.5380859375
1.0474853515625,-0.4476318359375,2.2437744140625,-85.38818359375,-23.01025390625,-81.6650390625
1.1434326171875,-0.619384765625,1.9854736328125,-70.068359375,-131.591796875,-67.07763671875
1.2264404296875,-0.768310546875,1.0611572265625,-60.24169921875,-145.81298828125,-91.552734375
1.2659912109375,-0.8310546875,0.607666015625,-78.4912109375,-131.4697265625,-94.6044921875
1.401123046875,-0.5537109375,0.1953125,-76.0498046875,-149.47509765625,-70.3125
1.7176513671875,-0.1114501953125,-0.2464599609375,-19.53125,-89.41650390625,-37.29248046875
2.244873046875,-0.0162353515625,-0.882080078125,76.96533203125,-182.6171875,-21.91162109375
2.319580078125,0.23876953125,-2.0277099609375,80.56640625,-253.0517578125,-67.07763671875
2.532958984375,0.863037109375,-1.8724365234375,118.71337890625,-245.7275390625,-77.94189453125
2.6956787109375,1.452880859375,-0.3809814453125,79.7119140625,-221.5576171875,-23.3154296875
2.8448486328125,1.416748046875,1.3931884765625,51.025390625,-212.890625,-10.43701171875
3.170654296875,0.7816162109375,2.3240966796875,71.8994140625,-193.115234375,-18.1884765625
3.58154296875,0.0546875,1.1800537109375,29.1748046875,-165.10009765625,-35.64453125
3.18310546875,-0.1585693359375,-0.177001953125,9.1552734375,-164.55078125,-41.32080078125
2.6556396484375,-1.3128662109375,0.11376953125,9.82666015625,-150.146484375,-29.72412109375
2.4459228515625,-1.5184326171875,1.8994140625,2.9296875,-121.4599609375,-30.33447265625
0.0050048828125,-0.0501708984375,2.563720703125,34.48486328125,-90.087890625,-27.34375
-1.04052734375,0.3662109375,2.0096435546875,61.03515625,-64.697265625,-11.04736328125
-0.4033203125,0.1917724609375,1.661376953125,72.57080078125,-43.5791015625,-4.638671875
-0.11474609375,0.7374267578125,1.335205078125,62.68310546875,-11.29150390625,-3.72314453125
0.9891357421875,1.19482421875,1.1265869140625,37.841796875,3.0517578125,-2.99072265625
1.23681640625,0.3109130859375,1.3939208984375,21.05712890625,1.03759765625,-2.25830078125
1.292724609375,-1.818115234375,1.7044677734375,7.9345703125,6.591796875,-0.30517578125
0.9951171875,-1.1485595703125,1.548095703125,-11.8408203125,-3.23486328125,1.708984375
0.895263671875,0.0428466796875,1.095458984375,14.892578125,-5.2490234375,1.15966796875
1.2008056640625,0.576904296875,0.8272705078125,-0.3662109375,-5.79833984375,0.42724609375
0.9180908203125,0.158935546875,1.2598876953125,-4.7607421875,-5.06591796875,0.9765625
0.767578125,-0.425048828125,1.28564453125,-5.37109375,-1.46484375,1.0986328125
0.80322265625,-0.3800048828125,0.9183349609375,-6.89697265625,0.06103515625,0.8544921875
0.845458984375,-0.125244140625,0.972900390625,-9.27734375,-2.0751953125,0.3662109375
0.63818359375,-0.1575927734375,0.985595703125,-10.1318359375,-4.5166015625,-0.244140625
0.5250244140625,-0.2296142578125,0.9483642578125,-9.1552734375,-3.60107421875,-2.01416015625
0.6146240234375,-0.23681640625,0.945068359375,-7.8125,-3.35693359375,-3.5400390625
0.4952392578125,-0.226318359375,0.9266357421875,-6.4697265625,-5.0048828125,-2.62451171875
0.4039306640625,-0.1923828125,0.924072265625,-2.13623046875,-10.19287109375,-2.01416015625
0.38134765625,-0.19189453125,0.943603515625,-2.13623046875,-10.19287109375,-2.38037109375
0.364013671875,-0.2216796875,0.9539794921875,-3.11279296875,-10.25390625,-2.74658203125
0.34765625,-0.2459716796875,0.9417724609375,-2.8076171875,-12.26806640625,-3.7841796875
0.34716796875,-0.244873046875,0.9129638671875,-0.8544921875,-13.0615234375,-3.84521484375
0.35498046875,-0.235595703125,0.899169921875,1.3427734375,-11.53564453125,-3.23486328125
0.36962890625,-0.23974609375,0.910400390625,2.01416015625,-10.6201171875,-3.96728515625
0.372802734375,-0.2371826171875,0.91552734375,2.8076171875,-11.65771484375,-3.7841796875
0.3675537109375,-0.250244140625,0.913818359375,3.84521484375,-13.00048828125,-3.173828125
0.3756103515625,-0.263427734375,0.9212646484375,3.173828125,-13.97705078125,-2.74658203125
0.3524169921875,-0.27099609375,0.92041015625,2.13623046875,-14.83154296875,-2.44140625
0.33984375,-0.258544921875,0.8985595703125,-0.244140625,-14.46533203125,-2.5634765625
0.3349609375,-0.2391357421875,0.8841552734375,-2.8076171875,-14.70947265625,-2.74658203125
0.3397216796875,-0.239990234375,0.8861083984375,-1.77001953125,-15.0146484375,-2.86865234375
0.352294921875,-0.2474365234375,0.8929443359375,0.244140625,-15.44189453125,-3.90625
0.352294921875,-0.2554931640625,0.9029541015625,2.197265625,-15.68603515625,-4.69970703125
0.3458251953125,-0.2564697265625,0.9166259765625,2.8076171875,-16.54052734375,-4.33349609375
0.3433837890625,-0.23828125,0.925048828125,2.74658203125,-17.9443359375,-3.60107421875
0.34912109375,-0.237548828125,0.919677734375,2.50244140625,-22.3388671875,-3.0517578125
0.348876953125,-0.23681640625,0.91796875,1.64794921875,-28.25927734375,-2.50244140625
0.3453369140625,-0.2283935546875,0.9127197265625,2.50244140625,-32.28759765625,-0.67138671875
0.3482666015625,-0.22509765625,0.900390625,2.5634765625,-39.97802734375,1.89208984375
0.3753662109375,-0.2215576171875,0.9122314453125,2.86865234375,-46.2646484375,0.48828125
0.3895263671875,-0.2257080078125,0.910400390625,3.11279296875,-54.26025390625,-5.37109375
0.3919677734375,-0.2318115234375,0.90576171875,3.173828125,-62.255859375,-20.5078125
0.38525390625,-0.2418212890625,0.934326171875,-0.1220703125,-82.3974609375,-25.08544921875
0.3731689453125,-0.250244140625,0.946533203125,-2.3193359375,-93.1396484375,-33.69140625
0.360107421875,-0.24609375,0.9398193359375,-6.4697265625,-124.755859375,-42.17529296875
0.3671875,-0.2332763671875,0.942138671875,-13.671875,-137.14599609375,-51.6357421875
0.360107421875,-0.21826171875,0.9525146484375,-26.4892578125,-143.9208984375,-36.2548828125
0.3448486328125,-0.1800537109375,0.9384765625,-31.494140625,-152.4658203125,-20.5078125
0.362548828125,-0.175048828125,0.925537109375,-35.64453125,-171.142578125,-27.40478515625
0.3841552734375,-0.19677734375,0.9248046875,-25.08544921875,-202.57568359375,-30.1513671875
0.3580322265625,-0.17529296875,0.8944091796875,-8.60595703125,-241.76025390625,-35.70556640625
0.3560791015625,-0.175537109375,0.949951171875,-3.35693359375,-316.5283203125,-51.3916015625
0.373291015625,-0.25146484375,1.005126953125,11.1083984375,-359.55810546875,-85.14404296875
0.3724365234375,-0.2764892578125,1.02294921875,12.14599609375,-383.23974609375,-122.802734375
0.3778076171875,-0.2802734375,0.97412109375,1.77001953125,-408.99658203125,-128.5400390625
0.386474609375,-0.2757568359375,0.889404296875,7.14111328125,-418.15185546875,-141.54052734375
0.4168701171875,-0.2393798828125,0.9927978515625,17.02880859375,-365.78369140625,-140.0146484375
0.452880859375,-0.2064208984375,1.1339111328125,11.474609375,-362.9150390625,-134.21630859375
0.5511474609375,-0.220458984375,0.749267578125,-30.8837890625,-420.654296875,-132.6904296875
0.5347900390625,-0.2081298828125,1.2423095703125,-32.77587890625,-393.49365234375,-119.9951171875
0.42041015625,-0.142822265625,1.7318115234375,-5.06591796875,-252.99072265625,-109.68017578125
0.373779296875,-0.1502685546875,1.5810546875,-26.123046875,-80.4443359375,-95.03173828125
0.6141357421875,-0.4234619140625,1.697265625,-55.35888671875,75.74462890625,-83.3740234375
0.306640625,-0.6207275390625,1.804931640625,-106.8115234375,153.564453125,-66.22314453125
-0.206787109375,-0.6768798828125,1.962890625,-128.41796875,178.77197265625,-28.62548828125
0.2877197265625,-0.82958984375,1.708251953125,-130.67626953125,196.533203125,-7.50732421875
0.9322509765625,-0.9283447265625,2.03564453125,-102.84423828125,212.70751953125,27.7099609375
1.2071533203125,-0.3157958984375,2.4288330078125,-103.759765625,213.19580078125,41.259765625
1.4332275390625,-0.035400390625,3.01171875,-82.82470703125,216.552734375,53.28369140625
1.610107421875,-0.2901611328125,3.6917724609375,-44.25048828125,228.82080078125,79.40673828125
0.5533447265625,-0.3187255859375,2.8616943359375,-20.751953125,235.16845703125,86.73095703125
-0.3447265625,-0.6258544921875,1.8177490234375,-0.1220703125,241.76025390625,93.994140625
-0.14697265625,-1.016845703125,1.1851806640625,-0.54931640625,268.49365234375,95.947265625
1.779052734375,-0.973388671875,0.886962890625,-7.080078125,281.005859375,98.876953125
2.52978515625,-0.9622802734375,0.69677734375,-12.39013671875,298.03466796875,101.5625
1.3126220703125,-0.9415283203125,0.6343994140625,-19.10400390625,300.78125,105.52978515625
0.4078369140625,-0.78662109375,0.643310546875,-29.11376953125,303.466796875,109.80224609375
-0.009521484375,-0.572509765625,0.6795654296875,-30.57861328125,306.21337890625,127.8076171875
-0.0281982421875,-0.5084228515625,0.7572021484375,-33.447265625,309.326171875,136.71875
0.032958984375,-0.4693603515625,1.1923828125,-39.48974609375,302.30712890625,140.80810546875
-0.0133056640625,-0.4166259765625,1.240966796875,-57.43408203125,295.41015625,165.10009765625
0.0135498046875,-0.378662109375,1.2421875,-66.162109375,285.33935546875,176.26953125
0.08642578125,-0.408935546875,1.2548828125,-76.84326171875,291.8701171875,185.24169921875
0.1231689453125,-0.40771484375,1.3306884765625,-78.91845703125,310.85205078125,197.1435546875
0.18115234375,-0.326416015625,1.4544677734375,-85.205078125,313.29345703125,203.369140625
0.587158203125,-0.292724609375,1.63330078125,-75.439453125,297.7294921875,197.44873046875
0.6651611328125,-0.3017578125,1.74072265625,-63.41552734375,271.78955078125,178.955078125
0.738037109375,-0.358642578125,1.8482666015625,-48.88916015625,239.80712890625,142.333984375
0.771484375,-0.4605712890625,1.9444580078125,-46.38671875,205.322265625,-56.21337890625
0.9263916015625,-0.49072265625,1.9906005859375,-57.12890625,169.7998046875,-68.603515625
1.0150146484375,-0.546630859375,2.1058349609375,-83.8623046875,139.6484375,-74.21875
1.1112060546875,-0.7484130859375,2.0006103515625,-103.94287109375,-156.92138671875,-83.67919921875
1.2005615234375,-0.934814453125,1.6929931640625,-105.40771484375,-142.51708984375,-34.912109375
1.2845458984375,-1.077392578125,1.2576904296875,-91.24755859375,-140.13671875,-14.6484375
1.418701171875,-1.02197265625,0.8465576171875,-85.8154296875,-250.91552734375,-57.9833984375
1.6212158203125,-0.58740234375,0.474853515625,50.96435546875,-251.77001953125,-70.37353515625
1.9044189453125,-0.1981201171875,0.1580810546875,101.62353515625,-233.94775390625,-13.18359375
2.429931640625,-0.035888671875,-0.3299560546875,134.33837890625,-215.02685546875,-19.1650390625
2.4677734375,0.1103515625,-0.9176025390625,104.736328125,-192.0166015625,-52.24609375
2.515869140625,0.47314453125,1.2098388671875,57.6171875,-180.84716796875,-50.35400390625
2.6988525390625,1.0545654296875,2.4285888671875,26.7333984375,-168.39599609375,-26.4892578125
2.9149169921875,-0.01123046875,0.516845703125,20.56884765625,-130.06591796875,-24.35302734375
3.172607421875,-0.1724853515625,2.0537109375,4.7607421875,-73.3642578125,-1.0986328125
3.618896484375,-1.433349609375,2.5272216796875,59.14306640625,-41.259765625,-1.28173828125
2.328857421875,0.3494873046875,2.126953125,73.8525390625,-4.69970703125,1.77001953125
-0.021484375,0.2064208984375,1.82080078125,46.630859375,-3.41796875,2.50244140625
-1.219970703125,0.7696533203125,1.093994140625,24.23095703125,2.685546875,2.50244140625
1.2255859375,1.3280029296875,1.278076171875,-0.244140625,-5.2490234375,1.52587890625
1.222412109375,0.67529296875,1.8388671875,-13.00048828125,-2.44140625,1.3427734375
1.3236083984375,-1.4786376953125,1.8255615234375,-10.80322265625,2.74658203125,1.5869140625
1.1383056640625,-0.3233642578125,0.790771484375,-10.8642578125,8.056640625,0.91552734375
0.9315185546875,0.824951171875,1.3143310546875,-6.4697265625,7.14111328125,-1.03759765625
0.9169921875,0.541748046875,0.91064453125,-5.92041015625,2.0751953125,-3.2958984375
0.819091796875,-0.5888671875,0.97607421875,-6.4697265625,3.7841796875,-2.9296875
1.1019287109375,0.0830078125,0.9515380859375,-6.34765625,-3.0517578125,-2.0751953125
0.9609375,-0.3502197265625,0.9130859375,-5.0048828125,-11.5966796875,-2.685546875
0.6024169921875,-0.2447509765625,0.88818359375,-2.685546875,-12.63427734375,-3.60107421875
0.6441650390625,-0.18994140625,0.90966796875,-2.50244140625,-11.8408203125,-2.8076171875
0.4383544921875,-0.2283935546875,0.94189453125,-0.48828125,-8.60595703125,-2.99072265625
0.3914794921875,-0.238525390625,0.915283203125,1.89208984375,-8.72802734375,-2.86865234375
0.3841552734375,-0.2369384765625,0.92138671875,3.0517578125,-10.986328125,-3.5400390625
0.370849609375,-0.229248046875,0.92431640625,5.43212890625,-11.41357421875,-3.84521484375
0.3643798828125,-0.2313232421875,0.927490234375,3.72314453125,-13.0615234375,-2.8076171875
0.3702392578125,-0.2314453125,0.9156494140625,1.40380859375,-14.70947265625,-2.25830078125
0.354248046875,-0.24560546875,0.896484375,-1.46484375,-14.83154296875,-2.3193359375
0.35693359375,-0.2548828125,0.8770751953125,-3.2958984375,-13.18359375,-2.8076171875
0.3560791015625,-0.237548828125,0.8973388671875,-3.173828125,-13.73291015625,-3.11279296875
0.3211669921875,-0.235107421875,0.909423828125,-1.5869140625,-12.39013671875,-3.173828125
0.3699951171875,-0.2457275390625,0.9061279296875,-0.30517578125,-12.51220703125,-3.173828125
0.3707275390625,-0.239013671875,0.91552734375,0.18310546875,-13.24462890625,-3.2958984375
0.3504638671875,-0.2325439453125,0.9180908203125,0.6103515625,-14.5263671875,-2.38037109375
0.352294921875,-0.23828125,0.9146728515625,1.3427734375,-16.2353515625,-1.77001953125
0.3548583984375,-0.240478515625,0.919921875,2.38037109375,-17.63916015625,-1.220703125
0.3609619140625,-0.2347412109375,0.917724609375,3.60107421875,-21.54541015625,-0.42724609375
0.365966796875,-0.2188720703125,0.9107666015625,3.90625,-25.81787109375,-0.1220703125
0.3685302734375,-0.21142578125,0.9197998046875,3.662109375,-30.8837890625,-0.54931640625
0.3765869140625,-0.2183837890625,0.91943359375,3.2958984375,-35.5224609375,-2.3193359375
0.38818359375,-0.22607421875,0.9190673828125,3.662109375,-41.3818359375,-7.26318359375
0.3905029296875,-0.233154296875,0.921630859375,1.953125,-46.875,-12.8173828125
0.3876953125,-0.2296142578125,0.9197998046875,1.28173828125,-52.67333984375,-18.1884765625
0.3826904296875,-0.2220458984375,0.91357421875,-1.40380859375,-61.03515625,-22.94921875
0.3834228515625,-0.223388671875,0.929443359375,-3.2958984375,-68.9697265625,-25.93994140625
0.3870849609375,-0.2218017578125,0.92822265625,-6.2255859375,-79.833984375,-40.771484375
0.384033203125,-0.202880859375,0.9248046875,-9.82666015625,-91.97998046875,-53.03955078125
0.38623046875,-0.1881103515625,0.933837890625,-12.87841796875,-107.97119140625,-60.546875
0.3870849609375,-0.188232421875,0.920166015625,-14.16015625,-131.16455078125,-55.60302734375
0.3760986328125,-0.1868896484375,0.914794921875,-17.333984375,-140.93017578125,-49.74365234375
0.377685546875,-0.195068359375,0.9239501953125,-19.34814453125,-155.517578125,-59.9365234375
0.3743896484375,-0.21484375,0.9129638671875,-23.74267578125,-186.1572265625,-96.37451171875
0.375,-0.22900390625,0.9013671875,-13.671875,-216.552734375,-142.4560546875
0.3804931640625,-0.2615966796875,0.9063720703125,-6.53076171875,-269.47021484375,-152.9541015625
0.373046875,-0.27099609375,0.9310302734375,11.1083984375,-369.20166015625,-162.353515625
0.3851318359375,-0.2677001953125,0.9483642578125,22.216796875,-365.72265625,-184.87548828125
0.3963623046875,-0.2435302734375,0.9771728515625,24.2919921875,-328.0029296875,-186.279296875
0.3873291015625,-0.228515625,1.0074462890625,20.01953125,-322.75390625,-179.87060546875
0.3909912109375,-0.2498779296875,0.9219970703125,15.625,-379.94384765625,-146.42333984375
0.39697265625,-0.19091796875,1.0452880859375,13.00048828125,-342.8955078125,-120.849609375
0.417724609375,-0.2069091796875,0.963134765625,-13.00048828125,-230.1025390625,-96.19140625
0.5318603515625,-0.2568359375,1.573974609375,-39.0625,-28.564453125,-67.626953125
0.5826416015625,-0.3118896484375,1.590087890625,-64.51416015625,91.73583984375,12.87841796875
0.496826171875,-0.210693359375,1.6956787109375,-57.373046875,145.263671875,36.92626953125
0.60498046875,-0.7467041015625,1.8321533203125,-64.697265625,169.37255859375,60.72998046875
0.4088134765625,-0.8883056640625,1.71142578125,-59.75341796875,184.75341796875,84.53369140625
-0.004638671875,-0.607421875,1.958740234375,-89.2333984375,178.466796875,106.0791015625
1.2725830078125,-0.2110595703125,2.342041015625,-101.318359375,175.29296875,122.37548828125
1.50146484375,-0.1453857421875,3.025634765625,-75.62255859375,179.99267578125,131.8359375
1.26611328125,-0.26416015625,3.3773193359375,-1.3427734375,189.02587890625,135.19287109375
0.3890380859375,-0.4947509765625,2.4022216796875,8.30078125,206.35986328125,134.6435546875
-0.5096435546875,-0.770751953125,1.509033203125,4.08935546875,225.09765625,131.591796875
-0.1553955078125,-0.9111328125,0.53271484375,-6.89697265625,242.431640625,99.67041015625
1.8348388671875,-1.123779296875,0.4351806640625,-16.90673828125,257.99560546875,85.44921875
2.4354248046875,-1.1363525390625,0.4678955078125,-21.484375,273.37646484375,74.3408203125
1.14111328125,-0.8038330078125,0.6082763671875,-22.94921875,304.13818359375,68.4814453125
0.3414306640625,-0.620361328125,0.789794921875,-21.3623046875,307.06787109375,74.40185546875
0.0032958984375,-0.4609375,0.9512939453125,-19.59228515625,311.21826171875,91.064453125
-0.1875,-0.37646484375,1.0628662109375,-23.8037109375,312.68310546875,112.9150390625
-0.2041015625,-0.3499755859375,1.1500244140625,-52.42919921875,299.86572265625,128.5400390625
-0.1439208984375,-0.3406982421875,1.21435546875,-66.162109375,280.029296875,147.3388671875
-0.045166015625,-0.3009033203125,1.2318115234375,-79.52880859375,259.94873046875,166.56494140625
0.07958984375,-0.2337646484375,1.3988037109375,-88.31787109375,250.6103515625,183.16650390625
0.2196044921875,-0.139892578125,1.444091796875,-85.99853515625,251.40380859375,191.46728515625
0.3162841796875,-0.0302734375,1.4547119140625,-75.927734375,248.71826171875,194.3359375
0.3975830078125,0.13916015625,1.45751953125,-60.24169921875,240.29541015625,200.25634765625
0.5181884765625,0.1162109375,1.4163818359375,-35.2783203125,222.2900390625,178.16162109375
0.6336669921875,0.0181884765625,1.470703125,-20.99609375,199.52392578125,91.1865234375
0.9254150390625,-0.16259765625,1.5086669921875,-25.634765625,134.58251953125,-2.197265625
1.05322265625,-0.554443359375,1.5025634765625,-45.2880859375,108.45947265625,-43.701171875
1.1514892578125,-0.73291015625,1.4906005859375,-68.7255859375,52.001953125,-74.89013671875
1.2008056640625,-0.99169921875,1.4854736328125,-89.90478515625,-48.583984375,-88.31787109375
1.2684326171875,-1.1722412109375,1.487060546875,-100.52490234375,-93.017578125,-70.1904296875
1.32080078125,-1.0906982421875,1.4530029296875,-75.01220703125,-120.849609375,-37.7197265625
1.4649658203125,-0.84912109375,1.3197021484375,-60.97412109375,-128.47900390625,-57.373046875
1.646484375,-0.5797119140625,0.351806640625,-49.62158203125,-140.31982421875,-61.8896484375
1.8170166015625,-0.4122314453125,-0.1492919921875,-9.21630859375,-64.39208984375,-64.453125
1.9722900390625,-0.2855224609375,-1.16455078125,35.46142578125,4.150390625,-27.89306640625
2.1181640625,0.14306640625,-1.586669921875,66.46728515625,-112.060546875,-14.09912109375
2.2872314453125,0.4254150390625,-1.353515625,90.4541015625,-193.115234375,-7.568359375
2.5054931640625,1.5892333984375,-0.83349609375,168.51806640625,-132.38525390625,-14.95361328125
3.0635986328125,1.194091796875,0.26904296875,80.6884765625,-117.61474609375,-17.4560546875
3.12158203125,0.6212158203125,1.724609375,35.94970703125,-105.77392578125,-23.74267578125
3.090576171875,0.1646728515625,2.7918701171875,88.07373046875,-92.8955078125,-24.658203125
2.7420654296875,-0.1763916015625,1.3338623046875,-5.18798828125,-85.38818359375,-22.64404296875
1.994140625,-1.0882568359375,-0.6434326171875,39.61181640625,-70.1904296875,-15.44189453125
1.938232421875,-2.634765625,-0.252197265625,46.875,-35.82763671875,-9.6435546875
0.65673828125,-1.1597900390625,1.8046875,28.38134765625,-29.23583984375,-6.9580078125
-0.277099609375,0.732421875,1.352783203125,25.0244140625,-7.26318359375,-5.126953125
-0.63623046875,0.47900390625,1.2559814453125,14.22119140625,3.662109375,-3.90625
-0.8138427734375,-0.5552978515625,1.20068359375,24.0478515625,4.21142578125,-5.79833984375
0.07763671875,-0.9599609375,0.78955078125,10.1318359375,1.89208984375,-5.4931640625
0.22900390625,-0.285400390625,0.9952392578125,13.61083984375,0.0,-3.7841796875
1.1405029296875,-0.067138671875,1.0087890625,6.16455078125,-7.080078125,-2.3193359375
1.0501708984375,-0.4368896484375,0.8302001953125,2.74658203125,-2.25830078125,0.42724609375
0.693359375,-0.3897705078125,0.9615478515625,-0.1220703125,1.03759765625,1.77001953125
0.5089111328125,-0.1102294921875,0.952392578125,0.18310546875,1.3427734375,1.0986328125
0.493408203125,-0.200439453125,0.97021484375,6.89697265625,-1.28173828125,-0.1220703125
0.5887451171875,-0.3548583984375,0.9617919921875,11.962890625,-5.4931640625,-0.18310546875
0.4730224609375,-0.2186279296875,0.963623046875,9.6435546875,-6.16455078125,0.06103515625
0.4095458984375,-0.206787109375,0.919677734375,6.591796875,-6.2255859375,-1.3427734375
0.471923828125,-0.2264404296875,0.898681640625,-4.7607421875,-6.2255859375,-1.15966796875
0.384521484375,-0.2301025390625,0.9171142578125,-6.103515625,-4.8828125,0.67138671875
0.3988037109375,-0.229736328125,0.9061279296875,-4.21142578125,-3.11279296875,0.6103515625
0.4031982421875,-0.24267578125,0.92578125,-2.38037109375,-3.96728515625,0.67138671875
0.40380859375,-0.205322265625,0.9259033203125,-1.40380859375,-3.84521484375,0.54931640625
0.4144287109375,-0.2119140625,0.9183349609375,-0.8544921875,-3.60107421875,0.30517578125
0.415283203125,-0.19970703125,0.91455078125,3.47900390625,-3.72314453125,0.30517578125
0.3927001953125,-0.2196044921875,0.9122314453125,2.74658203125,-3.96728515625,0.1220703125
0.3956298828125,-0.236328125,0.9066162109375,-2.5634765625,-3.90625,0.06103515625
0.3712158203125,-0.2393798828125,0.9134521484375,-2.685546875,-3.662109375,0.0
0.378662109375,-0.2327880859375,0.9139404296875,-2.44140625,-3.47900390625,0.0
0.3912353515625,-0.2218017578125,0.90625,-2.01416015625,-3.7841796875,-0.18310546875
0.3958740234375,-0.217529296875,0.905517578125,-1.40380859375,-3.7841796875,-0.48828125
0.3936767578125,-0.2147216796875,0.9068603515625,-0.91552734375,-3.11279296875,-0.54931640625
0.3974609375,-0.2193603515625,0.90869140625,-0.54931640625,1.77001953125,-0.42724609375
0.3934326171875,-0.2181396484375,0.9105224609375,-0.42724609375,1.8310546875,-0.30517578125
0.3983154296875,-0.2203369140625,0.9110107421875,-0.3662109375,1.77001953125,-0.1220703125
0.3956298828125,-0.2239990234375,0.9097900390625,-0.6103515625,1.953125,-0.1220703125
0.3958740234375,-0.222412109375,0.9093017578125,1.3427734375,2.3193359375,-0.06103515625
0.3963623046875,-0.2220458984375,0.9083251953125,2.5634765625,2.197265625,-0.06103515625
0.400390625,-0.2252197265625,0.9072265625,3.173828125,1.15966796875,0.06103515625
0.408935546875,-0.2254638671875,0.9075927734375,3.173828125,-0.06103515625,0.18310546875
0.4097900390625,-0.223388671875,0.90576171875,2.685546875,-0.91552734375,0.42724609375
0.4056396484375,-0.22021484375,0.9053955078125,1.89208984375,-1.3427734375,0.6103515625
0.40576171875,-0.2288818359375,0.90771484375,1.52587890625,-1.03759765625,1.15966796875
0.4095458984375,-0.2220458984375,0.90576171875,0.9765625,-0.8544921875,1.3427734375
0.4129638671875,-0.214599609375,0.907958984375,0.732421875,-1.03759765625,0.8544921875
0.4146728515625,-0.21240234375,0.910400390625,0.42724609375,-0.1220703125,0.6103515625
0.4036865234375,-0.2119140625,0.91162109375,0.0,0.30517578125,0.18310546875
0.400146484375,-0.2147216796875,0.90966796875,-0.79345703125,0.9765625,-0.8544921875
0.404052734375,-0.2159423828125,0.905029296875,-1.64794921875,1.3427734375,-1.03759765625
0.402587890625,-0.21484375,0.9017333984375,-3.35693359375,2.44140625,-1.03759765625
0.399658203125,-0.2171630859375,0.901123046875,-3.23486328125,2.01416015625,-0.91552734375
0.3985595703125,-0.218505859375,0.9000244140625,-2.44140625,0.9765625,-0.732421875
0.4000244140625,-0.21728515625,0.903076171875,-1.46484375,0.0,-0.6103515625
0.400390625,-0.2159423828125,0.9019775390625,-0.6103515625,-0.79345703125,-0.54931640625
0.39990234375,-0.2159423828125,0.9044189453125,1.5869140625,-1.5869140625,-0.3662109375
0.3988037109375,-0.2174072265625,0.9022216796875,1.5869140625,-2.99072265625,-0.1220703125
0.3951416015625,-0.2225341796875,0.8994140625,1.28173828125,-3.662109375,-0.30517578125
0.3968505859375,-0.2254638671875,0.9075927734375,0.732421875,-3.90625,-0.3662109375
0.399169921875,-0.226806640625,0.9090576171875,0.3662109375,-3.662109375,-0.6103515625
0.39990234375,-0.2281494140625,0.9068603515625,-0.30517578125,-2.86865234375,-0.732421875
0.4012451171875,-0.224609375,0.9072265625,-0.732421875,-2.44140625,-0.79345703125
0.399169921875,-0.2216796875,0.908447265625,-1.15966796875,-2.01416015625,-0.732421875
0.396484375,-0.2186279296875,0.9078369140625,-1.5869140625,-1.46484375,-0.732421875
0.39501953125,-0.218505859375,0.9061279296875,-1.220703125,-0.79345703125,-0.732421875
0.3922119140625,-0.2183837890625,0.9052734375,-0.79345703125,-0.244140625,-0.18310546875
0.3922119140625,-0.21875,0.90283203125,-0.30517578125,0.8544921875,-0.1220703125
0.3939208984375,-0.21826171875,0.9022216796875,0.1220703125,0.732421875,0.06103515625
0.395263671875,-0.2177734375,0.903564453125,0.732421875,-1.3427734375,0.1220703125
0.3963623046875,-0.2200927734375,0.9017333984375,0.9765625,-1.708984375,0.1220703125
0.3983154296875,-0.223876953125,0.9027099609375,1.5869140625,-1.953125,-0.06103515625
0.401123046875,-0.2239990234375,0.9049072265625,1.40380859375,-2.13623046875,-0.244140625
0.4013671875,-0.2235107421875,0.9046630859375,-0.9765625,-2.0751953125,-0.6103515625
0.4041748046875,-0.22216796875,0.9061279296875,-1.3427734375,-1.708984375,-0.67138671875
0.4041748046875,-0.219970703125,0.904296875,-1.52587890625,-1.52587890625,-0.732421875
0.4036865234375,-0.2181396484375,0.906982421875,-1.46484375,-0.91552734375,-0.79345703125
0.4073486328125,-0.2183837890625,0.9071044921875,-1.220703125,-0.54931640625,-0.67138671875
0.4083251953125,-0.218505859375,0.9072265625,-0.8544921875,-0.30517578125,-0.6103515625
0.406982421875,-0.21630859375,0.9058837890625,-0.3662109375,-0.30517578125,-0.48828125
0.4072265625,-0.21728515625,0.904296875,1.15966796875,-0.48828125,-0.42724609375
0.4013671875,-0.217529296875,0.90380859375,1.28173828125,-0.9765625,-0.42724609375
0.401611328125,-0.2193603515625,0.9031982421875,1.3427734375,-1.46484375,-0.54931640625
0.4041748046875,-0.220947265625,0.904052734375,1.28173828125,-2.50244140625,-0.54931640625
0.4063720703125,-0.22119140625,0.9044189453125,0.91552734375,-2.44140625,-0.48828125
0.4053955078125,-0.2210693359375,0.9033203125,0.48828125,-2.25830078125,-0.42724609375
0.404052734375,-0.2186279296875,0.90283203125,0.0,-1.953125,-0.42724609375
0.40283203125,-0.2186279296875,0.904052734375,-0.42724609375,-1.708984375,-0.42724609375
0.4010009765625,-0.2181396484375,0.9053955078125,-0.1220703125,-1.52587890625,-0.42724609375
0.409423828125,-0.21728515625,0.9072265625,0.06103515625,-1.28173828125,-0.42724609375
0.408935546875,-0.2158203125,0.9046630859375,0.244140625,-1.0986328125,-0.3662109375
0.406982421875,-0.21435546875,0.9049072265625,0.48828125,-0.8544921875,-0.42724609375
0.406005859375,-0.2137451171875,0.9041748046875,0.67138671875,-0.8544921875,-0.42724609375
0.404541015625,-0.2171630859375,0.905029296875,0.8544921875,-0.91552734375,-0.3662109375
0.4039306640625,-0.2171630859375,0.9058837890625,0.91552734375,-0.9765625,-0.244140625
0.40625,-0.2169189453125,0.906005859375,0.91552734375,-0.9765625,-0.1220703125
0.406982421875,-0.2164306640625,0.9052734375,0.8544921875,-0.9765625,-0.06103515625
0.408935546875,-0.2147216796875,0.903564453125,0.6103515625,-1.03759765625,-0.06103515625
0.409423828125,-0.2152099609375,0.90380859375,0.48828125,-1.15966796875,-0.1220703125
0.4124755859375,-0.2164306640625,0.9039306640625,0.3662109375,-1.40380859375,0.244140625
0.414306640625,-0.215576171875,0.9044189453125,0.244140625,-1.64794921875,0.244140625
0.41357421875,-0.2154541015625,0.9046630859375,0.1220703125,-1.8310546875,0.18310546875
0.4129638671875,-0.214111328125,0.905517578125,0.0,-1.64794921875,0.18310546875
0.4119873046875,-0.2144775390625,0.9063720703125,0.0,-1.8310546875,0.30517578125
0.410888671875,-0.2149658203125,0.906494140625,0.0,-1.77001953125,0.42724609375
0.4114990234375,-0.21337890625,0.9066162109375,0.06103515625,-1.64794921875,0.48828125
0.41064453125,-0.2117919921875,0.9049072265625,-0.1220703125,-1.28173828125,0.42724609375
0.409912109375,-0.2120361328125,0.90478515625,-0.06103515625,-0.732421875,0.3662109375
0.411865234375,-0.21435546875,0.9053955078125,-0.06103515625,-0.30517578125,0.3662109375
0.4119873046875,-0.213623046875,0.9034423828125,-0.06103515625,-0.1220703125,0.3662109375
0.41162109375,-0.2127685546875,0.9036865234375,-0.244140625,0.0,-0.06103515625
0.4122314453125,-0.213134765625,0.9051513671875,-0.3662109375,0.18310546875,0.0
0.4107666015625,-0.2135009765625,0.9033203125,-0.3662109375,-0.06103515625,0.1220703125
0.41015625,-0.21337890625,0.90087890625,-0.30517578125,-2.38037109375,0.244140625
0.4119873046875,-0.2130126953125,0.9019775390625,-0.30517578125,-2.86865234375,0.6103515625
0.4122314453125,-0.2130126953125,0.902099609375,-0.3662109375,-2.9296875,0.48828125
0.4130859375,-0.21240234375,0.902587890625,-0.48828125,-3.72314453125,0.79345703125
0.4169921875,-0.2138671875,0.90283203125,-0.1220703125,-3.662109375,1.0986328125
0.41796875,-0.2156982421875,0.902587890625,-0.3662109375,-3.72314453125,1.40380859375
0.4183349609375,-0.21484375,0.9046630859375,-0.67138671875,-4.45556640625,1.708984375
0.418212890625,-0.2137451171875,0.9049072265625,-0.9765625,-4.638671875,1.89208984375
0.4163818359375,-0.214111328125,0.90185546875,-1.40380859375,-4.82177734375,1.52587890625
0.4158935546875,-0.2138671875,0.9051513671875,-1.5869140625,-4.57763671875,1.953125
0.4161376953125,-0.2144775390625,0.9063720703125,-2.25830078125,-5.67626953125,2.5634765625
0.4124755859375,-0.2113037109375,0.9066162109375,-2.8076171875,-6.04248046875,3.41796875
0.4088134765625,-0.2081298828125,0.907470703125,-3.2958984375,-6.28662109375,3.662109375
0.41162109375,-0.20703125,0.9073486328125,-3.72314453125,-7.26318359375,4.08935546875
0.41162109375,-0.2130126953125,0.908935546875,-3.60107421875,-8.7890625,4.21142578125
0.4119873046875,-0.2169189453125,0.9058837890625,-3.60107421875,-10.25390625,4.82177734375
0.414306640625,-0.2100830078125,0.9072265625,-4.21142578125,-11.962890625,5.18798828125
0.4188232421875,-0.2119140625,0.9024658203125,-5.67626953125,-13.12255859375,4.94384765625
0.4195556640625,-0.2127685546875,0.9051513671875,-6.65283203125,-12.8173828125,3.0517578125
0.42041015625,-0.21435546875,0.903564453125,-7.26318359375,-12.02392578125,0.42724609375
0.424560546875,-0.2166748046875,0.9090576171875,-7.01904296875,-10.498046875,-10.68115234375
0.4271240234375,-0.2127685546875,0.9095458984375,-7.080078125,-8.6669921875,-26.2451171875
0.427490234375,-0.201171875,0.904541015625,-6.9580078125,-7.50732421875,-41.68701171875
0.4246826171875,-0.190185546875,0.896484375,-5.92041015625,10.80322265625,-62.68310546875
0.4228515625,-0.197998046875,0.89208984375,-3.96728515625,34.5458984375,-96.74072265625
0.41796875,-0.2137451171875,0.8936767578125,-3.35693359375,58.2275390625,-106.87255859375
0.412353515625,-0.21875,0.9056396484375,-10.80322265625,77.45361328125,-112.97607421875
0.4178466796875,-0.21826171875,0.9163818359375,4.82177734375,108.33740234375,-110.9619140625
0.4232177734375,-0.2091064453125,0.9322509765625,16.05224609375,110.7177734375,-111.26708984375
0.4224853515625,-0.20703125,1.016845703125,23.3154296875,106.87255859375,-112.6708984375
0.435546875,-0.20703125,1.06884765625,21.42333984375,99.79248046875,-112.79296875
0.4495849609375,-0.1656494140625,1.048095703125,4.150390625,90.9423828125,-110.9619140625
0.462646484375,-0.11474609375,1.05322265625,-8.48388671875,83.740234375,-108.21533203125
0.4744873046875,-0.0377197265625,1.1485595703125,-25.08544921875,77.57568359375,-107.23876953125
0.4559326171875,0.1337890625,1.318603515625,-38.2080078125,71.96044921875,-108.0322265625
0.472412109375,0.2703857421875,1.1383056640625,-46.875,65.73486328125,-108.0322265625
0.5281982421875,0.1622314453125,0.9063720703125,-49.9267578125,58.59375,-108.0322265625
0.5943603515625,0.0078125,0.728759765625,-48.33984375,42.724609375,-109.375
0.6832275390625,0.0860595703125,0.64404296875,-43.5791015625,34.7900390625,-112.36572265625
0.8292236328125,0.1572265625,0.623046875,-39.12353515625,27.587890625,-116.5771484375
0.95556640625,0.1204833984375,0.62890625,-34.423828125,21.6064453125,-121.826171875
0.7177734375,-0.0177001953125,0.642333984375,-27.89306640625,17.76123046875,-128.72314453125
0.5999755859375,-0.123779296875,0.649169921875,-27.16064453125,13.12255859375,-135.55908203125
0.59912109375,-0.17431640625,0.6146240234375,-27.28271484375,7.01904296875,-142.2119140625
0.65478515625,-0.18310546875,0.5242919921875,-26.9775390625,3.662109375,-164.36767578125
0.728515625,-0.177001953125,0.5352783203125,-26.06201171875,3.35693359375,-178.16162109375
0.794189453125,-0.156494140625,0.56298828125,-25.08544921875,3.2958984375,-182.18994140625
0.8525390625,-0.0604248046875,0.5965576171875,-23.25439453125,-4.82177734375,-185.11962890625
0.8974609375,-0.0198974609375,0.6304931640625,-21.1181640625,-10.55908203125,-187.31689453125
0.917724609375,0.007568359375,0.646484375,-21.66748046875,-11.90185546875,-189.27001953125
0.9022216796875,0.0296630859375,0.655517578125,-24.35302734375,-12.63427734375,-191.5283203125
0.9215087890625,0.051025390625,0.72216796875,-20.56884765625,-13.61083984375,-190.5517578125
0.9490966796875,0.0823974609375,0.8077392578125,-9.82666015625,-14.46533203125,-189.51416015625
0.970703125,0.1146240234375,0.8272705078125,-5.67626953125,-23.92578125,-187.1337890625
0.9857177734375,0.12939453125,0.7603759765625,-1.64794921875,-28.01513671875,-183.2275390625
0.9608154296875,0.1302490234375,0.865966796875,2.44140625,-31.43310546875,-178.77197265625
0.9144287109375,0.124755859375,0.923583984375,6.04248046875,-34.24072265625,-174.072265625
0.9140625,0.050537109375,0.94921875,11.5966796875,-36.19384765625,-169.25048828125
0.9344482421875,-0.0411376953125,0.951904296875,13.97705078125,-36.376953125,-164.6728515625
0.89501953125,-0.0911865234375,0.9405517578125,16.4794921875,-37.17041015625,-160.94970703125
0.736328125,-0.1334228515625,0.9754638671875,18.24951171875,-39.0625,-158.50830078125
0.7354736328125,-0.1614990234375,0.96484375,19.04296875,-41.19873046875,-158.3251953125
0.73583984375,-0.1788330078125,0.962646484375,16.90673828125,-42.96875,-160.888671875
0.7169189453125,-0.2635498046875,0.9771728515625,11.8408203125,-42.54150390625,-166.19873046875
0.6849365234375,-0.298828125,0.9947509765625,4.33349609375,-40.46630859375,-174.13330078125
0.658203125,-0.332275390625,0.9990234375,-4.0283203125,-38.9404296875,-184.5703125
0.5694580078125,-0.35791015625,0.978515625,-11.41357421875,-37.59765625,-196.77734375
0.5516357421875,-0.3785400390625,0.941162109375,-16.29638671875,-37.109375,-208.92333984375
0.5374755859375,-0.3890380859375,0.9102783203125,-18.12744140625,-37.841796875,-219.42138671875
0.539306640625,-0.3836669921875,0.9002685546875,-19.59228515625,-39.24560546875,-233.82568359375
0.55224609375,-0.3636474609375,0.9112548828125,-23.0712890625,-43.45703125,-245.78857421875
0.5574951171875,-0.339111328125,0.9342041015625,-29.1748046875,-42.3583984375,-257.32421875
0.5408935546875,-0.317138671875,0.9356689453125,-38.51318359375,-40.6494140625,-268.24951171875
0.5172119140625,-0.3026123046875,0.91064453125,-48.64501953125,-42.54150390625,-276.7333984375
0.5009765625,-0.2926025390625,0.88232421875,-57.0068359375,-47.36328125,-282.1044921875
0.4927978515625,-0.262939453125,0.8707275390625,-63.41552734375,-57.861328125,-130.06591796875
0.49853515625,-0.199462890625,0.899658203125,-66.40625,-69.4580078125,-101.37939453125
0.5078125,-0.119140625,0.9144287109375,-69.3359375,-82.1533203125,-115.72265625
0.507568359375,-0.0509033203125,0.8924560546875,-72.509765625,-111.2060546875,-130.06591796875
0.5045166015625,-0.015625,0.8695068359375,-75.5615234375,-5.06591796875,-76.23291015625
0.510009765625,-0.0003662109375,0.82666015625,-75.927734375,8.72802734375,-57.9833984375
0.5220947265625,-0.0411376953125,0.7423095703125,-78.2470703125,7.87353515625,-22.8271484375
0.5367431640625,-0.076416015625,0.633544921875,-226.98974609375,52.6123046875,42.66357421875
0.5606689453125,-0.079345703125,0.5382080078125,-360.90087890625,46.630859375,67.81005859375
0.577880859375,-0.12646484375,0.472412109375,-258.30078125,50.6591796875,90.087890625
0.58056640625,-0.202880859375,1.513916015625,-198.66943359375,43.8232421875,99.12109375
0.5810546875,-0.3248291015625,2.7188720703125,-165.58837890625,21.6064453125,57.4951171875
0.5697021484375,-0.46142578125,1.4686279296875,-162.9638671875,-18.9208984375,5.31005859375
0.5491943359375,-0.4290771484375,0.211181640625,-146.3623046875,-26.42822265625,-3.5400390625
0.5482177734375,-0.1136474609375,0.8018798828125,-67.68798828125,1.77001953125,-11.3525390625
0.5494384765625,-1.10205078125,0.9642333984375,-99.30419921875,1.0986328125,-8.6669921875
0.9197998046875,-0.7852783203125,1.1466064453125,-142.2119140625,5.92041015625,-3.84521484375
1.5755615234375,0.2615966796875,1.4508056640625,-104.8583984375,-0.6103515625,-3.96728515625
0.9171142578125,-0.11376953125,0.985107421875,-27.099609375,-18.85986328125,0.54931640625
0.236083984375,-0.7020263671875,0.91455078125,-29.296875,-31.06689453125,-0.30517578125
0.265869140625,-0.224853515625,1.5086669921875,-11.3525390625,-27.52685546875,-2.44140625
0.1806640625,0.994873046875,0.9906005859375,-1.3427734375,-17.822265625,1.03759765625
-0.2020263671875,0.4693603515625,0.7662353515625,1.708984375,-11.90185546875,3.47900390625
0.0301513671875,-1.2132568359375,0.971923828125,-3.84521484375,-2.86865234375,4.150390625
0.3067626953125,-1.61181640625,0.94921875,-8.9111328125,3.5400390625,3.41796875
0.1031494140625,-0.718994140625,1.0382080078125,-7.8125,3.662109375,2.62451171875
0.6602783203125,-0.3402099609375,0.9459228515625,-3.90625,2.13623046875,3.2958984375
0.7127685546875,-0.1807861328125,0.8875732421875,-3.23486328125,0.8544921875,3.96728515625
0.3416748046875,-0.00537109375,0.8768310546875,-6.28662109375,0.67138671875,4.08935546875
0.319091796875,-0.0670166015625,0.896240234375,-7.62939453125,-1.708984375,2.5634765625
0.30322265625,-0.1483154296875,0.9193115234375,-8.97216796875,-2.0751953125,1.15966796875
0.2984619140625,-0.1707763671875,0.9404296875,-10.07080078125,-0.9765625,1.0986328125
0.3642578125,-0.196044921875,0.939208984375,-10.07080078125,1.5869140625,1.77001953125
0.40673828125,-0.1683349609375,0.9476318359375,-10.498046875,4.150390625,3.173828125
0.4072265625,-0.1231689453125,0.941162109375,-10.19287109375,2.8076171875,3.84521484375
0.4063720703125,-0.1370849609375,0.9395751953125,-8.72802734375,0.1220703125,3.96728515625
0.4053955078125,-0.1552734375,0.9442138671875,-6.53076171875,-1.03759765625,3.90625
0.379638671875,-0.1768798828125,0.93994140625,-6.16455078125,-0.67138671875,4.0283203125
0.3836669921875,-0.1827392578125,0.93505859375,-6.04248046875,0.244140625,3.84521484375
0.3955078125,-0.1695556640625,0.9263916015625,-6.34765625,1.52587890625,3.41796875
0.3966064453125,-0.17041015625,0.9290771484375,-7.50732421875,2.01416015625,2.9296875
0.38525390625,-0.1796875,0.944091796875,-8.4228515625,1.77001953125,2.50244140625
0.3670654296875,-0.184814453125,0.943115234375,-9.27734375,1.953125,2.25830078125
0.3717041015625,-0.177490234375,0.933837890625,-10.009765625,2.197265625,1.3427734375
0.380859375,-0.1739501953125,0.926025390625,-10.07080078125,1.52587890625,0.6103515625
0.3880615234375,-0.166748046875,0.9219970703125,-9.21630859375,0.1220703125,0.1220703125
0.386474609375,-0.166259765625,0.923095703125,-8.23974609375,-1.953125,0.42724609375
0.3814697265625,-0.1790771484375,0.923828125,-7.38525390625,-4.57763671875,0.9765625
0.3814697265625,-0.1859130859375,0.922119140625,-6.4697265625,-6.34765625,1.03759765625
0.384033203125,-0.189697265625,0.919189453125,-5.7373046875,-8.30078125,1.03759765625
0.384521484375,-0.1976318359375,0.921142578125,-4.82177734375,-9.21630859375,0.732421875
0.3853759765625,-0.20361328125,0.9200439453125,-4.150390625,-8.97216796875,0.67138671875
0.3829345703125,-0.2022705078125,0.9168701171875,-3.84521484375,-9.33837890625,0.3662109375
0.3756103515625,-0.20166015625,0.923583984375,-3.90625,-9.3994140625,0.06103515625
0.370849609375,-0.2021484375,0.9244384765625,-4.2724609375,-9.033203125,-2.0751953125
0.3695068359375,-0.20458984375,0.92431640625,-4.8828125,-8.48388671875,-2.38037109375
0.36572265625,-0.20654296875,0.9261474609375,-5.126953125,-7.568359375,-3.11279296875
0.3546142578125,-0.202392578125,0.9185791015625,-5.43212890625,-7.9345703125,-3.7841796875
0.3443603515625,-0.1956787109375,0.915283203125,-5.4931640625,-9.21630859375,-4.2724609375
0.3455810546875,-0.1905517578125,0.9141845703125,-5.615234375,-10.498046875,-5.06591796875
0.354736328125,-0.193359375,0.91259765625,-5.79833984375,-11.29150390625,-5.55419921875
0.359375,-0.200439453125,0.912109375,-5.18798828125,-11.5966796875,-6.89697265625
0.360107421875,-0.20458984375,0.90576171875,-4.57763671875,-12.20703125,-8.544921875
0.364013671875,-0.2047119140625,0.902099609375,-4.0283203125,-13.18359375,-10.19287109375
0.365478515625,-0.205322265625,0.91455078125,-4.0283203125,-14.70947265625,-12.451171875
0.3651123046875,-0.2076416015625,0.9166259765625,-4.57763671875,-16.357421875,-12.39013671875
0.3697509765625,-0.2069091796875,0.9151611328125,-5.31005859375,-18.9208984375,-11.1083984375
0.373046875,-0.2164306640625,0.91064453125,-5.67626953125,-24.35302734375,-10.19287109375
0.373046875,-0.2222900390625,0.9058837890625,-6.2255859375,-27.28271484375,-10.07080078125
0.3726806640625,-0.224609375,0.9088134765625,-6.591796875,-30.8837890625,-9.70458984375
0.37060546875,-0.2200927734375,0.911376953125,-7.2021484375,-35.33935546875,-10.43701171875
0.375244140625,-0.216552734375,0.9111328125,-8.9111328125,-40.83251953125,-10.43701171875
0.3779296875,-0.2135009765625,0.9150390625,-9.70458984375,-44.25048828125,-11.1083984375
0.37890625,-0.2164306640625,0.919189453125,-12.451171875,-49.6826171875,-13.5498046875
0.37939453125,-0.223388671875,0.9156494140625,-16.2353515625,-56.0302734375,-11.04736328125
0.3792724609375,-0.2215576171875,0.921630859375,-21.78955078125,-62.6220703125,-10.92529296875
0.380615234375,-0.21728515625,0.9190673828125,-25.87890625,-69.27490234375,-13.916015625
0.3797607421875,-0.214599609375,0.9100341796875,-29.84619140625,-81.11572265625,-18.5546875
0.3800048828125,-0.19677734375,0.91015625,-32.2265625,-86.85302734375,-22.0947265625
0.37939453125,-0.192626953125,0.909423828125,-34.0576171875,-92.34619140625,-25.57373046875
0.3931884765625,-0.1904296875,0.895263671875,-37.59765625,-100.52490234375,-41.07666015625
0.39013671875,-0.1925048828125,0.8983154296875,-29.96826171875,-146.66748046875,-36.68212890625
0.3887939453125,-0.2115478515625,0.8875732421875,-24.35302734375,-164.1845703125,-37.59765625
0.389404296875,-0.2174072265625,0.8983154296875,-20.6298828125,-188.8427734375,-41.1376953125
0.4210205078125,-0.222900390625,0.9150390625,-17.7001953125,-195.80078125,-50.47607421875
0.430419921875,-0.23779296875,0.94384765625,-24.96337890625,-203.67431640625,-62.80517578125
0.41357421875,-0.250244140625,0.981689453125,-33.3251953125,-243.1640625,-67.44384765625
0.4300537109375,-0.2423095703125,0.9017333984375,-26.55029296875,-276.2451171875,-72.32666015625
0.4599609375,-0.2669677734375,0.88720703125,-29.9072265625,-292.96875,-74.64599609375
0.45556640625,-0.243408203125,0.9384765625,-42.8466796875,-314.63623046875,-79.65087890625
0.5028076171875,-0.199462890625,0.7498779296875,-69.2138671875,-318.66455078125,-95.64208984375
0.546630859375,-0.1993408203125,0.9232177734375,-91.85791015625,-298.828125,-104.3701171875
0.545654296875,-0.194580078125,0.9652099609375,-93.75,-291.50390625,-119.62890625
0.4189453125,-0.2591552734375,1.0728759765625,-105.8349609375,-307.06787109375,-122.86376953125
0.387451171875,-0.294189453125,1.2388916015625,-124.93896484375,-307.7392578125,-152.64892578125
