1.016845703125,-0.6739501953125,1.11376953125,-13.5498046875,-0.91552734375,3.23486328125
0.916748046875,-0.3382568359375,0.8465576171875,-10.7421875,-2.3193359375,3.35693359375
0.5540771484375,-0.03125,1.017822265625,-12.75634765625,-5.7373046875,0.67138671875
0.4720458984375,-0.180419921875,0.97607421875,-12.8173828125,-6.40869140625,-1.40380859375
0.5869140625,-0.1806640625,0.9503173828125,-13.427734375,-2.86865234375,-2.50244140625
0.576171875,-0.1607666015625,0.9415283203125,-12.26806640625,-2.01416015625,-2.50244140625
0.478759765625,-0.1964111328125,0.9508056640625,-9.27734375,-2.38037109375,-2.0751953125
0.3702392578125,-0.208740234375,0.94482421875,-7.2021484375,-6.2255859375,-1.28173828125
0.3890380859375,-0.1968994140625,0.958740234375,-3.35693359375,-8.544921875,-0.79345703125
0.3759765625,-0.198974609375,0.9566650390625,-2.3193359375,-7.2021484375,-1.15966796875
0.371826171875,-0.1915283203125,0.9139404296875,-1.8310546875,-8.23974609375,-3.0517578125
0.3717041015625,-0.2198486328125,0.9002685546875,-0.8544921875,-6.591796875,-4.150390625
0.3687744140625,-0.233154296875,0.9085693359375,-0.6103515625,-3.72314453125,-5.4931640625
0.3651123046875,-0.239501953125,0.9315185546875,0.0,-4.69970703125,-6.65283203125
0.3682861328125,-0.280517578125,0.944580078125,1.64794921875,-7.38525390625,-7.2021484375
0.3614501953125,-0.2674560546875,0.926025390625,2.9296875,-9.521484375,-6.40869140625
0.35595703125,-0.2431640625,0.92626953125,4.08935546875,-11.8408203125,-5.06591796875
0.36181640625,-0.2261962890625,0.9158935546875,2.99072265625,-15.869140625,-4.21142578125
0.3729248046875,-0.220703125,0.882080078125,2.3193359375,-14.09912109375,-3.90625
0.3802490234375,-0.229248046875,0.8682861328125,1.708984375,-15.625,-3.84521484375
0.3719482421875,-0.238525390625,0.8720703125,1.77001953125,-15.07568359375,-4.638671875
0.3746337890625,-0.2542724609375,0.8804931640625,1.8310546875,-17.333984375,-6.34765625
0.3770751953125,-0.26171875,0.8883056640625,1.46484375,-20.81298828125,-7.01904296875
0.36572265625,-0.2569580078125,0.900634765625,1.3427734375,-23.86474609375,-6.103515625
0.3570556640625,-0.255126953125,0.9241943359375,0.9765625,-26.2451171875,-4.21142578125
0.331787109375,-0.247802734375,0.9241943359375,1.89208984375,-29.4189453125,-2.62451171875
0.3099365234375,-0.2296142578125,0.9263916015625,3.41796875,-35.0341796875,-1.64794921875
0.3204345703125,-0.203369140625,0.9228515625,4.33349609375,-41.19873046875,-0.30517578125
0.33935546875,-0.2000732421875,0.918212890625,4.57763671875,-45.2880859375,2.01416015625
0.344970703125,-0.2073974609375,0.9112548828125,3.41796875,-54.87060546875,-1.220703125
0.386474609375,-0.215087890625,0.9173583984375,0.42724609375,-78.61328125,-8.72802734375
0.387939453125,-0.23291015625,0.939453125,-3.72314453125,-94.970703125,-18.6767578125
0.3858642578125,-0.2430419921875,0.9447021484375,-8.4228515625,-111.99951171875,-28.3203125
0.38330078125,-0.2330322265625,0.9398193359375,-12.51220703125,-125.8544921875,-40.95458984375
0.3582763671875,-0.2103271484375,0.9423828125,-24.84130859375,-134.58251953125,-47.18017578125
0.34326171875,-0.1844482421875,0.9530029296875,-27.099609375,-140.56396484375,-53.22265625
0.3555908203125,-0.16650390625,0.9549560546875,-31.005859375,-143.1884765625,-46.20361328125
0.38232421875,-0.1656494140625,0.941650390625,-31.31103515625,-158.3251953125,-40.22216796875
0.3792724609375,-0.16748046875,0.923583984375,-21.66748046875,-184.87548828125,-53.40576171875
0.3653564453125,-0.1549072265625,0.8997802734375,-1.8310546875,-227.84423828125,-48.52294921875
0.361572265625,-0.213134765625,0.9237060546875,8.23974609375,-372.00927734375,-51.94091796875
0.3604736328125,-0.2396240234375,0.941650390625,18.6767578125,-377.86865234375,-75.74462890625
0.364501953125,-0.27880859375,1.01025390625,20.99609375,-411.376953125,-126.3427734375
0.3707275390625,-0.3369140625,1.01806640625,8.7890625,-425.23193359375,-135.6201171875
0.375244140625,-0.3516845703125,0.9029541015625,33.02001953125,-379.94384765625,-147.88818359375
0.381103515625,-0.29150390625,0.9669189453125,44.49462890625,-344.29931640625,-159.0576171875
0.4202880859375,-0.190185546875,1.0389404296875,-13.36669921875,-394.287109375,-143.98193359375
0.537353515625,-0.2178955078125,1.2255859375,-12.5732421875,-412.4755859375,-110.2294921875
0.6065673828125,-0.25439453125,1.5177001953125,18.12744140625,-296.2646484375,-87.58544921875
0.482666015625,-0.135009765625,1.6112060546875,6.591796875,36.2548828125,-63.232421875
0.37353515625,-0.3187255859375,1.7528076171875,-19.59228515625,138.61083984375,-49.25537109375
0.598388671875,-0.468505859375,1.8138427734375,-36.43798828125,180.48095703125,-33.8134765625
0.503173828125,-0.5985107421875,2.0743408203125,-77.392578125,201.171875,-17.333984375
0.046142578125,-0.755615234375,1.9796142578125,-81.97021484375,212.82958984375,1.0986328125
0.8533935546875,-1.0242919921875,2.0250244140625,-92.28515625,210.44921875,19.83642578125
1.0009765625,-0.6153564453125,2.27734375,-64.75830078125,203.0029296875,37.109375
1.3062744140625,-0.188232421875,3.0225830078125,-19.775390625,196.044921875,51.69677734375
1.6055908203125,-0.2786865234375,3.185791015625,15.56396484375,198.66943359375,63.90380859375
1.05908203125,-0.1004638671875,2.0611572265625,23.62060546875,209.41162109375,72.75390625
-0.1168212890625,-0.529052734375,1.2874755859375,14.404296875,227.5390625,78.43017578125
-0.356689453125,-1.200439453125,0.8914794921875,-3.90625,245.1171875,80.62744140625
1.229248046875,-1.25146484375,0.6640625,-26.06201171875,257.01904296875,81.0546875
2.3828125,-1.197021484375,0.5394287109375,-40.83251953125,264.22119140625,81.60400390625
0.6158447265625,-0.9237060546875,0.547119140625,-45.166015625,270.751953125,79.58984375
0.158447265625,-0.5986328125,0.6727294921875,-41.8701171875,277.64892578125,77.33154296875
-0.0245361328125,-0.3568115234375,0.84814453125,-34.912109375,284.0576171875,74.15771484375
-0.1304931640625,-0.20166015625,0.9930419921875,-29.96826171875,288.02490234375,71.83837890625
-0.214111328125,-0.1829833984375,1.076904296875,-30.3955078125,291.748046875,72.08251953125
-0.256103515625,-0.2645263671875,1.09912109375,-37.53662109375,297.91259765625,75.37841796875
-0.2196044921875,-0.353515625,1.1021728515625,-44.25048828125,307.4951171875,92.041015625
-0.09033203125,-0.3758544921875,1.1292724609375,-49.25537109375,307.12890625,99.12109375
0.071533203125,-0.3043212890625,1.1802978515625,-52.3681640625,302.734375,108.154296875
0.212890625,-0.189453125,1.223388671875,-56.57958984375,289.0625,112.79296875
0.2847900390625,-0.0758056640625,1.25390625,-66.83349609375,284.0576171875,123.53515625
0.31005859375,-0.0244140625,1.276123046875,-74.27978515625,287.4755859375,138.3056640625
0.3463134765625,-0.0321044921875,1.32275390625,-87.46337890625,299.072265625,153.01513671875
0.4212646484375,-0.0592041015625,1.4951171875,-80.9326171875,309.14306640625,161.92626953125
0.510498046875,-0.1082763671875,1.6468505859375,-73.05908203125,311.58447265625,164.00146484375
0.578125,-0.1461181640625,1.7803955078125,-59.38720703125,312.5,163.818359375
0.6220703125,-0.215576171875,1.8726806640625,-50.47607421875,305.84716796875,163.0859375
0.6744384765625,-0.2222900390625,1.8499755859375,-40.58837890625,289.24560546875,157.28759765625
0.771484375,-0.2664794921875,1.8642578125,-27.64892578125,265.9912109375,143.4326171875
0.888427734375,-0.37841796875,1.9315185546875,-17.822265625,233.82568359375,116.63818359375
0.9844970703125,-0.4932861328125,2.0313720703125,-16.78466796875,194.03076171875,81.35986328125
1.056884765625,-0.6424560546875,2.04736328125,-31.79931640625,154.11376953125,38.87939453125
1.13671875,-0.7601318359375,1.972900390625,-60.11962890625,110.3515625,-7.50732421875
1.2305908203125,-0.88671875,1.8651123046875,-87.5244140625,52.42919921875,-75.50048828125
1.3621826171875,-0.948486328125,1.607421875,-104.8583984375,-19.04296875,-96.61865234375
1.551513671875,-0.8631591796875,1.149169921875,-115.41748046875,-137.6953125,-123.9013671875
1.783447265625,-0.616455078125,0.5997314453125,-124.51171875,-149.84130859375,-91.36962890625
2.0477294921875,-0.2841796875,0.0693359375,-106.14013671875,-138.61083984375,-70.3125
2.29638671875,0.0576171875,-0.4317626953125,-62.5,-233.0322265625,-22.5830078125
2.521484375,0.3515625,-0.9989013671875,49.8046875,-258.4228515625,-42.6025390625
2.7376708984375,0.6622314453125,-1.6259765625,80.26123046875,-244.07958984375,-72.20458984375
2.8914794921875,1.075439453125,-2.0245361328125,73.974609375,-235.04638671875,-30.09033203125
2.9608154296875,1.281494140625,-1.2227783203125,77.81982421875,-215.2099609375,-12.26806640625
3.038818359375,1.247802734375,0.015380859375,70.556640625,-173.583984375,-18.24951171875
3.3531494140625,1.1275634765625,0.7137451171875,31.982421875,-162.59765625,-41.32080078125
3.731689453125,0.331787109375,-0.34912109375,19.6533203125,-149.7802734375,-43.15185546875
3.67578125,0.027587890625,1.0614013671875,17.63916015625,-109.2529296875,-24.96337890625
3.123779296875,-1.158447265625,2.375,31.43310546875,-75.927734375,-16.05224609375
2.4423828125,0.4373779296875,2.2332763671875,64.8193359375,-42.90771484375,-5.2490234375
1.326904296875,-0.071044921875,1.7568359375,80.74951171875,-24.2919921875,0.67138671875
-0.955322265625,0.2391357421875,1.7100830078125,59.50927734375,11.3525390625,-2.3193359375
0.3597412109375,0.939453125,1.3758544921875,13.00048828125,7.4462890625,-0.732421875
1.1728515625,0.8594970703125,1.42529296875,8.544921875,8.4228515625,-0.6103515625
1.33740234375,-1.468994140625,1.7646484375,20.69091796875,2.74658203125,1.03759765625
1.196533203125,-1.2158203125,1.5684814453125,-2.25830078125,-0.06103515625,1.5869140625
0.9842529296875,-0.1180419921875,1.00390625,-15.31982421875,-2.0751953125,1.8310546875
1.440673828125,0.74755859375,0.960205078125,-4.39453125,-2.38037109375,1.8310546875
1.1357421875,0.2879638671875,0.8885498046875,-9.46044921875,0.06103515625,1.220703125
0.840576171875,-0.4173583984375,0.85302734375,-6.2255859375,2.25830078125,0.6103515625
1.0526123046875,0.035888671875,1.0377197265625,-7.75146484375,2.3193359375,0.79345703125
0.7862548828125,-0.289794921875,0.9415283203125,-7.26318359375,-0.18310546875,0.48828125
0.5699462890625,-0.1041259765625,0.98046875,-5.31005859375,-0.6103515625,-0.42724609375
0.54248046875,-0.240966796875,0.9295654296875,-2.74658203125,1.0986328125,-1.40380859375
0.48974609375,-0.1995849609375,0.9329833984375,-0.42724609375,0.48828125,-2.685546875
0.3544921875,-0.1923828125,0.9346923828125,1.52587890625,-3.41796875,-4.0283203125
0.3955078125,-0.182861328125,0.9295654296875,2.13623046875,-11.16943359375,-4.39453125
0.365234375,-0.2061767578125,0.9375,2.0751953125,-13.12255859375,-2.685546875
0.359375,-0.21484375,0.9307861328125,1.77001953125,-13.73291015625,-5.55419921875
0.342529296875,-0.222900390625,0.9176025390625,2.197265625,-14.892578125,-4.08935546875
0.3486328125,-0.232177734375,0.9154052734375,4.638671875,-12.75634765625,-4.150390625
0.363037109375,-0.22607421875,0.91943359375,6.77490234375,-14.22119140625,-4.39453125
0.3643798828125,-0.2164306640625,0.936279296875,7.14111328125,-15.5029296875,-5.06591796875
0.35546875,-0.22216796875,0.93798828125,6.65283203125,-13.427734375,-5.859375
0.3499755859375,-0.2322998046875,0.9139404296875,7.50732421875,-14.09912109375,-5.37109375
0.3536376953125,-0.2379150390625,0.9134521484375,0.42724609375,-16.05224609375,-4.69970703125
0.3487548828125,-0.2503662109375,0.9134521484375,-1.8310546875,-15.9912109375,-4.7607421875
0.33935546875,-0.245849609375,0.8924560546875,-3.60107421875,-16.4794921875,-4.638671875
0.3359375,-0.2181396484375,0.90478515625,-2.25830078125,-18.310546875,-5.2490234375
0.340087890625,-0.204833984375,0.908447265625,-0.18310546875,-20.01953125,-4.94384765625
0.34326171875,-0.22265625,0.897705078125,0.732421875,-22.4609375,-4.150390625
0.339599609375,-0.20947265625,0.9222412109375,2.197265625,-25.5126953125,-2.685546875
0.3385009765625,-0.221435546875,0.930908203125,2.86865234375,-30.70068359375,-1.89208984375
0.35400390625,-0.2210693359375,0.9234619140625,2.5634765625,-36.31591796875,-1.46484375
0.346923828125,-0.220703125,0.9241943359375,2.685546875,-43.39599609375,-0.6103515625
0.3604736328125,-0.2056884765625,0.9307861328125,2.99072265625,-50.048828125,0.42724609375
0.3651123046875,-0.1959228515625,0.92822265625,1.8310546875,-57.06787109375,-0.06103515625
0.36669921875,-0.2119140625,0.92578125,-2.8076171875,-69.7021484375,-3.72314453125
0.378662109375,-0.2020263671875,0.93359375,-4.45556640625,-81.23779296875,-9.8876953125
0.3831787109375,-0.2030029296875,0.94482421875,-8.72802734375,-96.13037109375,-19.22607421875
0.3699951171875,-0.2100830078125,0.9595947265625,-11.23046875,-111.572265625,-29.78515625
0.3685302734375,-0.2044677734375,0.947509765625,-17.2119140625,-127.197265625,-41.07666015625
0.3673095703125,-0.1513671875,0.9261474609375,-22.27783203125,-133.4228515625,-53.89404296875
0.359130859375,-0.129638671875,0.9384765625,-28.50341796875,-136.23046875,-44.677734375
0.361572265625,-0.15673828125,0.9354248046875,-31.55517578125,-145.08056640625,-45.83740234375
0.3629150390625,-0.18359375,0.9205322265625,-32.53173828125,-174.072265625,-48.88916015625
0.368408203125,-0.1737060546875,0.9344482421875,-18.61572265625,-207.33642578125,-74.951171875
0.3719482421875,-0.16357421875,0.9127197265625,-0.42724609375,-265.19775390625,-62.80517578125
0.385986328125,-0.1893310546875,0.9141845703125,13.7939453125,-355.77392578125,-78.857421875
0.3731689453125,-0.220947265625,0.989501953125,19.4091796875,-382.62939453125,-117.5537109375
0.3665771484375,-0.26025390625,1.0760498046875,15.80810546875,-406.18896484375,-144.4091796875
0.379150390625,-0.3118896484375,0.968505859375,4.94384765625,-415.771484375,-157.5927734375
0.380859375,-0.3084716796875,0.909423828125,14.46533203125,-400.45166015625,-153.25927734375
0.3778076171875,-0.201416015625,1.0732421875,15.31982421875,-356.26220703125,-119.68994140625
0.439697265625,-0.2017822265625,0.9560546875,-2.13623046875,-199.3408203125,-88.31787109375
0.6063232421875,-0.330322265625,0.9674072265625,10.6201171875,6.591796875,-60.60791015625
0.5657958984375,-0.242919921875,1.660888671875,27.587890625,113.95263671875,-36.7431640625
0.366943359375,-0.0794677734375,1.878662109375,4.638671875,152.89306640625,-18.6767578125
0.476806640625,-0.2913818359375,1.7901611328125,-84.28955078125,166.1376953125,43.8232421875
0.628173828125,-0.5362548828125,1.79443359375,-58.77685546875,176.45263671875,61.8896484375
-0.1602783203125,-0.8294677734375,2.076416015625,-87.34130859375,198.79150390625,75.13427734375
-0.1263427734375,-0.990966796875,3.087158203125,-79.40673828125,213.7451171875,83.6181640625
0.863525390625,-1.052490234375,3.4678955078125,-42.6025390625,225.830078125,89.2333984375
1.135498046875,-0.7772216796875,3.25146484375,-13.7939453125,234.2529296875,88.43994140625
1.5206298828125,-0.67431640625,2.0289306640625,-12.51220703125,240.90576171875,82.21435546875
1.6868896484375,-1.4560546875,1.2154541015625,-24.0478515625,258.48388671875,75.1953125
1.469482421875,-1.2396240234375,0.90673828125,-28.38134765625,268.9208984375,66.58935546875
2.2081298828125,-1.22265625,0.8267822265625,-26.55029296875,278.50341796875,58.7158203125
1.85888671875,-1.1177978515625,0.8265380859375,-23.4375,285.400390625,52.24609375
0.4951171875,-0.8990478515625,0.84619140625,-29.6630859375,289.9169921875,50.23193359375
-0.08740234375,-0.3582763671875,0.8701171875,-39.6728515625,293.212890625,58.59375
-0.2254638671875,-0.3380126953125,0.9093017578125,-50.96435546875,299.560546875,81.84814453125
-0.193603515625,-0.3450927734375,1.145751953125,-58.89892578125,293.51806640625,89.66064453125
-0.015869140625,-0.3173828125,1.205810546875,-65.7958984375,270.20263671875,108.82568359375
0.0394287109375,-0.248046875,1.2772216796875,-72.08251953125,264.892578125,118.83544921875
0.075439453125,0.0218505859375,1.33349609375,-80.99365234375,261.962890625,127.62451171875
0.11962890625,0.0723876953125,1.3883056640625,-93.017578125,257.62939453125,135.25390625
0.1651611328125,0.0753173828125,1.4364013671875,-81.48193359375,258.9111328125,146.8505859375
0.432373046875,0.043701171875,1.44921875,-68.90869140625,260.19287109375,187.98828125
0.5260009765625,0.006103515625,1.6024169921875,-56.33544921875,256.16455078125,169.0673828125
0.6053466796875,-0.03857421875,1.64599609375,-48.52294921875,206.1767578125,128.173828125
0.6827392578125,-0.0972900390625,1.669677734375,-41.32080078125,146.484375,68.29833984375
0.75732421875,-0.26904296875,1.8349609375,-37.4755859375,97.412109375,13.48876953125
0.8433837890625,-0.3734130859375,1.945556640625,-44.73876953125,35.46142578125,-36.7431640625
0.94140625,-0.591552734375,1.998779296875,-94.23828125,-41.015625,-67.9931640625
0.9991455078125,-0.7052001953125,2.0025634765625,-95.88623046875,-112.3046875,-100.5859375
1.0313720703125,-0.79541015625,1.886962890625,-103.271484375,-143.73779296875,-134.27734375
1.1572265625,-0.8284912109375,0.6279296875,-98.14453125,-170.83740234375,-126.89208984375
1.381591796875,-0.7305908203125,-0.4976806640625,-64.27001953125,-172.79052734375,-87.70751953125
1.656494140625,-0.487060546875,-1.2923583984375,-11.53564453125,-171.7529296875,-46.08154296875
1.9951171875,0.1329345703125,-1.9666748046875,44.3115234375,-206.0546875,-27.34375
2.2940673828125,1.187744140625,-2.1761474609375,124.57275390625,-230.04150390625,-39.36767578125
2.531005859375,1.5250244140625,-1.716552734375,130.67626953125,-239.80712890625,-66.83349609375
2.967041015625,1.7296142578125,-0.85546875,145.99609375,-227.11181640625,-64.5751953125
3.4927978515625,1.39990234375,0.202880859375,79.7119140625,-198.05908203125,-37.841796875
3.646728515625,0.7197265625,1.3424072265625,62.01171875,-174.560546875,-17.2119140625
3.255615234375,0.0606689453125,1.3590087890625,38.6962890625,-163.2080078125,-16.6015625
2.5877685546875,-0.380859375,1.0013427734375,29.052734375,-157.3486328125,-39.36767578125
2.2698974609375,-1.361572265625,1.305419921875,27.40478515625,-155.57861328125,-54.3212890625
1.8372802734375,-1.2052001953125,1.7940673828125,22.76611328125,-134.82666015625,-28.3203125
0.4210205078125,-0.075439453125,2.208984375,38.818359375,-86.5478515625,-14.09912109375
-0.627685546875,0.0653076171875,2.1346435546875,67.44384765625,-79.4677734375,-21.728515625
-0.3026123046875,0.448974609375,1.8123779296875,86.36474609375,-58.65478515625,-10.8642578125
0.7750244140625,0.9644775390625,1.51171875,66.71142578125,-15.56396484375,-3.90625
1.330810546875,0.86279296875,1.2603759765625,12.5732421875,-2.3193359375,-2.50244140625
1.1171875,-0.1771240234375,1.2335205078125,2.38037109375,-0.30517578125,-1.15966796875
1.1541748046875,-1.3536376953125,1.61767578125,9.21630859375,-2.5634765625,1.0986328125
1.2235107421875,-1.477294921875,1.7841796875,-13.24462890625,-1.89208984375,0.1220703125
1.1697998046875,-0.4443359375,1.2088623046875,-11.3525390625,-10.8642578125,-0.06103515625
1.2099609375,0.6253662109375,0.878173828125,-9.09423828125,-12.39013671875,2.13623046875
1.02294921875,0.6055908203125,0.9857177734375,-13.24462890625,-13.61083984375,3.2958984375
0.6771240234375,-0.2996826171875,1.1326904296875,-14.09912109375,-13.18359375,2.50244140625
0.8497314453125,-0.6097412109375,1.0296630859375,-12.75634765625,-11.41357421875,1.0986328125
0.95068359375,-0.119140625,0.8624267578125,-11.474609375,-10.19287109375,-2.685546875
0.60546875,-0.083740234375,0.9993896484375,-12.02392578125,-11.41357421875,-3.7841796875
0.52880859375,-0.2247314453125,0.948486328125,-13.671875,-10.31494140625,-3.173828125
0.574951171875,-0.1661376953125,0.9267578125,-13.97705078125,-9.70458984375,-3.84521484375
0.55029296875,-0.219970703125,0.917236328125,-12.26806640625,-12.26806640625,-4.0283203125
0.413330078125,-0.228271484375,0.930419921875,-8.6669921875,-12.75634765625,-5.2490234375
0.3192138671875,-0.2576904296875,0.9403076171875,-1.52587890625,-12.20703125,-4.150390625
0.4290771484375,-0.1990966796875,0.9429931640625,-0.1220703125,-13.48876953125,-4.7607421875
0.364501953125,-0.16796875,0.935302734375,1.77001953125,-14.404296875,-5.7373046875
0.367431640625,-0.2078857421875,0.90625,4.0283203125,-12.6953125,-3.90625
0.358154296875,-0.25048828125,0.91748046875,5.615234375,-8.1787109375,-3.173828125
0.374267578125,-0.2879638671875,0.9278564453125,7.99560546875,-5.9814453125,-3.23486328125
0.39501953125,-0.26318359375,0.9063720703125,7.2021484375,-5.18798828125,-4.08935546875
0.3953857421875,-0.2476806640625,0.89990234375,8.4228515625,-4.69970703125,-2.0751953125
0.3968505859375,-0.23388671875,0.912841796875,8.11767578125,-5.4931640625,-1.64794921875
0.4017333984375,-0.242919921875,0.89501953125,2.0751953125,-6.8359375,-1.03759765625
0.4053955078125,-0.2481689453125,0.8839111328125,0.54931640625,-8.48388671875,-0.3662109375
0.39990234375,-0.2430419921875,0.876708984375,1.03759765625,-11.53564453125,-1.64794921875
0.4013671875,-0.2371826171875,0.8883056640625,3.0517578125,-15.07568359375,-2.197265625
0.4052734375,-0.2470703125,0.8851318359375,2.13623046875,-26.2451171875,-2.197265625
0.40234375,-0.2384033203125,0.895263671875,2.0751953125,-33.87451171875,0.54931640625
0.4033203125,-0.21826171875,0.8958740234375,2.13623046875,-38.02490234375,-0.30517578125
0.420654296875,-0.2244873046875,0.9049072265625,1.40380859375,-67.93212890625,-4.150390625
0.428955078125,-0.2315673828125,0.91064453125,-0.732421875,-81.84814453125,-21.97265625
0.413818359375,-0.2283935546875,0.9107666015625,-2.5634765625,-99.42626953125,-31.005859375
0.412109375,-0.2100830078125,0.9124755859375,-4.39453125,-129.638671875,-52.001953125
0.40869140625,-0.2086181640625,0.92919921875,-20.20263671875,-139.46533203125,-45.5322265625
0.4039306640625,-0.2010498046875,0.92822265625,-23.92578125,-164.73388671875,-42.3583984375
0.4027099609375,-0.2015380859375,0.9248046875,-31.79931640625,-201.59912109375,-48.52294921875
0.3936767578125,-0.208251953125,0.931884765625,-29.296875,-243.71337890625,-59.814453125
0.383544921875,-0.20166015625,0.9244384765625,-10.55908203125,-301.025390625,-61.1572265625
0.3699951171875,-0.19677734375,0.9173583984375,19.4091796875,-358.88671875,-62.01171875
0.3487548828125,-0.1630859375,0.9884033203125,17.333984375,-369.07958984375,-108.2763671875
0.361083984375,-0.1925048828125,1.0491943359375,9.82666015625,-391.17431640625,-127.13623046875
0.3614501953125,-0.216064453125,0.8992919921875,19.95849609375,-405.6396484375,-139.46533203125
0.37548828125,-0.32861328125,0.9266357421875,37.41455078125,-370.30029296875,-160.33935546875
0.3631591796875,-0.2640380859375,1.19384765625,53.7109375,-351.5625,-166.80908203125
0.3480224609375,-0.3038330078125,0.8533935546875,4.150390625,-377.44140625,-150.57373046875
0.5142822265625,-0.3118896484375,1.106689453125,19.59228515625,-430.7861328125,-137.20703125
0.56005859375,-0.2147216796875,1.497314453125,15.7470703125,-306.884765625,-123.9013671875
0.3758544921875,-0.1317138671875,1.5382080078125,-8.6669921875,-142.7001953125,-98.9990234375
0.533203125,-0.3724365234375,1.6602783203125,-25.08544921875,20.44677734375,-70.9228515625
0.51123046875,-0.464599609375,1.9222412109375,-66.7724609375,125.67138671875,-54.50439453125
-0.189697265625,-0.5238037109375,2.14208984375,-96.5576171875,161.4990234375,-38.14697265625
0.089111328125,-0.8897705078125,1.89453125,-112.6708984375,181.82373046875,-19.4091796875
0.900146484375,-1.0535888671875,1.765380859375,-80.87158203125,194.9462890625,21.3623046875
1.018310546875,-0.6182861328125,2.26025390625,-88.7451171875,200.1953125,57.0068359375
1.5845947265625,-0.14990234375,3.177734375,-65.73486328125,204.58984375,71.1669921875
1.6834716796875,-0.1873779296875,3.712646484375,-25.0244140625,227.9052734375,83.49609375
1.1595458984375,-0.0567626953125,3.205322265625,2.62451171875,236.9384765625,93.07861328125
-0.35546875,-0.677734375,2.0673828125,10.7421875,249.51171875,100.64697265625
-0.5592041015625,-1.3726806640625,1.24365234375,-15.7470703125,259.033203125,108.09326171875
1.4224853515625,-1.2440185546875,0.9320068359375,-30.3955078125,267.08984375,96.98486328125
2.4822998046875,-1.220703125,0.8150634765625,-28.25927734375,286.62109375,92.4072265625
1.6143798828125,-1.1470947265625,0.6947021484375,-20.5078125,311.5234375,88.5009765625
0.5245361328125,-0.9000244140625,0.7208251953125,-12.451171875,316.34521484375,89.35546875
0.0306396484375,-0.6375732421875,0.912353515625,-9.765625,318.29833984375,105.28564453125
-0.168701171875,-0.3544921875,1.0147705078125,-14.58740234375,305.48095703125,113.037109375
-0.233154296875,-0.4007568359375,1.088134765625,-39.97802734375,298.828125,135.25390625
-0.2340087890625,-0.5726318359375,1.136962890625,-49.49951171875,284.7900390625,157.8369140625
-0.1368408203125,-0.573486328125,1.280517578125,-73.42529296875,291.56494140625,177.67333984375
-0.038818359375,-0.50390625,1.3387451171875,-79.40673828125,299.86572265625,191.10107421875
0.18408203125,-0.398681640625,1.3450927734375,-89.9658203125,306.21337890625,195.4345703125
0.267578125,-0.2550048828125,1.5048828125,-82.58056640625,305.72509765625,196.47216796875
0.3505859375,-0.1864013671875,1.539794921875,-58.59375,289.97802734375,184.9365234375
0.4505615234375,-0.2061767578125,1.5933837890625,-50.6591796875,231.01806640625,110.41259765625
0.6876220703125,-0.341064453125,1.7100830078125,-46.630859375,195.61767578125,58.53271484375
0.9296875,-0.36376953125,1.7706298828125,-52.67333984375,117.3095703125,17.578125
0.9974365234375,-0.46337890625,2.0015869140625,-61.4013671875,64.51416015625,-12.14599609375
1.09716796875,-0.6875,2.0106201171875,-85.51025390625,-1.0986328125,-37.90283203125
1.1368408203125,-0.8980712890625,1.8743896484375,-81.84814453125,-71.59423828125,-82.275390625
1.20654296875,-1.0914306640625,1.5933837890625,-66.5283203125,-123.6572265625,-79.40673828125
1.332275390625,-0.9493408203125,0.7030029296875,-78.79638671875,-103.6376953125,-70.00732421875
1.5491943359375,-0.6748046875,0.267822265625,-85.0830078125,-189.88037109375,-42.29736328125
2.14013671875,-0.37890625,-0.822265625,-54.19921875,-253.7841796875,-19.59228515625
2.3917236328125,0.146240234375,-1.507568359375,0.732421875,-242.85888671875,-61.03515625
2.5595703125,0.2890625,-1.9151611328125,88.8671875,-220.3369140625,-72.44873046875
2.6942138671875,1.1728515625,-1.8321533203125,57.80029296875,-206.787109375,-47.30224609375
2.9378662109375,1.6044921875,-1.29541015625,75.74462890625,-181.15234375,-21.91162109375
3.11181640625,1.5543212890625,1.2313232421875,44.49462890625,-160.70556640625,-17.63916015625
3.535888671875,0.9542236328125,-0.085205078125,17.15087890625,-156.494140625,-26.9775390625
3.4814453125,0.2789306640625,0.1929931640625,10.80322265625,-155.82275390625,-46.5087890625
3.100830078125,-1.2650146484375,1.9610595703125,13.73291015625,-140.56396484375,-39.1845703125
2.694091796875,0.0045166015625,2.48486328125,22.64404296875,-105.8349609375,-20.751953125
2.5438232421875,0.5789794921875,2.0245361328125,57.861328125,-86.48681640625,-17.2119140625
-0.886962890625,0.2293701171875,1.7730712890625,80.62744140625,-73.8525390625,-1.708984375
-0.3328857421875,0.734130859375,1.6910400390625,93.8720703125,-13.7939453125,-0.06103515625
1.0440673828125,1.108154296875,1.3880615234375,51.08642578125,-0.30517578125,0.244140625
1.4222412109375,0.27734375,1.2633056640625,21.484375,-0.79345703125,1.708984375
1.3121337890625,-1.142822265625,1.4564208984375,-4.21142578125,-8.23974609375,1.708984375
1.062744140625,-1.5350341796875,1.759033203125,-28.80859375,-6.89697265625,2.86865234375
1.0538330078125,-0.7874755859375,1.537353515625,-6.34765625,0.30517578125,1.46484375
1.2105712890625,0.2745361328125,0.9547119140625,-12.63427734375,1.3427734375,-0.8544921875
1.2269287109375,0.6746826171875,1.0965576171875,-5.9814453125,3.2958984375,-2.38037109375
0.871826171875,-0.12451171875,1.046142578125,-5.06591796875,2.9296875,-3.72314453125
0.728515625,-0.660400390625,0.92529296875,-1.708984375,0.30517578125,-5.126953125
0.9248046875,-0.0589599609375,0.9495849609375,-1.0986328125,-8.30078125,-5.37109375
0.7335205078125,-0.1988525390625,0.9254150390625,0.30517578125,-12.51220703125,-3.41796875
0.5047607421875,-0.1734619140625,0.9207763671875,1.77001953125,-12.8173828125,-2.13623046875
0.557373046875,-0.1954345703125,0.91357421875,3.84521484375,-13.3056640625,-2.9296875
0.454345703125,-0.206298828125,0.9068603515625,5.43212890625,-9.8876953125,-3.90625
0.371337890625,-0.2259521484375,0.9078369140625,5.79833984375,-5.37109375,-4.69970703125
0.37451171875,-0.2369384765625,0.9281005859375,4.69970703125,-6.77490234375,-3.0517578125
0.3746337890625,-0.2506103515625,0.9371337890625,4.21142578125,-15.56396484375,-2.74658203125
0.3643798828125,-0.2581787109375,0.904541015625,4.08935546875,-13.0615234375,-2.62451171875
0.3704833984375,-0.26025390625,0.9117431640625,2.99072265625,-12.63427734375,-3.173828125
0.36083984375,-0.2591552734375,0.9180908203125,2.01416015625,-16.9677734375,-3.41796875
0.3489990234375,-0.248779296875,0.9002685546875,-1.0986328125,-20.69091796875,-3.662109375
0.3427734375,-0.22412109375,0.8927001953125,0.06103515625,-23.3154296875,-4.150390625
0.34228515625,-0.206787109375,0.905517578125,0.42724609375,-32.40966796875,-5.67626953125
0.3516845703125,-0.2225341796875,0.9124755859375,1.64794921875,-44.921875,-8.7890625
0.361083984375,-0.2279052734375,0.91748046875,0.8544921875,-52.30712890625,-13.18359375
0.3721923828125,-0.2353515625,0.9149169921875,0.9765625,-58.53271484375,-18.4326171875
0.3795166015625,-0.2259521484375,0.9075927734375,0.54931640625,-70.98388671875,-26.18408203125
0.3607177734375,-0.20849609375,0.9219970703125,-6.9580078125,-84.16748046875,-29.11376953125
0.36474609375,-0.2059326171875,0.91943359375,-9.6435546875,-124.08447265625,-37.29248046875
0.38037109375,-0.2303466796875,0.9366455078125,-14.5263671875,-140.07568359375,-47.119140625
0.3885498046875,-0.2171630859375,0.9422607421875,-17.02880859375,-147.76611328125,-51.08642578125
0.394775390625,-0.2198486328125,0.92724609375,-18.37158203125,-155.029296875,-48.15673828125
0.3807373046875,-0.18408203125,0.9202880859375,-26.30615234375,-170.34912109375,-48.828125
0.3800048828125,-0.1988525390625,0.9215087890625,-22.52197265625,-193.29833984375,-76.35498046875
0.3795166015625,-0.209228515625,0.9119873046875,-10.92529296875,-229.55322265625,-91.4306640625
0.364013671875,-0.2298583984375,0.913330078125,1.46484375,-348.5107421875,-121.88720703125
0.38720703125,-0.259033203125,0.9677734375,13.00048828125,-368.46923828125,-135.6201171875
0.388916015625,-0.242919921875,1.0352783203125,16.90673828125,-382.75146484375,-147.52197265625
0.398193359375,-0.200439453125,1.0040283203125,11.23046875,-362.9150390625,-175.72021484375
0.4134521484375,-0.25,0.858154296875,27.2216796875,-316.5283203125,-182.6171875
0.412841796875,-0.2337646484375,0.9208984375,-2.99072265625,-335.38818359375,-127.99072265625
0.41552734375,-0.220703125,1.1458740234375,2.8076171875,-222.16796875,-104.98046875
0.5428466796875,-0.2557373046875,1.2080078125,7.6904296875,74.76806640625,-78.30810546875
0.5445556640625,-0.2374267578125,1.6011962890625,-15.2587890625,124.0234375,-50.1708984375
0.55615234375,-0.2982177734375,1.6669921875,-14.5263671875,139.7705078125,-20.99609375
0.55810546875,-0.41748046875,1.59765625,-42.54150390625,158.203125,4.69970703125
0.5604248046875,-0.76708984375,1.693359375,-82.09228515625,167.3583984375,29.11376953125
0.3837890625,-0.9134521484375,1.598876953125,-101.4404296875,171.81396484375,52.001953125
0.201904296875,-0.775146484375,2.266357421875,-79.16259765625,178.40576171875,73.974609375
1.2491455078125,-0.6373291015625,3.40869140625,-60.1806640625,184.08203125,93.505859375
1.48974609375,-0.271484375,2.3612060546875,-37.109375,191.162109375,108.7646484375
1.57275390625,-0.3961181640625,1.4771728515625,-18.12744140625,199.64599609375,118.83544921875
1.34814453125,-0.757080078125,0.9173583984375,-4.33349609375,209.1064453125,123.10791015625
-0.4136962890625,-0.9840087890625,0.6451416015625,-4.0283203125,218.44482421875,97.900390625
1.8126220703125,-1.0567626953125,0.498046875,-10.009765625,227.72216796875,86.97509765625
1.0638427734375,-0.9820556640625,0.4114990234375,-17.76123046875,276.0009765625,79.345703125
0.2181396484375,-0.8924560546875,0.4322509765625,-23.3154296875,284.11865234375,76.904296875
-0.009521484375,-0.794677734375,0.537841796875,-24.96337890625,291.3818359375,81.97021484375
0.0386962890625,-0.65673828125,0.6484375,-23.3154296875,297.54638671875,95.03173828125
-0.0484619140625,-0.50341796875,0.7467041015625,-40.6494140625,299.37744140625,147.88818359375
-0.09912109375,-0.4183349609375,0.8438720703125,-52.91748046875,288.26904296875,154.96826171875
-0.1038818359375,-0.3829345703125,0.94580078125,-65.7958984375,213.37890625,160.70556640625
-0.0888671875,-0.3533935546875,1.290283203125,-75.1953125,199.5849609375,167.41943359375
-0.0303955078125,-0.317626953125,1.2911376953125,-78.125,189.39208984375,176.69677734375
0.0499267578125,-0.2686767578125,1.32373046875,-74.462890625,177.42919921875,185.6689453125
0.1173095703125,0.02490234375,1.3804931640625,-44.5556640625,162.53662109375,195.73974609375
0.175537109375,0.0201416015625,1.4149169921875,-32.71484375,146.484375,182.6171875
0.2667236328125,-0.0947265625,1.3780517578125,-30.6396484375,121.09375,155.2734375
0.8173828125,-0.2991943359375,1.064208984375,-38.0859375,111.38916015625,21.05712890625
0.9158935546875,-0.5084228515625,0.8294677734375,-50.72021484375,93.68896484375,-16.05224609375
1.0255126953125,-0.6729736328125,0.8194580078125,-66.95556640625,-6.34765625,-56.5185546875
1.1588134765625,-0.7913818359375,0.8880615234375,-82.45849609375,-39.306640625,-20.93505859375
1.28955078125,-0.82373046875,0.9837646484375,-76.0498046875,-86.7919921875,-39.1845703125
1.399658203125,-0.7269287109375,0.9854736328125,-56.15234375,-105.46875,-32.89794921875
1.6632080078125,-0.572021484375,0.637451171875,-34.7900390625,-44.37255859375,-50.10986328125
1.9595947265625,-0.3997802734375,0.2581787109375,-39.794921875,-67.138671875,-50.35400390625
2.1334228515625,-0.226806640625,-0.2139892578125,-10.986328125,-160.5224609375,-47.8515625
2.3424072265625,0.1949462890625,-1.00927734375,108.58154296875,-145.20263671875,-27.03857421875
2.5960693359375,0.3607177734375,-0.8875732421875,123.59619140625,-142.27294921875,-10.43701171875
2.80810546875,0.5509033203125,-0.095458984375,82.03125,-113.4033203125,-14.16015625
3.085693359375,1.22900390625,0.9703369140625,87.70751953125,-86.181640625,-15.44189453125
3.0501708984375,0.9674072265625,1.9747314453125,0.6103515625,-41.259765625,-2.86865234375
2.7833251953125,0.048583984375,0.860595703125,14.09912109375,-36.19384765625,-1.64794921875
1.882568359375,-1.1571044921875,0.4954833984375,44.43359375,8.4228515625,-0.54931640625
1.701171875,-0.9041748046875,1.55224609375,59.4482421875,7.6904296875,-0.6103515625
1.180908203125,0.1085205078125,1.6129150390625,-8.7890625,5.4931640625,-0.48828125
-0.2401123046875,0.769775390625,1.7110595703125,-9.521484375,2.74658203125,-2.0751953125
0.084228515625,0.332763671875,1.263671875,-1.89208984375,1.3427734375,-1.28173828125
-0.259033203125,-0.4576416015625,0.951904296875,-1.89208984375,-2.44140625,-0.6103515625
0.136474609375,-1.20947265625,1.053466796875,-1.8310546875,-0.06103515625,-1.64794921875
0.837646484375,-0.8973388671875,0.93994140625,-1.0986328125,1.89208984375,0.0
1.162841796875,-0.3568115234375,0.937744140625,0.06103515625,0.54931640625,-0.3662109375
1.4051513671875,-0.1214599609375,0.9407958984375,2.86865234375,-2.197265625,-0.6103515625
0.8963623046875,-0.2177734375,0.9432373046875,3.5400390625,-5.0048828125,-0.54931640625
0.4034423828125,-0.218994140625,0.9373779296875,4.57763671875,-4.33349609375,-0.732421875
0.4342041015625,-0.220703125,0.9127197265625,5.9814453125,-2.3193359375,-0.48828125
0.41943359375,-0.23095703125,0.910888671875,1.46484375,-1.708984375,-0.67138671875
0.4085693359375,-0.2349853515625,0.9273681640625,-2.38037109375,-3.41796875,-0.9765625
0.392333984375,-0.2279052734375,0.9195556640625,-2.5634765625,-3.72314453125,-0.91552734375
0.39306640625,-0.21826171875,0.9176025390625,-3.23486328125,-2.8076171875,-0.9765625
0.3974609375,-0.2259521484375,0.9033203125,-2.9296875,-1.77001953125,-0.91552734375
0.4049072265625,-0.221435546875,0.903076171875,-1.3427734375,-0.9765625,-0.732421875
0.4088134765625,-0.217041015625,0.9029541015625,0.54931640625,-1.28173828125,-0.6103515625
0.403076171875,-0.2369384765625,0.9102783203125,1.64794921875,-2.3193359375,-0.3662109375
0.3876953125,-0.2362060546875,0.910888671875,2.3193359375,-2.685546875,-0.06103515625
0.37744140625,-0.23388671875,0.910400390625,2.74658203125,-2.685546875,0.18310546875
0.380126953125,-0.230712890625,0.9085693359375,2.62451171875,-3.173828125,0.42724609375
0.38916015625,-0.2288818359375,0.9061279296875,2.01416015625,-3.72314453125,0.42724609375
0.3961181640625,-0.2298583984375,0.906982421875,1.28173828125,-4.45556640625,0.30517578125
0.3985595703125,-0.232421875,0.910888671875,0.48828125,-5.37109375,0.18310546875
0.3896484375,-0.232177734375,0.9073486328125,-0.1220703125,-5.9814453125,0.06103515625
0.3973388671875,-0.229736328125,0.90673828125,-0.79345703125,-5.9814453125,0.18310546875
0.4012451171875,-0.2254638671875,0.90869140625,-1.220703125,-5.92041015625,0.30517578125
0.4036865234375,-0.2261962890625,0.9112548828125,-1.52587890625,-5.4931640625,0.42724609375
0.4002685546875,-0.223876953125,0.9119873046875,-1.77001953125,-4.5166015625,0.42724609375
0.3983154296875,-0.2230224609375,0.9129638671875,-1.77001953125,-3.60107421875,0.48828125
0.39208984375,-0.2220458984375,0.91162109375,-1.46484375,-0.18310546875,0.3662109375
0.39599609375,-0.2235107421875,0.9073486328125,-1.46484375,0.54931640625,0.1220703125
0.3990478515625,-0.2275390625,0.9044189453125,-1.46484375,1.220703125,-0.6103515625
0.400146484375,-0.2291259765625,0.904052734375,-1.28173828125,1.5869140625,-0.67138671875
0.404541015625,-0.230224609375,0.9017333984375,-1.28173828125,-3.60107421875,-0.54931640625
0.4063720703125,-0.2322998046875,0.898193359375,-1.5869140625,-4.57763671875,-0.54931640625
0.4041748046875,-0.229736328125,0.900146484375,-1.220703125,-4.8828125,-0.42724609375
0.40234375,-0.2252197265625,0.899169921875,-0.54931640625,-5.2490234375,0.1220703125
0.4017333984375,-0.2259521484375,0.89990234375,0.48828125,-5.615234375,-0.9765625
0.4027099609375,-0.2281494140625,0.9012451171875,0.0,-5.79833984375,-1.220703125
0.4052734375,-0.2303466796875,0.903564453125,-0.54931640625,-3.662109375,-1.5869140625
0.406005859375,-0.2313232421875,0.90478515625,-1.15966796875,-3.11279296875,-2.62451171875
0.4058837890625,-0.233154296875,0.9049072265625,-1.5869140625,-2.197265625,-2.74658203125
0.4061279296875,-0.2327880859375,0.9013671875,-2.0751953125,-0.6103515625,-3.2958984375
0.4063720703125,-0.23046875,0.900146484375,-0.18310546875,-1.708984375,-3.41796875
0.406494140625,-0.227783203125,0.904052734375,0.48828125,-16.4794921875,-0.91552734375
0.40380859375,-0.2254638671875,0.906982421875,1.0986328125,-18.49365234375,1.3427734375
0.400634765625,-0.2259521484375,0.8961181640625,1.708984375,-21.66748046875,4.0283203125
0.4033203125,-0.221435546875,0.8961181640625,1.40380859375,-22.5830078125,4.21142578125
0.4049072265625,-0.2183837890625,0.894775390625,-5.06591796875,-19.775390625,2.74658203125
0.403564453125,-0.23876953125,0.902587890625,-6.4697265625,-19.47021484375,0.1220703125
0.40771484375,-0.235107421875,0.9072265625,-8.30078125,-19.59228515625,-3.60107421875
0.41455078125,-0.2320556640625,0.91259765625,-9.765625,-19.775390625,-8.72802734375
0.41259765625,-0.2257080078125,0.907958984375,-13.61083984375,-18.310546875,-32.77587890625
0.4144287109375,-0.231689453125,0.8995361328125,-13.36669921875,-12.6953125,-43.27392578125
0.41357421875,-0.223876953125,0.895751953125,-14.16015625,11.3525390625,-117.5537109375
0.4158935546875,-0.2236328125,0.885498046875,-13.12255859375,34.0576171875,-167.236328125
0.4093017578125,-0.194091796875,0.8846435546875,-9.46044921875,83.55712890625,-200.1953125
0.4195556640625,-0.1978759765625,0.8759765625,-7.080078125,101.62353515625,-227.84423828125
0.420166015625,-0.23486328125,0.8731689453125,-11.23046875,111.328125,-252.9296875
0.43115234375,-0.2415771484375,0.8795166015625,-2.13623046875,121.27685546875,-264.34326171875
0.4444580078125,-0.2449951171875,0.892333984375,-20.5078125,135.1318359375,-256.103515625
0.4696044921875,-0.258544921875,1.0728759765625,-39.1845703125,130.67626953125,-247.25341796875
0.4886474609375,-0.2515869140625,1.0572509765625,-61.767578125,122.37548828125,-225.7080078125
0.4986572265625,-0.1982421875,1.0543212890625,-83.740234375,115.05126953125,-212.890625
0.521484375,-0.01953125,1.0474853515625,-93.68896484375,100.5859375,-171.93603515625
0.5416259765625,0.0145263671875,1.0738525390625,-112.3046875,90.02685546875,-160.5224609375
0.5631103515625,0.59521484375,1.198974609375,-121.76513671875,62.80517578125,-149.90234375
0.5994873046875,1.059814453125,1.19384765625,-125.244140625,54.8095703125,-140.7470703125
0.5400390625,0.9525146484375,0.603515625,-115.41748046875,45.8984375,-126.8310546875
0.660400390625,0.4801025390625,0.537841796875,-104.6142578125,34.7900390625,-109.55810546875
0.7506103515625,0.2354736328125,0.5045166015625,-56.94580078125,12.14599609375,-109.0087890625
1.00390625,0.07080078125,0.4530029296875,-42.1142578125,-5.7373046875,-109.06982421875
1.2506103515625,-0.0372314453125,0.4468994140625,-31.18896484375,-9.46044921875,-109.55810546875
1.262451171875,-0.136962890625,0.51171875,-23.13232421875,-12.63427734375,-111.2060546875
1.1112060546875,-0.2545166015625,0.52734375,-9.33837890625,-14.34326171875,-114.2578125
1.1669921875,-0.27978515625,0.50732421875,11.962890625,-15.31982421875,-122.9248046875
1.19970703125,-0.3458251953125,0.4786376953125,11.53564453125,-15.869140625,-128.90625
1.1793212890625,-0.328125,0.53759765625,10.986328125,-17.333984375,-179.87060546875
1.1312255859375,-0.283203125,0.889892578125,11.16943359375,-16.4794921875,-186.6455078125
1.0369873046875,-0.23828125,0.9095458984375,11.71875,24.35302734375,-194.091796875
0.9808349609375,-0.2177734375,0.9129638671875,10.498046875,22.39990234375,-203.30810546875
0.8970947265625,-0.1632080078125,0.9251708984375,3.35693359375,28.86962890625,-214.66064453125
0.8043212890625,-0.1080322265625,0.94677734375,-0.48828125,33.99658203125,-226.62353515625
0.71142578125,-0.0986328125,0.948974609375,-47.54638671875,37.53662109375,-238.4033203125
0.6165771484375,-0.0985107421875,0.9791259765625,-62.6220703125,40.34423828125,-251.8310546875
0.51953125,-0.0968017578125,0.998046875,-67.3828125,43.8232421875,-266.9677734375
0.4891357421875,-0.0736083984375,1.0198974609375,-68.2373046875,47.18017578125,-282.2265625
0.4677734375,-0.0240478515625,1.0157470703125,-67.0166015625,50.72021484375,-297.05810546875
0.4476318359375,-0.029052734375,0.9891357421875,-67.81005859375,53.16162109375,-310.97412109375
0.4278564453125,-0.0400390625,0.95849609375,-72.8759765625,53.28369140625,-321.96044921875
0.394775390625,0.006591796875,0.9290771484375,-80.87158203125,51.8798828125,-330.01708984375
0.3900146484375,0.0091552734375,0.914794921875,-89.53857421875,49.25537109375,-326.59912109375
0.373291015625,-0.0052490234375,0.918212890625,-97.900390625,45.7763671875,-315.24658203125
0.3992919921875,0.00390625,0.9049072265625,-102.5390625,20.8740234375,-271.1181640625
0.4068603515625,0.0513916015625,0.859375,-102.6611328125,10.498046875,-213.56201171875
0.422119140625,0.0977783203125,0.802734375,-101.806640625,-8.4228515625,-95.52001953125
0.4468994140625,0.1363525390625,0.733154296875,-100.5859375,-31.18896484375,-34.36279296875
0.493408203125,0.1771240234375,0.660400390625,-68.2373046875,-42.96875,24.10888671875
0.575927734375,0.1822509765625,0.6182861328125,-48.76708984375,-26.30615234375,63.65966796875
0.6717529296875,0.1368408203125,0.6021728515625,-40.46630859375,-22.76611328125,80.322265625
0.76123046875,0.0843505859375,0.455810546875,-91.00341796875,-33.8134765625,59.26513671875
0.835693359375,0.0419921875,0.46875,-92.34619140625,-57.861328125,-11.5966796875
0.8861083984375,-0.0074462890625,0.455322265625,-100.28076171875,-79.89501953125,10.07080078125
0.9268798828125,-0.595458984375,0.2064208984375,-98.08349609375,-57.12890625,-23.25439453125
0.9815673828125,-0.912109375,0.779541015625,-93.07861328125,-34.48486328125,-15.2587890625
1.056396484375,-1.0,1.2291259765625,-83.0078125,-9.765625,-12.20703125
1.0718994140625,-1.3843994140625,1.0712890625,-66.5283203125,-27.52685546875,-14.22119140625
1.0208740234375,-2.0771484375,0.62158203125,-74.89013671875,-48.583984375,-9.70458984375
0.995361328125,-1.621826171875,0.3726806640625,-47.607421875,-26.2451171875,-8.6669921875
0.9954833984375,-1.4268798828125,0.7158203125,-37.04833984375,-23.62060546875,-4.150390625
0.4359130859375,-1.1214599609375,2.27001953125,-27.16064453125,-13.0615234375,-1.708984375
0.1341552734375,-0.759033203125,0.793212890625,-22.39990234375,-2.74658203125,-1.03759765625
-0.197265625,-0.3187255859375,0.8961181640625,-14.46533203125,7.14111328125,1.220703125
-0.34423828125,0.0576171875,0.9747314453125,-13.3056640625,11.71875,1.220703125
-0.2454833984375,-0.4566650390625,1.029052734375,-5.37109375,13.73291015625,0.244140625
0.0953369140625,-0.3626708984375,1.0308837890625,-6.04248046875,9.27734375,0.48828125
1.5777587890625,0.1280517578125,0.994873046875,-5.37109375,-3.11279296875,1.3427734375
1.5572509765625,-0.1492919921875,1.0018310546875,-10.07080078125,-10.92529296875,1.64794921875
0.145751953125,-0.145751953125,0.9439697265625,-13.427734375,-12.39013671875,1.77001953125
0.1724853515625,-0.0118408203125,0.97021484375,-13.24462890625,-11.90185546875,3.5400390625
0.438720703125,-0.0894775390625,0.9244384765625,-11.71875,-9.8876953125,3.47900390625
0.5352783203125,-0.1297607421875,0.9552001953125,-13.00048828125,-4.2724609375,2.9296875
0.41162109375,-0.140869140625,0.973876953125,-15.380859375,-3.60107421875,2.38037109375
0.4195556640625,-0.11767578125,0.966064453125,-15.13671875,-1.52587890625,2.197265625
0.4180908203125,-0.14404296875,0.9759521484375,-14.16015625,-0.79345703125,0.91552734375
0.368896484375,-0.154052734375,0.955322265625,-13.00048828125,0.0,0.732421875
0.3062744140625,-0.1737060546875,0.94873046875,-11.16943359375,-0.1220703125,0.48828125
0.3187255859375,-0.1785888671875,0.932861328125,-8.36181640625,-0.54931640625,-0.1220703125
0.318603515625,-0.1820068359375,0.9398193359375,-7.38525390625,-2.62451171875,-0.6103515625
0.337890625,-0.1937255859375,0.9415283203125,-6.53076171875,-4.45556640625,-1.15966796875
0.3477783203125,-0.1943359375,0.9271240234375,-4.57763671875,-6.65283203125,-1.46484375
0.3603515625,-0.201416015625,0.9249267578125,-4.2724609375,-9.3994140625,-0.8544921875
0.3677978515625,-0.2041015625,0.9227294921875,-3.47900390625,-11.41357421875,-0.30517578125
0.36865234375,-0.20556640625,0.924072265625,-3.173828125,-14.404296875,-0.3662109375
0.3707275390625,-0.2076416015625,0.923095703125,-2.74658203125,-14.34326171875,-0.18310546875
0.3682861328125,-0.212646484375,0.9281005859375,-2.44140625,-13.916015625,-1.03759765625
0.3531494140625,-0.216552734375,0.92724609375,-2.86865234375,-13.671875,-1.3427734375
0.34716796875,-0.2083740234375,0.930419921875,-5.31005859375,-13.73291015625,-2.50244140625
0.342529296875,-0.2091064453125,0.93310546875,-6.53076171875,-13.427734375,-3.41796875
0.3406982421875,-0.212646484375,0.9293212890625,-6.53076171875,-12.3291015625,-4.39453125
0.3441162109375,-0.2109375,0.922119140625,-6.103515625,-11.5966796875,-3.60107421875
0.3341064453125,-0.212158203125,0.9150390625,-5.06591796875,-14.58740234375,-6.8359375
0.331787109375,-0.21240234375,0.9169921875,-4.69970703125,-17.333984375,-8.30078125
0.332275390625,-0.2073974609375,0.9169921875,-3.2958984375,-20.8740234375,-8.11767578125
0.3359375,-0.2113037109375,0.9102783203125,-2.685546875,-24.96337890625,-5.615234375
0.3402099609375,-0.21044921875,0.9102783203125,-2.0751953125,-28.62548828125,-5.615234375
0.3494873046875,-0.2142333984375,0.907470703125,-1.89208984375,-37.53662109375,-4.638671875
0.354248046875,-0.221923828125,0.918701171875,-3.173828125,-43.15185546875,-7.38525390625
0.3564453125,-0.2215576171875,0.9327392578125,-7.50732421875,-49.49951171875,-9.58251953125
0.35546875,-0.2249755859375,0.9241943359375,-8.23974609375,-96.19140625,-12.51220703125
0.353271484375,-0.2239990234375,0.91455078125,-12.451171875,-95.88623046875,-25.2685546875
0.3546142578125,-0.2130126953125,0.9261474609375,-16.17431640625,-92.28515625,-30.82275390625
0.3717041015625,-0.22021484375,0.9249267578125,-20.08056640625,-136.1083984375,-17.4560546875
0.370849609375,-0.21240234375,0.936279296875,-25.20751953125,-175.78125,-19.775390625
0.369140625,-0.217041015625,0.9224853515625,-7.080078125,-228.94287109375,-21.8505859375
0.377685546875,-0.1959228515625,0.9266357421875,1.03759765625,-270.32470703125,-28.6865234375
0.35888671875,-0.205810546875,0.90234375,-17.578125,-281.92138671875,-44.43359375
0.3758544921875,-0.203369140625,0.9593505859375,-4.7607421875,-290.1611328125,-57.18994140625
