1.1859130859375,0.4901123046875,-0.1361083984375,33.203125,-78.9794921875,-80.9326171875
1.219970703125,0.34423828125,-0.0037841796875,28.62548828125,-104.79736328125,-33.38623046875
1.25439453125,0.17041015625,0.131103515625,-43.15185546875,-154.296875,-3.60107421875
1.2852783203125,0.0174560546875,0.206298828125,121.64306640625,-190.49072265625,-22.3388671875
1.2978515625,-0.1087646484375,1.0413818359375,117.431640625,-187.5,-41.748046875
1.288818359375,-0.1885986328125,1.4835205078125,33.8134765625,-167.66357421875,-36.56005859375
1.277587890625,-0.2381591796875,1.0958251953125,30.94482421875,-141.9677734375,-28.86962890625
1.2960205078125,-0.28466796875,0.3814697265625,17.39501953125,-117.5537109375,-12.02392578125
1.3486328125,-0.03857421875,-0.0802001953125,22.52197265625,-111.51123046875,-20.99609375
1.3817138671875,-0.317626953125,0.7542724609375,19.83642578125,-112.48779296875,-28.13720703125
1.3619384765625,-1.84130859375,1.68798828125,-2.25830078125,-104.1259765625,-30.2734375
-0.3494873046875,-1.6461181640625,1.980224609375,0.67138671875,-74.951171875,-28.564453125
-0.857421875,-0.856201171875,1.8651123046875,30.029296875,-37.7197265625,-7.568359375
-0.87841796875,-1.0849609375,1.5325927734375,37.7197265625,-11.04736328125,-4.08935546875
-0.692626953125,-0.5767822265625,1.2584228515625,33.5693359375,13.0615234375,-2.86865234375
0.80419921875,0.2216796875,0.9248046875,16.54052734375,9.8876953125,-2.13623046875
0.8817138671875,0.718505859375,1.0516357421875,2.50244140625,6.4697265625,-0.54931640625
0.911376953125,0.0047607421875,1.258544921875,7.50732421875,3.23486328125,-0.244140625
1.031494140625,-0.6309814453125,1.258544921875,0.3662109375,-0.244140625,-0.1220703125
0.9681396484375,-0.8214111328125,1.11181640625,-0.732421875,-1.77001953125,-1.28173828125
0.786376953125,-0.2645263671875,1.046142578125,-1.28173828125,1.220703125,-2.685546875
0.7078857421875,0.0302734375,1.0311279296875,-1.3427734375,4.2724609375,-0.8544921875
0.500732421875,-0.10400390625,0.9940185546875,-0.1220703125,2.197265625,-0.3662109375
0.4737548828125,-0.2470703125,0.9847412109375,1.8310546875,0.8544921875,-0.48828125
0.6710205078125,-0.2391357421875,0.9879150390625,3.72314453125,-0.9765625,-0.79345703125
0.84033203125,-0.2232666015625,0.9620361328125,5.43212890625,-1.708984375,-1.89208984375
0.624755859375,-0.2308349609375,0.9276123046875,5.06591796875,-2.44140625,-1.46484375
0.4649658203125,-0.2159423828125,0.939697265625,5.67626953125,-4.94384765625,-1.3427734375
0.4085693359375,-0.2154541015625,0.944091796875,5.126953125,-10.80322265625,-5.67626953125
0.3804931640625,-0.2177734375,0.93115234375,3.90625,-15.13671875,-1.5869140625
0.3697509765625,-0.2281494140625,0.934814453125,2.86865234375,-11.8408203125,0.30517578125
0.3714599609375,-0.236572265625,0.9263916015625,2.685546875,-8.97216796875,-1.64794921875
0.3690185546875,-0.2216796875,0.906982421875,2.38037109375,-10.19287109375,-0.54931640625
0.368408203125,-0.2083740234375,0.909912109375,1.40380859375,-9.70458984375,-0.30517578125
0.3590087890625,-0.21826171875,0.912353515625,-2.197265625,-9.8876953125,-0.91552734375
0.341796875,-0.2291259765625,0.9080810546875,-1.40380859375,-10.31494140625,-2.685546875
0.333740234375,-0.23583984375,0.896728515625,-0.244140625,-10.7421875,-3.96728515625
0.3387451171875,-0.2410888671875,0.9320068359375,-1.3427734375,-11.23046875,-4.638671875
0.339111328125,-0.227294921875,0.9498291015625,-1.15966796875,-10.55908203125,-4.82177734375
0.3204345703125,-0.257080078125,0.9273681640625,-0.48828125,-9.82666015625,-5.18798828125
0.3060302734375,-0.24609375,0.9056396484375,0.732421875,-10.3759765625,-5.18798828125
0.30712890625,-0.2069091796875,0.899169921875,1.64794921875,-10.68115234375,-5.4931640625
0.3353271484375,-0.2208251953125,0.8958740234375,2.5634765625,-9.765625,-4.8828125
0.359375,-0.2340087890625,0.8984375,3.173828125,-7.99560546875,-5.18798828125
0.3643798828125,-0.2166748046875,0.90478515625,3.35693359375,-5.615234375,-5.43212890625
0.3760986328125,-0.2344970703125,0.91796875,3.41796875,-8.1787109375,-7.26318359375
0.358154296875,-0.2469482421875,0.920166015625,2.74658203125,-10.1318359375,-8.6669921875
0.34375,-0.2506103515625,0.9139404296875,2.38037109375,-13.73291015625,-9.033203125
0.334716796875,-0.244873046875,0.9129638671875,2.50244140625,-17.4560546875,-8.48388671875
0.333740234375,-0.2337646484375,0.906494140625,2.25830078125,-18.49365234375,-7.99560546875
0.3427734375,-0.2239990234375,0.9139404296875,3.662109375,-19.34814453125,-7.6904296875
0.3602294921875,-0.218505859375,0.9091796875,3.96728515625,-20.32470703125,-8.056640625
0.37060546875,-0.2158203125,0.8975830078125,3.84521484375,-22.64404296875,-8.23974609375
0.3685302734375,-0.2139892578125,0.905517578125,3.0517578125,-25.390625,-7.568359375
0.367919921875,-0.221435546875,0.918701171875,3.11279296875,-29.35791015625,-6.591796875
0.36669921875,-0.225341796875,0.9315185546875,1.708984375,-33.38623046875,-6.16455078125
0.3780517578125,-0.232421875,0.9302978515625,1.15966796875,-38.51318359375,-8.97216796875
0.369384765625,-0.2352294921875,0.9256591796875,0.67138671875,-45.2880859375,-13.24462890625
0.347412109375,-0.2235107421875,0.9306640625,0.42724609375,-62.98828125,-17.4560546875
0.340576171875,-0.212158203125,0.936767578125,-0.8544921875,-73.30322265625,-21.30126953125
0.336181640625,-0.2176513671875,0.9345703125,-6.34765625,-86.42578125,-25.146484375
0.37255859375,-0.2164306640625,0.932861328125,-16.90673828125,-105.28564453125,-32.04345703125
0.4078369140625,-0.207275390625,0.9439697265625,-22.216796875,-124.20654296875,-54.0771484375
0.3992919921875,-0.21533203125,0.9664306640625,-26.9775390625,-134.765625,-65.0634765625
0.3828125,-0.2093505859375,0.9384765625,-30.57861328125,-146.91162109375,-68.54248046875
0.380126953125,-0.19873046875,0.9342041015625,-34.72900390625,-170.10498046875,-52.490234375
0.37890625,-0.1583251953125,0.9381103515625,-25.08544921875,-225.09765625,-43.15185546875
0.373779296875,-0.1446533203125,0.94775390625,-5.4931640625,-278.99169921875,-58.65478515625
0.3643798828125,-0.2120361328125,0.9749755859375,22.216796875,-321.2890625,-74.89013671875
0.346923828125,-0.215576171875,1.01513671875,41.3818359375,-395.93505859375,-94.78759765625
0.346435546875,-0.2174072265625,1.141845703125,17.4560546875,-394.04296875,-123.1689453125
0.3482666015625,-0.1966552734375,1.1663818359375,-0.18310546875,-395.56884765625,-145.44677734375
0.3612060546875,-0.20654296875,0.7860107421875,0.9765625,-404.23583984375,-162.59765625
0.3411865234375,-0.262451171875,1.0618896484375,19.287109375,-390.7470703125,-183.59375
0.29150390625,-0.2257080078125,1.2642822265625,9.033203125,-342.46826171875,-189.02587890625
0.3048095703125,-0.1531982421875,1.2191162109375,16.41845703125,-372.25341796875,-140.625
0.4775390625,-0.260009765625,1.5238037109375,29.052734375,-406.8603515625,-118.59130859375
0.71826171875,-0.2916259765625,1.7418212890625,20.32470703125,-297.2412109375,-94.05517578125
0.5892333984375,-0.164306640625,1.797607421875,-6.34765625,-176.3916015625,-64.75830078125
0.2855224609375,-0.4495849609375,1.8809814453125,-27.77099609375,-27.83203125,-38.330078125
0.50537109375,-0.7200927734375,2.1099853515625,-70.00732421875,57.0068359375,-26.4892578125
0.0164794921875,-0.7874755859375,1.8060302734375,-99.609375,94.970703125,-17.27294921875
0.0897216796875,-0.979736328125,1.7083740234375,-62.19482421875,115.17333984375,-3.96728515625
0.874267578125,-1.045654296875,1.9923095703125,-69.39697265625,121.64306640625,10.7421875
1.084716796875,-0.7427978515625,2.6148681640625,-46.630859375,122.25341796875,28.50341796875
1.4580078125,-0.412841796875,3.2900390625,-9.21630859375,122.98583984375,45.22705078125
1.6341552734375,-0.39794921875,2.9453125,21.3623046875,130.4931640625,59.2041015625
1.22119140625,-0.0858154296875,1.894775390625,34.1796875,144.53125,69.9462890625
0.0731201171875,-0.7886962890625,1.1219482421875,32.28759765625,162.59765625,79.1015625
-0.33642578125,-1.6416015625,0.8031005859375,15.31982421875,179.8095703125,84.1064453125
0.9234619140625,-1.411376953125,0.7039794921875,-3.5400390625,196.59423828125,88.134765625
2.0992431640625,-1.3082275390625,0.703369140625,-14.16015625,212.158203125,87.890625
1.599853515625,-1.0765380859375,0.7454833984375,-17.02880859375,220.5810546875,85.26611328125
0.5933837890625,-0.7523193359375,0.8038330078125,-18.798828125,233.70361328125,83.49609375
0.1043701171875,-0.5247802734375,0.8511962890625,-16.11328125,246.15478515625,82.1533203125
-0.1551513671875,-0.3699951171875,0.8909912109375,-16.17431640625,259.70458984375,79.2236328125
-0.2705078125,-0.2808837890625,0.9033203125,-13.24462890625,271.54541015625,75.62255859375
-0.2452392578125,-0.2855224609375,0.9700927734375,-14.09912109375,281.92138671875,73.6083984375
-0.1861572265625,-0.3255615234375,1.0313720703125,-21.484375,291.80908203125,74.0966796875
-0.11474609375,-0.3314208984375,1.0634765625,-30.70068359375,299.560546875,75.3173828125
-0.049560546875,-0.3179931640625,1.1307373046875,-38.4521484375,306.33544921875,77.5146484375
0.0169677734375,-0.280029296875,1.17724609375,-45.34912109375,312.56103515625,95.703125
0.0816650390625,-0.2197265625,1.2213134765625,-52.8564453125,305.2978515625,103.69873046875
0.145751953125,-0.175048828125,1.2581787109375,-60.791015625,295.41015625,109.4970703125
0.2108154296875,-0.1259765625,1.3165283203125,-70.25146484375,284.36279296875,116.27197265625
0.28955078125,-0.092529296875,1.376953125,-73.05908203125,284.423828125,131.9580078125
0.378173828125,-0.08837890625,1.4212646484375,-81.35986328125,290.6494140625,151.79443359375
0.4697265625,-0.109130859375,1.542236328125,-77.69775390625,302.30712890625,169.49462890625
0.557373046875,-0.14697265625,1.61669921875,-72.1435546875,310.302734375,182.67822265625
0.6246337890625,-0.1883544921875,1.652587890625,-65.7958984375,317.32177734375,193.42041015625
0.6954345703125,-0.23046875,1.677734375,-63.1103515625,320.6787109375,203.0029296875
0.7838134765625,-0.3255615234375,1.7042236328125,-57.06787109375,304.99267578125,205.26123046875
0.8828125,-0.3289794921875,1.8387451171875,-48.27880859375,273.4375,192.7490234375
0.9794921875,-0.35546875,2.0289306640625,-42.41943359375,236.38916015625,160.15625
1.0504150390625,-0.4951171875,2.2052001953125,-44.7998046875,195.86181640625,115.1123046875
1.1011962890625,-0.6221923828125,2.212158203125,-53.28369140625,156.55517578125,65.36865234375
1.1556396484375,-0.7593994140625,2.0322265625,-56.94580078125,123.35205078125,11.1083984375
1.2218017578125,-0.88818359375,1.6685791015625,-46.08154296875,79.9560546875,-37.2314453125
1.3216552734375,-1.009765625,1.1373291015625,-32.53173828125,20.20263671875,-82.51953125
1.4920654296875,-1.026611328125,0.5965576171875,-47.18017578125,-51.513671875,-113.58642578125
1.7247314453125,-0.8721923828125,0.11865234375,-75.68359375,-112.60986328125,-128.60107421875
2.0025634765625,-0.5711669921875,-0.2237548828125,-80.13916015625,-137.39013671875,-125.6103515625
2.292236328125,-0.2620849609375,-0.61328125,-40.34423828125,-133.7890625,-124.81689453125
2.478515625,-0.027587890625,-1.19775390625,27.2216796875,-154.296875,-118.34716796875
2.54736328125,0.231689453125,-1.703125,81.35986328125,-110.595703125,-78.125
2.606689453125,0.8358154296875,-1.907958984375,113.46435546875,-184.814453125,-26.67236328125
2.706298828125,1.59033203125,-1.51123046875,147.5830078125,-236.14501953125,-19.4091796875
2.79833984375,1.9764404296875,-0.663330078125,132.32421875,-236.9384765625,-56.640625
2.97900390625,1.9134521484375,1.3668212890625,71.8994140625,-212.646484375,-55.60302734375
3.3983154296875,1.3262939453125,2.2850341796875,81.23779296875,-197.69287109375,-46.32568359375
3.6644287109375,0.650634765625,1.0980224609375,43.15185546875,-188.1103515625,-30.76171875
3.37158203125,0.2823486328125,0.0372314453125,27.16064453125,-177.06298828125,-12.63427734375
2.762451171875,0.004638671875,0.3798828125,18.5546875,-166.015625,-18.4326171875
2.4464111328125,-1.18603515625,1.912841796875,7.01904296875,-155.33447265625,-50.23193359375
2.184326171875,-1.8115234375,2.3927001953125,3.96728515625,-149.96337890625,-42.29736328125
-0.0733642578125,-0.8326416015625,1.8839111328125,21.05712890625,-106.99462890625,-23.5595703125
-1.02001953125,-0.3675537109375,1.5206298828125,45.0439453125,-52.06298828125,-16.17431640625
-0.3883056640625,-0.30029296875,1.5645751953125,59.4482421875,-57.12890625,-4.8828125
0.242919921875,0.334228515625,1.545654296875,23.13232421875,3.41796875,-1.8310546875
1.163330078125,0.986572265625,1.186767578125,13.5498046875,17.39501953125,0.244140625
1.1849365234375,0.6337890625,1.13720703125,5.126953125,15.625,1.03759765625
1.2919921875,-0.4481201171875,1.757568359375,-6.4697265625,11.5966796875,0.06103515625
1.0003662109375,-1.376953125,1.698974609375,13.73291015625,7.75146484375,1.3427734375
0.765625,-1.373046875,1.0445556640625,-2.86865234375,6.7138671875,2.38037109375
0.9652099609375,-0.4332275390625,0.7833251953125,-8.23974609375,6.8359375,2.86865234375
1.2459716796875,0.700927734375,1.2606201171875,-7.01904296875,4.2724609375,2.25830078125
1.026611328125,0.66943359375,0.9903564453125,-7.32421875,3.41796875,2.50244140625
0.700439453125,-0.4918212890625,0.970947265625,-8.85009765625,4.57763671875,3.0517578125
1.0286865234375,-0.521484375,0.985595703125,-7.99560546875,0.1220703125,2.8076171875
0.8634033203125,-0.1126708984375,0.948974609375,-7.01904296875,-1.89208984375,1.03759765625
0.38134765625,-0.209228515625,0.96240234375,-4.69970703125,-2.74658203125,0.48828125
0.570068359375,-0.1728515625,0.9501953125,-3.0517578125,-5.06591796875,-2.9296875
0.465576171875,-0.220703125,0.928466796875,-1.89208984375,-8.9111328125,-5.2490234375
0.4027099609375,-0.1943359375,0.95751953125,0.06103515625,-9.3994140625,0.9765625
0.37158203125,-0.1822509765625,0.9609375,2.197265625,-4.94384765625,4.2724609375
0.3740234375,-0.1954345703125,0.9326171875,4.0283203125,-9.70458984375,0.8544921875
0.365478515625,-0.206298828125,0.923583984375,5.06591796875,-15.869140625,-3.662109375
0.3553466796875,-0.210693359375,0.9324951171875,1.15966796875,-14.7705078125,-1.220703125
0.33544921875,-0.21044921875,0.93212890625,-4.21142578125,-9.33837890625,-1.46484375
0.33642578125,-0.2137451171875,0.8994140625,-1.89208984375,-12.51220703125,-2.0751953125
0.3431396484375,-0.2255859375,0.89697265625,1.28173828125,-12.63427734375,-2.9296875
0.33984375,-0.231201171875,0.9456787109375,1.28173828125,-12.6953125,-3.84521484375
0.3365478515625,-0.230224609375,0.9437255859375,-1.28173828125,-13.5498046875,-4.69970703125
0.32861328125,-0.2415771484375,0.8907470703125,-2.8076171875,-14.2822265625,-5.06591796875
0.3280029296875,-0.212646484375,0.9132080078125,-3.173828125,-14.0380859375,-5.06591796875
0.3341064453125,-0.176513671875,0.908935546875,-2.62451171875,-14.58740234375,-5.2490234375
0.348876953125,-0.229248046875,0.9029541015625,-0.8544921875,-15.07568359375,-3.84521484375
0.3414306640625,-0.2725830078125,0.9112548828125,0.30517578125,-15.31982421875,-3.90625
0.325927734375,-0.2047119140625,0.9093017578125,1.953125,-17.08984375,-4.45556640625
0.332763671875,-0.1944580078125,0.9052734375,2.01416015625,-19.22607421875,-5.37109375
0.33984375,-0.222900390625,0.9139404296875,2.50244140625,-22.4609375,-5.92041015625
0.317626953125,-0.22900390625,0.9178466796875,1.28173828125,-24.96337890625,-4.2724609375
0.3182373046875,-0.2401123046875,0.92138671875,-0.1220703125,-29.1748046875,-2.86865234375
0.3367919921875,-0.2418212890625,0.92822265625,0.244140625,-41.1376953125,-2.44140625
0.3489990234375,-0.233642578125,0.9254150390625,1.40380859375,-45.8984375,-1.46484375
0.3555908203125,-0.2169189453125,0.919189453125,1.0986328125,-54.13818359375,-2.0751953125
0.356201171875,-0.20263671875,0.922607421875,-1.52587890625,-61.5234375,-5.31005859375
0.35302734375,-0.2020263671875,0.9375,-4.94384765625,-70.9228515625,-11.5966796875
0.352294921875,-0.2060546875,0.9503173828125,-9.27734375,-83.0078125,-19.10400390625
0.3621826171875,-0.223876953125,0.950439453125,-14.6484375,-98.32763671875,-28.74755859375
0.369384765625,-0.2496337890625,0.95068359375,-21.54541015625,-116.0888671875,-32.77587890625
0.371826171875,-0.23583984375,0.9517822265625,-28.01513671875,-133.056640625,-40.83251953125
0.3543701171875,-0.2098388671875,0.9439697265625,-33.8134765625,-140.7470703125,-51.1474609375
0.359375,-0.1617431640625,0.93994140625,-36.62109375,-147.15576171875,-44.37255859375
0.3760986328125,-0.1678466796875,0.9278564453125,-34.72900390625,-161.80419921875,-34.1796875
0.3812255859375,-0.158935546875,0.9111328125,-17.39501953125,-205.078125,-26.06201171875
0.3436279296875,-0.1748046875,0.8955078125,-4.0283203125,-237.12158203125,-38.51318359375
0.3582763671875,-0.192626953125,0.9691162109375,11.29150390625,-307.2509765625,-47.7294921875
0.3636474609375,-0.2261962890625,1.0606689453125,26.2451171875,-381.04248046875,-59.63134765625
0.3671875,-0.2646484375,1.0399169921875,17.822265625,-382.01904296875,-90.02685546875
0.3531494140625,-0.284912109375,0.9700927734375,-2.99072265625,-396.66748046875,-122.37548828125
0.365966796875,-0.292236328125,0.9893798828125,23.62060546875,-425.9033203125,-138.97705078125
0.361083984375,-0.2156982421875,1.0711669921875,32.40966796875,-441.83349609375,-142.76123046875
0.386474609375,-0.203857421875,0.9832763671875,-9.1552734375,-400.390625,-166.32080078125
0.4859619140625,-0.1768798828125,1.1766357421875,-11.90185546875,-396.8505859375,-159.7900390625
0.5843505859375,-0.2379150390625,1.5299072265625,10.3759765625,-433.53271484375,-123.35205078125
0.517822265625,-0.17626953125,1.7156982421875,13.671875,-420.34912109375,-110.16845703125
0.3243408203125,-0.0516357421875,1.88671875,-21.66748046875,-280.70068359375,-89.05029296875
0.5086669921875,-0.381103515625,1.9202880859375,-27.83203125,-94.29931640625,-62.98828125
0.5653076171875,-0.591552734375,2.059814453125,-85.693359375,55.11474609375,-41.93115234375
-0.1678466796875,-0.6986083984375,2.1138916015625,-115.05126953125,137.39013671875,-32.28759765625
-0.01708984375,-0.873779296875,1.6165771484375,-90.75927734375,161.9873046875,-20.01953125
0.755859375,-1.070556640625,2.0758056640625,-59.14306640625,174.62158203125,-7.2021484375
1.05517578125,-1.0133056640625,2.3853759765625,-60.4248046875,179.931640625,4.21142578125
1.387451171875,-0.4031982421875,2.88427734375,-35.46142578125,182.9833984375,18.24951171875
1.608642578125,-0.0511474609375,3.68359375,-6.04248046875,187.07275390625,30.70068359375
1.502197265625,-0.188720703125,2.8031005859375,10.009765625,195.9228515625,41.80908203125
0.6025390625,-0.594482421875,1.6767578125,15.2587890625,206.97021484375,51.94091796875
-0.495361328125,-1.2471923828125,0.99365234375,10.3759765625,219.66552734375,61.4013671875
-0.3226318359375,-1.4527587890625,0.753662109375,1.03759765625,230.712890625,68.66455078125
1.7760009765625,-1.1826171875,0.7171630859375,-5.9814453125,239.1357421875,74.0966796875
2.576171875,-0.991455078125,0.736328125,-7.9345703125,244.93408203125,79.16259765625
1.217041015625,-0.779052734375,0.7586669921875,-6.53076171875,250.18310546875,83.67919921875
0.3419189453125,-0.5426025390625,0.7835693359375,-5.0048828125,257.8125,83.49609375
-0.0335693359375,-0.403076171875,0.793212890625,-2.44140625,268.85986328125,78.9794921875
-0.19482421875,-0.3143310546875,0.7996826171875,-3.72314453125,279.9072265625,71.77734375
-0.1917724609375,-0.290283203125,0.821533203125,-9.09423828125,291.19873046875,65.61279296875
-0.1043701171875,-0.3236083984375,0.8787841796875,-16.90673828125,301.69677734375,61.82861328125
-0.0303955078125,-0.359375,0.9630126953125,-22.3388671875,314.63623046875,60.302734375
0.03955078125,-0.36767578125,1.042724609375,-28.86962890625,325.50048828125,59.38720703125
0.0928955078125,-0.3447265625,1.1221923828125,-37.109375,334.41162109375,77.45361328125
0.1351318359375,-0.2962646484375,1.216796875,-49.560546875,326.35498046875,83.740234375
0.1663818359375,-0.2384033203125,1.337646484375,-64.02587890625,320.6787109375,88.80615234375
0.19384765625,-0.174072265625,1.4451904296875,-79.345703125,308.10546875,97.0458984375
0.2431640625,-0.128662109375,1.51611328125,-84.8388671875,304.50439453125,132.9345703125
0.3338623046875,-0.10693359375,1.5411376953125,-94.66552734375,308.77685546875,150.7568359375
0.441162109375,-0.0833740234375,1.6175537109375,-85.99853515625,320.556640625,163.818359375
0.535888671875,-0.0592041015625,1.6357421875,-68.9697265625,316.7724609375,175.47607421875
0.6297607421875,-0.052978515625,1.6419677734375,-53.955078125,307.2509765625,187.43896484375
0.7362060546875,-0.0743408203125,1.7176513671875,-41.015625,286.80419921875,195.61767578125
0.8643798828125,-0.1737060546875,1.7537841796875,-39.36767578125,258.6669921875,192.138671875
0.991455078125,-0.2030029296875,1.809326171875,-44.49462890625,226.01318359375,169.25048828125
1.0765380859375,-0.28173828125,1.9609375,-58.837890625,185.48583984375,128.41796875
1.1033935546875,-0.506591796875,1.931396484375,-76.84326171875,142.578125,76.84326171875
1.1346435546875,-0.7039794921875,1.814697265625,-86.0595703125,100.9521484375,18.6767578125
1.18994140625,-0.85498046875,1.5640869140625,-79.1015625,48.9501953125,-30.21240234375
1.2652587890625,-0.990966796875,1.1468505859375,-61.82861328125,-12.14599609375,-67.9931640625
1.419189453125,-0.916015625,0.654052734375,-62.56103515625,-73.73046875,-98.876953125
1.5989990234375,-0.728515625,0.145263671875,-70.61767578125,-119.68994140625,-113.8916015625
1.9620361328125,-0.4591064453125,-0.2899169921875,-62.5,-141.4794921875,-94.3603515625
2.2078857421875,-0.2117919921875,-0.7452392578125,-33.63037109375,-142.7001953125,-73.42529296875
2.419921875,-0.0167236328125,-1.2745361328125,11.29150390625,-149.90234375,-101.5625
2.5882568359375,0.213134765625,-1.6383056640625,49.31640625,-100.64697265625,-82.275390625
2.740478515625,0.732666015625,-1.627685546875,60.9130859375,-113.09814453125,-58.28857421875
2.850830078125,1.4234619140625,-1.1517333984375,77.33154296875,-226.86767578125,-10.009765625
2.9254150390625,1.7869873046875,-0.41650390625,111.26708984375,-247.0703125,-37.59765625
3.0875244140625,1.7073974609375,0.69482421875,21.66748046875,-217.34619140625,-72.44873046875
3.3975830078125,1.2279052734375,1.84326171875,57.4951171875,-205.74951171875,-59.50927734375
3.508544921875,0.5867919921875,2.3087158203125,60.302734375,-192.5048828125,-33.935546875
3.17724609375,0.1201171875,0.5130615234375,10.7421875,-167.90771484375,-14.6484375
2.7178955078125,-0.1702880859375,-0.8326416015625,10.498046875,-148.37646484375,-19.95849609375
2.485107421875,-0.7735595703125,0.8758544921875,10.6201171875,-146.78955078125,-31.18896484375
2.451171875,-2.3004150390625,2.35546875,4.57763671875,-122.86376953125,-31.494140625
1.078857421875,-1.06201171875,2.130615234375,16.05224609375,-101.07421875,-27.89306640625
0.106689453125,0.3953857421875,1.6148681640625,42.78564453125,-71.044921875,-19.53125
-0.6571044921875,-0.1748046875,1.7310791015625,71.6552734375,-41.44287109375,-5.79833984375
-1.164306640625,0.1517333984375,1.626953125,46.56982421875,10.07080078125,-2.86865234375
0.1654052734375,0.822998046875,1.2508544921875,25.5126953125,-1.3427734375,-2.50244140625
1.0426025390625,0.9359130859375,1.2958984375,-17.822265625,5.859375,-2.0751953125
1.2705078125,-0.35400390625,1.6834716796875,6.04248046875,5.18798828125,-1.77001953125
1.0494384765625,-1.397705078125,1.351318359375,-0.9765625,-0.30517578125,-0.6103515625
0.8172607421875,-1.3585205078125,1.038330078125,-5.2490234375,-0.3662109375,0.67138671875
1.058837890625,-0.5108642578125,1.259033203125,-5.9814453125,-2.685546875,1.52587890625
1.2554931640625,0.5306396484375,0.9820556640625,-1.77001953125,-2.62451171875,1.40380859375
1.049072265625,-0.1456298828125,0.99658203125,-2.38037109375,-0.244140625,0.48828125
0.791015625,-0.3643798828125,0.97412109375,-5.18798828125,3.90625,1.77001953125
0.87060546875,-0.12744140625,1.0235595703125,-4.8828125,3.11279296875,2.38037109375
0.7283935546875,-0.0751953125,0.9571533203125,-3.7841796875,0.91552734375,1.708984375
0.5535888671875,-0.2342529296875,0.9437255859375,-3.23486328125,1.3427734375,-0.42724609375
0.630859375,-0.2100830078125,0.932373046875,-2.86865234375,2.38037109375,-2.13623046875
0.438232421875,-0.2222900390625,0.9066162109375,-2.197265625,-1.5869140625,-3.5400390625
0.3914794921875,-0.20263671875,0.93505859375,-1.40380859375,-8.36181640625,-1.46484375
0.376953125,-0.1917724609375,0.9564208984375,-1.220703125,-9.70458984375,-3.7841796875
0.3875732421875,-0.1966552734375,0.9390869140625,3.173828125,-10.43701171875,-3.23486328125
0.3585205078125,-0.2020263671875,0.9188232421875,5.126953125,-7.8125,-2.3193359375
0.33447265625,-0.220458984375,0.9249267578125,4.82177734375,-6.89697265625,-2.5634765625
0.3309326171875,-0.216552734375,0.942138671875,6.103515625,-9.8876953125,-2.9296875
0.335205078125,-0.203125,0.9459228515625,6.4697265625,-10.498046875,-3.0517578125
0.352294921875,-0.2076416015625,0.908203125,3.47900390625,-10.986328125,-3.35693359375
0.3494873046875,-0.2227783203125,0.930419921875,1.64794921875,-12.8173828125,-4.638671875
0.34423828125,-0.232666015625,0.900634765625,-1.220703125,-13.3056640625,-5.859375
0.342529296875,-0.24658203125,0.9013671875,-3.47900390625,-13.671875,-6.34765625
0.3380126953125,-0.2420654296875,0.90625,-3.41796875,-16.41845703125,-6.9580078125
0.3211669921875,-0.218017578125,0.9014892578125,-2.38037109375,-17.88330078125,-7.9345703125
0.32763671875,-0.2139892578125,0.919189453125,-0.3662109375,-19.59228515625,-8.1787109375
0.3370361328125,-0.2025146484375,0.9232177734375,1.46484375,-20.5078125,-7.50732421875
0.334716796875,-0.2080078125,0.9281005859375,3.173828125,-22.216796875,-8.11767578125
0.3387451171875,-0.2244873046875,0.9295654296875,2.74658203125,-21.66748046875,-8.1787109375
0.325439453125,-0.223388671875,0.917724609375,2.38037109375,-24.7802734375,-8.056640625
0.3214111328125,-0.2132568359375,0.9208984375,2.0751953125,-29.96826171875,-7.50732421875
0.333251953125,-0.224609375,0.9197998046875,2.74658203125,-34.24072265625,-5.7373046875
0.34033203125,-0.228759765625,0.9254150390625,2.86865234375,-38.4521484375,-5.67626953125
0.3421630859375,-0.2198486328125,0.941650390625,2.62451171875,-43.76220703125,-6.9580078125
0.359619140625,-0.21240234375,0.9378662109375,4.2724609375,-50.84228515625,-8.85009765625
0.3521728515625,-0.2073974609375,0.94580078125,4.21142578125,-60.85205078125,-11.5966796875
0.3323974609375,-0.211181640625,0.9554443359375,-2.0751953125,-72.75390625,-18.4326171875
0.3367919921875,-0.2208251953125,0.961181640625,-4.94384765625,-88.5009765625,-25.57373046875
0.33935546875,-0.219482421875,0.9527587890625,-11.23046875,-106.50634765625,-31.18896484375
0.35693359375,-0.2056884765625,0.95654296875,-15.625,-126.89208984375,-48.7060546875
0.388427734375,-0.2041015625,0.962646484375,-21.30126953125,-145.56884765625,-61.6455078125
0.3787841796875,-0.20263671875,0.96240234375,-24.96337890625,-159.85107421875,-60.4248046875
0.3623046875,-0.1424560546875,0.9625244140625,-27.89306640625,-175.10986328125,-51.20849609375
0.37451171875,-0.1214599609375,0.9417724609375,-26.2451171875,-205.87158203125,-53.7109375
0.3702392578125,-0.158447265625,0.9429931640625,-9.09423828125,-242.0654296875,-65.3076171875
0.3563232421875,-0.1722412109375,0.9635009765625,6.9580078125,-296.9970703125,-70.98388671875
0.343505859375,-0.1802978515625,1.0198974609375,21.17919921875,-375.6103515625,-74.64599609375
0.33056640625,-0.2169189453125,1.0584716796875,21.6064453125,-374.3896484375,-104.3701171875
0.34765625,-0.2314453125,1.074951171875,10.25390625,-375.79345703125,-147.03369140625
0.3681640625,-0.22412109375,0.927734375,22.5830078125,-404.9072265625,-163.57421875
0.3472900390625,-0.2379150390625,1.0850830078125,47.79052734375,-419.49462890625,-170.166015625
0.3211669921875,-0.2135009765625,1.0709228515625,23.86474609375,-383.30078125,-203.61328125
0.3966064453125,-0.20654296875,1.0322265625,1.0986328125,-352.4169921875,-179.74853515625
0.455810546875,-0.2855224609375,1.483642578125,9.521484375,-398.5595703125,-153.25927734375
0.5,-0.267822265625,1.7373046875,-1.953125,-340.75927734375,-113.95263671875
0.4864501953125,-0.1546630859375,1.8848876953125,-41.3818359375,-232.36083984375,-73.73046875
0.525634765625,-0.3233642578125,1.9029541015625,-40.83251953125,-43.76220703125,-49.98779296875
0.406494140625,-0.508056640625,2.0992431640625,-24.169921875,83.19091796875,-29.35791015625
-0.1126708984375,-0.6312255859375,2.30078125,-73.6083984375,118.896484375,-16.9677734375
0.2225341796875,-0.9859619140625,1.9879150390625,-66.58935546875,119.44580078125,-0.18310546875
0.6654052734375,-1.174072265625,2.1988525390625,-82.45849609375,123.6572265625,18.1884765625
0.8248291015625,-1.009765625,2.625732421875,-86.7919921875,126.40380859375,37.9638671875
1.41162109375,-0.4769287109375,3.217041015625,-57.4951171875,131.4697265625,57.67822265625
1.6956787109375,-0.3555908203125,3.29541015625,-26.55029296875,145.751953125,73.6083984375
1.70263671875,-0.4085693359375,2.0565185546875,-4.69970703125,162.29248046875,85.14404296875
0.85888671875,-0.7178955078125,1.0684814453125,-5.31005859375,182.12890625,92.34619140625
-0.541015625,-1.25439453125,0.703369140625,-15.93017578125,203.125,96.00830078125
-0.234619140625,-1.2999267578125,0.72998046875,-28.564453125,219.1162109375,97.71728515625
1.9210205078125,-1.24853515625,0.831787109375,-34.1796875,230.3466796875,97.35107421875
2.2347412109375,-1.0526123046875,0.9364013671875,-33.5693359375,242.24853515625,84.16748046875
0.6474609375,-0.841064453125,1.0335693359375,-29.296875,249.45068359375,75.98876953125
-0.234375,-0.637939453125,1.110595703125,-24.5361328125,278.86962890625,67.68798828125
-0.5003662109375,-0.4686279296875,1.1683349609375,-24.90234375,286.92626953125,61.03515625
-0.45849609375,-0.3380126953125,1.1754150390625,-30.21240234375,294.921875,57.55615234375
-0.3499755859375,-0.2813720703125,1.120361328125,-50.537109375,300.35400390625,58.349609375
-0.2489013671875,-0.2911376953125,1.095947265625,-53.40576171875,309.99755859375,70.12939453125
-0.15478515625,-0.302734375,1.1278076171875,-57.18994140625,310.72998046875,79.16259765625
-0.069580078125,-0.265380859375,1.3834228515625,-63.5986328125,300.048828125,86.48681640625
0.0264892578125,-0.149658203125,1.4559326171875,-73.91357421875,286.92626953125,92.041015625
0.12841796875,-0.01611328125,1.5301513671875,-80.322265625,281.6162109375,101.4404296875
0.1888427734375,0.093017578125,1.584716796875,-85.99853515625,281.67724609375,112.3046875
0.209228515625,0.0933837890625,1.6295166015625,-77.880859375,289.00146484375,123.59619140625
0.240478515625,0.0633544921875,1.6812744140625,-63.78173828125,295.59326171875,132.8125
0.312744140625,0.0572509765625,1.7030029296875,-49.25537109375,299.13330078125,140.19775390625
0.6251220703125,0.0341796875,1.676513671875,-43.39599609375,303.5888671875,148.86474609375
0.7261962890625,-0.0576171875,1.6668701171875,-40.6494140625,301.57470703125,161.43798828125
0.8250732421875,-0.140625,1.73974609375,-40.95458984375,284.60693359375,173.40087890625
0.933349609375,-0.241943359375,1.8565673828125,-43.76220703125,259.09423828125,180.60302734375
1.0233154296875,-0.4029541015625,2.0089111328125,-50.35400390625,226.50146484375,177.79541015625
1.0582275390625,-0.5394287109375,2.1241455078125,-66.5283203125,186.34033203125,157.89794921875
1.0716552734375,-0.6343994140625,2.1181640625,-88.31787109375,147.76611328125,117.12646484375
1.1070556640625,-0.702392578125,1.9527587890625,-102.05078125,114.74609375,54.443359375
1.173583984375,-0.771728515625,1.6129150390625,-92.6513671875,74.52392578125,5.615234375
1.2764892578125,-0.820068359375,1.1439208984375,-58.04443359375,21.484375,-28.74755859375
1.4171142578125,-0.8062744140625,0.6556396484375,-32.470703125,-40.1611328125,-55.35888671875
1.61376953125,-0.67138671875,0.2034912109375,-20.5078125,-96.74072265625,-78.61328125
1.873291015625,-0.4150390625,-0.1158447265625,-14.0380859375,-120.4833984375,-124.81689453125
2.12841796875,-0.1705322265625,-0.4449462890625,-0.6103515625,-119.2626953125,-124.0234375
2.2738037109375,-0.049560546875,-0.958251953125,31.982421875,-137.87841796875,-164.73388671875
2.341796875,0.041259765625,-1.4576416015625,69.64111328125,-130.2490234375,-124.3896484375
2.427001953125,0.373779296875,-1.5816650390625,92.59033203125,-180.17578125,-58.59375
2.533447265625,0.958984375,-1.2115478515625,51.6357421875,-223.57177734375,-17.578125
2.6251220703125,1.46533203125,-0.533447265625,86.7919921875,-241.943359375,-43.3349609375
2.8065185546875,1.845947265625,0.661376953125,89.7216796875,-233.33740234375,-52.978515625
3.2010498046875,1.72216796875,1.5137939453125,60.791015625,-213.31787109375,-44.61669921875
3.4896240234375,1.0533447265625,1.38818359375,42.6025390625,-197.44873046875,-33.63037109375
3.3001708984375,0.440185546875,0.5338134765625,20.69091796875,-181.884765625,-17.27294921875
2.80908203125,0.57421875,0.4326171875,20.69091796875,-170.0439453125,-13.97705078125
2.5137939453125,0.5362548828125,1.6075439453125,16.4794921875,-171.69189453125,-20.20263671875
2.4954833984375,-1.40673828125,2.25341796875,7.87353515625,-163.14697265625,-35.0341796875
0.872802734375,-1.42431640625,2.028564453125,14.2822265625,-143.1884765625,-39.48974609375
-0.15625,-0.478515625,1.689208984375,23.62060546875,-123.291015625,-27.52685546875
-0.8646240234375,-0.9813232421875,1.6636962890625,38.4521484375,-85.205078125,-20.08056640625
-0.739990234375,-0.5029296875,1.4859619140625,39.55078125,-49.13330078125,-16.11328125
1.2513427734375,0.4151611328125,1.22314453125,20.81298828125,-27.64892578125,-8.97216796875
1.459228515625,0.6287841796875,1.3043212890625,-0.9765625,-4.150390625,-5.126953125
1.1873779296875,-0.13330078125,1.455078125,-10.3759765625,0.42724609375,-3.47900390625
1.1424560546875,-0.7860107421875,1.443603515625,-5.18798828125,5.4931640625,-1.52587890625
0.90185546875,-0.8658447265625,1.3409423828125,6.77490234375,1.3427734375,0.30517578125
0.8338623046875,-0.5057373046875,1.0621337890625,-2.50244140625,-0.91552734375,1.220703125
0.8985595703125,-0.034423828125,1.1798095703125,-5.7373046875,-4.0283203125,1.5869140625
0.866455078125,0.1656494140625,1.2008056640625,-10.498046875,-4.8828125,3.90625
0.84130859375,-0.015869140625,1.0465087890625,-9.58251953125,-2.99072265625,3.60107421875
0.7994384765625,-0.2384033203125,1.0550537109375,-10.19287109375,2.01416015625,0.0
0.8065185546875,-0.3543701171875,0.9710693359375,-9.21630859375,2.197265625,0.91552734375
0.85205078125,-0.222412109375,1.0172119140625,-9.21630859375,-2.3193359375,-1.0986328125
0.6826171875,-0.085205078125,0.9888916015625,-3.7841796875,-6.103515625,-1.953125
0.5458984375,-0.20751953125,0.9649658203125,-0.9765625,-14.6484375,-5.126953125
0.5008544921875,-0.2337646484375,0.93896484375,2.197265625,-9.521484375,-4.8828125
0.4580078125,-0.2022705078125,0.92919921875,1.52587890625,-8.72802734375,-4.0283203125
0.4295654296875,-0.2071533203125,0.930419921875,1.40380859375,-10.7421875,-3.35693359375
0.3992919921875,-0.2193603515625,0.9178466796875,-0.8544921875,-8.9111328125,-3.0517578125
0.41357421875,-0.216796875,0.9239501953125,-0.6103515625,-8.23974609375,-4.150390625
0.40576171875,-0.219970703125,0.89501953125,-1.708984375,-10.19287109375,-4.2724609375
0.39306640625,-0.23046875,0.8687744140625,-3.47900390625,-11.1083984375,-3.90625
0.38134765625,-0.2237548828125,0.905517578125,-4.150390625,-11.23046875,-3.11279296875
0.3516845703125,-0.23193359375,0.8995361328125,-2.5634765625,-12.39013671875,-2.50244140625
0.3482666015625,-0.233154296875,0.8907470703125,0.06103515625,-12.8173828125,-2.44140625
0.3204345703125,-0.25634765625,0.909912109375,2.74658203125,-12.51220703125,-2.5634765625
0.3154296875,-0.2568359375,0.917236328125,3.23486328125,-13.3056640625,-2.3193359375
0.3424072265625,-0.2335205078125,0.9097900390625,3.2958984375,-14.95361328125,-2.74658203125
0.3443603515625,-0.23681640625,0.9130859375,3.11279296875,-16.9677734375,-3.5400390625
0.3460693359375,-0.2332763671875,0.918212890625,2.86865234375,-20.1416015625,-4.08935546875
0.3525390625,-0.2379150390625,0.92138671875,2.99072265625,-21.728515625,-3.173828125
0.3653564453125,-0.246826171875,0.9136962890625,3.11279296875,-24.84130859375,-3.11279296875
0.3668212890625,-0.238525390625,0.9134521484375,3.35693359375,-30.70068359375,-1.89208984375
0.363037109375,-0.2171630859375,0.9210205078125,3.35693359375,-36.92626953125,-0.732421875
0.372802734375,-0.2093505859375,0.921875,3.41796875,-45.5322265625,1.52587890625
0.3787841796875,-0.2149658203125,0.915283203125,4.638671875,-52.91748046875,1.708984375
0.378173828125,-0.2252197265625,0.9149169921875,5.06591796875,-61.34033203125,-0.8544921875
0.3865966796875,-0.2261962890625,0.945068359375,0.8544921875,-72.20458984375,-8.056640625
0.36669921875,-0.2286376953125,0.9483642578125,-2.99072265625,-86.5478515625,-14.5263671875
0.366455078125,-0.23291015625,0.949462890625,-9.27734375,-103.6376953125,-19.34814453125
0.3756103515625,-0.226318359375,0.9727783203125,-16.66259765625,-127.685546875,-27.03857421875
0.37060546875,-0.2176513671875,0.958251953125,-24.10888671875,-146.1181640625,-37.53662109375
0.3455810546875,-0.2064208984375,0.949462890625,-29.052734375,-159.3017578125,-53.466796875
0.353759765625,-0.16650390625,0.9437255859375,-33.99658203125,-160.400390625,-42.66357421875
0.375732421875,-0.1396484375,0.936279296875,-31.005859375,-171.38671875,-31.73828125
0.35546875,-0.154296875,0.906982421875,-15.13671875,-201.84326171875,-37.841796875
0.3333740234375,-0.1715087890625,0.9193115234375,-6.8359375,-241.88232421875,-43.39599609375
0.3458251953125,-0.18896484375,0.9930419921875,7.8125,-322.75390625,-44.43359375
0.3568115234375,-0.238525390625,1.0262451171875,24.23095703125,-372.0703125,-56.45751953125
0.3570556640625,-0.2537841796875,1.0218505859375,19.95849609375,-384.765625,-89.05029296875
0.3660888671875,-0.2464599609375,0.894287109375,15.0146484375,-406.43310546875,-122.4365234375
0.4013671875,-0.2578125,1.009765625,24.96337890625,-421.630859375,-133.36181640625
0.3787841796875,-0.2950439453125,1.2974853515625,25.57373046875,-416.8701171875,-147.03369140625
0.3916015625,-0.2750244140625,0.7001953125,-14.95361328125,-370.849609375,-124.45068359375
0.453369140625,-0.2012939453125,1.1209716796875,-9.3994140625,-358.21533203125,-115.90576171875
0.543212890625,-0.2432861328125,1.8370361328125,15.0146484375,-228.45458984375,-101.07421875
0.5262451171875,-0.19091796875,1.704345703125,4.7607421875,-37.109375,-85.02197265625
0.37109375,-0.111328125,1.8154296875,-59.50927734375,91.6748046875,-70.6787109375
0.457763671875,-0.3759765625,1.8524169921875,-98.2666015625,143.06640625,-49.072265625
0.3975830078125,-0.58349609375,1.98046875,-71.4111328125,157.89794921875,-35.2783203125
-0.1119384765625,-0.6845703125,2.3343505859375,-65.97900390625,167.66357421875,-18.73779296875
0.1787109375,-0.9444580078125,2.7982177734375,-71.59423828125,166.93115234375,-2.25830078125
0.9105224609375,-1.05224609375,3.090087890625,-49.37744140625,164.12353515625,13.18359375
1.14892578125,-0.81982421875,3.4835205078125,-18.49365234375,169.7998046875,28.13720703125
1.4515380859375,-0.0101318359375,2.4195556640625,9.94873046875,178.7109375,40.95458984375
1.68994140625,-0.578369140625,1.4466552734375,13.0615234375,189.75830078125,52.490234375
1.6148681640625,-1.180419921875,0.904296875,9.21630859375,204.16259765625,72.3876953125
0.3358154296875,-1.0081787109375,0.6241455078125,4.82177734375,217.8955078125,81.0546875
2.2359619140625,-0.9197998046875,0.6004638671875,0.79345703125,241.943359375,87.646484375
2.40087890625,-0.869140625,0.623779296875,-1.953125,253.41796875,92.10205078125
0.9696044921875,-0.7813720703125,0.6947021484375,-3.7841796875,265.19775390625,95.15380859375
0.1673583984375,-0.5494384765625,0.7672119140625,-8.6669921875,276.67236328125,106.4453125
-0.1171875,-0.4788818359375,0.84326171875,-10.92529296875,288.818359375,108.0322265625
-0.1881103515625,-0.4580078125,0.9266357421875,-11.90185546875,315.85693359375,130.43212890625
-0.2244873046875,-0.487060546875,1.06005859375,-14.34326171875,314.14794921875,143.1884765625
-0.1861572265625,-0.5267333984375,1.08642578125,-19.10400390625,298.64501953125,156.43310546875
-0.120849609375,-0.5443115234375,1.1187744140625,-65.49072265625,307.06787109375,170.8984375
-0.0484619140625,-0.5360107421875,1.174560546875,-74.03564453125,312.1337890625,179.99267578125
0.0340576171875,-0.5067138671875,1.252685546875,-80.01708984375,312.8662109375,198.54736328125
0.12353515625,-0.4940185546875,1.465576171875,-62.01171875,302.30712890625,181.45751953125
0.2127685546875,-0.48974609375,1.5892333984375,-57.67822265625,257.9345703125,135.25390625
0.407470703125,-0.4796142578125,1.7646484375,-62.31689453125,203.125,63.3544921875
0.4896240234375,-0.4617919921875,1.876220703125,-77.0263671875,134.8876953125,0.732421875
0.5831298828125,-0.4742431640625,1.91796875,-127.50244140625,86.36474609375,-29.6630859375
0.6800537109375,-0.556396484375,1.9022216796875,-122.49755859375,20.69091796875,-61.46240234375
0.7889404296875,-0.7484130859375,1.8033447265625,-62.56103515625,-56.70166015625,-66.650390625
1.205078125,-1.1474609375,1.2908935546875,-60.302734375,-136.65771484375,-36.07177734375
1.281005859375,-1.1820068359375,0.5771484375,-83.0078125,-132.14111328125,-40.6494140625
1.4798583984375,-1.0228271484375,-0.5467529296875,-81.60400390625,-128.5400390625,-56.21337890625
1.8912353515625,-0.6722412109375,-1.37353515625,16.17431640625,-84.28955078125,-50.84228515625
2.0794677734375,-0.325927734375,-1.949951171875,57.0068359375,-122.0703125,-55.11474609375
2.2568359375,0.0771484375,-1.941650390625,136.23046875,-252.50244140625,-14.34326171875
2.37255859375,0.9373779296875,-0.60205078125,126.15966796875,-264.83154296875,-82.03125
2.4664306640625,1.6292724609375,0.4525146484375,64.208984375,-232.0556640625,-69.76318359375
2.925537109375,1.99853515625,1.7037353515625,89.2333984375,-194.64111328125,-39.9169921875
3.5059814453125,1.4188232421875,2.168701171875,76.11083984375,-170.654296875,-17.4560546875
3.592529296875,-0.3067626953125,0.3375244140625,25.69580078125,-165.95458984375,-13.85498046875
3.22802734375,-0.7420654296875,-0.6009521484375,7.50732421875,-177.24609375,-34.3017578125
2.7451171875,-1.1607666015625,1.3895263671875,-4.39453125,-170.654296875,-32.28759765625
2.51806640625,-2.19482421875,2.708984375,12.26806640625,-118.83544921875,-39.9169921875
1.3922119140625,-0.343505859375,1.823486328125,36.56005859375,-100.89111328125,-45.166015625
0.0809326171875,1.560302734375,1.706298828125,58.53271484375,-85.205078125,-26.9775390625
-0.875732421875,0.8507080078125,1.318359375,53.64990234375,-40.4052734375,-16.6015625
-1.1328125,1.0533447265625,0.996826171875,66.34521484375,-18.49365234375,-8.97216796875
0.102783203125,0.9476318359375,1.274658203125,36.4990234375,-16.54052734375,-6.591796875
1.1767578125,-0.615966796875,1.509521484375,15.31982421875,3.2958984375,-5.9814453125
1.4036865234375,-1.66162109375,1.144775390625,17.39501953125,-2.74658203125,-4.33349609375
0.891357421875,-1.4444580078125,1.007568359375,9.27734375,-6.77490234375,-0.1220703125
0.955322265625,-0.488037109375,1.2890625,3.173828125,-9.27734375,-2.50244140625
0.9451904296875,0.12841796875,1.236083984375,2.50244140625,5.37109375,-2.01416015625
0.775390625,-0.451416015625,1.00146484375,1.0986328125,3.0517578125,-0.8544921875
0.8399658203125,-0.4664306640625,1.0413818359375,-1.708984375,2.8076171875,-2.5634765625
0.79345703125,-0.011962890625,1.0523681640625,0.67138671875,2.685546875,-3.60107421875
0.636474609375,-0.0377197265625,0.994384765625,0.79345703125,-3.23486328125,-3.84521484375
0.69189453125,-0.35009765625,0.958251953125,1.220703125,-10.92529296875,-1.15966796875
0.786865234375,-0.178955078125,0.953369140625,0.9765625,-14.22119140625,-1.8310546875
0.5733642578125,-0.2301025390625,0.9638671875,1.220703125,-13.7939453125,-1.5869140625
0.4566650390625,-0.212890625,0.9381103515625,1.15966796875,-13.427734375,-3.662109375
0.4208984375,-0.1771240234375,0.93798828125,2.50244140625,-11.8408203125,-3.173828125
0.4171142578125,-0.2322998046875,0.9342041015625,3.2958984375,-12.3291015625,-3.23486328125
0.3822021484375,-0.23876953125,0.9510498046875,4.57763671875,-13.97705078125,-3.47900390625
0.3525390625,-0.232177734375,0.920166015625,-2.0751953125,-15.44189453125,-3.35693359375
0.385009765625,-0.2362060546875,0.916259765625,-1.5869140625,-15.380859375,-2.9296875
0.3990478515625,-0.238037109375,0.9134521484375,-1.220703125,-15.07568359375,-3.0517578125
0.40234375,-0.2464599609375,0.9276123046875,-0.54931640625,-15.93017578125,-2.44140625
0.377197265625,-0.229248046875,0.89453125,0.0,-16.357421875,-2.13623046875
0.3441162109375,-0.216064453125,0.9205322265625,1.708984375,-16.357421875,-1.953125
0.3568115234375,-0.221923828125,0.925048828125,1.46484375,-16.6015625,-1.64794921875
0.3670654296875,-0.2393798828125,0.915283203125,1.52587890625,-16.78466796875,-1.5869140625
0.3687744140625,-0.24365234375,0.9088134765625,2.197265625,-17.578125,-2.99072265625
0.3612060546875,-0.2333984375,0.9071044921875,2.13623046875,-19.59228515625,-3.47900390625
0.34814453125,-0.227783203125,0.91845703125,2.25830078125,-28.80859375,-4.7607421875
0.3682861328125,-0.2159423828125,0.9166259765625,2.62451171875,-33.75244140625,-7.4462890625
0.378662109375,-0.214599609375,0.9122314453125,2.62451171875,-40.34423828125,-13.0615234375
0.39013671875,-0.2271728515625,0.9139404296875,1.40380859375,-44.921875,-16.90673828125
0.387451171875,-0.2254638671875,0.912109375,-0.42724609375,-55.5419921875,-21.1181640625
0.3797607421875,-0.220703125,0.9171142578125,-2.99072265625,-63.4765625,-21.1181640625
0.3878173828125,-0.21728515625,0.9281005859375,-4.94384765625,-74.76806640625,-21.484375
0.4068603515625,-0.2198486328125,0.93017578125,-5.37109375,-91.73583984375,-23.62060546875
0.4166259765625,-0.2138671875,0.9287109375,-7.99560546875,-113.6474609375,-31.982421875
0.4124755859375,-0.212158203125,0.943115234375,-11.5966796875,-132.01904296875,-47.91259765625
0.416015625,-0.1932373046875,0.9447021484375,-15.9912109375,-147.0947265625,-57.0068359375
0.4000244140625,-0.203857421875,0.90234375,-22.705078125,-156.92138671875,-52.8564453125
0.3795166015625,-0.2120361328125,0.922607421875,-24.23095703125,-168.9453125,-47.30224609375
0.36474609375,-0.231689453125,0.93017578125,-15.93017578125,-192.2607421875,-63.65966796875
0.3585205078125,-0.2508544921875,0.93115234375,-5.31005859375,-225.341796875,-104.00390625
0.3603515625,-0.2467041015625,0.949951171875,13.97705078125,-356.62841796875,-123.4130859375
0.38671875,-0.21240234375,0.9830322265625,23.74267578125,-378.47900390625,-133.30078125
0.3900146484375,-0.1636962890625,1.0177001953125,18.00537109375,-375.9765625,-141.4794921875
0.4073486328125,-0.162109375,0.9710693359375,16.845703125,-329.65087890625,-162.841796875
0.4140625,-0.216552734375,0.86376953125,-5.615234375,-300.96435546875,-164.12353515625
0.3719482421875,-0.2177734375,1.05712890625,1.89208984375,-348.876953125,-169.921875
0.388427734375,-0.1732177734375,1.08642578125,-15.80810546875,-334.47265625,-138.671875
0.474609375,-0.2706298828125,1.6971435546875,-37.17041015625,-226.98974609375,-115.66162109375
0.504150390625,-0.32177734375,1.6085205078125,-56.33544921875,-20.8740234375,-109.55810546875
0.5435791015625,-0.251708984375,1.6705322265625,-44.7998046875,107.72705078125,-99.4873046875
0.5042724609375,-0.3350830078125,1.896484375,-61.767578125,129.8828125,-88.43994140625
0.57470703125,-0.8392333984375,1.9036865234375,-59.38720703125,135.3759765625,-74.70703125
0.3909912109375,-0.78955078125,1.8291015625,-82.6416015625,152.4658203125,-33.935546875
0.2467041015625,-0.68017578125,2.069091796875,-101.13525390625,160.888671875,-5.859375
1.4005126953125,-0.338134765625,2.984619140625,-82.03125,168.8232421875,23.92578125
1.5489501953125,-0.22412109375,3.2738037109375,-51.26953125,177.30712890625,52.55126953125
1.487060546875,-0.3609619140625,2.174072265625,-30.517578125,187.255859375,78.79638671875
0.71728515625,-0.32763671875,1.12548828125,-16.78466796875,196.2890625,100.830078125
-0.2271728515625,-0.467041015625,0.64697265625,-21.54541015625,204.89501953125,117.5537109375
-0.1451416015625,-0.711181640625,0.5804443359375,-30.517578125,212.58544921875,129.94384765625
1.499755859375,-0.82470703125,0.5166015625,-38.51318359375,219.54345703125,137.5732421875
2.2451171875,-0.8697509765625,0.5548095703125,-44.0673828125,226.25732421875,139.83154296875
1.074462890625,-0.8216552734375,0.6263427734375,-46.44775390625,234.2529296875,136.1083984375
0.10888671875,-0.7166748046875,0.6934814453125,-46.630859375,244.20166015625,127.86865234375
-0.2886962890625,-0.626953125,0.7415771484375,-47.18017578125,256.16455078125,117.919921875
-0.268798828125,-0.6002197265625,0.8134765625,-47.4853515625,269.53125,109.0087890625
-0.1925048828125,-0.60595703125,0.914794921875,-48.4619140625,275.93994140625,102.4169921875
-0.0972900390625,-0.6163330078125,1.04931640625,-51.45263671875,282.8369140625,102.23388671875
-0.0521240234375,-0.600830078125,1.204345703125,-59.4482421875,287.53662109375,108.642578125
-0.004638671875,-0.5611572265625,1.3148193359375,-72.57080078125,286.9873046875,120.60546875
0.043701171875,-0.494384765625,1.3675537109375,-87.46337890625,274.5361328125,135.7421875
0.0892333984375,-0.4083251953125,1.413818359375,-96.25244140625,255.615234375,165.95458984375
0.148681640625,-0.3236083984375,1.42041015625,-98.5107421875,236.9384765625,180.96923828125
0.2476806640625,-0.2384033203125,1.4056396484375,-91.73583984375,224.91455078125,192.93212890625
0.391357421875,-0.1322021484375,1.4202880859375,-79.16259765625,221.98486328125,198.6083984375
0.56298828125,-0.0224609375,1.426025390625,-60.24169921875,213.9892578125,190.36865234375
0.706787109375,0.0435791015625,1.39111328125,-24.4140625,177.490234375,-52.3681640625
0.8094482421875,-0.01123046875,1.328125,-20.8740234375,157.89794921875,-54.74853515625
0.9091796875,-0.16357421875,1.2764892578125,-29.296875,-57.4951171875,-40.0390625
1.0218505859375,-0.333984375,1.2244873046875,-50.72021484375,-68.115234375,-36.92626953125
1.1319580078125,-0.5130615234375,1.2366943359375,-57.12890625,-82.82470703125,-39.24560546875
1.2379150390625,-0.67626953125,1.2347412109375,4.150390625,-15.31982421875,-43.212890625
1.3424072265625,-0.8232421875,1.03857421875,34.11865234375,-134.70458984375,-6.28662109375
1.4156494140625,-0.9029541015625,0.835205078125,59.38720703125,-134.765625,-19.22607421875
1.4786376953125,-0.685791015625,-0.2027587890625,115.17333984375,-79.52880859375,-14.5263671875
1.587646484375,-0.4302978515625,0.191650390625,4.21142578125,-12.75634765625,-12.6953125
1.986572265625,0.06640625,0.749267578125,4.2724609375,-0.67138671875,-10.6201171875
2.2071533203125,0.3681640625,1.4937744140625,24.10888671875,4.82177734375,-5.06591796875
2.3929443359375,0.07275390625,1.674560546875,1.03759765625,5.67626953125,-5.06591796875
2.5875244140625,-0.1016845703125,1.520751953125,0.6103515625,5.615234375,-5.126953125
2.62744140625,-0.1865234375,1.02880859375,2.50244140625,2.86865234375,-3.7841796875
1.6513671875,-1.585693359375,0.964111328125,2.86865234375,0.18310546875,-2.685546875
1.6617431640625,0.378662109375,1.0101318359375,3.0517578125,-4.150390625,-1.28173828125
0.55126953125,0.1839599609375,0.99072265625,0.9765625,-6.89697265625,-2.0751953125
-0.611572265625,-0.0343017578125,0.9775390625,0.48828125,-3.96728515625,-1.708984375
0.7015380859375,-0.231689453125,0.951904296875,0.48828125,3.662109375,-2.685546875
0.794677734375,-0.207763671875,0.9478759765625,-0.3662109375,6.53076171875,0.732421875
0.3065185546875,-0.2279052734375,0.971923828125,-2.0751953125,3.41796875,0.0
0.4554443359375,-0.1796875,0.974853515625,5.7373046875,-7.080078125,0.30517578125
0.453369140625,-0.2098388671875,0.9493408203125,6.7138671875,-4.8828125,1.0986328125
0.4080810546875,-0.2327880859375,0.9444580078125,3.23486328125,-3.90625,1.0986328125
0.3902587890625,-0.220703125,0.884765625,-2.74658203125,-2.0751953125,0.732421875
0.358642578125,-0.2186279296875,0.91943359375,-2.3193359375,-0.54931640625,0.42724609375
0.3575439453125,-0.2177734375,0.908447265625,-2.3193359375,-0.18310546875,-0.06103515625
0.3809814453125,-0.2139892578125,0.9132080078125,-2.9296875,-0.6103515625,-0.244140625
0.38623046875,-0.225830078125,0.917236328125,-2.9296875,-0.91552734375,-0.3662109375
0.384033203125,-0.2374267578125,0.9229736328125,-2.50244140625,-0.67138671875,-0.48828125
0.3885498046875,-0.2076416015625,0.91650390625,-1.708984375,-0.1220703125,-0.48828125
0.380859375,-0.21630859375,0.916259765625,-1.220703125,-0.67138671875,-0.91552734375
0.3680419921875,-0.230224609375,0.91796875,-0.732421875,-0.91552734375,-0.91552734375
0.3603515625,-0.2227783203125,0.917236328125,0.06103515625,-1.5869140625,-0.8544921875
0.3607177734375,-0.2271728515625,0.912353515625,1.03759765625,-2.01416015625,-1.0986328125
0.3753662109375,-0.234130859375,0.914306640625,2.25830078125,-2.3193359375,-0.48828125
0.376220703125,-0.2330322265625,0.9189453125,3.60107421875,-3.0517578125,0.0
0.376708984375,-0.2314453125,0.9254150390625,4.2724609375,-2.74658203125,0.48828125
0.371826171875,-0.2286376953125,0.9276123046875,4.638671875,-2.3193359375,0.67138671875
0.368408203125,-0.22509765625,0.92626953125,4.45556640625,-1.708984375,0.3662109375
0.3663330078125,-0.22119140625,0.9278564453125,2.38037109375,-1.77001953125,0.0
0.3653564453125,-0.2198486328125,0.92236328125,1.15966796875,-2.01416015625,-0.30517578125
0.3665771484375,-0.2249755859375,0.91796875,0.18310546875,-2.44140625,-0.06103515625
0.368896484375,-0.226806640625,0.9261474609375,-0.30517578125,-2.44140625,0.48828125
0.3717041015625,-0.2222900390625,0.9248046875,-0.30517578125,-1.5869140625,0.732421875
0.37158203125,-0.2249755859375,0.92236328125,-0.30517578125,-1.40380859375,0.79345703125
0.3729248046875,-0.227294921875,0.9212646484375,-0.48828125,-1.3427734375,1.03759765625
0.376953125,-0.2080078125,0.9185791015625,-0.54931640625,-1.15966796875,1.5869140625
0.3719482421875,-0.208984375,0.9095458984375,-0.91552734375,-1.77001953125,2.0751953125
0.368896484375,-0.2122802734375,0.9102783203125,-0.9765625,-2.50244140625,2.3193359375
0.380126953125,-0.2178955078125,0.921875,-0.79345703125,-3.2958984375,1.953125
0.3817138671875,-0.22119140625,0.926025390625,-1.0986328125,-4.08935546875,0.30517578125
0.38037109375,-0.2235107421875,0.924072265625,-1.77001953125,-5.79833984375,-0.54931640625
0.37451171875,-0.2188720703125,0.9290771484375,-2.62451171875,-8.544921875,-0.9765625
0.3680419921875,-0.207275390625,0.933837890625,-3.0517578125,-5.9814453125,-0.9765625
0.3603515625,-0.209716796875,0.9317626953125,-2.62451171875,-3.173828125,-1.3427734375
0.36767578125,-0.2177734375,0.9281005859375,-0.8544921875,-1.0986328125,-1.89208984375
0.3807373046875,-0.212890625,0.9251708984375,0.91552734375,-0.6103515625,-1.708984375
0.3819580078125,-0.2042236328125,0.9200439453125,1.3427734375,-0.30517578125,-0.9765625
0.3851318359375,-0.20849609375,0.9095458984375,2.0751953125,-0.18310546875,-0.3662109375
0.38720703125,-0.2186279296875,0.8985595703125,3.23486328125,0.1220703125,0.30517578125
0.3828125,-0.22216796875,0.89794921875,3.72314453125,0.30517578125,1.5869140625
0.3790283203125,-0.22607421875,0.9119873046875,3.173828125,0.30517578125,1.3427734375
0.3760986328125,-0.234619140625,0.916259765625,2.197265625,-2.25830078125,1.220703125
0.374267578125,-0.232666015625,0.91650390625,0.8544921875,-1.46484375,0.9765625
0.364013671875,-0.2293701171875,0.9193115234375,-0.6103515625,-1.3427734375,0.48828125
0.370361328125,-0.2255859375,0.91943359375,-4.2724609375,-1.5869140625,-0.1220703125
0.3807373046875,-0.224609375,0.9180908203125,-3.72314453125,-1.953125,-0.67138671875
0.388916015625,-0.219482421875,0.9178466796875,-2.74658203125,-2.13623046875,-0.9765625
0.3929443359375,-0.2093505859375,0.9136962890625,-1.77001953125,-2.0751953125,-1.0986328125
0.3907470703125,-0.206787109375,0.9176025390625,-0.54931640625,-1.89208984375,-1.220703125
0.3905029296875,-0.20654296875,0.917724609375,0.67138671875,-1.40380859375,-1.0986328125
0.3919677734375,-0.207763671875,0.912841796875,1.708984375,-0.732421875,-0.91552734375
0.3900146484375,-0.222412109375,0.9111328125,2.3193359375,0.0,-0.67138671875
0.38623046875,-0.221435546875,0.9102783203125,2.50244140625,0.244140625,-0.48828125
