1.285400390625,-0.07080078125,3.216064453125,-11.90185546875,188.5986328125,94.42138671875
0.9189453125,-0.874267578125,2.0811767578125,-13.5498046875,197.021484375,103.3935546875
0.1890869140625,-1.59619140625,1.1463623046875,-24.5361328125,211.73095703125,106.5673828125
-0.1693115234375,-1.287353515625,0.787841796875,-38.57421875,227.35595703125,104.736328125
0.6383056640625,-1.1822509765625,0.6317138671875,-44.43359375,241.8212890625,99.12109375
2.033203125,-0.9163818359375,0.6309814453125,-42.05322265625,252.44140625,91.85791015625
1.944580078125,-0.620849609375,0.706298828125,-37.7197265625,259.82666015625,82.763671875
0.8038330078125,-0.4400634765625,0.8138427734375,-33.69140625,265.9912109375,71.533203125
0.2005615234375,-0.348876953125,0.9080810546875,-28.86962890625,275.0244140625,59.08203125
-0.072998046875,-0.332275390625,0.9793701171875,-27.587890625,285.0341796875,47.36328125
-0.1905517578125,-0.351806640625,1.034912109375,-31.18896484375,293.5791015625,39.4287109375
-0.18701171875,-0.341064453125,1.0770263671875,-37.90283203125,299.86572265625,45.59326171875
-0.125732421875,-0.272216796875,1.11328125,-44.61669921875,310.791015625,46.142578125
-0.0501708984375,-0.1688232421875,1.145263671875,-49.49951171875,313.1103515625,49.98779296875
0.049072265625,-0.045166015625,1.21240234375,-53.52783203125,311.46240234375,52.1240234375
0.1468505859375,0.094482421875,1.2999267578125,-64.453125,298.2177734375,56.7626953125
0.2135009765625,0.2110595703125,1.36279296875,-74.21875,287.59765625,67.68798828125
0.259765625,0.267578125,1.37060546875,-89.84375,283.38623046875,84.47265625
0.3076171875,0.2587890625,1.4161376953125,-85.63232421875,283.75244140625,102.294921875
0.3675537109375,0.2362060546875,1.4737548828125,-76.0498046875,287.29248046875,113.6474609375
0.44677734375,0.2413330078125,1.580810546875,-65.185546875,296.69189453125,120.7275390625
0.5408935546875,0.2099609375,1.7000732421875,-60.11962890625,303.7109375,130.18798828125
0.6328125,0.2001953125,1.6741943359375,-59.814453125,310.24169921875,145.5078125
0.69482421875,0.097900390625,1.6416015625,-59.50927734375,314.208984375,160.21728515625
0.7418212890625,-0.0843505859375,1.702880859375,-53.28369140625,300.23193359375,165.6494140625
0.802001953125,-0.2100830078125,1.860107421875,-40.1611328125,274.23095703125,154.296875
0.8695068359375,-0.3294677734375,2.0634765625,-35.21728515625,242.0654296875,124.1455078125
0.94140625,-0.4200439453125,2.207275390625,-51.69677734375,202.5146484375,70.556640625
1.0048828125,-0.5404052734375,2.1771240234375,-84.53369140625,162.78076171875,6.65283203125
1.0562744140625,-0.698486328125,2.0198974609375,-111.14501953125,121.03271484375,-38.57421875
1.0994873046875,-0.8822021484375,1.7056884765625,-116.27197265625,66.40625,-67.9931640625
1.17919921875,-0.948974609375,1.2003173828125,-104.8583984375,-0.3662109375,-86.73095703125
1.3543701171875,-0.75048828125,0.641845703125,-92.28515625,-71.1669921875,-85.38818359375
1.619384765625,-0.380126953125,0.1258544921875,-65.00244140625,-126.40380859375,-71.35009765625
1.92529296875,-0.044921875,-0.338623046875,-33.50830078125,-152.2216796875,-107.72705078125
2.2110595703125,0.1597900390625,-0.8857421875,0.54931640625,-145.56884765625,-87.95166015625
2.404052734375,0.3839111328125,-1.5467529296875,35.09521484375,-152.03857421875,-70.4345703125
2.5191650390625,0.8023681640625,-1.9930419921875,62.80517578125,-102.6611328125,-32.2265625
2.634521484375,1.15234375,-1.876953125,80.13916015625,-190.5517578125,-14.404296875
2.7509765625,1.3924560546875,-1.2474365234375,124.755859375,-251.40380859375,-53.8330078125
2.8358154296875,1.54833984375,-0.390625,88.43994140625,-244.2626953125,-61.95068359375
3.0592041015625,1.2586669921875,1.4615478515625,59.5703125,-218.44482421875,-38.6962890625
3.4332275390625,0.6279296875,2.5079345703125,79.345703125,-208.19091796875,-16.9677734375
3.5025634765625,0.0743408203125,1.1766357421875,44.43359375,-185.24169921875,-13.916015625
3.080810546875,-0.287353515625,-0.3475341796875,21.6064453125,-161.4990234375,-15.5029296875
2.5826416015625,-1.6195068359375,0.12646484375,17.63916015625,-156.494140625,-34.7900390625
2.3739013671875,-1.790283203125,1.92724609375,16.6015625,-146.1181640625,-33.3251953125
2.3621826171875,-0.1341552734375,2.4241943359375,15.93017578125,-128.96728515625,-24.47509765625
0.0970458984375,0.2437744140625,1.81884765625,37.90283203125,-100.830078125,-27.34375
-1.04150390625,0.0301513671875,1.655029296875,68.2373046875,-78.61328125,-16.2353515625
-0.51025390625,0.5306396484375,1.758544921875,78.67431640625,-76.7822265625,-10.25390625
-0.1448974609375,0.9903564453125,1.5025634765625,48.64501953125,-36.2548828125,-2.01416015625
0.94287109375,0.2578125,1.3768310546875,26.85546875,-11.23046875,-0.732421875
1.28173828125,-0.8768310546875,1.5303955078125,7.75146484375,-4.33349609375,-0.30517578125
1.288330078125,-1.1766357421875,1.7210693359375,-20.6298828125,4.21142578125,-0.67138671875
0.931640625,-0.716796875,1.3973388671875,6.89697265625,6.53076171875,-0.244140625
0.96337890625,0.1380615234375,0.983154296875,-2.9296875,4.69970703125,0.9765625
1.2557373046875,0.660888671875,1.1375732421875,-10.43701171875,2.44140625,2.44140625
1.2154541015625,0.1640625,1.1990966796875,-11.29150390625,2.13623046875,2.44140625
0.8878173828125,-0.551025390625,1.02685546875,-9.033203125,1.15966796875,1.40380859375
0.7900390625,-0.365966796875,0.94091796875,-6.7138671875,0.42724609375,0.8544921875
0.9266357421875,-0.092041015625,0.98193359375,-5.9814453125,2.86865234375,1.40380859375
0.700927734375,-0.1871337890625,1.001220703125,-7.080078125,5.859375,1.220703125
0.4896240234375,-0.2210693359375,0.988525390625,-6.9580078125,4.21142578125,-0.48828125
0.5140380859375,-0.2349853515625,0.9566650390625,-5.2490234375,0.0,-0.732421875
0.55126953125,-0.2227783203125,0.9306640625,-4.2724609375,-1.28173828125,-2.5634765625
0.5523681640625,-0.2130126953125,0.9193115234375,-2.86865234375,-2.25830078125,-6.8359375
0.4423828125,-0.1885986328125,0.907958984375,-1.15966796875,-5.37109375,-5.31005859375
0.416259765625,-0.185302734375,0.91162109375,-0.42724609375,-11.77978515625,-4.5166015625
0.40869140625,-0.20263671875,0.933837890625,0.18310546875,-11.5966796875,-4.69970703125
0.3955078125,-0.2196044921875,0.930419921875,1.15966796875,-12.6953125,-6.103515625
0.35791015625,-0.231201171875,0.913330078125,2.9296875,-13.18359375,-5.9814453125
0.32373046875,-0.2296142578125,0.93359375,5.18798828125,-10.986328125,-5.126953125
0.3248291015625,-0.2242431640625,0.93359375,6.16455078125,-10.92529296875,-4.150390625
0.3377685546875,-0.2305908203125,0.9412841796875,6.04248046875,-11.90185546875,-4.0283203125
0.342529296875,-0.228515625,0.9014892578125,6.04248046875,-13.85498046875,-4.150390625
0.3355712890625,-0.2335205078125,0.9237060546875,5.06591796875,-14.5263671875,-4.150390625
0.3271484375,-0.26123046875,0.908935546875,1.89208984375,-13.427734375,-4.21142578125
0.3359375,-0.2503662109375,0.907958984375,-1.03759765625,-14.95361328125,-3.90625
0.33984375,-0.2210693359375,0.9078369140625,-3.35693359375,-15.56396484375,-3.84521484375
0.31884765625,-0.2130126953125,0.9136962890625,-2.44140625,-16.17431640625,-3.90625
0.319091796875,-0.2205810546875,0.9249267578125,-0.6103515625,-17.63916015625,-3.96728515625
0.3414306640625,-0.2215576171875,0.9158935546875,0.244140625,-18.37158203125,-3.2958984375
0.3475341796875,-0.216552734375,0.9263916015625,1.220703125,-18.73779296875,-2.9296875
0.3446044921875,-0.2088623046875,0.916259765625,2.13623046875,-20.263671875,-1.8310546875
0.3485107421875,-0.2091064453125,0.91650390625,3.173828125,-23.5595703125,-0.48828125
0.348388671875,-0.21826171875,0.923095703125,3.2958984375,-27.4658203125,-0.6103515625
0.35400390625,-0.2142333984375,0.923583984375,3.35693359375,-31.73828125,-0.48828125
0.37158203125,-0.204345703125,0.923583984375,2.25830078125,-38.4521484375,-0.732421875
0.3836669921875,-0.203125,0.923095703125,1.40380859375,-43.64013671875,-2.13623046875
0.370849609375,-0.212890625,0.934814453125,1.953125,-51.6357421875,-10.92529296875
0.368896484375,-0.2161865234375,0.933349609375,-3.72314453125,-60.791015625,-29.72412109375
0.3714599609375,-0.2069091796875,0.93359375,-5.92041015625,-70.6787109375,-35.46142578125
0.369384765625,-0.197998046875,0.9443359375,-10.43701171875,-98.81591796875,-40.95458984375
0.3681640625,-0.192626953125,0.9605712890625,-16.2353515625,-129.5166015625,-52.30712890625
0.365478515625,-0.200927734375,0.951171875,-22.39990234375,-136.8408203125,-43.45703125
0.365478515625,-0.1378173828125,0.938720703125,-30.8837890625,-147.76611328125,-36.9873046875
0.369384765625,-0.12841796875,0.943359375,-18.00537109375,-155.517578125,-33.8134765625
0.3701171875,-0.1866455078125,0.9278564453125,-11.474609375,-194.091796875,-49.98779296875
0.3798828125,-0.1707763671875,0.9215087890625,-2.5634765625,-231.4453125,-57.0068359375
0.36083984375,-0.18310546875,0.886962890625,14.83154296875,-292.78564453125,-57.92236328125
0.3583984375,-0.2091064453125,1.0213623046875,20.751953125,-364.19677734375,-79.16259765625
0.365966796875,-0.26123046875,1.0416259765625,5.615234375,-368.46923828125,-107.60498046875
0.361083984375,-0.28271484375,0.9761962890625,5.31005859375,-386.3525390625,-121.64306640625
0.3690185546875,-0.2435302734375,0.91552734375,21.8505859375,-406.67724609375,-134.1552734375
0.3447265625,-0.157470703125,1.0970458984375,52.1240234375,-414.9169921875,-144.53125
0.37451171875,-0.2275390625,1.1195068359375,11.23046875,-389.95361328125,-157.71484375
0.3968505859375,-0.2625732421875,1.060546875,-11.71875,-358.642578125,-157.53173828125
0.5400390625,-0.16845703125,1.296875,14.09912109375,-369.384765625,-135.498046875
0.492431640625,-0.1290283203125,1.5440673828125,28.564453125,-432.18994140625,-100.4638671875
0.434814453125,-0.3226318359375,1.6622314453125,18.49365234375,-385.3759765625,-81.60400390625
0.537841796875,-0.4437255859375,1.6414794921875,-3.60107421875,-235.7177734375,-55.23681640625
0.572265625,-0.5426025390625,1.7332763671875,-41.8701171875,-19.83642578125,-29.9072265625
-0.05224609375,-0.7568359375,1.9019775390625,-84.41162109375,105.77392578125,-13.3056640625
-0.0059814453125,-0.824951171875,1.7738037109375,-122.9248046875,170.2880859375,5.126953125
0.597900390625,-0.8704833984375,1.611572265625,-110.83984375,203.2470703125,22.0947265625
0.96142578125,-0.712158203125,2.2557373046875,-94.42138671875,222.412109375,36.19384765625
1.293701171875,-0.25927734375,2.59423828125,-73.18115234375,230.1025390625,54.13818359375
1.384033203125,-0.0516357421875,3.0687255859375,-27.89306640625,226.62353515625,59.38720703125
1.49853515625,-0.065185546875,3.60400390625,9.765625,217.529296875,62.80517578125
1.289794921875,-0.503173828125,2.6484375,20.751953125,216.30859375,63.8427734375
0.15478515625,-1.1602783203125,1.64453125,14.34326171875,225.2197265625,63.53759765625
-0.5211181640625,-1.43359375,1.1256103515625,0.8544921875,235.4736328125,64.5751953125
0.0673828125,-1.43212890625,0.834228515625,-23.3154296875,245.05615234375,68.2373046875
1.8045654296875,-1.2662353515625,0.6668701171875,-28.4423828125,253.60107421875,70.61767578125
2.47412109375,-0.95703125,0.58349609375,-30.76171875,262.939453125,70.73974609375
1.229248046875,-0.59521484375,0.6610107421875,-29.78515625,277.7099609375,70.00732421875
0.45263671875,-0.35009765625,0.7716064453125,-25.93994140625,289.9169921875,69.03076171875
0.1488037109375,-0.193603515625,0.8787841796875,-26.123046875,299.37744140625,68.84765625
0.016845703125,-0.1485595703125,0.9617919921875,-31.31103515625,302.734375,71.533203125
-0.0679931640625,-0.1883544921875,1.1058349609375,-35.33935546875,301.6357421875,74.462890625
-0.11376953125,-0.2138671875,1.253662109375,-39.00146484375,304.99267578125,89.2333984375
-0.11962890625,-0.217529296875,1.3375244140625,-45.7763671875,311.767578125,102.1728515625
0.01953125,-0.217529296875,1.36376953125,-55.35888671875,309.87548828125,109.80224609375
0.1263427734375,-0.2181396484375,1.3111572265625,-68.17626953125,304.8095703125,119.2626953125
0.208740234375,-0.2164306640625,1.260009765625,-81.787109375,295.59326171875,149.23095703125
0.2642822265625,-0.2093505859375,1.236083984375,-88.07373046875,288.87939453125,166.6259765625
0.3541259765625,-0.185546875,1.2701416015625,-95.39794921875,291.748046875,180.6640625
0.5079345703125,-0.1494140625,1.4215087890625,-90.14892578125,313.90380859375,187.98828125
0.635009765625,-0.1375732421875,1.6007080078125,-74.27978515625,321.35009765625,193.29833984375
0.689697265625,-0.168701171875,1.745849609375,-60.791015625,320.12939453125,194.3359375
0.7083740234375,-0.2581787109375,1.8211669921875,-53.5888671875,300.537109375,185.05859375
0.7132568359375,-0.3492431640625,1.836181640625,-55.17578125,268.4326171875,161.0107421875
0.7513427734375,-0.412109375,1.890380859375,-60.60791015625,229.06494140625,121.76513671875
0.844482421875,-0.5501708984375,2.1776123046875,-66.650390625,186.46240234375,70.12939453125
0.9501953125,-0.69189453125,2.1761474609375,-75.50048828125,147.5830078125,22.27783203125
1.0513916015625,-0.7911376953125,1.990966796875,-77.33154296875,108.94775390625,-8.48388671875
1.1318359375,-0.9111328125,1.617431640625,-64.5751953125,55.908203125,-33.0810546875
1.2008056640625,-0.8590087890625,1.0972900390625,-50.84228515625,-12.75634765625,-52.734375
1.3236083984375,-0.6812744140625,0.587890625,-56.45751953125,-85.693359375,-62.01171875
1.50244140625,-0.421875,0.17822265625,-67.68798828125,-139.0380859375,-66.7724609375
2.0361328125,-0.14892578125,-0.1705322265625,-64.5751953125,-160.94970703125,-42.05322265625
2.28515625,0.0335693359375,-0.712890625,-25.93994140625,-167.3583984375,-100.2197265625
2.4180908203125,0.25341796875,-1.44580078125,30.33447265625,-142.02880859375,-113.95263671875
2.517578125,0.7794189453125,-1.955322265625,76.0498046875,-123.35205078125,-106.4453125
2.651123046875,1.3411865234375,-1.884521484375,95.3369140625,-79.77294921875,-45.166015625
2.781005859375,1.6231689453125,-1.312744140625,52.001953125,-212.34130859375,-29.84619140625
2.9169921875,1.5509033203125,-0.5174560546875,94.17724609375,-243.95751953125,-53.22265625
3.2432861328125,1.000244140625,0.2786865234375,1.220703125,-218.68896484375,-40.95458984375
3.65966796875,0.35302734375,1.9881591796875,64.5751953125,-202.33154296875,-32.04345703125
3.7091064453125,0.0015869140625,2.8721923828125,86.9140625,-203.18603515625,-16.2353515625
3.275146484375,-0.0477294921875,0.668701171875,39.9169921875,-190.91796875,-16.90673828125
2.739501953125,0.0286865234375,-1.0244140625,35.21728515625,-174.13330078125,-38.4521484375
2.496826171875,-1.4639892578125,0.392578125,33.447265625,-156.8603515625,-39.55078125
2.488037109375,-1.2393798828125,2.317138671875,24.35302734375,-143.5546875,-27.89306640625
2.1290283203125,0.3460693359375,2.2177734375,23.62060546875,-106.01806640625,-20.81298828125
0.1319580078125,-0.030029296875,1.402099609375,53.5888671875,-83.19091796875,-10.92529296875
-1.067626953125,-0.52783203125,1.501220703125,61.95068359375,-68.2373046875,-7.50732421875
-0.96484375,-0.1812744140625,1.7490234375,20.263671875,-46.0205078125,1.5869140625
-0.0052490234375,0.455322265625,1.37548828125,4.08935546875,7.14111328125,0.9765625
1.2874755859375,0.0264892578125,1.535400390625,-6.2255859375,-6.4697265625,0.79345703125
1.3768310546875,-0.5147705078125,1.7261962890625,10.009765625,7.9345703125,1.3427734375
1.1649169921875,-0.46142578125,1.3985595703125,-6.2255859375,6.16455078125,2.01416015625
0.7364501953125,0.0078125,1.0137939453125,-15.31982421875,4.7607421875,2.44140625
0.790771484375,0.3770751953125,1.2742919921875,4.39453125,3.11279296875,1.77001953125
1.08740234375,0.043701171875,0.80322265625,-9.70458984375,1.220703125,2.50244140625
0.8804931640625,-0.5172119140625,0.8392333984375,-5.55419921875,-0.6103515625,2.8076171875
0.94482421875,-0.461181640625,1.134765625,-4.7607421875,0.8544921875,3.60107421875
0.918701171875,-0.0379638671875,0.89501953125,-4.45556640625,1.220703125,2.3193359375
0.6424560546875,-0.1390380859375,1.0089111328125,-4.57763671875,1.89208984375,0.3662109375
0.580810546875,-0.2476806640625,0.9422607421875,-3.5400390625,0.0,0.30517578125
0.753173828125,-0.1636962890625,0.9326171875,-3.47900390625,-0.6103515625,0.6103515625
0.555908203125,-0.21630859375,0.9393310546875,-1.708984375,3.72314453125,0.0
0.4324951171875,-0.193115234375,0.93798828125,1.03759765625,5.06591796875,-1.77001953125
0.4803466796875,-0.1837158203125,0.93505859375,2.685546875,1.3427734375,-4.57763671875
0.373779296875,-0.2000732421875,0.94189453125,1.64794921875,-1.28173828125,-3.41796875
0.3922119140625,-0.1917724609375,0.934326171875,0.6103515625,-5.06591796875,0.18310546875
0.35595703125,-0.1943359375,0.9078369140625,1.953125,-4.0283203125,-0.91552734375
0.32080078125,-0.2132568359375,0.8896484375,4.2724609375,-5.0048828125,-5.859375
0.327880859375,-0.2236328125,0.926025390625,6.65283203125,-8.85009765625,-4.33349609375
0.3485107421875,-0.2415771484375,0.9376220703125,8.6669921875,-7.9345703125,-2.44140625
0.35546875,-0.2362060546875,0.9359130859375,7.87353515625,-4.57763671875,-3.84521484375
0.35546875,-0.229736328125,0.9356689453125,7.4462890625,-5.55419921875,-5.06591796875
0.3428955078125,-0.2393798828125,0.918212890625,8.23974609375,-9.09423828125,-5.126953125
0.3448486328125,-0.2359619140625,0.9281005859375,6.4697265625,-11.29150390625,-4.7607421875
0.3541259765625,-0.249267578125,0.9176025390625,1.40380859375,-13.48876953125,-3.84521484375
0.35107421875,-0.24853515625,0.8814697265625,-4.21142578125,-14.95361328125,-3.662109375
0.3465576171875,-0.203857421875,0.8685302734375,-3.90625,-16.17431640625,-4.08935546875
0.350341796875,-0.196044921875,0.8900146484375,-1.64794921875,-17.4560546875,-4.82177734375
0.362060546875,-0.250244140625,0.90478515625,-0.244140625,-19.1650390625,-5.37109375
0.3583984375,-0.23583984375,0.9219970703125,0.42724609375,-20.751953125,-4.57763671875
0.330078125,-0.188720703125,0.9371337890625,0.732421875,-20.20263671875,-4.82177734375
0.319091796875,-0.2103271484375,0.943115234375,0.79345703125,-21.240234375,-5.43212890625
0.323486328125,-0.232421875,0.9434814453125,1.953125,-22.03369140625,-5.37109375
0.3115234375,-0.220947265625,0.9283447265625,1.03759765625,-24.96337890625,-4.82177734375
0.30908203125,-0.199462890625,0.921875,0.0,-29.47998046875,-4.39453125
0.32763671875,-0.1890869140625,0.912841796875,1.15966796875,-34.3017578125,-2.8076171875
0.34130859375,-0.1839599609375,0.9114990234375,1.708984375,-40.8935546875,-3.84521484375
0.3646240234375,-0.202880859375,0.9251708984375,2.50244140625,-45.47119140625,-5.31005859375
0.3743896484375,-0.214111328125,0.937255859375,4.45556640625,-53.52783203125,-8.544921875
0.373291015625,-0.2120361328125,0.9361572265625,-0.8544921875,-64.0869140625,-14.34326171875
0.3594970703125,-0.2113037109375,0.9422607421875,-2.44140625,-75.50048828125,-21.54541015625
0.34619140625,-0.21630859375,0.9530029296875,-7.62939453125,-91.796875,-27.77099609375
0.34619140625,-0.2061767578125,0.9678955078125,-11.16943359375,-108.58154296875,-52.1240234375
0.3553466796875,-0.2230224609375,0.9647216796875,-18.00537109375,-129.82177734375,-53.16162109375
0.3829345703125,-0.154296875,0.9635009765625,-24.96337890625,-147.76611328125,-45.166015625
0.380615234375,-0.13134765625,0.9686279296875,-27.9541015625,-160.82763671875,-40.771484375
0.36767578125,-0.166259765625,0.9434814453125,-33.8134765625,-194.2138671875,-54.13818359375
0.358642578125,-0.1529541015625,0.930419921875,-29.78515625,-230.8349609375,-68.115234375
0.337646484375,-0.1607666015625,0.9317626953125,0.54931640625,-279.35791015625,-69.76318359375
0.3487548828125,-0.18310546875,0.9090576171875,24.658203125,-355.95703125,-109.06982421875
0.3590087890625,-0.2227783203125,0.9716796875,17.9443359375,-367.37060546875,-130.859375
0.33837890625,-0.2294921875,1.043212890625,3.90625,-372.314453125,-144.04296875
0.3643798828125,-0.233154296875,0.9569091796875,14.6484375,-403.38134765625,-159.912109375
0.36767578125,-0.244384765625,1.014404296875,50.78125,-383.36181640625,-180.6640625
0.3592529296875,-0.17431640625,1.1007080078125,35.58349609375,-344.66552734375,-159.0576171875
0.3701171875,-0.2567138671875,0.906982421875,8.056640625,-350.09765625,-120.42236328125
0.401611328125,-0.2572021484375,1.3414306640625,25.57373046875,-413.4521484375,-102.5390625
0.501220703125,-0.1676025390625,1.6632080078125,9.1552734375,-331.1767578125,-81.4208984375
0.3985595703125,-0.3348388671875,1.581298828125,-21.3623046875,-211.36474609375,-50.29296875
0.47119140625,-0.47509765625,1.8414306640625,-37.2314453125,-26.611328125,-26.2451171875
0.6236572265625,-0.51025390625,2.052001953125,-28.13720703125,85.5712890625,-9.58251953125
0.1170654296875,-0.6258544921875,1.8515625,-91.61376953125,140.07568359375,9.09423828125
-0.0274658203125,-1.0042724609375,1.6702880859375,-74.0966796875,161.4990234375,26.9775390625
0.4371337890625,-0.7105712890625,2.2088623046875,-73.54736328125,172.66845703125,43.15185546875
0.91357421875,-0.3262939453125,2.65673828125,-59.6923828125,177.79541015625,56.15234375
1.267333984375,-0.24462890625,3.2572021484375,-28.25927734375,180.17578125,65.91796875
1.666748046875,0.0465087890625,3.4176025390625,-2.5634765625,182.67822265625,79.4677734375
1.491455078125,-0.5509033203125,2.3197021484375,5.37109375,188.65966796875,83.1298828125
0.154052734375,-1.4326171875,1.3802490234375,-4.21142578125,198.486328125,84.716796875
-0.64697265625,-1.3916015625,0.9056396484375,-18.5546875,226.62353515625,84.89990234375
0.319091796875,-1.2977294921875,0.769775390625,-30.33447265625,237.1826171875,83.1298828125
2.0133056640625,-1.0880126953125,0.7406005859375,-32.470703125,244.93408203125,78.7353515625
2.1845703125,-0.80712890625,0.7379150390625,-23.193359375,251.89208984375,71.2890625
0.85205078125,-0.528076171875,0.744384765625,-16.78466796875,259.21630859375,63.04931640625
0.180419921875,-0.3372802734375,0.7822265625,-13.24462890625,266.66259765625,55.11474609375
-0.1280517578125,-0.2347412109375,0.9388427734375,-16.90673828125,273.681640625,50.47607421875
-0.228515625,-0.2332763671875,1.0191650390625,-23.49853515625,279.96826171875,47.8515625
-0.189697265625,-0.2764892578125,1.08154296875,-30.45654296875,283.3251953125,49.072265625
-0.1334228515625,-0.2921142578125,1.119384765625,-36.4990234375,291.1376953125,61.21826171875
-0.08544921875,-0.2279052734375,1.162841796875,-42.236328125,299.49951171875,66.2841796875
-0.033935546875,-0.12744140625,1.217529296875,-47.54638671875,295.2880859375,74.0966796875
0.027587890625,-0.02685546875,1.2630615234375,-54.99267578125,287.78076171875,91.796875
0.1915283203125,0.0399169921875,1.319091796875,-63.78173828125,273.37646484375,107.48291015625
0.23291015625,0.0611572265625,1.382080078125,-68.84765625,267.02880859375,122.25341796875
0.289306640625,0.05419921875,1.41943359375,-77.08740234375,281.31103515625,132.568359375
0.3555908203125,0.03515625,1.5262451171875,-69.82421875,294.5556640625,139.0380859375
0.4234619140625,0.0101318359375,1.5980224609375,-60.302734375,299.86572265625,160.33935546875
0.5003662109375,-0.032470703125,1.6231689453125,-46.9970703125,302.30712890625,173.88916015625
0.5693359375,-0.135009765625,1.6707763671875,-43.64013671875,298.64501953125,182.6171875
0.63330078125,-0.1700439453125,1.732421875,-39.9169921875,258.36181640625,179.3212890625
0.720458984375,-0.2354736328125,1.84765625,-37.109375,231.14013671875,156.1279296875
0.829345703125,-0.3487548828125,2.125244140625,-38.0859375,198.91357421875,109.19189453125
0.8946533203125,-0.4478759765625,2.1668701171875,-74.5849609375,162.78076171875,43.88427734375
0.927734375,-0.5870361328125,2.058349609375,-92.22412109375,126.953125,-13.0615234375
0.9617919921875,-0.755615234375,1.8624267578125,-92.10205078125,76.416015625,-53.5888671875
1.009033203125,-0.8099365234375,1.2061767578125,-73.73046875,12.5732421875,-83.984375
1.1180419921875,-0.7872314453125,0.80224609375,-61.4013671875,-54.5654296875,-103.6376953125
1.2833251953125,-0.641845703125,0.3651123046875,-55.72509765625,-112.48779296875,-107.60498046875
1.6600341796875,-0.1710205078125,-0.082763671875,-46.44775390625,-144.59228515625,-120.30029296875
1.8692626953125,-0.0311279296875,-0.6259765625,-34.1796875,-143.24951171875,-115.966796875
2.078125,0.123046875,-1.2646484375,-4.33349609375,-165.22216796875,-92.041015625
2.251708984375,0.52392578125,-1.7630615234375,29.11376953125,-118.0419921875,-52.001953125
2.547607421875,1.0787353515625,-1.838134765625,51.025390625,-187.19482421875,-24.23095703125
2.714111328125,1.489990234375,-1.441650390625,70.00732421875,-238.6474609375,-53.22265625
2.8580322265625,1.745849609375,-0.7689208984375,50.72021484375,-247.0703125,-59.326171875
3.028076171875,1.5628662109375,0.89404296875,40.46630859375,-235.4736328125,-40.46630859375
3.32958984375,0.9129638671875,1.8389892578125,55.23681640625,-216.1865234375,-20.69091796875
3.50927734375,0.25830078125,1.1893310546875,39.61181640625,-188.5986328125,-18.310546875
3.251220703125,-0.038330078125,0.23583984375,21.66748046875,-163.75732421875,-47.9736328125
2.751220703125,-0.90869140625,0.370849609375,25.81787109375,-153.25927734375,-34.85107421875
2.449462890625,-1.8831787109375,1.723876953125,29.6630859375,-147.94921875,-21.66748046875
2.4122314453125,-0.985595703125,2.2601318359375,34.36279296875,-100.09765625,-20.8740234375
0.1297607421875,-0.3402099609375,2.039306640625,60.24169921875,-86.60888671875,-17.88330078125
-0.736083984375,-0.5594482421875,1.8646240234375,78.61328125,-67.138671875,-4.08935546875
-0.31884765625,0.0489501953125,1.8077392578125,42.8466796875,-32.40966796875,-1.3427734375
-0.160888671875,0.6856689453125,1.51806640625,8.72802734375,-8.9111328125,-0.1220703125
1.2030029296875,0.2760009765625,1.334716796875,2.99072265625,1.3427734375,-0.67138671875
1.31884765625,-0.7750244140625,1.5975341796875,1.5869140625,3.0517578125,-0.30517578125
1.25732421875,-1.0325927734375,1.40673828125,-28.1982421875,3.47900390625,1.03759765625
1.1943359375,-0.5042724609375,1.0362548828125,-2.50244140625,1.40380859375,3.41796875
1.1639404296875,0.5733642578125,0.970458984375,-9.46044921875,-3.0517578125,4.21142578125
1.2760009765625,-0.060302734375,1.1812744140625,-10.498046875,-5.79833984375,4.82177734375
1.1754150390625,-0.617431640625,1.0909423828125,-10.498046875,-6.89697265625,4.7607421875
0.8248291015625,-0.27880859375,0.914794921875,-9.82666015625,-5.9814453125,5.37109375
0.873779296875,-0.062744140625,0.9219970703125,-10.80322265625,-0.42724609375,6.2255859375
0.714111328125,-0.1707763671875,1.0040283203125,-10.92529296875,4.150390625,4.69970703125
0.495361328125,-0.27197265625,0.9927978515625,-10.31494140625,4.08935546875,2.01416015625
0.5423583984375,-0.2227783203125,0.9619140625,-9.82666015625,1.220703125,0.42724609375
0.5001220703125,-0.2159423828125,0.962158203125,-8.1787109375,0.30517578125,-0.42724609375
0.48193359375,-0.207763671875,0.9410400390625,-5.615234375,2.38037109375,-2.13623046875
0.4512939453125,-0.1893310546875,0.92822265625,-0.91552734375,2.8076171875,-3.35693359375
0.3829345703125,-0.1986083984375,0.9410400390625,2.25830078125,0.732421875,-3.41796875
0.40283203125,-0.2103271484375,0.9593505859375,3.11279296875,-5.126953125,-3.41796875
0.381591796875,-0.21923828125,0.9429931640625,3.96728515625,-6.04248046875,-3.72314453125
0.3704833984375,-0.2283935546875,0.89892578125,4.150390625,-6.53076171875,-5.06591796875
0.37451171875,-0.22265625,0.8831787109375,5.37109375,-8.1787109375,-5.67626953125
0.3837890625,-0.2335205078125,0.8861083984375,6.4697265625,-9.033203125,-5.126953125
0.398681640625,-0.2655029296875,0.9091796875,7.32421875,-8.48388671875,-3.72314453125
0.398193359375,-0.2802734375,0.924072265625,8.9111328125,-5.67626953125,-3.7841796875
0.37841796875,-0.27490234375,0.898681640625,9.09423828125,-7.14111328125,-3.60107421875
0.3519287109375,-0.260986328125,0.9127197265625,8.36181640625,-8.7890625,-4.638671875
0.341552734375,-0.26171875,0.9139404296875,5.18798828125,-9.3994140625,-5.37109375
0.3365478515625,-0.2457275390625,0.9044189453125,2.74658203125,-12.5732421875,-5.31005859375
0.3267822265625,-0.2376708984375,0.88818359375,0.30517578125,-13.916015625,-5.2490234375
0.3236083984375,-0.23095703125,0.875244140625,-0.79345703125,-13.7939453125,-6.04248046875
0.32763671875,-0.2291259765625,0.9097900390625,0.06103515625,-16.90673828125,-6.9580078125
0.3309326171875,-0.240966796875,0.909912109375,0.42724609375,-18.73779296875,-7.9345703125
0.330078125,-0.2310791015625,0.9053955078125,0.18310546875,-21.1181640625,-7.8125
0.3253173828125,-0.2213134765625,0.9227294921875,0.9765625,-24.169921875,-7.62939453125
0.3326416015625,-0.216796875,0.916259765625,0.54931640625,-26.9775390625,-6.591796875
0.3416748046875,-0.21875,0.9244384765625,1.8310546875,-28.38134765625,-5.0048828125
0.336181640625,-0.221435546875,0.9320068359375,2.8076171875,-29.84619140625,-4.150390625
0.3404541015625,-0.2197265625,0.9188232421875,3.47900390625,-36.0107421875,-2.62451171875
0.3447265625,-0.21630859375,0.924072265625,4.21142578125,-39.97802734375,-2.74658203125
0.3359375,-0.213134765625,0.925048828125,3.96728515625,-47.05810546875,-4.7607421875
0.33935546875,-0.21728515625,0.9259033203125,6.04248046875,-54.38232421875,-6.9580078125
0.351806640625,-0.2257080078125,0.93115234375,0.0,-63.96484375,-9.8876953125
0.358642578125,-0.2276611328125,0.939453125,-2.01416015625,-74.951171875,-17.27294921875
0.3597412109375,-0.232421875,0.942138671875,-6.34765625,-89.17236328125,-28.74755859375
0.3565673828125,-0.2216796875,0.94970703125,-9.521484375,-105.712890625,-49.01123046875
0.3502197265625,-0.2110595703125,0.9544677734375,-15.9912109375,-125.42724609375,-61.8896484375
0.34765625,-0.1611328125,0.9522705078125,-20.5078125,-140.0146484375,-48.7060546875
0.3695068359375,-0.1412353515625,0.953857421875,-24.4140625,-157.8369140625,-43.27392578125
0.3753662109375,-0.1666259765625,0.9478759765625,-28.38134765625,-170.5322265625,-52.30712890625
0.3753662109375,-0.168701171875,0.9400634765625,-26.18408203125,-205.62744140625,-57.18994140625
0.3660888671875,-0.1785888671875,0.915283203125,0.30517578125,-312.1337890625,-61.34033203125
0.368408203125,-0.191650390625,0.904296875,21.8505859375,-377.50244140625,-88.43994140625
0.3837890625,-0.221435546875,0.9708251953125,22.5830078125,-378.23486328125,-122.314453125
0.3602294921875,-0.2178955078125,1.045166015625,10.498046875,-390.869140625,-148.86474609375
0.3695068359375,-0.26806640625,0.922607421875,28.80859375,-406.43310546875,-175.537109375
0.386474609375,-0.2838134765625,0.9619140625,47.05810546875,-408.447265625,-169.3115234375
0.377197265625,-0.1983642578125,0.9132080078125,-8.30078125,-350.89111328125,-130.7373046875
0.3704833984375,-0.28466796875,1.203369140625,-7.4462890625,-426.3916015625,-121.09375
0.4166259765625,-0.2801513671875,1.4638671875,15.44189453125,-382.080078125,-98.6328125
0.494384765625,-0.1292724609375,1.57275390625,-23.8037109375,-238.525390625,-74.03564453125
0.473876953125,-0.3572998046875,1.895263671875,-48.095703125,-59.63134765625,-53.955078125
0.445068359375,-0.489013671875,1.8367919921875,-52.978515625,78.30810546875,-39.48974609375
0.592041015625,-0.554443359375,1.97021484375,-81.6650390625,146.05712890625,-24.35302734375
-0.15234375,-0.87939453125,1.7274169921875,-79.9560546875,169.3115234375,8.056640625
0.162353515625,-1.081298828125,2.26904296875,-71.35009765625,180.60302734375,23.01025390625
0.8973388671875,-0.9605712890625,2.572509765625,-68.78662109375,184.814453125,36.56005859375
1.1065673828125,-0.1453857421875,3.0462646484375,-41.6259765625,183.837890625,48.095703125
1.3787841796875,-0.2579345703125,3.6260986328125,-9.33837890625,182.55615234375,67.56591796875
1.6241455078125,-0.5479736328125,2.630615234375,6.89697265625,188.53759765625,86.9140625
1.6514892578125,-1.1204833984375,1.572509765625,8.9111328125,198.6083984375,86.42578125
-0.548583984375,-1.2734375,0.9697265625,-4.94384765625,225.28076171875,85.693359375
-0.0767822265625,-1.2069091796875,0.723876953125,-9.58251953125,257.8125,89.111328125
1.9599609375,-1.0556640625,0.657958984375,-9.94873046875,275.57373046875,90.63720703125
2.533203125,-0.8519287109375,0.603271484375,-9.09423828125,286.31591796875,99.30419921875
1.083251953125,-0.628173828125,0.662353515625,-18.798828125,299.9267578125,112.48779296875
0.311279296875,-0.478759765625,0.76806640625,-33.38623046875,300.4150390625,116.2109375
-0.0177001953125,-0.357666015625,1.0045166015625,-37.841796875,291.6259765625,120.54443359375
-0.1639404296875,-0.383544921875,1.005126953125,-52.3681640625,281.25,131.65283203125
-0.171630859375,-0.422119140625,1.240478515625,-61.5234375,279.1748046875,160.5224609375
-0.1380615234375,-0.4371337890625,1.314208984375,-69.88525390625,288.51318359375,170.83740234375
-0.0792236328125,-0.268310546875,1.4581298828125,-75.8056640625,304.38232421875,182.12890625
-0.0240478515625,-0.3251953125,1.541748046875,-68.54248046875,319.03076171875,189.75830078125
0.065185546875,-0.3687744140625,1.62939453125,-62.255859375,326.84326171875,190.97900390625
0.2718505859375,-0.3980712890625,1.677001953125,-59.02099609375,311.6455078125,156.43310546875
0.40966796875,-0.4266357421875,1.7603759765625,-57.4951171875,282.89794921875,103.69873046875
0.722900390625,-0.42578125,1.90771484375,-70.73974609375,247.49755859375,34.5458984375
0.8450927734375,-0.5078125,2.0836181640625,-98.44970703125,162.17041015625,-15.625
1.013916015625,-0.7113037109375,2.2154541015625,-120.9716796875,118.22509765625,-37.17041015625
1.0626220703125,-0.89111328125,2.005859375,-127.01416015625,62.1337890625,-56.45751953125
1.1015625,-1.029052734375,1.6917724609375,-81.60400390625,-6.89697265625,-72.998046875
1.1898193359375,-1.111328125,1.235107421875,-65.185546875,-84.1064453125,-55.48095703125
1.3765869140625,-0.614501953125,0.68505859375,-67.32177734375,-163.330078125,-30.82275390625
1.627197265625,-0.23583984375,-0.340087890625,-78.43017578125,-115.234375,-61.1572265625
1.8931884765625,-0.034912109375,-0.9874267578125,-50.96435546875,-259.3994140625,-78.91845703125
2.1680908203125,0.1241455078125,-1.69921875,66.95556640625,-242.37060546875,-51.57470703125
2.5545654296875,0.7515869140625,-2.0911865234375,135.25390625,-230.40771484375,-19.8974609375
2.6505126953125,1.3275146484375,-1.94091796875,52.30712890625,-211.48681640625,-7.01904296875
2.8470458984375,1.8289794921875,-0.077392578125,25.08544921875,-191.0400390625,-23.86474609375
2.9923095703125,1.8341064453125,2.0555419921875,14.404296875,-182.43408203125,-57.373046875
3.3394775390625,1.0804443359375,0.0662841796875,7.9345703125,-182.861328125,-48.4619140625
3.7432861328125,-0.3865966796875,2.4835205078125,7.38525390625,-162.65869140625,-25.20751953125
3.8333740234375,-1.9368896484375,2.2047119140625,38.2080078125,-118.408203125,-12.75634765625
3.421142578125,1.2376708984375,1.7640380859375,70.1904296875,-91.796875,-6.77490234375
2.8646240234375,0.832763671875,1.74853515625,86.5478515625,-85.51025390625,-3.47900390625
0.98779296875,1.1470947265625,1.5531005859375,46.9970703125,-10.07080078125,-3.173828125
-0.69189453125,0.4129638671875,1.2408447265625,21.78955078125,-1.40380859375,-2.25830078125
0.7030029296875,-1.20458984375,1.5067138671875,15.68603515625,7.568359375,-2.38037109375
1.2442626953125,-1.874267578125,1.904541015625,10.25390625,12.20703125,-1.3427734375
1.1715087890625,-1.05712890625,1.448974609375,5.55419921875,9.09423828125,0.0
1.0401611328125,0.1561279296875,0.971435546875,-5.0048828125,2.44140625,1.220703125
1.26513671875,0.818359375,1.2003173828125,-7.50732421875,-2.44140625,3.2958984375
1.43310546875,0.32080078125,1.02392578125,-7.9345703125,-5.18798828125,0.91552734375
1.069091796875,-0.701171875,0.8748779296875,-5.859375,-5.43212890625,0.79345703125
0.8115234375,0.0364990234375,0.9495849609375,-6.77490234375,-2.38037109375,0.732421875
1.0267333984375,-0.24169921875,0.97265625,-7.14111328125,3.7841796875,-1.03759765625
0.733642578125,-0.2352294921875,0.9765625,-7.50732421875,0.1220703125,-2.8076171875
0.464599609375,-0.21630859375,0.953369140625,-6.65283203125,-1.953125,-2.0751953125
0.623779296875,-0.2432861328125,0.941650390625,-3.60107421875,-5.92041015625,-0.06103515625
0.5914306640625,-0.213134765625,0.9429931640625,-2.197265625,-12.63427734375,0.0
0.4093017578125,-0.1884765625,0.929443359375,-0.8544921875,-10.7421875,-3.35693359375
0.3819580078125,-0.2083740234375,0.946044921875,1.40380859375,-12.451171875,-3.60107421875
0.384033203125,-0.1993408203125,0.9527587890625,2.50244140625,-13.85498046875,-3.5400390625
0.3648681640625,-0.2110595703125,0.9100341796875,1.28173828125,-10.1318359375,-3.11279296875
0.3499755859375,-0.2359619140625,0.938232421875,1.46484375,-8.1787109375,-3.173828125
0.3681640625,-0.2294921875,0.926025390625,4.0283203125,-8.9111328125,-2.8076171875
0.3873291015625,-0.26025390625,0.9063720703125,3.84521484375,-10.1318359375,-2.0751953125
0.4044189453125,-0.243896484375,0.9200439453125,0.67138671875,-11.29150390625,-1.03759765625
0.3802490234375,-0.237060546875,0.9168701171875,-2.25830078125,-13.00048828125,-0.244140625
0.3734130859375,-0.2237548828125,0.869140625,-4.0283203125,-12.75634765625,0.18310546875
0.3641357421875,-0.2120361328125,0.8857421875,-3.72314453125,-11.53564453125,0.1220703125
0.3665771484375,-0.239013671875,0.9051513671875,-0.48828125,-10.31494140625,-0.18310546875
0.372802734375,-0.2471923828125,0.9090576171875,0.48828125,-9.765625,-0.9765625
0.36376953125,-0.2420654296875,0.9091796875,0.8544921875,-11.16943359375,-1.220703125
0.353515625,-0.2353515625,0.9158935546875,1.0986328125,-13.00048828125,-1.3427734375
0.3607177734375,-0.2325439453125,0.9163818359375,0.67138671875,-14.83154296875,-2.01416015625
0.3681640625,-0.2313232421875,0.91015625,0.732421875,-16.41845703125,-2.50244140625
0.3743896484375,-0.217041015625,0.90625,1.0986328125,-20.69091796875,-2.3193359375
0.37939453125,-0.211181640625,0.9031982421875,1.953125,-27.52685546875,-1.52587890625
0.3804931640625,-0.2125244140625,0.91064453125,2.5634765625,-32.77587890625,-1.52587890625
0.3837890625,-0.2264404296875,0.91162109375,3.41796875,-38.330078125,-3.2958984375
0.39501953125,-0.2303466796875,0.9068603515625,2.3193359375,-42.1142578125,-8.1787109375
0.403076171875,-0.2294921875,0.9117431640625,1.953125,-48.4619140625,-13.671875
0.406005859375,-0.2369384765625,0.9189453125,0.6103515625,-55.419921875,-19.95849609375
0.4007568359375,-0.23876953125,0.923583984375,-3.0517578125,-63.78173828125,-24.35302734375
0.3907470703125,-0.23388671875,0.93408203125,-7.62939453125,-75.0732421875,-30.76171875
0.3804931640625,-0.216552734375,0.9288330078125,-12.5732421875,-92.529296875,-39.1845703125
0.377685546875,-0.2103271484375,0.927490234375,-18.06640625,-111.87744140625,-51.45263671875
0.3818359375,-0.20263671875,0.9368896484375,-18.98193359375,-131.591796875,-61.767578125
0.3829345703125,-0.1864013671875,0.9150390625,-20.8740234375,-143.798828125,-57.861328125
0.3558349609375,-0.18408203125,0.9224853515625,-23.37646484375,-152.52685546875,-53.5888671875
0.3409423828125,-0.203125,0.926025390625,-24.169921875,-160.2783203125,-68.603515625
0.3638916015625,-0.229736328125,0.9088134765625,-13.73291015625,-189.8193359375,-77.880859375
0.369384765625,-0.2646484375,0.9327392578125,-3.60107421875,-220.0927734375,-83.0078125
0.36572265625,-0.2750244140625,0.9547119140625,11.41357421875,-362.60986328125,-110.90087890625
0.370849609375,-0.244873046875,0.994384765625,21.97265625,-364.31884765625,-134.8876953125
0.364501953125,-0.2425537109375,1.01416015625,21.30126953125,-373.71826171875,-145.08056640625
0.38037109375,-0.283935546875,0.9805908203125,16.17431640625,-388.24462890625,-158.50830078125
0.3885498046875,-0.290771484375,0.9178466796875,43.39599609375,-387.87841796875,-165.1611328125
0.38427734375,-0.225830078125,0.9776611328125,16.7236328125,-342.041015625,-119.56787109375
0.3636474609375,-0.2156982421875,1.1080322265625,-4.150390625,-320.00732421875,-104.91943359375
0.4503173828125,-0.2431640625,1.4766845703125,4.7607421875,-221.13037109375,-85.5712890625
0.537353515625,-0.16455078125,1.769287109375,-8.48388671875,92.22412109375,-67.0166015625
0.507080078125,-0.408447265625,1.7501220703125,-23.8037109375,135.986328125,-48.2177734375
0.4976806640625,-0.58837890625,1.7293701171875,-50.96435546875,146.1181640625,-26.79443359375
0.6529541015625,-0.738037109375,1.8428955078125,-80.4443359375,156.005859375,-2.3193359375
0.5865478515625,-0.92919921875,1.9141845703125,-96.923828125,163.63525390625,23.86474609375
0.0142822265625,-0.932861328125,2.4320068359375,-79.1015625,165.95458984375,49.4384765625
0.626953125,-0.7379150390625,3.07275390625,-59.02099609375,169.12841796875,73.91357421875
1.046142578125,-0.3350830078125,2.098388671875,-42.724609375,175.9033203125,94.42138671875
1.4862060546875,-0.4346923828125,1.1531982421875,-33.50830078125,184.814453125,110.2294921875
1.577880859375,-0.7213134765625,0.7532958984375,-34.7900390625,192.87109375,122.00927734375
1.525634765625,-0.9002685546875,0.6656494140625,-41.015625,201.171875,130.615234375
0.5157470703125,-0.87939453125,0.6839599609375,-42.1142578125,210.75439453125,137.451171875
1.8309326171875,-0.7724609375,0.69189453125,-37.41455078125,219.1162109375,132.6904296875
2.291015625,-0.672607421875,0.6943359375,-30.3955078125,229.736328125,111.63330078125
0.0184326171875,-0.5885009765625,0.7008056640625,-24.59716796875,257.75146484375,102.11181640625
-0.3001708984375,-0.521240234375,0.708740234375,-22.76611328125,270.93505859375,96.86279296875
-0.2999267578125,-0.5325927734375,0.732177734375,-23.37646484375,285.33935546875,97.59521484375
-0.2255859375,-0.5821533203125,0.8038330078125,-30.33447265625,288.9404296875,103.57666015625
-0.158935546875,-0.59326171875,0.913818359375,-32.77587890625,290.46630859375,121.27685546875
-0.0919189453125,-0.5469970703125,1.035888671875,-49.13330078125,288.0859375,139.6484375
-0.0391845703125,-0.4560546875,1.291748046875,-62.80517578125,280.45654296875,151.30615234375
-0.0069580078125,-0.3568115234375,1.3646240234375,-72.6318359375,270.69091796875,157.77587890625
0.015380859375,-0.279541015625,1.44140625,-77.2705078125,257.080078125,164.0625
0.048095703125,-0.167724609375,1.4580078125,-77.08740234375,254.0283203125,164.85595703125
0.1064453125,-0.105224609375,1.5167236328125,-75.1953125,245.60546875,157.8369140625
0.20849609375,0.0050048828125,1.568359375,-63.8427734375,230.46875,147.3388671875
0.3458251953125,-0.0546875,1.5615234375,-28.13720703125,207.45849609375,134.33837890625
0.619873046875,-0.202392578125,1.513916015625,-28.564453125,185.48583984375,116.14990234375
0.7193603515625,-0.3807373046875,1.411865234375,-34.60693359375,168.3349609375,89.53857421875
0.92529296875,-0.5277099609375,1.2030029296875,-41.56494140625,149.23095703125,54.01611328125
1.0477294921875,-0.640625,1.1363525390625,-49.01123046875,127.01416015625,24.35302734375
1.1761474609375,-0.7847900390625,1.0960693359375,-64.63623046875,96.86279296875,-0.91552734375
1.32958984375,-0.852294921875,1.059814453125,-80.4443359375,62.92724609375,-18.49365234375
1.484375,-0.6495361328125,0.9368896484375,-78.2470703125,27.28271484375,-30.45654296875
1.63916015625,-0.4156494140625,0.7271728515625,-56.45751953125,-12.39013671875,-35.400390625
1.8284912109375,-0.2005615234375,0.3968505859375,-34.423828125,-47.18017578125,-16.90673828125
2.231689453125,0.067626953125,-0.0162353515625,-29.47998046875,-71.1669921875,-36.7431640625
2.364990234375,0.400390625,-0.4241943359375,-27.03857421875,-86.0595703125,-53.03955078125
2.51708984375,0.5811767578125,-0.7899169921875,-18.4326171875,-100.64697265625,-57.06787109375
2.680908203125,0.561767578125,-1.0076904296875,-1.15966796875,-88.07373046875,-45.41015625
2.8118896484375,0.5704345703125,-1.0504150390625,18.73779296875,-44.677734375,-44.0673828125
2.889892578125,0.8369140625,-0.9207763671875,84.228515625,-91.6748046875,-34.24072265625
2.8695068359375,1.0557861328125,-0.5819091796875,131.16455078125,-156.67724609375,-39.85595703125
2.7257080078125,0.9371337890625,-0.0538330078125,95.21484375,-174.8046875,-48.583984375
2.547119140625,0.6494140625,1.2301025390625,62.255859375,-152.03857421875,-42.17529296875
2.3990478515625,0.3304443359375,2.2327880859375,74.03564453125,-131.65283203125,-25.0244140625
2.254638671875,0.03076171875,1.673583984375,48.76708984375,-126.52587890625,-16.4794921875
2.072265625,-0.7596435546875,0.42529296875,14.6484375,-117.431640625,-12.8173828125
1.9066162109375,-1.61572265625,-0.001953125,-4.57763671875,-105.65185546875,-13.12255859375
1.8348388671875,-1.2203369140625,0.8741455078125,-7.4462890625,-98.876953125,-18.85986328125
1.26025390625,0.1558837890625,1.8470458984375,3.7841796875,-102.4169921875,-15.31982421875
-0.2607421875,0.6502685546875,1.9560546875,28.50341796875,-102.60009765625,-14.34326171875
-0.78857421875,0.3905029296875,1.5455322265625,53.7109375,-95.88623046875,-19.6533203125
-0.45361328125,0.355224609375,1.47119140625,49.1943359375,-83.55712890625,-10.3759765625
-0.0645751953125,0.4586181640625,1.611083984375,33.02001953125,-65.0634765625,-8.97216796875
0.2791748046875,0.28564453125,1.400390625,37.04833984375,-41.1376953125,-6.103515625
0.384033203125,-0.4425048828125,1.19775390625,38.4521484375,-12.63427734375,-6.16455078125
0.8140869140625,-0.9774169921875,1.2099609375,20.93505859375,1.8310546875,-5.2490234375
0.92529296875,-0.794921875,1.2646484375,-0.9765625,2.25830078125,-5.126953125
0.7991943359375,-0.2103271484375,1.045654296875,0.1220703125,2.62451171875,-3.2958984375
0.8736572265625,0.1475830078125,0.8907470703125,-2.197265625,4.21142578125,-5.31005859375
1.079345703125,-0.0859375,1.076416015625,-1.220703125,2.99072265625,-5.31005859375
0.9254150390625,-0.4034423828125,0.94140625,-2.8076171875,-4.45556640625,-3.7841796875
0.5809326171875,-0.2520751953125,0.978759765625,-2.99072265625,-6.591796875,-5.2490234375
0.5478515625,-0.1019287109375,0.946533203125,-3.7841796875,-4.638671875,-4.94384765625
0.55322265625,-0.307861328125,0.9293212890625,-2.38037109375,-2.8076171875,-2.13623046875
0.4495849609375,-0.1824951171875,0.9385986328125,0.67138671875,1.708984375,0.9765625
0.53271484375,-0.225341796875,0.9442138671875,5.67626953125,2.01416015625,2.62451171875
0.5498046875,-0.234130859375,0.94580078125,8.30078125,0.30517578125,0.54931640625
0.427978515625,-0.2091064453125,0.9488525390625,9.94873046875,-4.45556640625,-0.67138671875
0.411376953125,-0.2183837890625,0.9188232421875,6.53076171875,-8.23974609375,-0.54931640625
0.3929443359375,-0.212158203125,0.9188232421875,1.708984375,-9.33837890625,-0.732421875
0.3779296875,-0.2327880859375,0.906494140625,-2.86865234375,-9.033203125,-0.42724609375
0.376953125,-0.227294921875,0.9151611328125,-5.0048828125,-5.79833984375,-0.244140625
0.3646240234375,-0.221435546875,0.921630859375,-3.41796875,-4.150390625,-0.3662109375
0.400634765625,-0.2158203125,0.9295654296875,-1.220703125,-2.25830078125,-0.91552734375
0.399658203125,-0.1973876953125,0.925537109375,0.79345703125,-3.47900390625,-1.64794921875
0.4007568359375,-0.18359375,0.91455078125,0.79345703125,-4.638671875,-1.52587890625
0.396484375,-0.1883544921875,0.909423828125,0.0,-5.7373046875,-1.89208984375
0.390625,-0.22314453125,0.90234375,0.06103515625,-6.591796875,-1.77001953125
0.386474609375,-0.246337890625,0.9085693359375,0.3662109375,-5.31005859375,-1.64794921875
0.3720703125,-0.2327880859375,0.917236328125,1.3427734375,-4.2724609375,-1.40380859375
0.3656005859375,-0.2255859375,0.915771484375,3.2958984375,-3.96728515625,-1.220703125
0.3739013671875,-0.2197265625,0.9180908203125,3.662109375,-4.94384765625,-0.91552734375
0.384033203125,-0.2088623046875,0.9210205078125,4.2724609375,-5.37109375,-0.54931640625
0.3892822265625,-0.2093505859375,0.9122314453125,4.45556640625,-5.67626953125,-0.42724609375
0.3922119140625,-0.21630859375,0.90771484375,4.0283203125,-6.103515625,0.18310546875
0.38916015625,-0.2225341796875,0.9088134765625,3.23486328125,-5.859375,0.6103515625
0.386474609375,-0.215576171875,0.9124755859375,2.25830078125,-5.43212890625,0.8544921875
0.380615234375,-0.211669921875,0.9151611328125,0.9765625,-2.685546875,0.91552734375
0.3858642578125,-0.2115478515625,0.9144287109375,-0.3662109375,-1.708984375,1.03759765625
0.3927001953125,-0.208251953125,0.9161376953125,-1.28173828125,-0.6103515625,1.0986328125
0.3988037109375,-0.20751953125,0.913330078125,-1.52587890625,0.0,1.15966796875
0.397216796875,-0.2069091796875,0.909912109375,-1.5869140625,-0.42724609375,1.0986328125
0.3978271484375,-0.2064208984375,0.91064453125,-1.40380859375,-1.46484375,0.79345703125
0.3963623046875,-0.2056884765625,0.9083251953125,-1.0986328125,-2.8076171875,-1.0986328125
0.3973388671875,-0.2083740234375,0.9112548828125,-1.03759765625,-4.0283203125,-1.15966796875
0.4017333984375,-0.2078857421875,0.90771484375,-1.220703125,-5.31005859375,-1.220703125
0.4039306640625,-0.2052001953125,0.9093017578125,-1.46484375,-6.4697265625,-1.220703125
0.4039306640625,-0.20654296875,0.9136962890625,-1.5869140625,-5.2490234375,-1.0986328125
0.405029296875,-0.2095947265625,0.916259765625,-1.3427734375,-4.21142578125,-1.0986328125
0.40771484375,-0.2078857421875,0.9158935546875,0.9765625,-3.47900390625,-1.0986328125
0.4180908203125,-0.2066650390625,0.912353515625,0.91552734375,-1.03759765625,-1.3427734375
0.416015625,-0.207763671875,0.911376953125,0.6103515625,0.0,-1.46484375
0.4117431640625,-0.2088623046875,0.897216796875,0.42724609375,0.8544921875,-1.3427734375
0.4061279296875,-0.21337890625,0.896240234375,0.18310546875,2.01416015625,-1.03759765625
0.401611328125,-0.218505859375,0.8978271484375,0.48828125,2.5634765625,-0.79345703125
0.397705078125,-0.2208251953125,0.8995361328125,1.15966796875,2.44140625,-0.54931640625
0.39794921875,-0.2159423828125,0.8956298828125,1.77001953125,1.8310546875,-0.42724609375
0.4012451171875,-0.2138671875,0.9005126953125,2.0751953125,1.03759765625,-0.06103515625
0.402099609375,-0.2137451171875,0.901123046875,1.8310546875,0.1220703125,0.3662109375
0.410888671875,-0.2144775390625,0.90234375,1.3427734375,-0.48828125,0.18310546875
0.414794921875,-0.2137451171875,0.9058837890625,0.79345703125,-1.0986328125,-0.06103515625
0.415283203125,-0.2135009765625,0.906494140625,0.18310546875,-1.5869140625,-0.3662109375
0.41650390625,-0.211181640625,0.907470703125,-0.42724609375,-1.8310546875,-0.732421875
0.4222412109375,-0.20654296875,0.90673828125,-1.03759765625,-1.708984375,-0.42724609375
0.423828125,-0.2022705078125,0.903564453125,-1.46484375,-1.220703125,0.0
0.4241943359375,-0.20068359375,0.904052734375,-1.77001953125,-0.9765625,0.244140625
0.42626953125,-0.20166015625,0.907470703125,-1.708984375,-1.03759765625,0.48828125
0.4239501953125,-0.20458984375,0.9072265625,-1.46484375,-1.5869140625,1.15966796875
0.418701171875,-0.2042236328125,0.905029296875,-1.28173828125,-2.685546875,1.5869140625
0.4156494140625,-0.2015380859375,0.896484375,-1.52587890625,-3.0517578125,1.8310546875
0.4107666015625,-0.205078125,0.89892578125,-2.25830078125,-4.150390625,2.3193359375
0.40869140625,-0.210205078125,0.9039306640625,-3.47900390625,-3.5400390625,2.50244140625
0.412353515625,-0.2161865234375,0.907470703125,-4.5166015625,-4.45556640625,2.5634765625
0.412841796875,-0.21533203125,0.9102783203125,-5.55419921875,-4.82177734375,3.11279296875
0.412353515625,-0.208251953125,0.9111328125,-6.7138671875,-5.615234375,2.685546875
0.411865234375,-0.20654296875,0.9144287109375,-7.38525390625,-6.40869140625,0.30517578125
0.404296875,-0.2025146484375,0.9091796875,-8.23974609375,-4.7607421875,-0.30517578125
0.41162109375,-0.2025146484375,0.90966796875,-8.48388671875,-3.72314453125,-5.92041015625
0.410888671875,-0.2042236328125,0.9166259765625,-8.6669921875,-2.44140625,-10.19287109375
0.414794921875,-0.2066650390625,0.91259765625,-9.09423828125,-5.2490234375,-12.20703125
0.4169921875,-0.20751953125,0.914794921875,-10.25390625,-11.3525390625,-13.85498046875
0.4195556640625,-0.2054443359375,0.9083251953125,-12.14599609375,-7.75146484375,-10.8642578125
0.421875,-0.20703125,0.90966796875,-15.2587890625,-1.28173828125,-10.55908203125
0.426025390625,-0.2156982421875,0.922607421875,-15.68603515625,6.8359375,-19.34814453125
0.42822265625,-0.219482421875,0.9593505859375,-14.16015625,16.357421875,-36.07177734375
0.4307861328125,-0.2041015625,0.989501953125,-11.90185546875,26.79443359375,-58.9599609375
0.4326171875,-0.16455078125,0.89501953125,-14.404296875,38.39111328125,-84.04541015625
0.429443359375,-0.1046142578125,0.90966796875,-22.39990234375,48.64501953125,-109.375
0.433349609375,-0.0936279296875,0.9022216796875,-27.587890625,48.9501953125,-131.89697265625
0.4371337890625,-0.1673583984375,0.8741455078125,-27.89306640625,53.955078125,-147.27783203125
0.4322509765625,-0.1839599609375,0.93359375,-35.15625,60.791015625,-157.40966796875
0.4161376953125,-0.2269287109375,0.9383544921875,-52.79541015625,69.88525390625,-163.4521484375
0.3919677734375,-0.2288818359375,0.8822021484375,-69.64111328125,76.7822265625,-167.05322265625
0.42431640625,-0.1805419921875,0.80908203125,-76.84326171875,77.69775390625,-168.5791015625
0.4652099609375,-0.0477294921875,0.744140625,-73.05908203125,76.904296875,-167.96875
0.488525390625,0.1719970703125,0.7447509765625,-66.2841796875,76.2939453125,-167.29736328125
0.5009765625,0.363037109375,0.7838134765625,-61.34033203125,77.0263671875,-167.1142578125
0.60107421875,0.409912109375,0.802490234375,-59.6923828125,77.69775390625,-168.0908203125
0.7332763671875,0.2896728515625,0.7415771484375,-60.60791015625,74.03564453125,-168.88427734375
0.902587890625,0.0565185546875,0.6375732421875,-63.8427734375,64.51416015625,-161.0107421875
1.0078125,-0.109130859375,0.60546875,-67.138671875,52.91748046875,-152.16064453125
1.049560546875,-0.1279296875,0.66259765625,-68.66455078125,44.7998046875,-142.9443359375
1.125,-0.1075439453125,0.6826171875,-66.95556640625,47.54638671875,-135.43701171875
1.190185546875,-0.1038818359375,0.617919921875,-59.50927734375,49.560546875,-129.45556640625
1.200927734375,-0.1407470703125,0.5255126953125,-47.42431640625,45.10498046875,-116.69921875
1.11279296875,-0.1824951171875,0.447021484375,-29.296875,34.97314453125,-110.4736328125
1.0111083984375,-0.21337890625,0.4229736328125,-24.10888671875,22.64404296875,-104.67529296875
0.966796875,-0.2393798828125,0.5108642578125,-21.54541015625,7.87353515625,-98.57177734375
0.9898681640625,-0.2735595703125,0.85107421875,-19.6533203125,6.2255859375,-90.02685546875
1.0081787109375,-0.330078125,0.8463134765625,-18.24951171875,4.7607421875,-88.37890625
0.955322265625,-0.4019775390625,0.7532958984375,-12.63427734375,2.3193359375,-87.46337890625
0.850830078125,-0.531982421875,0.6456298828125,-9.1552734375,-6.28662109375,-87.40234375
0.7596435546875,-0.523193359375,0.611083984375,-6.77490234375,-10.07080078125,-88.19580078125
0.7210693359375,-0.4696044921875,0.79541015625,-6.40869140625,-11.53564453125,-90.02685546875
0.75390625,-0.4271240234375,0.8770751953125,-6.2255859375,-13.24462890625,-92.46826171875
0.8759765625,-0.412109375,0.8880615234375,-3.41796875,-15.5029296875,-95.27587890625
0.7904052734375,-0.4632568359375,0.862060546875,-0.42724609375,-15.869140625,-101.13525390625
0.640380859375,-0.4686279296875,0.836669921875,1.46484375,-14.34326171875,-105.16357421875
0.5189208984375,-0.4154052734375,0.8599853515625,1.77001953125,-12.451171875,-110.65673828125
0.46923828125,-0.35205078125,0.8900146484375,0.6103515625,-7.32421875,-116.2109375
0.5399169921875,-0.3038330078125,0.9139404296875,-3.35693359375,-4.21142578125,-121.7041015625
0.548583984375,-0.3038330078125,0.9267578125,-9.70458984375,-1.46484375,-127.25830078125
0.503173828125,-0.2998046875,0.9635009765625,-24.59716796875,1.3427734375,-133.30078125
0.44384765625,-0.2747802734375,1.0133056640625,-29.11376953125,4.2724609375,-148.13232421875
0.384521484375,-0.2291259765625,1.032958984375,-30.6396484375,7.4462890625,-156.6162109375
0.3892822265625,-0.1878662109375,1.0289306640625,-31.005859375,10.6201171875,-165.6494140625
0.3955078125,-0.15380859375,1.018310546875,-31.43310546875,16.357421875,-174.37744140625
0.3853759765625,-0.108642578125,1.0028076171875,-32.470703125,18.5546875,-183.349609375
0.37109375,-0.029052734375,0.9979248046875,-33.75244140625,19.83642578125,-193.54248046875
0.381103515625,-0.0303955078125,0.9990234375,-36.7431640625,20.6298828125,-204.77294921875
0.4034423828125,-0.0262451171875,0.989990234375,-40.10009765625,22.216796875,-216.1865234375
0.39697265625,-0.014404296875,0.9715576171875,-45.10498046875,25.390625,-228.271484375
0.351318359375,-0.0118408203125,0.95947265625,-50.23193359375,29.60205078125,-240.17333984375
0.327880859375,-0.014404296875,0.955322265625,-53.5888671875,35.5224609375,-252.197265625
0.3072509765625,-0.0177001953125,0.9420166015625,-54.74853515625,41.19873046875,-263.12255859375
0.303466796875,0.0010986328125,0.935546875,-54.8095703125,45.5322265625,-273.01025390625
0.3111572265625,0.02685546875,0.9527587890625,-56.21337890625,46.9970703125,-279.84619140625
0.322021484375,0.05126953125,0.98291015625,-60.24169921875,46.08154296875,-284.60693359375
0.3333740234375,0.057861328125,1.003662109375,-67.44384765625,45.34912109375,-288.63525390625
0.362060546875,0.041015625,1.0115966796875,-76.72119140625,44.5556640625,-290.95458984375
0.36328125,0.0166015625,1.004638671875,-88.134765625,44.5556640625,-291.1376953125
0.3487548828125,0.0111083984375,0.9677734375,-98.93798828125,46.2646484375,-289.12353515625
0.3397216796875,0.0157470703125,0.9019775390625,-107.91015625,48.4619140625,-286.376953125
0.3563232421875,0.0191650390625,0.8212890625,-112.548828125,47.91259765625,-278.076171875
0.3905029296875,0.024658203125,0.75634765625,-113.525390625,43.27392578125,-271.54541015625
0.422607421875,0.0296630859375,0.7406005859375,-114.19677734375,36.31591796875,-263.48876953125
0.4521484375,0.0203857421875,0.7552490234375,-115.8447265625,19.287109375,-253.0517578125
0.474609375,-0.011962890625,0.76171875,-118.0419921875,8.9111328125,-219.17724609375
0.48974609375,-0.064208984375,0.7369384765625,-119.07958984375,-0.54931640625,-194.9462890625
0.5030517578125,-0.14013671875,0.6715087890625,-115.17333984375,-10.009765625,-163.39111328125
0.5242919921875,-0.208740234375,0.580078125,-107.421875,-28.50341796875,-124.20654296875
0.5618896484375,-0.2371826171875,0.49609375,-97.83935546875,-34.97314453125,-12.6953125
0.6180419921875,-0.232421875,0.431396484375,-87.09716796875,-44.86083984375,29.78515625
0.690673828125,-0.224853515625,0.4337158203125,-69.82421875,-31.06689453125,41.9921875
