0.262939453125,-0.23828125,0.9564208984375,-0.18310546875,-0.30517578125,0.06103515625
0.262451171875,-0.23876953125,0.9564208984375,-0.244140625,-0.30517578125,0.06103515625
0.26220703125,-0.2388916015625,0.957275390625,-0.30517578125,-0.30517578125,0.06103515625
0.261474609375,-0.23828125,0.957275390625,-0.30517578125,-0.30517578125,0.06103515625
0.2618408203125,-0.2374267578125,0.9566650390625,-0.30517578125,-0.30517578125,0.1220703125
0.2623291015625,-0.23828125,0.9564208984375,-0.30517578125,-0.30517578125,0.06103515625
0.2625732421875,-0.2392578125,0.956298828125,-0.30517578125,-0.30517578125,0.06103515625
0.2625732421875,-0.2391357421875,0.9559326171875,-0.3662109375,-0.30517578125,0.1220703125
0.2628173828125,-0.2386474609375,0.9560546875,-0.244140625,-0.3662109375,0.06103515625
0.263427734375,-0.238037109375,0.9561767578125,-0.1220703125,-0.3662109375,0.06103515625
0.2633056640625,-0.2376708984375,0.957275390625,-0.244140625,-0.3662109375,0.06103515625
0.2626953125,-0.23828125,0.9573974609375,-0.30517578125,-0.42724609375,0.06103515625
0.2630615234375,-0.2391357421875,0.9556884765625,-0.3662109375,-0.3662109375,0.0
0.26318359375,-0.2392578125,0.9566650390625,-0.42724609375,-0.30517578125,0.06103515625
0.262451171875,-0.239013671875,0.9564208984375,-0.42724609375,-0.30517578125,0.06103515625
0.2625732421875,-0.2388916015625,0.95654296875,-0.30517578125,-0.30517578125,0.0
0.26318359375,-0.2393798828125,0.9554443359375,-0.30517578125,-0.30517578125,0.0
0.2635498046875,-0.2391357421875,0.955078125,-0.244140625,-0.3662109375,0.06103515625
0.263671875,-0.239501953125,0.9547119140625,-0.244140625,-0.3662109375,0.0
0.2615966796875,-0.2396240234375,0.9560546875,-0.18310546875,-0.3662109375,0.0
0.2626953125,-0.2392578125,0.95654296875,-0.18310546875,-0.3662109375,0.0
0.2630615234375,-0.239990234375,0.9559326171875,-0.1220703125,-0.3662109375,0.06103515625
0.26220703125,-0.2401123046875,0.9559326171875,-0.1220703125,-0.3662109375,0.06103515625
0.2618408203125,-0.240234375,0.9556884765625,-0.18310546875,-0.30517578125,0.06103515625
0.263427734375,-0.2398681640625,0.955078125,-0.244140625,-0.3662109375,0.06103515625
0.2640380859375,-0.2403564453125,0.9547119140625,-0.244140625,-0.30517578125,0.06103515625
0.26318359375,-0.2398681640625,0.9552001953125,-0.3662109375,-0.30517578125,0.06103515625
0.26220703125,-0.23876953125,0.9552001953125,-0.3662109375,-0.30517578125,0.06103515625
0.2626953125,-0.2386474609375,0.9556884765625,-0.30517578125,-0.244140625,0.06103515625
0.262451171875,-0.239501953125,0.9549560546875,-0.244140625,-0.30517578125,0.06103515625
0.26171875,-0.2403564453125,0.9544677734375,-0.18310546875,-0.30517578125,0.1220703125
0.261474609375,-0.23974609375,0.955322265625,-0.1220703125,-0.30517578125,0.1220703125
0.26171875,-0.2392578125,0.955810546875,-0.1220703125,-0.30517578125,0.1220703125
0.2626953125,-0.2392578125,0.9561767578125,-0.18310546875,-0.244140625,0.1220703125
0.262939453125,-0.2396240234375,0.9556884765625,-0.18310546875,-0.244140625,0.18310546875
0.2630615234375,-0.2392578125,0.9559326171875,-0.1220703125,-0.30517578125,0.244140625
0.263671875,-0.2392578125,0.9560546875,-0.18310546875,-0.30517578125,0.244140625
0.263916015625,-0.2386474609375,0.9559326171875,-0.244140625,-0.30517578125,0.30517578125
0.2635498046875,-0.2391357421875,0.9560546875,-0.30517578125,-0.18310546875,0.54931640625
0.2625732421875,-0.240234375,0.954833984375,-0.42724609375,1.0986328125,1.0986328125
0.262939453125,-0.239990234375,0.955078125,-0.6103515625,1.0986328125,1.28173828125
0.263671875,-0.2393798828125,0.9560546875,-2.13623046875,0.3662109375,1.708984375
0.263671875,-0.238525390625,0.955810546875,-4.5166015625,1.28173828125,1.52587890625
0.26318359375,-0.238525390625,0.95654296875,-6.53076171875,2.197265625,2.8076171875
0.2630615234375,-0.2376708984375,0.9581298828125,-7.75146484375,3.84521484375,3.41796875
0.2620849609375,-0.2386474609375,0.9666748046875,-6.2255859375,7.6904296875,3.173828125
0.26171875,-0.23779296875,0.9630126953125,-6.04248046875,13.73291015625,1.953125
0.261474609375,-0.2364501953125,0.965087890625,-6.77490234375,23.37646484375,1.46484375
0.26123046875,-0.2373046875,0.96923828125,-6.8359375,26.123046875,-0.91552734375
0.2608642578125,-0.2427978515625,0.954833984375,-3.662109375,32.3486328125,-1.89208984375
0.2613525390625,-0.23291015625,0.9730224609375,-4.8828125,50.35400390625,-3.2958984375
0.264404296875,-0.234130859375,0.978759765625,-3.2958984375,54.74853515625,-3.90625
0.2757568359375,-0.2459716796875,1.0224609375,5.67626953125,56.45751953125,-4.638671875
0.264404296875,-0.2518310546875,0.9725341796875,8.97216796875,57.06787109375,-4.638671875
0.256591796875,-0.236328125,1.0345458984375,12.26806640625,57.6171875,-3.84521484375
0.268798828125,-0.246826171875,1.06982421875,15.869140625,51.45263671875,-3.96728515625
0.2716064453125,-0.257080078125,1.06494140625,20.6298828125,44.3115234375,-3.5400390625
0.27001953125,-0.249267578125,1.02001953125,21.484375,39.55078125,-3.0517578125
0.283935546875,-0.2479248046875,1.0035400390625,20.93505859375,33.87451171875,-2.25830078125
0.322509765625,-0.266845703125,1.0125732421875,19.04296875,29.78515625,-1.46484375
0.24365234375,-0.2794189453125,0.9879150390625,17.39501953125,27.4658203125,2.86865234375
0.2806396484375,-0.2607421875,0.91943359375,16.54052734375,24.35302734375,3.90625
0.3162841796875,-0.257568359375,0.896240234375,15.2587890625,11.23046875,4.150390625
0.3175048828125,-0.2618408203125,0.9122314453125,13.3056640625,6.77490234375,3.60107421875
0.2420654296875,-0.2607421875,0.9599609375,6.65283203125,4.94384765625,2.25830078125
0.217529296875,-0.244873046875,0.9593505859375,8.72802734375,4.94384765625,2.197265625
0.2139892578125,-0.2315673828125,0.9422607421875,13.3056640625,0.48828125,1.8310546875
0.1927490234375,-0.2353515625,0.9080810546875,18.00537109375,-2.8076171875,0.9765625
0.13720703125,-0.2486572265625,0.958740234375,22.64404296875,-6.591796875,0.18310546875
0.1055908203125,-0.2437744140625,0.945068359375,23.74267578125,-5.31005859375,-0.1220703125
0.1072998046875,-0.236328125,0.9256591796875,26.7333984375,-3.5400390625,0.42724609375
0.1199951171875,-0.2210693359375,0.9197998046875,29.60205078125,-0.91552734375,0.244140625
0.1156005859375,-0.227294921875,0.9468994140625,32.53173828125,3.662109375,-2.8076171875
0.116455078125,-0.2373046875,0.9439697265625,35.58349609375,6.77490234375,-2.62451171875
0.08544921875,-0.239013671875,0.9881591796875,36.43798828125,4.08935546875,8.30078125
0.0828857421875,-0.22265625,1.005126953125,31.92138671875,-2.50244140625,22.0947265625
0.08056640625,-0.1817626953125,1.01123046875,31.25,-19.287109375,36.7431640625
0.0721435546875,-0.180419921875,1.0135498046875,29.11376953125,-36.07177734375,49.74365234375
0.0670166015625,-0.189697265625,1.022216796875,37.59765625,-40.95458984375,57.18994140625
0.0751953125,-0.1927490234375,1.050537109375,74.40185546875,-46.08154296875,60.24169921875
0.0625,-0.1895751953125,1.0821533203125,68.29833984375,-48.4619140625,62.92724609375
0.0894775390625,-0.18603515625,1.0911865234375,54.87060546875,-48.4619140625,64.208984375
0.0948486328125,-0.1429443359375,1.1055908203125,35.46142578125,-45.10498046875,59.99755859375
0.0848388671875,-0.1351318359375,1.214111328125,23.37646484375,-39.12353515625,55.72509765625
0.092041015625,-0.2681884765625,1.29638671875,20.8740234375,-21.78955078125,48.03466796875
0.093994140625,-0.6064453125,1.1910400390625,18.12744140625,9.033203125,41.259765625
0.06689453125,-0.98291015625,1.017822265625,-0.91552734375,44.921875,33.203125
-0.0462646484375,-0.8160400390625,0.9608154296875,-17.63916015625,50.72021484375,24.10888671875
-0.255126953125,-0.4615478515625,1.0238037109375,-16.9677734375,54.87060546875,15.869140625
-0.4090576171875,-0.3624267578125,1.0865478515625,-11.8408203125,56.70166015625,9.27734375
-0.4210205078125,-0.3465576171875,1.1767578125,-7.87353515625,57.31201171875,3.2958984375
-0.396484375,-0.413330078125,1.2584228515625,-3.47900390625,60.24169921875,-1.89208984375
-0.4425048828125,-0.4189453125,1.237548828125,0.42724609375,65.91796875,-6.4697265625
-0.578857421875,-0.3204345703125,1.215087890625,6.591796875,72.021484375,-8.97216796875
-0.711181640625,-0.061767578125,1.1810302734375,13.18359375,78.2470703125,-10.43701171875
-0.7916259765625,0.0201416015625,1.1563720703125,17.39501953125,85.02197265625,-9.21630859375
-0.85546875,0.104248046875,1.1453857421875,17.63916015625,91.24755859375,-6.9580078125
-0.8546142578125,0.1697998046875,1.1951904296875,14.0380859375,89.9658203125,-4.0283203125
-0.814453125,0.1722412109375,1.2833251953125,7.8125,83.31298828125,-2.3193359375
-0.648681640625,0.1524658203125,1.3504638671875,-6.28662109375,77.7587890625,-1.8310546875
-0.4876708984375,0.1258544921875,1.37646484375,-10.31494140625,69.4580078125,-2.99072265625
-0.3958740234375,0.0762939453125,1.35302734375,-12.5732421875,58.59375,-5.126953125
-0.3153076171875,0.0125732421875,1.2823486328125,-11.3525390625,51.26953125,-12.5732421875
-0.2476806640625,-0.0311279296875,1.088134765625,-7.32421875,49.31640625,-14.22119140625
-0.16748046875,-0.0404052734375,0.9866943359375,-1.89208984375,52.6123046875,-15.380859375
-0.0855712890625,-0.02685546875,0.92041015625,2.9296875,49.560546875,-14.09912109375
-0.0179443359375,-0.0186767578125,0.897216796875,8.72802734375,37.29248046875,-8.7890625
0.0528564453125,-0.054443359375,0.884033203125,11.77978515625,33.14208984375,7.8125
0.121826171875,-0.0765380859375,0.8668212890625,29.35791015625,28.01513671875,15.2587890625
0.16650390625,-0.0880126953125,0.86572265625,38.2080078125,8.60595703125,17.15087890625
0.1888427734375,-0.08642578125,0.866455078125,39.55078125,-2.62451171875,15.0146484375
0.2039794921875,-0.0732421875,0.7855224609375,21.6064453125,-10.68115234375,11.962890625
0.2330322265625,-0.0582275390625,0.61669921875,14.22119140625,-15.93017578125,21.42333984375
0.2608642578125,-0.0421142578125,0.626953125,8.6669921875,-19.59228515625,46.5087890625
0.2991943359375,-0.0162353515625,0.6630859375,4.08935546875,-34.912109375,9.94873046875
0.3553466796875,-0.0181884765625,0.719970703125,-3.173828125,-36.56005859375,-10.31494140625
0.4149169921875,-0.076171875,0.708251953125,-12.0849609375,-42.66357421875,-33.447265625
0.5400390625,-0.129638671875,0.7342529296875,12.939453125,-70.73974609375,12.20703125
0.58056640625,-0.19775390625,0.8153076171875,-35.5224609375,-103.1494140625,18.61572265625
0.6651611328125,-0.2783203125,0.7891845703125,-41.748046875,-80.810546875,4.8828125
0.6983642578125,-0.27001953125,0.6204833984375,-47.607421875,-83.740234375,-10.25390625
0.7364501953125,-0.2274169921875,0.8446044921875,-18.310546875,-79.40673828125,-3.7841796875
0.7884521484375,-0.160888671875,0.5548095703125,-14.6484375,-73.3642578125,0.48828125
0.8201904296875,-0.1356201171875,0.4456787109375,-17.02880859375,-68.603515625,-4.0283203125
0.83447265625,-0.28515625,1.784423828125,-24.0478515625,-64.697265625,-8.30078125
0.8609619140625,-0.0074462890625,1.4852294921875,-18.12744140625,-56.640625,-3.0517578125
0.8790283203125,0.4813232421875,1.0682373046875,-13.85498046875,-53.22265625,3.7841796875
0.585205078125,0.5709228515625,1.0560302734375,-19.47021484375,-58.349609375,5.55419921875
0.24365234375,-0.75927734375,1.1585693359375,-29.84619140625,-63.90380859375,8.6669921875
-0.562255859375,-0.822509765625,1.335693359375,-38.0859375,-65.73486328125,3.5400390625
-0.508544921875,-0.075439453125,1.1627197265625,-42.6025390625,-53.64990234375,2.74658203125
0.284423828125,0.4295654296875,1.154052734375,-48.095703125,-36.56005859375,2.8076171875
0.32421875,0.364013671875,1.1990966796875,-18.00537109375,-27.83203125,1.64794921875
0.032470703125,-0.5318603515625,1.1314697265625,0.48828125,-20.69091796875,0.91552734375
0.0057373046875,-0.303466796875,1.0050048828125,2.13623046875,-11.71875,0.30517578125
0.072021484375,0.0574951171875,0.9361572265625,1.46484375,-1.40380859375,-0.30517578125
0.261962890625,0.011474609375,1.13037109375,-2.9296875,1.708984375,-1.15966796875
0.296142578125,-0.23583984375,1.04638671875,-9.521484375,-3.41796875,-1.3427734375
0.196533203125,-0.2930908203125,1.0098876953125,-19.1650390625,-7.2021484375,-1.64794921875
0.213623046875,-0.2039794921875,0.947509765625,-22.3388671875,-9.09423828125,-2.62451171875
0.22412109375,-0.262451171875,0.9176025390625,-24.169921875,-11.90185546875,-3.47900390625
0.146728515625,-0.2220458984375,0.9208984375,-24.169921875,-21.05712890625,-4.2724609375
0.10107421875,-0.2431640625,0.9219970703125,-22.03369140625,-21.3623046875,-4.45556640625
0.272216796875,-0.23486328125,0.9166259765625,-9.8876953125,-23.5595703125,-5.06591796875
0.2689208984375,-0.2137451171875,0.9114990234375,-5.31005859375,-26.06201171875,-6.34765625
0.268798828125,-0.2188720703125,0.9283447265625,1.28173828125,-24.23095703125,-7.01904296875
0.2313232421875,-0.25634765625,0.9581298828125,7.62939453125,-20.69091796875,-7.080078125
0.229736328125,-0.26220703125,0.947265625,11.04736328125,-18.37158203125,-7.2021484375
0.23876953125,-0.2620849609375,0.948486328125,12.20703125,-16.845703125,-6.9580078125
0.17236328125,-0.2650146484375,1.0008544921875,11.8408203125,-15.2587890625,-4.7607421875
0.1630859375,-0.28076171875,0.9676513671875,10.7421875,-13.427734375,-3.47900390625
0.1749267578125,-0.2974853515625,0.94287109375,9.33837890625,-12.6953125,-2.01416015625
0.1966552734375,-0.2789306640625,0.9404296875,7.87353515625,-12.26806640625,-1.03759765625
0.21044921875,-0.2816162109375,0.9462890625,4.150390625,-10.92529296875,-1.3427734375
0.2120361328125,-0.288330078125,0.9410400390625,1.77001953125,-11.71875,-1.46484375
0.2181396484375,-0.2763671875,0.939697265625,-2.62451171875,-12.8173828125,-1.64794921875
0.2659912109375,-0.2703857421875,0.9432373046875,-2.685546875,-13.671875,-2.50244140625
0.2503662109375,-0.2740478515625,0.959228515625,-1.28173828125,-14.09912109375,-2.62451171875
0.251953125,-0.276611328125,0.95556640625,0.06103515625,-30.8837890625,-1.28173828125
0.2550048828125,-0.26953125,0.945556640625,0.42724609375,-19.71435546875,-1.708984375
0.2625732421875,-0.256591796875,0.9473876953125,0.3662109375,-23.5595703125,-15.07568359375
0.2698974609375,-0.222412109375,0.9437255859375,-0.732421875,-29.35791015625,-22.94921875
0.2747802734375,-0.22802734375,0.946044921875,-2.62451171875,-49.072265625,-28.564453125
0.2734375,-0.2301025390625,0.952880859375,-4.39453125,-57.12890625,-34.60693359375
0.29248046875,-0.255126953125,0.9608154296875,-11.23046875,-67.19970703125,-39.61181640625
0.2886962890625,-0.2615966796875,1.0003662109375,-11.71875,-80.13916015625,-40.22216796875
0.2723388671875,-0.2559814453125,1.01806640625,-12.26806640625,-94.7265625,-39.97802734375
0.298828125,-0.2696533203125,1.02783203125,-12.39013671875,-126.3427734375,-41.32080078125
0.2840576171875,-0.2689208984375,1.031494140625,-13.0615234375,-168.3349609375,-78.4912109375
0.279052734375,-0.24462890625,1.03466796875,-10.43701171875,-194.7021484375,-92.7734375
0.2928466796875,-0.2276611328125,1.0439453125,-9.3994140625,-327.880859375,-84.3505859375
0.298828125,-0.248046875,1.0543212890625,-11.962890625,-390.68603515625,-84.77783203125
0.3232421875,-0.3170166015625,1.0938720703125,-45.0439453125,-419.73876953125,-113.22021484375
0.292236328125,-0.3070068359375,1.2171630859375,-60.791015625,-409.7900390625,-105.95703125
0.296142578125,-0.2919921875,1.2066650390625,-67.626953125,-373.6572265625,-68.42041015625
0.2685546875,-0.2896728515625,1.1015625,-78.18603515625,-314.8193359375,-68.84765625
0.2476806640625,-0.2681884765625,1.4783935546875,-44.61669921875,-252.5634765625,-102.4169921875
0.2506103515625,-0.2591552734375,1.7403564453125,36.865234375,-81.11572265625,-102.9052734375
0.26220703125,-0.274658203125,1.9642333984375,130.4931640625,67.0166015625,-81.4208984375
0.1776123046875,-0.3072509765625,2.1497802734375,167.78564453125,103.8818359375,-47.79052734375
0.07080078125,-0.365234375,2.2467041015625,-8.36181640625,137.6953125,-10.43701171875
0.109619140625,-0.2515869140625,1.9656982421875,-20.56884765625,152.64892578125,24.71923828125
-0.0289306640625,-0.30029296875,2.1170654296875,9.46044921875,175.1708984375,57.4951171875
0.751708984375,-0.6143798828125,3.3043212890625,21.484375,201.59912109375,81.48193359375
0.77294921875,-0.748046875,3.3409423828125,35.0341796875,219.482421875,95.3369140625
0.477783203125,-0.815185546875,2.044189453125,43.0908203125,230.712890625,96.8017578125
0.312744140625,-0.3843994140625,1.322998046875,46.875,237.79296875,89.29443359375
0.4541015625,0.4176025390625,1.21044921875,44.61669921875,245.9716796875,74.951171875
0.5079345703125,-0.3834228515625,1.169189453125,38.57421875,255.0048828125,57.80029296875
0.0572509765625,-0.421142578125,1.1123046875,30.517578125,270.751953125,45.5322265625
-0.534423828125,-1.000244140625,1.001953125,21.6064453125,281.982421875,28.80859375
0.271240234375,-1.1396484375,0.9285888671875,18.37158203125,272.39990234375,13.18359375
-1.3004150390625,-1.193115234375,0.8831787109375,15.31982421875,275.08544921875,6.28662109375
-0.9891357421875,-1.1241455078125,0.8995361328125,19.287109375,276.611328125,6.7138671875
-0.9298095703125,-0.95703125,1.0107421875,29.72412109375,276.30615234375,3.5400390625
-0.822998046875,-0.7520751953125,1.16259765625,33.02001953125,271.8505859375,1.64794921875
-0.701416015625,-0.52880859375,1.391845703125,19.71435546875,257.14111328125,2.197265625
-0.6065673828125,-0.3018798828125,1.5010986328125,-6.9580078125,235.90087890625,4.150390625
-0.468017578125,-0.1258544921875,1.421142578125,-24.35302734375,225.52490234375,7.4462890625
-0.2864990234375,-0.02978515625,1.308837890625,-38.75732421875,232.84912109375,11.8408203125
-0.10595703125,-0.008544921875,1.181640625,-42.724609375,236.572265625,15.13671875
0.0467529296875,-0.074951171875,1.13720703125,-40.71044921875,228.21044921875,18.61572265625
0.203857421875,-0.11572265625,1.181884765625,-40.71044921875,224.67041015625,29.6630859375
0.2781982421875,-0.055419921875,1.2708740234375,-36.19384765625,228.515625,33.5693359375
0.312744140625,0.03173828125,1.461669921875,-23.13232421875,222.412109375,65.7958984375
0.3961181640625,0.028076171875,1.720703125,-9.27734375,184.63134765625,39.1845703125
0.4349365234375,-0.0604248046875,1.946044921875,2.99072265625,98.9990234375,16.05224609375
0.440185546875,-0.177001953125,2.1226806640625,34.5458984375,54.62646484375,4.69970703125
0.43017578125,-0.3028564453125,2.2364501953125,-5.79833984375,18.24951171875,9.27734375
0.401123046875,-0.390380859375,2.285400390625,4.69970703125,-14.34326171875,21.484375
0.3951416015625,-0.4383544921875,2.6436767578125,-2.13623046875,-39.0625,55.96923828125
0.447021484375,-0.488525390625,2.57958984375,-13.5498046875,-53.5888671875,68.4814453125
0.5318603515625,-0.570068359375,0.80712890625,-12.939453125,-98.93798828125,51.33056640625
0.567626953125,-0.6995849609375,-0.0230712890625,-8.72802734375,-99.79248046875,-41.93115234375
0.598388671875,-0.8814697265625,-0.3236083984375,25.390625,-3.90625,-39.48974609375
0.67333984375,-1.010498046875,-0.42041015625,81.0546875,-125.9765625,-45.0439453125
0.779052734375,-0.2652587890625,-0.3309326171875,74.03564453125,-235.2294921875,-37.65869140625
0.8426513671875,0.351806640625,-0.32666015625,47.79052734375,-174.01123046875,21.6064453125
1.0716552734375,0.3758544921875,-0.3577880859375,-38.63525390625,-195.73974609375,16.7236328125
2.4576416015625,0.094970703125,0.7020263671875,-60.1806640625,-190.0634765625,-1.5869140625
3.173095703125,-0.272216796875,1.724853515625,-54.19921875,-175.048828125,15.2587890625
3.3192138671875,-0.6212158203125,0.094970703125,-4.33349609375,-133.85009765625,3.662109375
3.236328125,-0.943603515625,1.737548828125,15.13671875,-124.51171875,-5.18798828125
2.988037109375,-0.3251953125,2.75,6.04248046875,-97.65625,-1.708984375
2.717529296875,0.735595703125,1.7872314453125,1.03759765625,-83.80126953125,4.45556640625
2.3673095703125,1.325927734375,1.5623779296875,1.40380859375,-74.3408203125,7.8125
1.599609375,1.131103515625,1.404052734375,-10.19287109375,-79.2236328125,13.916015625
-0.7965087890625,0.6383056640625,1.31103515625,-27.03857421875,-90.087890625,21.66748046875
-1.306640625,-1.2994384765625,1.59765625,-45.10498046875,-96.49658203125,23.01025390625
1.2647705078125,-1.4415283203125,1.1693115234375,-67.81005859375,-98.6328125,20.5078125
1.152587890625,0.2398681640625,1.132568359375,-88.5009765625,-97.412109375,15.19775390625
0.2236328125,0.19580078125,1.160400390625,-101.13525390625,-93.505859375,5.126953125
0.27783203125,-0.5548095703125,1.1551513671875,-98.6328125,-77.1484375,0.1220703125
0.3551025390625,0.11669921875,1.14697265625,-77.20947265625,-56.2744140625,-3.72314453125
0.3214111328125,-0.0142822265625,1.1400146484375,-44.12841796875,-19.71435546875,-5.79833984375
0.26806640625,-0.1314697265625,1.1363525390625,-17.822265625,8.544921875,-7.9345703125
0.2274169921875,-0.0372314453125,1.13623046875,7.9345703125,-5.37109375,-6.65283203125
0.1932373046875,0.0069580078125,1.1683349609375,6.89697265625,-10.92529296875,-5.55419921875
0.3037109375,-0.098876953125,1.168212890625,-1.220703125,-12.26806640625,-4.7607421875
0.219970703125,-0.176513671875,1.05712890625,-7.8125,-15.19775390625,-4.2724609375
0.1602783203125,-0.2152099609375,0.9293212890625,-11.23046875,-17.15087890625,-5.43212890625
0.1688232421875,-0.26806640625,0.872802734375,-14.404296875,-17.63916015625,-7.62939453125
0.17431640625,-0.3302001953125,0.936279296875,-15.869140625,-19.34814453125,-11.65771484375
0.205078125,-0.3553466796875,0.9395751953125,-13.18359375,-20.81298828125,-12.451171875
0.2403564453125,-0.2752685546875,0.98193359375,-4.82177734375,-21.484375,-11.29150390625
0.290771484375,-0.2625732421875,0.98388671875,3.84521484375,-21.6064453125,-7.6904296875
0.29833984375,-0.2642822265625,0.970703125,13.36669921875,-18.73779296875,-6.2255859375
0.2999267578125,-0.25537109375,0.9578857421875,17.02880859375,-12.51220703125,-4.94384765625
0.192138671875,-0.2470703125,0.9522705078125,15.9912109375,-11.41357421875,-3.96728515625
0.18212890625,-0.2532958984375,0.9688720703125,7.87353515625,-10.19287109375,-2.62451171875
0.199462890625,-0.2725830078125,0.9840087890625,4.39453125,-9.33837890625,-1.0986328125
0.2440185546875,-0.2900390625,0.96484375,0.9765625,-9.09423828125,0.3662109375
0.23779296875,-0.2720947265625,0.9462890625,-2.74658203125,-10.009765625,-0.91552734375
0.243896484375,-0.3126220703125,0.9508056640625,-6.591796875,-11.53564453125,-2.74658203125
0.25146484375,-0.2852783203125,0.9443359375,-9.765625,-13.00048828125,-3.7841796875
0.2220458984375,-0.233642578125,0.94091796875,-10.8642578125,-14.404296875,-6.2255859375
0.236083984375,-0.2479248046875,0.941162109375,-10.25390625,-35.2783203125,-13.18359375
0.2734375,-0.22314453125,0.9407958984375,-6.53076171875,-41.93115234375,-18.1884765625
0.268798828125,-0.224853515625,0.9412841796875,-8.056640625,-50.537109375,-21.54541015625
0.3028564453125,-0.2271728515625,0.9415283203125,-12.02392578125,-61.6455078125,-26.7333984375
0.293701171875,-0.232177734375,0.9381103515625,-16.17431640625,-75.98876953125,-29.1748046875
0.2847900390625,-0.238525390625,0.9547119140625,-18.24951171875,-93.994140625,-31.18896484375
0.2794189453125,-0.2410888671875,1.019775390625,-19.59228515625,-111.02294921875,-28.38134765625
0.277099609375,-0.2493896484375,1.0206298828125,-19.53125,-130.18798828125,-20.8740234375
0.287353515625,-0.2705078125,1.0350341796875,-20.99609375,-167.78564453125,-19.34814453125
0.291259765625,-0.2960205078125,1.04931640625,-24.71923828125,-204.16259765625,-18.98193359375
0.2764892578125,-0.244384765625,1.066162109375,-22.4609375,-225.76904296875,-32.77587890625
0.2686767578125,-0.2818603515625,1.0718994140625,-19.04296875,-253.662109375,-64.5751953125
0.304443359375,-0.3079833984375,1.0772705078125,-15.625,-305.11474609375,-83.06884765625
0.298583984375,-0.281494140625,1.126953125,-17.822265625,-422.54638671875,-83.0078125
0.2978515625,-0.27587890625,1.2535400390625,-32.1044921875,-440.4296875,-75.50048828125
0.281005859375,-0.2674560546875,1.2374267578125,-80.50537109375,-394.287109375,-50.59814453125
0.2457275390625,-0.25,1.1815185546875,-82.94677734375,-333.3740234375,-49.49951171875
0.2457275390625,-0.2684326171875,1.2818603515625,-58.28857421875,-279.78515625,-50.72021484375
0.2725830078125,-0.220458984375,1.364013671875,18.310546875,-119.32373046875,-67.9931640625
0.2890625,-0.1971435546875,2.026611328125,116.0888671875,17.333984375,-82.21435546875
0.1671142578125,-0.2298583984375,2.2943115234375,178.7109375,63.53759765625,-78.369140625
-0.20703125,-0.2529296875,2.48193359375,133.48388671875,104.248046875,-64.94140625
-0.3043212890625,-0.22314453125,2.2598876953125,30.57861328125,120.60546875,-45.10498046875
-0.1666259765625,-0.5404052734375,2.3575439453125,-5.615234375,129.94384765625,-24.84130859375
-0.02978515625,-0.73486328125,3.3546142578125,-0.91552734375,130.43212890625,-5.4931640625
0.4039306640625,-0.6387939453125,3.9964599609375,20.8740234375,144.59228515625,10.07080078125
0.8270263671875,-0.8292236328125,3.4365234375,41.32080078125,172.4853515625,17.63916015625
0.38232421875,-0.608154296875,2.1064453125,59.38720703125,203.61328125,17.63916015625
0.3111572265625,0.13427734375,1.181884765625,64.39208984375,228.515625,12.451171875
0.3824462890625,0.099853515625,0.9520263671875,54.50439453125,245.91064453125,6.9580078125
-0.062744140625,-0.1295166015625,0.93212890625,39.85595703125,257.568359375,-0.42724609375
-0.404541015625,-0.0906982421875,1.090087890625,25.7568359375,264.70947265625,-7.568359375
0.614013671875,-0.4512939453125,1.19482421875,14.5263671875,268.98193359375,-13.5498046875
0.3074951171875,-0.756103515625,1.15283203125,8.85009765625,271.54541015625,-20.69091796875
-1.3575439453125,-0.8525390625,1.05859375,8.23974609375,272.52197265625,-14.70947265625
-1.34326171875,-0.8192138671875,0.9796142578125,13.427734375,256.34765625,10.68115234375
-1.138427734375,-0.626708984375,0.9345703125,23.13232421875,259.8876953125,23.92578125
-1.1220703125,-0.3887939453125,0.9332275390625,37.41455078125,276.91650390625,34.5458984375
-0.9327392578125,-0.239013671875,0.985595703125,30.45654296875,276.79443359375,42.3583984375
-0.742431640625,-0.157470703125,1.0634765625,1.03759765625,268.06640625,46.9970703125
-0.6083984375,-0.104736328125,1.1531982421875,-15.44189453125,255.9814453125,47.54638671875
-0.478271484375,-0.07080078125,1.3780517578125,-24.7802734375,248.291015625,58.28857421875
-0.3426513671875,-0.0594482421875,1.4359130859375,-23.0712890625,241.27197265625,41.748046875
-0.2213134765625,-0.0673828125,1.5501708984375,-14.6484375,219.8486328125,34.0576171875
-0.1180419921875,-0.0958251953125,1.5604248046875,-9.46044921875,96.61865234375,26.85546875
-0.027587890625,-0.1326904296875,1.607421875,38.39111328125,412.41455078125,64.94140625
0.03076171875,-0.1025390625,1.74072265625,118.896484375,335.14404296875,48.9501953125
0.0577392578125,-0.0367431640625,1.8984375,-42.29736328125,118.7744140625,2.25830078125
0.1002197265625,-0.007080078125,2.123046875,-63.17138671875,82.09228515625,1.89208984375
0.15478515625,0.000244140625,3.217529296875,-26.0009765625,31.3720703125,19.287109375
0.18115234375,-0.0185546875,3.255615234375,16.90673828125,-8.85009765625,39.24560546875
0.17333984375,-0.0343017578125,1.9794921875,9.033203125,-46.56982421875,47.79052734375
0.1932373046875,-0.0557861328125,2.0635986328125,-17.63916015625,-64.0869140625,57.373046875
0.2486572265625,-0.642333984375,1.0545654296875,-24.5361328125,-58.349609375,42.48046875
0.3055419921875,-0.7335205078125,0.0032958984375,-11.23046875,-31.06689453125,-41.32080078125
0.392333984375,0.00048828125,-0.44970703125,6.7138671875,31.31103515625,-9.27734375
0.88720703125,-0.1925048828125,-0.529296875,20.81298828125,-176.1474609375,-16.9677734375
1.2642822265625,-0.7017822265625,-0.40673828125,11.65771484375,-233.5205078125,-66.95556640625
1.9327392578125,-0.4801025390625,-0.152099609375,-35.0341796875,-214.2333984375,-96.74072265625
1.9537353515625,-0.0377197265625,0.0806884765625,-53.466796875,-184.87548828125,-73.73046875
2.4818115234375,-0.2921142578125,0.6949462890625,-77.63671875,-187.6220703125,-23.37646484375
3.13525390625,-0.6827392578125,1.437744140625,-105.5908203125,-186.09619140625,5.859375
3.4776611328125,-0.9183349609375,-0.073974609375,-92.71240234375,-185.24169921875,2.197265625
3.2481689453125,-0.77490234375,0.6158447265625,-76.0498046875,-187.8662109375,-20.56884765625
2.985595703125,-0.1668701171875,1.6783447265625,-56.45751953125,-164.794921875,-26.18408203125
2.7547607421875,0.2161865234375,2.169677734375,-30.3955078125,-140.31982421875,-4.0283203125
2.3580322265625,0.468017578125,2.2216796875,-11.41357421875,-141.41845703125,14.34326171875
0.529541015625,0.2078857421875,2.2664794921875,-5.06591796875,-150.390625,10.68115234375
-1.1064453125,0.5538330078125,2.0823974609375,3.5400390625,-144.71435546875,4.39453125
-0.4083251953125,0.7259521484375,1.7625732421875,27.03857421875,-110.77880859375,9.033203125
0.8013916015625,0.1368408203125,1.5457763671875,46.2646484375,-83.43505859375,8.7890625
0.973876953125,-0.898681640625,1.4185791015625,16.17431640625,-77.45361328125,6.53076171875
0.4656982421875,-1.3857421875,1.44384765625,-17.51708984375,-83.31298828125,10.8642578125
0.4124755859375,-0.7528076171875,1.4996337890625,-22.8271484375,-87.646484375,13.36669921875
0.5906982421875,0.16064453125,1.421875,-15.0146484375,-98.5107421875,13.97705078125
0.4013671875,0.2906494140625,1.15185546875,-16.845703125,-98.44970703125,11.90185546875
0.2486572265625,-0.39990234375,1.0662841796875,-21.3623046875,-96.923828125,7.26318359375
0.354736328125,-0.8416748046875,1.22216796875,-40.6494140625,-76.2939453125,4.2724609375
0.2939453125,-0.3316650390625,1.182373046875,-52.24609375,-47.54638671875,1.953125
0.0858154296875,0.24072265625,1.0675048828125,-51.6357421875,-24.7802734375,-0.30517578125
0.1612548828125,0.0516357421875,1.0614013671875,-35.7666015625,-15.44189453125,-0.91552734375
0.3336181640625,-0.2666015625,1.088134765625,-19.95849609375,-5.43212890625,-1.03759765625
0.26318359375,-0.1878662109375,1.14306640625,-9.94873046875,-3.2958984375,-1.220703125
0.1082763671875,-0.059326171875,1.15771484375,-6.103515625,-2.25830078125,-2.01416015625
0.107421875,-0.141357421875,1.1158447265625,-8.60595703125,-3.35693359375,-2.9296875
0.2093505859375,-0.10791015625,1.032958984375,-16.29638671875,-5.55419921875,-2.74658203125
0.197509765625,-0.095703125,0.9810791015625,-20.01953125,-8.23974609375,-2.8076171875
0.1600341796875,-0.17724609375,0.95263671875,-23.13232421875,-8.9111328125,-4.0283203125
0.2039794921875,-0.2042236328125,0.947021484375,-23.86474609375,-8.4228515625,-5.67626953125
0.2452392578125,-0.231201171875,0.9544677734375,-22.27783203125,-10.55908203125,-7.32421875
0.30126953125,-0.2310791015625,0.9517822265625,-10.3759765625,-12.39013671875,-10.80322265625
0.331298828125,-0.2288818359375,0.95849609375,-3.2958984375,-14.2822265625,-10.92529296875
0.2996826171875,-0.2310791015625,0.9716796875,1.8310546875,-16.17431640625,-9.6435546875
0.241943359375,-0.2198486328125,0.9886474609375,5.18798828125,-17.08984375,-7.38525390625
0.2344970703125,-0.223876953125,0.976806640625,7.75146484375,-16.17431640625,-6.103515625
0.2158203125,-0.2239990234375,0.951416015625,8.30078125,-14.83154296875,-5.31005859375
0.215576171875,-0.228271484375,0.9378662109375,6.40869140625,-13.671875,-3.662109375
0.202392578125,-0.2313232421875,0.934326171875,4.0283203125,-11.77978515625,-4.33349609375
0.2027587890625,-0.2607421875,0.9444580078125,1.03759765625,-9.94873046875,-5.79833984375
0.22509765625,-0.2679443359375,0.962890625,-1.64794921875,-11.90185546875,-5.31005859375
0.253173828125,-0.2667236328125,0.9581298828125,-10.498046875,-13.671875,-4.8828125
0.243896484375,-0.26953125,0.95361328125,-9.765625,-13.916015625,-5.2490234375
0.22802734375,-0.26171875,0.9490966796875,-6.40869140625,-15.2587890625,-8.4228515625
0.220458984375,-0.21533203125,0.940185546875,-3.0517578125,-20.93505859375,-11.16943359375
0.2174072265625,-0.2215576171875,0.957763671875,0.1220703125,-32.3486328125,-15.13671875
0.219970703125,-0.220458984375,0.954345703125,-1.28173828125,-40.1611328125,-23.5595703125
0.258544921875,-0.2215576171875,0.9515380859375,-12.02392578125,-49.6826171875,-34.36279296875
0.2847900390625,-0.2310791015625,0.950927734375,-16.7236328125,-62.98828125,-44.921875
0.2779541015625,-0.24267578125,0.9671630859375,-19.59228515625,-80.4443359375,-48.27880859375
0.26171875,-0.267333984375,1.01416015625,-22.03369140625,-120.9716796875,-40.6494140625
0.2548828125,-0.265869140625,1.048583984375,-22.27783203125,-138.671875,-61.6455078125
0.2640380859375,-0.2432861328125,1.059814453125,-18.98193359375,-232.2998046875,-67.32177734375
0.2593994140625,-0.231201171875,1.0723876953125,-18.798828125,-276.611328125,-70.61767578125
0.2752685546875,-0.2349853515625,1.0963134765625,-15.0146484375,-323.42529296875,-89.2333984375
0.290283203125,-0.2288818359375,1.1053466796875,-8.36181640625,-386.8408203125,-101.62353515625
0.2835693359375,-0.2559814453125,1.099853515625,-16.41845703125,-433.7158203125,-104.91943359375
0.2869873046875,-0.2906494140625,1.146484375,-45.2880859375,-431.5185546875,-84.04541015625
0.24462890625,-0.3360595703125,1.27880859375,-51.45263671875,-373.53515625,-61.34033203125
0.2762451171875,-0.3133544921875,1.3333740234375,-42.1142578125,-318.84765625,-58.7158203125
0.26123046875,-0.2369384765625,1.373779296875,-15.68603515625,-251.0986328125,-69.39697265625
0.2177734375,-0.224609375,1.81640625,66.95556640625,-83.80126953125,-92.28515625
0.200439453125,-0.267578125,2.3284912109375,187.80517578125,-5.615234375,-82.45849609375
0.305908203125,-0.3341064453125,2.447021484375,208.49609375,63.90380859375,-65.24658203125
0.120849609375,-0.0848388671875,2.2974853515625,82.1533203125,122.1923828125,-41.3818359375
-0.1585693359375,-0.2818603515625,2.0390625,-5.4931640625,131.04248046875,-17.63916015625
-0.079345703125,-0.8802490234375,2.5872802734375,-35.400390625,139.2822265625,33.99658203125
0.5743408203125,-0.8128662109375,3.61767578125,-21.240234375,161.376953125,35.09521484375
0.8055419921875,-0.652099609375,3.955078125,-2.38037109375,231.62841796875,28.13720703125
0.6822509765625,-0.9886474609375,2.98291015625,13.427734375,243.83544921875,15.44189453125
0.435546875,-0.494873046875,1.195068359375,10.55908203125,258.23974609375,8.23974609375
0.3670654296875,0.193603515625,1.064208984375,0.9765625,271.17919921875,5.615234375
0.3055419921875,0.0478515625,0.9857177734375,-6.591796875,269.83642578125,4.638671875
-0.45361328125,-0.0623779296875,1.040771484375,4.5166015625,258.60595703125,7.6904296875
-0.27294921875,-0.673828125,0.9632568359375,12.0849609375,265.93017578125,14.83154296875
0.63818359375,-0.8582763671875,0.9095458984375,17.88330078125,274.71923828125,25.45166015625
-0.4193115234375,-0.902587890625,1.018310546875,14.83154296875,282.16552734375,33.8134765625
-1.2489013671875,-0.88427734375,1.1729736328125,0.18310546875,287.2314453125,45.10498046875
-1.06494140625,-0.3486328125,1.2965087890625,-16.90673828125,282.470703125,48.64501953125
-1.026611328125,-0.22265625,1.3712158203125,-31.3720703125,247.6806640625,49.98779296875
-0.8428955078125,-0.1241455078125,1.392578125,-41.8701171875,246.337890625,45.83740234375
-0.3863525390625,-0.1195068359375,1.47509765625,-44.189453125,247.61962890625,23.92578125
-0.2412109375,-0.114501953125,1.550537109375,-0.79345703125,151.67236328125,38.63525390625
-0.0091552734375,-0.094482421875,1.609619140625,6.591796875,159.5458984375,51.81884765625
0.0677490234375,-0.04736328125,1.619384765625,43.5791015625,297.9736328125,44.73876953125
0.1295166015625,0.0006103515625,1.6265869140625,66.58935546875,378.662109375,48.095703125
0.169189453125,0.0150146484375,2.4932861328125,6.9580078125,335.5712890625,53.28369140625
0.23681640625,0.01220703125,2.9932861328125,-39.0625,250.6103515625,49.86572265625
0.282958984375,-0.004150390625,3.182861328125,-51.20849609375,189.697265625,36.56005859375
0.321533203125,-0.0491943359375,2.5557861328125,-70.9228515625,160.15625,-6.89697265625
0.3436279296875,-0.201416015625,1.9285888671875,-72.6318359375,146.8505859375,0.30517578125
0.3206787109375,-0.1650390625,1.939453125,-53.8330078125,20.8740234375,23.681640625
0.316162109375,-0.3914794921875,1.9984130859375,-30.6396484375,-44.43359375,39.0625
0.57421875,-0.4993896484375,1.6798095703125,-14.46533203125,-81.1767578125,36.19384765625
0.6822509765625,-0.2977294921875,1.222900390625,-9.27734375,-87.34130859375,44.25048828125
0.9095458984375,-0.260009765625,0.81787109375,5.615234375,-79.1015625,-0.732421875
1.3035888671875,-0.1500244140625,0.5445556640625,30.09033203125,31.92138671875,-53.16162109375
1.5762939453125,-0.107421875,-0.135986328125,46.56982421875,44.0673828125,-36.80419921875
1.57958984375,-0.271728515625,-0.5150146484375,71.4111328125,-31.982421875,18.24951171875
1.5823974609375,-0.2950439453125,-0.2860107421875,29.1748046875,-164.00146484375,33.38623046875
1.80224609375,-0.125244140625,0.003173828125,21.6064453125,-237.60986328125,-15.0146484375
2.1739501953125,0.1785888671875,0.305908203125,-14.58740234375,-241.14990234375,-63.04931640625
2.574462890625,-0.1055908203125,1.564453125,-50.96435546875,-190.49072265625,-54.0771484375
2.944091796875,-0.3740234375,1.3280029296875,-46.7529296875,-179.6875,-9.33837890625
3.5013427734375,-0.5594482421875,0.3902587890625,-46.0205078125,-198.2421875,26.4892578125
3.2213134765625,-0.5277099609375,-0.12158203125,-51.26953125,-192.19970703125,-10.68115234375
2.982666015625,0.0238037109375,0.3402099609375,-41.44287109375,-175.9033203125,-15.380859375
2.6802978515625,0.1732177734375,1.25439453125,-31.55517578125,-169.43359375,10.498046875
2.290771484375,0.4642333984375,2.0615234375,-27.64892578125,-152.9541015625,25.634765625
-1.471923828125,0.368408203125,2.2996826171875,-12.451171875,-132.62939453125,6.103515625
-2.027099609375,0.1702880859375,2.385009765625,-34.48486328125,-122.1923828125,-9.033203125
-2.3013916015625,0.545166015625,2.247314453125,-35.94970703125,-105.16357421875,-5.43212890625
-0.68994140625,1.06640625,1.928466796875,-21.30126953125,-87.158203125,-0.8544921875
0.9366455078125,0.485595703125,1.36328125,-13.0615234375,-82.33642578125,0.6103515625
1.05712890625,-0.833740234375,1.2181396484375,-19.775390625,-84.228515625,3.23486328125
0.4442138671875,-1.3817138671875,1.3880615234375,-19.287109375,-87.5244140625,10.07080078125
0.3031005859375,-0.6197509765625,1.4698486328125,-19.34814453125,-89.78271484375,15.93017578125
0.6219482421875,0.618408203125,1.283447265625,-32.3486328125,-91.73583984375,15.68603515625
0.5802001953125,-0.2222900390625,1.135498046875,-49.62158203125,-97.65625,9.82666015625
0.3544921875,-0.867431640625,1.144287109375,-62.19482421875,-97.5341796875,6.8359375
0.3082275390625,-0.4937744140625,1.13916015625,-66.2841796875,-50.78125,-0.8544921875
0.044189453125,0.14111328125,1.0452880859375,-63.78173828125,-41.1376953125,-4.5166015625
0.0362548828125,0.0274658203125,1.0347900390625,-40.1611328125,-27.34375,-6.04248046875
0.332275390625,-0.376953125,1.1328125,-28.076171875,-17.822265625,-8.056640625
0.362060546875,-0.2855224609375,1.1978759765625,-9.521484375,-18.00537109375,-8.544921875
0.17333984375,-0.0643310546875,1.227294921875,-6.103515625,-17.7001953125,-9.6435546875
0.1917724609375,-0.138916015625,1.1922607421875,-5.859375,-17.9443359375,-10.07080078125
0.249755859375,-0.22509765625,0.99755859375,-6.65283203125,-18.49365234375,-9.1552734375
0.1668701171875,-0.166259765625,0.890869140625,-8.6669921875,-19.8974609375,-6.9580078125
0.124755859375,-0.15478515625,0.89892578125,-12.5732421875,-19.53125,-8.23974609375
0.1607666015625,-0.2347412109375,0.9107666015625,-15.13671875,-19.47021484375,-9.09423828125
0.17724609375,-0.2386474609375,0.923828125,-14.404296875,-19.47021484375,-10.1318359375
0.2249755859375,-0.295166015625,0.9366455078125,-11.23046875,-18.798828125,-12.20703125
0.32470703125,-0.3074951171875,0.9478759765625,-1.8310546875,-17.88330078125,-11.77978515625
0.202392578125,-0.31005859375,0.9677734375,5.37109375,-17.27294921875,-8.36181640625
0.203857421875,-0.30029296875,0.994873046875,10.07080078125,-15.31982421875,-5.79833984375
0.179443359375,-0.29248046875,0.9945068359375,14.2822265625,-14.09912109375,-2.38037109375
0.1812744140625,-0.282470703125,0.9761962890625,14.58740234375,-14.22119140625,-1.220703125
0.2008056640625,-0.28564453125,0.955322265625,11.04736328125,-11.53564453125,-1.3427734375
0.2059326171875,-0.2928466796875,0.939697265625,7.080078125,-11.1083984375,-1.8310546875
0.210205078125,-0.287841796875,0.9400634765625,-4.21142578125,-13.3056640625,-3.7841796875
0.2265625,-0.29931640625,0.9541015625,-6.28662109375,-14.70947265625,-4.5166015625
0.264892578125,-0.3128662109375,0.9576416015625,-6.34765625,-14.6484375,-4.638671875
0.2713623046875,-0.2882080078125,0.9486083984375,-4.57763671875,-15.5029296875,-4.82177734375
0.2611083984375,-0.298583984375,0.9344482421875,-5.4931640625,-17.51708984375,-4.08935546875
0.27197265625,-0.230712890625,0.935302734375,-8.4228515625,-19.10400390625,-7.2021484375
0.259033203125,-0.2294921875,0.939208984375,-8.60595703125,-22.27783203125,-7.75146484375
0.2576904296875,-0.226318359375,0.938720703125,-5.0048828125,-31.73828125,-10.19287109375
0.313232421875,-0.2525634765625,0.9300537109375,-4.21142578125,-41.80908203125,-16.9677734375
0.3143310546875,-0.253173828125,0.94873046875,-6.591796875,-52.490234375,-21.54541015625
0.2894287109375,-0.272216796875,0.97998046875,-11.474609375,-64.63623046875,-25.81787109375
0.2913818359375,-0.29052734375,1.0030517578125,-16.2353515625,-80.078125,-32.1044921875
0.290283203125,-0.2894287109375,1.0367431640625,-18.6767578125,-101.62353515625,-35.46142578125
0.281494140625,-0.2755126953125,1.0579833984375,-20.32470703125,-124.45068359375,-23.49853515625
0.283203125,-0.2677001953125,1.0562744140625,-22.216796875,-147.705078125,-18.85986328125
0.27978515625,-0.2254638671875,1.062255859375,-24.658203125,-183.77685546875,-29.23583984375
0.2957763671875,-0.235595703125,1.0784912109375,-26.06201171875,-213.31787109375,-39.4287109375
0.3096923828125,-0.26708984375,1.095458984375,-22.27783203125,-235.65673828125,-76.47705078125
0.2864990234375,-0.2501220703125,1.12109375,-16.9677734375,-278.99169921875,-88.623046875
0.265869140625,-0.275634765625,1.1180419921875,-18.9208984375,-350.830078125,-106.93359375
0.29443359375,-0.3004150390625,1.1668701171875,-28.74755859375,-466.73583984375,-108.33740234375
0.295654296875,-0.27880859375,1.2647705078125,-52.490234375,-460.87646484375,-86.24267578125
0.26025390625,-0.2989501953125,1.2242431640625,-118.2861328125,-387.20703125,-76.0498046875
0.2373046875,-0.29736328125,1.2255859375,-118.71337890625,-308.28857421875,-71.22802734375
0.216552734375,-0.1849365234375,1.3724365234375,-47.119140625,-175.1708984375,-88.9892578125
0.2369384765625,-0.1495361328125,1.513427734375,73.30322265625,-31.92138671875,-110.29052734375
0.265869140625,-0.2646484375,2.32666015625,178.466796875,18.310546875,-99.609375
-0.001953125,-0.3504638671875,2.4892578125,169.677734375,75.37841796875,-92.1630859375
-0.3616943359375,-0.2994384765625,2.489013671875,58.837890625,107.72705078125,-72.93701171875
-0.3748779296875,-0.0450439453125,2.4307861328125,-3.72314453125,132.32421875,-50.23193359375
-0.209228515625,-0.790283203125,3.0948486328125,-10.19287109375,134.27734375,-29.052734375
0.0977783203125,-0.8291015625,3.9169921875,-2.99072265625,140.869140625,-6.4697265625
0.7095947265625,-0.8905029296875,3.776611328125,13.36669921875,160.70556640625,12.451171875
0.5552978515625,-0.8643798828125,2.687744140625,26.9775390625,186.4013671875,23.98681640625
0.2938232421875,-0.1351318359375,1.5513916015625,35.7666015625,214.17236328125,28.6865234375
0.4151611328125,-0.0411376953125,1.179931640625,37.04833984375,236.26708984375,30.029296875
0.2889404296875,-0.2330322265625,0.941162109375,28.38134765625,251.64794921875,29.72412109375
-0.38037109375,-0.06640625,0.8404541015625,15.7470703125,262.5732421875,27.9541015625
0.570556640625,-0.39013671875,0.945556640625,5.7373046875,272.03369140625,24.10888671875
0.5809326171875,-0.685302734375,1.0255126953125,2.62451171875,279.296875,18.5546875
-1.2095947265625,-0.822265625,1.0245361328125,4.150390625,284.48486328125,10.7421875
-1.408447265625,-0.8753662109375,0.988037109375,12.451171875,289.55078125,5.7373046875
-1.1573486328125,-0.8341064453125,0.9788818359375,24.4140625,272.27783203125,10.3759765625
-1.17138671875,-0.6492919921875,1.008544921875,35.94970703125,267.39501953125,21.3623046875
-1.0965576171875,-0.4686279296875,1.0703125,49.01123046875,281.25,31.67724609375
-0.912109375,-0.358154296875,1.15087890625,48.88916015625,294.12841796875,40.4052734375
-0.7423095703125,-0.2974853515625,1.19921875,33.935546875,296.44775390625,46.7529296875
-0.58642578125,-0.259033203125,1.2872314453125,10.3759765625,285.82763671875,48.88916015625
-0.4462890625,-0.228759765625,1.3436279296875,-16.05224609375,267.39501953125,45.22705078125
-0.3096923828125,-0.224609375,1.3175048828125,-35.58349609375,258.1787109375,37.65869140625
-0.177734375,-0.236328125,1.3487548828125,-41.44287109375,267.39501953125,31.18896484375
-0.060546875,-0.2567138671875,1.4407958984375,-34.1796875,278.564453125,38.4521484375
0.0279541015625,-0.203857421875,1.499755859375,-21.05712890625,284.5458984375,16.6015625
0.0999755859375,-0.121826171875,1.5421142578125,-10.19287109375,252.197265625,12.26806640625
0.1412353515625,-0.09716796875,1.6971435546875,-3.60107421875,143.798828125,36.4990234375
0.15673828125,-0.077880859375,1.95068359375,15.44189453125,223.69384765625,29.052734375
0.220703125,-0.08349609375,2.2786865234375,86.73095703125,368.10302734375,27.89306640625
0.2762451171875,-0.1121826171875,2.67822265625,71.6552734375,406.982421875,44.921875
0.3018798828125,-0.1409912109375,2.9385986328125,2.44140625,347.47314453125,69.091796875
0.315673828125,-0.1690673828125,3.4193115234375,-54.01611328125,269.775390625,77.08740234375
0.3125,-0.2117919921875,3.179443359375,-112.6708984375,201.59912109375,62.98828125
0.3489990234375,-0.2454833984375,1.9874267578125,-140.80810546875,139.58740234375,19.53125
0.436279296875,-0.33349609375,1.5634765625,-107.72705078125,85.26611328125,-14.46533203125
0.5487060546875,-0.72021484375,1.7572021484375,-51.94091796875,35.70556640625,-18.6767578125
0.6361083984375,-1.01123046875,1.876220703125,6.16455078125,-9.6435546875,6.77490234375
0.7618408203125,-0.91943359375,1.751953125,28.3203125,-49.13330078125,52.06298828125
0.8197021484375,-0.673095703125,1.356689453125,9.3994140625,-71.59423828125,90.33203125
1.1602783203125,-0.04541015625,0.7880859375,-16.54052734375,-71.6552734375,46.69189453125
1.7496337890625,0.270751953125,0.18017578125,-12.20703125,-21.78955078125,-10.43701171875
2.0001220703125,-0.19921875,-0.3328857421875,31.92138671875,31.31103515625,-47.30224609375
1.975341796875,-0.66943359375,-0.6025390625,54.443359375,-17.08984375,-22.27783203125
1.9962158203125,-0.6527099609375,-0.545166015625,11.8408203125,-148.13232421875,1.0986328125
2.2540283203125,-0.146484375,-0.356689453125,26.123046875,-231.201171875,-40.6494140625
2.599853515625,0.452880859375,0.4071044921875,25.69580078125,-259.3994140625,-83.8623046875
3.000244140625,0.607421875,1.3555908203125,-3.96728515625,-223.93798828125,-66.71142578125
3.49609375,0.1279296875,1.755859375,-3.11279296875,-197.3876953125,-14.95361328125
3.8790283203125,-0.58642578125,0.847412109375,-29.78515625,-205.810546875,20.1416015625
3.91845703125,-0.8453369140625,-0.156005859375,-50.84228515625,-199.462890625,20.44677734375
3.6197509765625,-0.2000732421875,-0.054443359375,-34.36279296875,-196.77734375,-8.60595703125
3.1678466796875,0.29296875,1.038818359375,-21.17919921875,-185.302734375,-16.29638671875
1.7174072265625,0.474609375,2.2056884765625,-4.69970703125,-157.8369140625,4.5166015625
-0.2232666015625,0.947998046875,2.5733642578125,-12.6953125,-127.62451171875,13.36669921875
-2.034423828125,0.83544921875,2.405029296875,-28.50341796875,-89.7216796875,-3.2958984375
-2.60693359375,0.759033203125,2.255615234375,-37.841796875,-70.00732421875,-2.0751953125
-1.352294921875,1.0655517578125,1.998291015625,-26.06201171875,-85.3271484375,6.04248046875
0.556640625,0.3568115234375,1.6805419921875,-6.89697265625,-91.85791015625,5.55419921875
1.2059326171875,-0.9052734375,1.36572265625,-20.08056640625,-94.6044921875,5.67626953125
0.704833984375,-1.5316162109375,1.2183837890625,-27.4658203125,-106.689453125,13.48876953125
0.486572265625,-0.6883544921875,1.3175048828125,-38.6962890625,-122.0703125,17.88330078125
0.6390380859375,0.6024169921875,1.428955078125,-46.44775390625,-129.8828125,17.4560546875
0.52197265625,0.7374267578125,1.220703125,-50.4150390625,-122.55859375,12.39013671875
0.357421875,-0.2371826171875,1.0513916015625,-53.5888671875,-109.4970703125,11.71875
0.4083251953125,-0.9644775390625,1.03759765625,-56.57958984375,-82.58056640625,10.25390625
0.4390869140625,0.28173828125,1.0849609375,-59.26513671875,-58.2275390625,6.04248046875
0.2158203125,0.1175537109375,1.0927734375,-54.74853515625,-48.15673828125,2.25830078125
0.085205078125,-0.3580322265625,1.121826171875,-42.05322265625,-35.21728515625,-0.1220703125
0.1365966796875,-0.29736328125,1.170654296875,-32.53173828125,-13.00048828125,-3.662109375
0.0345458984375,-0.0667724609375,1.28369140625,-27.64892578125,4.82177734375,-5.79833984375
0.1151123046875,-0.114013671875,1.3826904296875,-19.47021484375,13.00048828125,-6.53076171875
0.2540283203125,-0.2298583984375,1.2515869140625,-10.25390625,8.7890625,-7.32421875
0.167724609375,-0.1927490234375,1.0308837890625,-4.638671875,-3.2958984375,-7.568359375
0.073486328125,-0.106689453125,0.9049072265625,-3.35693359375,-16.29638671875,-7.87353515625
0.1265869140625,-0.137939453125,0.8302001953125,-3.41796875,-26.4892578125,-4.69970703125
0.2147216796875,-0.221435546875,0.8033447265625,-5.859375,-20.5078125,-7.26318359375
0.2757568359375,-0.2193603515625,0.844482421875,-14.95361328125,-21.42333984375,-9.1552734375
0.3612060546875,-0.2261962890625,0.903076171875,-18.73779296875,-28.25927734375,-10.25390625
0.314453125,-0.3057861328125,0.9527587890625,-16.54052734375,-25.5126953125,-10.31494140625
0.1976318359375,-0.3509521484375,0.98291015625,5.31005859375,-23.5595703125,-11.474609375
0.207763671875,-0.3223876953125,0.982177734375,12.87841796875,-22.88818359375,-11.8408203125
0.224609375,-0.30908203125,1.0230712890625,16.05224609375,-18.1884765625,-10.498046875
0.183837890625,-0.3101806640625,1.020751953125,17.333984375,-15.31982421875,-9.33837890625
0.143798828125,-0.2772216796875,0.9541015625,14.58740234375,-14.46533203125,-6.9580078125
0.13037109375,-0.256591796875,0.9478759765625,11.53564453125,-13.916015625,-6.103515625
0.1328125,-0.172119140625,0.958740234375,5.18798828125,-14.22119140625,-7.99560546875
0.1427001953125,-0.3033447265625,0.9276123046875,0.91552734375,-15.9912109375,-7.8125
0.212890625,-0.2567138671875,0.9227294921875,-2.74658203125,-18.85986328125,-6.77490234375
0.1712646484375,-0.3045654296875,0.9234619140625,-5.18798828125,-22.0947265625,-7.14111328125
0.261962890625,-0.2528076171875,0.9571533203125,-2.25830078125,-27.52685546875,-7.62939453125
0.224853515625,-0.2799072265625,0.9537353515625,-3.96728515625,-33.5693359375,-13.24462890625
0.238037109375,-0.2664794921875,0.9476318359375,-6.8359375,-39.73388671875,-19.22607421875
0.25146484375,-0.26416015625,0.94677734375,-10.7421875,-48.828125,-22.705078125
0.243896484375,-0.2442626953125,1.003173828125,-14.46533203125,-63.17138671875,-27.2216796875
0.2470703125,-0.23388671875,1.0218505859375,-18.61572265625,-82.70263671875,-8.72802734375
0.25439453125,-0.2445068359375,1.0325927734375,-20.32470703125,-104.43115234375,-9.33837890625
0.266845703125,-0.2540283203125,1.0323486328125,-20.6298828125,-194.4580078125,-17.4560546875
0.2796630859375,-0.2447509765625,1.0328369140625,-22.27783203125,-212.34130859375,-25.81787109375
0.26123046875,-0.218505859375,1.060546875,-27.099609375,-225.830078125,-25.57373046875
0.2481689453125,-0.2283935546875,1.0927734375,-25.390625,-266.4794921875,-92.22412109375
0.3134765625,-0.24267578125,1.1103515625,-22.27783203125,-331.1767578125,-89.9658203125
0.2882080078125,-0.2574462890625,1.106689453125,-28.80859375,-440.85693359375,-75.68359375
0.2735595703125,-0.2889404296875,1.241943359375,-51.025390625,-376.953125,-69.4580078125
0.282958984375,-0.2847900390625,1.1553955078125,-135.6201171875,-306.7626953125,-31.06689453125
0.287841796875,-0.2698974609375,1.2041015625,-74.03564453125,-191.7724609375,-32.1044921875
0.2744140625,-0.276611328125,1.3182373046875,27.2216796875,28.13720703125,-27.099609375
0.2420654296875,-0.1707763671875,1.4842529296875,110.90087890625,108.09326171875,-20.1416015625
0.2264404296875,-0.24560546875,2.260009765625,39.73388671875,125.3662109375,-10.80322265625
0.2532958984375,-0.2784423828125,2.2515869140625,-22.03369140625,131.8359375,-4.45556640625
-0.2503662109375,-0.217041015625,2.1397705078125,-5.06591796875,138.7939453125,-0.732421875
-0.3436279296875,-0.0611572265625,2.8392333984375,9.33837890625,156.67724609375,0.1220703125
-0.2548828125,-0.66943359375,3.840576171875,23.5595703125,184.5703125,-4.5166015625
0.171875,-0.775146484375,1.48486328125,40.10009765625,212.890625,-14.95361328125
0.749755859375,-0.842041015625,1.0555419921875,51.33056640625,235.90087890625,-25.146484375
0.2261962890625,-0.294189453125,0.846923828125,56.5185546875,249.45068359375,-29.78515625
0.37353515625,-0.6185302734375,0.8602294921875,55.0537109375,255.4931640625,-32.470703125
0.439208984375,-0.418701171875,1.08642578125,50.537109375,259.6435546875,-31.982421875
-0.30615234375,-0.4970703125,1.2183837890625,50.23193359375,261.23046875,-26.611328125
0.52099609375,-0.4757080078125,1.1993408203125,55.908203125,261.29150390625,-21.17919921875
-1.5152587890625,-0.4376220703125,1.0650634765625,61.8896484375,262.75634765625,-8.6669921875
-1.2291259765625,-0.40087890625,0.9332275390625,67.2607421875,254.45556640625,6.7138671875
-1.1346435546875,-0.2935791015625,0.8914794921875,69.7021484375,251.708984375,23.62060546875
-1.000244140625,-0.17578125,0.933837890625,71.10595703125,256.7138671875,41.32080078125
-0.7999267578125,-0.09130859375,1.00537109375,62.5,268.37158203125,53.955078125
-0.618896484375,-0.0767822265625,1.0516357421875,47.9736328125,274.7802734375,61.46240234375
-0.45849609375,-0.1484375,1.109130859375,29.47998046875,272.705078125,63.96484375
-0.31982421875,-0.2650146484375,1.1690673828125,7.8125,260.986328125,62.68310546875
-0.212890625,-0.3765869140625,1.2174072265625,-6.65283203125,242.7978515625,57.2509765625
-0.1041259765625,-0.4578857421875,1.281005859375,-16.78466796875,236.02294921875,49.31640625
-0.014404296875,-0.5272216796875,1.3651123046875,-21.3623046875,241.02783203125,35.94970703125
0.0301513671875,-0.5413818359375,1.47900390625,-15.68603515625,245.78857421875,16.17431640625
0.063232421875,-0.51904296875,1.5380859375,-5.43212890625,230.8349609375,-6.65283203125
0.07958984375,-0.5076904296875,1.52880859375,2.44140625,107.97119140625,7.99560546875
0.0987548828125,-0.462158203125,1.582763671875,21.42333984375,152.89306640625,3.173828125
0.13720703125,-0.421875,1.8040771484375,86.97509765625,299.4384765625,-5.18798828125
0.194091796875,-0.37890625,2.129150390625,91.97998046875,362.60986328125,7.01904296875
0.253173828125,-0.3017578125,2.4022216796875,29.541015625,318.84765625,27.34375
0.279296875,-0.23583984375,2.8704833984375,-12.14599609375,246.64306640625,39.85595703125
0.28564453125,-0.2178955078125,2.82275390625,-54.38232421875,191.22314453125,37.4755859375
0.2686767578125,-0.204345703125,1.9473876953125,-91.4306640625,147.64404296875,20.8740234375
0.3017578125,-0.16943359375,1.802490234375,-80.99365234375,106.62841796875,2.50244140625
0.4271240234375,-0.2950439453125,2.1868896484375,-48.27880859375,71.1669921875,-3.2958984375
0.5135498046875,-0.498046875,2.2806396484375,-9.46044921875,42.17529296875,5.67626953125
0.5772705078125,-0.51611328125,1.9232177734375,12.6953125,6.591796875,27.2216796875
0.6307373046875,-0.386474609375,1.3861083984375,3.35693359375,-30.8837890625,47.607421875
0.800048828125,-0.0367431640625,0.794921875,-18.310546875,-54.38232421875,63.65966796875
1.2596435546875,0.296875,0.2547607421875,-24.2919921875,-59.38720703125,14.46533203125
1.52001953125,0.004638671875,-0.15283203125,-11.16943359375,-17.7001953125,-46.32568359375
1.593505859375,-0.4447021484375,-0.424072265625,6.9580078125,-1.77001953125,-59.87548828125
1.6422119140625,-0.586669921875,-0.5118408203125,52.30712890625,-80.62744140625,-40.10009765625
1.8465576171875,-0.3970947265625,-0.4111328125,31.18896484375,-177.6123046875,-42.3583984375
2.1776123046875,-0.0447998046875,-0.181884765625,5.859375,-247.61962890625,-80.9326171875
2.5245361328125,0.13720703125,0.017333984375,-16.2353515625,-244.5068359375,-72.20458984375
2.91015625,-0.0333251953125,1.3876953125,-49.8046875,-201.96533203125,-27.52685546875
3.3082275390625,-0.401611328125,1.2327880859375,-62.56103515625,-193.359375,22.4609375
3.54345703125,-0.686279296875,0.4102783203125,-89.35546875,-189.51416015625,26.2451171875
3.438720703125,-0.7528076171875,0.0113525390625,-65.00244140625,-168.02978515625,0.91552734375
3.1363525390625,0.3543701171875,0.429931640625,-49.25537109375,-152.52685546875,-21.728515625
2.79541015625,1.12744140625,1.7532958984375,-28.564453125,-133.6669921875,-9.58251953125
2.3643798828125,1.25341796875,2.6951904296875,2.5634765625,-134.70458984375,12.39013671875
-0.5096435546875,1.0787353515625,2.4013671875,7.6904296875,-142.822265625,10.25390625
-1.817138671875,0.8125,2.081787109375,7.62939453125,-144.22607421875,-0.3662109375
-1.8226318359375,0.652587890625,1.90966796875,13.916015625,-121.64306640625,1.953125
-0.4512939453125,0.125,1.6422119140625,28.01513671875,-90.27099609375,7.38525390625
0.660400390625,-0.9630126953125,1.54736328125,14.95361328125,-76.47705078125,7.8125
0.9693603515625,-1.633544921875,1.5439453125,-23.3154296875,-90.8203125,8.544921875
0.6573486328125,-1.192138671875,1.5908203125,-47.42431640625,-110.53466796875,13.24462890625
0.539794921875,0.0469970703125,1.5185546875,-50.96435546875,-119.07958984375,14.70947265625
0.441162109375,0.70458984375,1.1981201171875,-57.2509765625,-118.1640625,12.0849609375
0.388427734375,0.1654052734375,0.939453125,-64.27001953125,-111.99951171875,10.19287109375
0.4161376953125,-0.595458984375,1.0419921875,-63.96484375,-102.783203125,3.84521484375
0.32421875,-0.501708984375,1.1768798828125,-62.1337890625,-94.66552734375,2.0751953125
0.151123046875,0.1214599609375,1.133056640625,-58.04443359375,-51.08642578125,0.91552734375
0.109130859375,0.2054443359375,1.1337890625,-48.64501953125,-22.94921875,-0.67138671875
0.2452392578125,-0.167724609375,1.1455078125,-21.66748046875,-7.32421875,-1.953125
0.2930908203125,-0.243896484375,1.181884765625,-11.1083984375,-3.23486328125,-2.86865234375
0.156982421875,-0.07568359375,1.215576171875,-4.0283203125,-0.54931640625,-3.5400390625
0.076904296875,-0.102783203125,1.19970703125,-1.89208984375,-0.8544921875,-3.5400390625
0.1788330078125,-0.2095947265625,1.1033935546875,-4.21142578125,-3.7841796875,-3.47900390625
0.1861572265625,-0.1942138671875,1.0428466796875,-6.8359375,-6.591796875,-3.41796875
0.1419677734375,-0.18212890625,0.9559326171875,-10.3759765625,-9.3994140625,-2.86865234375
0.1767578125,-0.2198486328125,0.90234375,-15.13671875,-11.90185546875,-2.13623046875
0.215576171875,-0.2398681640625,0.898193359375,-19.10400390625,-13.5498046875,-2.13623046875
0.2244873046875,-0.26025390625,0.920166015625,-21.8505859375,-15.7470703125,-3.60107421875
0.234130859375,-0.26953125,0.9381103515625,-23.3154296875,-17.2119140625,-5.9814453125
0.3055419921875,-0.257568359375,0.944580078125,-22.27783203125,-18.798828125,-8.23974609375
0.3056640625,-0.267822265625,0.9586181640625,-13.5498046875,-21.30126953125,-10.009765625
0.23681640625,-0.268798828125,0.97314453125,-5.67626953125,-22.4609375,-9.6435546875
0.1744384765625,-0.25146484375,0.98291015625,2.3193359375,-23.01025390625,-7.87353515625
0.1767578125,-0.249267578125,0.9873046875,8.97216796875,-21.78955078125,-6.8359375
0.1802978515625,-0.247802734375,0.973876953125,13.427734375,-19.1650390625,-4.638671875
0.182373046875,-0.23681640625,0.96337890625,15.19775390625,-17.88330078125,-3.2958984375
0.1927490234375,-0.237060546875,0.94921875,14.16015625,-17.39501953125,-2.99072265625
0.2010498046875,-0.256591796875,0.9405517578125,11.41357421875,-15.56396484375,-3.2958984375
0.211669921875,-0.2725830078125,0.941650390625,4.2724609375,-13.916015625,-2.197265625
0.2269287109375,-0.2940673828125,0.9483642578125,0.67138671875,-13.671875,-1.708984375
0.2288818359375,-0.29345703125,0.9576416015625,-2.0751953125,-13.3056640625,-2.62451171875
0.227783203125,-0.2838134765625,0.9608154296875,-3.84521484375,-14.5263671875,-4.5166015625
0.2132568359375,-0.2779541015625,0.9530029296875,-5.18798828125,-16.4794921875,-5.9814453125
0.2113037109375,-0.258544921875,0.9466552734375,-5.43212890625,-17.333984375,-7.62939453125
0.21630859375,-0.239990234375,0.941162109375,-4.45556640625,-17.7001953125,-6.9580078125
0.22705078125,-0.234130859375,0.9417724609375,-2.74658203125,-18.798828125,-5.06591796875
0.2569580078125,-0.2421875,0.949462890625,-1.0986328125,-21.05712890625,-5.31005859375
0.2713623046875,-0.2386474609375,0.9503173828125,-0.06103515625,-26.67236328125,-3.662109375
0.2567138671875,-0.2528076171875,0.9515380859375,0.18310546875,-35.09521484375,-6.34765625
0.26806640625,-0.252197265625,0.955078125,-1.3427734375,-41.6259765625,-11.71875
0.2735595703125,-0.239990234375,0.958740234375,-3.60107421875,-49.560546875,-15.80810546875
0.2633056640625,-0.2501220703125,0.9840087890625,-8.9111328125,-60.6689453125,-18.98193359375
0.272705078125,-0.275634765625,1.01953125,-14.46533203125,-75.927734375,-22.88818359375
0.278076171875,-0.2943115234375,1.0408935546875,-18.00537109375,-96.19140625,-24.96337890625
0.2642822265625,-0.2955322265625,1.04541015625,-19.71435546875,-118.2861328125,-20.08056640625
0.2618408203125,-0.26123046875,1.043701171875,-21.484375,-143.24951171875,-13.7939453125
0.2763671875,-0.2161865234375,1.047607421875,-22.4609375,-176.81884765625,-12.14599609375
0.2938232421875,-0.2147216796875,1.0689697265625,-25.08544921875,-206.23779296875,-12.51220703125
0.29052734375,-0.2249755859375,1.095458984375,-24.658203125,-225.830078125,-35.33935546875
0.2896728515625,-0.2286376953125,1.107177734375,-23.62060546875,-250.42724609375,-57.43408203125
0.2711181640625,-0.2686767578125,1.0955810546875,-19.71435546875,-359.7412109375,-83.19091796875
0.28173828125,-0.2784423828125,1.1412353515625,-32.1044921875,-419.5556640625,-89.9658203125
0.29345703125,-0.258056640625,1.217041015625,-70.00732421875,-447.32666015625,-84.1064453125
0.292236328125,-0.2685546875,1.2276611328125,-102.783203125,-418.27392578125,-72.1435546875
0.2510986328125,-0.2705078125,1.188232421875,-126.77001953125,-340.33203125,-86.97509765625
0.222900390625,-0.2325439453125,1.2218017578125,-123.35205078125,-284.0576171875,-83.1298828125
0.2353515625,-0.194091796875,1.486572265625,-59.326171875,-139.404296875,-132.75146484375
0.2567138671875,-0.1849365234375,1.921142578125,70.1904296875,-14.892578125,-120.849609375
0.1600341796875,-0.2064208984375,2.2220458984375,157.470703125,83.1298828125,-113.58642578125
-0.1202392578125,-0.2822265625,2.2735595703125,124.267578125,108.88671875,-94.54345703125
-0.44482421875,-0.06396484375,2.1556396484375,-20.69091796875,131.34765625,-67.44384765625
-0.334716796875,-0.41455078125,2.2720947265625,-22.15576171875,135.6201171875,-44.00634765625
-0.0269775390625,-0.6990966796875,3.2413330078125,-11.474609375,142.08984375,-18.798828125
0.94482421875,-0.6273193359375,3.984130859375,6.65283203125,165.1611328125,2.5634765625
0.93359375,-0.8167724609375,2.480224609375,24.4140625,191.2841796875,17.39501953125
0.3958740234375,-0.6597900390625,1.388916015625,30.3955078125,216.6748046875,25.634765625
0.23828125,0.2786865234375,1.1011962890625,32.40966796875,236.87744140625,26.9775390625
0.5299072265625,0.3143310546875,0.9093017578125,25.69580078125,250.18310546875,24.5361328125
0.3089599609375,0.0069580078125,0.9090576171875,18.1884765625,258.9111328125,19.59228515625
-0.3087158203125,-0.3468017578125,1.0654296875,12.5732421875,266.90673828125,1.64794921875
0.645751953125,-0.6700439453125,1.1162109375,9.6435546875,272.03369140625,-0.244140625
-1.166259765625,-0.810791015625,1.052490234375,10.1318359375,274.4140625,-1.220703125
-1.3504638671875,-0.877685546875,0.9727783203125,16.41845703125,265.380859375,8.97216796875
-1.0096435546875,-0.8543701171875,0.9263916015625,49.49951171875,274.10888671875,18.310546875
-1.0250244140625,-0.717529296875,0.9361572265625,44.98291015625,286.19384765625,25.390625
-0.98876953125,-0.565673828125,1.017333984375,31.8603515625,288.818359375,29.6630859375
-0.821533203125,-0.4508056640625,1.1285400390625,9.82666015625,283.3251953125,33.14208984375
-0.66455078125,-0.341796875,1.3714599609375,-7.62939453125,267.2119140625,35.46142578125
-0.531005859375,-0.2452392578125,1.3857421875,-20.81298828125,249.08447265625,32.04345703125
-0.3896484375,-0.1923828125,1.339599609375,-30.517578125,250.3662109375,26.4892578125
-0.2431640625,-0.185791015625,1.377197265625,-31.55517578125,261.65771484375,27.40478515625
-0.1142578125,-0.181640625,1.467041015625,-19.71435546875,270.44677734375,15.80810546875
-0.007568359375,-0.144287109375,1.51318359375,-5.126953125,263.427734375,-10.1318359375
0.068115234375,-0.074462890625,1.5853271484375,2.38037109375,135.6201171875,31.18896484375
0.1964111328125,-0.0289306640625,1.77392578125,9.521484375,160.09521484375,29.23583984375
0.2308349609375,-0.049560546875,2.0611572265625,68.4814453125,414.9169921875,44.00634765625
0.2786865234375,-0.0584716796875,2.37109375,81.787109375,364.8681640625,62.56103515625
0.28857421875,-0.0513916015625,2.6070556640625,7.568359375,272.03369140625,73.05908203125
0.296875,-0.0550537109375,3.0711669921875,-85.02197265625,200.68359375,63.04931640625
0.29443359375,-0.1004638671875,3.1827392578125,-112.73193359375,152.9541015625,33.69140625
0.286376953125,-0.1417236328125,2.4080810546875,-97.71728515625,120.42236328125,-0.54931640625
0.346923828125,-0.14697265625,1.794677734375,-55.17578125,90.88134765625,-16.357421875
0.4637451171875,-0.2193603515625,1.9556884765625,-13.36669921875,51.6357421875,-5.79833984375
0.57080078125,-0.56884765625,1.715576171875,3.35693359375,0.244140625,16.90673828125
0.6337890625,-0.7266845703125,1.346923828125,-11.474609375,-40.95458984375,33.203125
0.65576171875,-0.55908203125,0.904052734375,-32.77587890625,-55.84716796875,49.25537109375
0.9251708984375,0.011962890625,0.47705078125,-38.39111328125,-54.19921875,67.32177734375
1.4393310546875,-0.103515625,0.0841064453125,-19.83642578125,-44.98291015625,27.28271484375
1.730224609375,-0.4957275390625,-0.32275390625,9.94873046875,-0.3662109375,-18.49365234375
1.74609375,-0.591552734375,-0.5618896484375,27.64892578125,19.04296875,-34.66796875
1.9481201171875,-0.256591796875,-0.47265625,41.1376953125,-41.07666015625,-10.25390625
2.30908203125,0.2230224609375,-0.162109375,12.0849609375,-156.8603515625,8.30078125
2.6846923828125,0.4669189453125,0.2127685546875,22.5830078125,-232.11669921875,-26.123046875
3.1033935546875,0.2972412109375,0.6787109375,7.568359375,-247.98583984375,-67.3828125
3.5341796875,-0.19970703125,1.4013671875,-26.42822265625,-212.46337890625,-57.0068359375
3.7410888671875,-0.73876953125,1.4984130859375,-35.888671875,-198.974609375,-8.48388671875
3.564208984375,-0.8944091796875,0.5355224609375,-55.48095703125,-197.69287109375,24.96337890625
3.20166015625,-0.557861328125,-0.171875,-63.5986328125,-187.8662109375,15.869140625
2.819091796875,-0.0272216796875,0.02880859375,-52.1240234375,-184.26513671875,-11.1083984375
2.4652099609375,0.33447265625,1.075927734375,-36.92626953125,-171.142578125,-22.39990234375
1.2181396484375,0.569580078125,2.133056640625,-16.29638671875,-155.1513671875,-2.8076171875
-0.5792236328125,0.7706298828125,2.42919921875,-2.25830078125,-160.2783203125,11.8408203125
-1.998291015625,0.6248779296875,2.40673828125,-5.18798828125,-162.29248046875,3.11279296875
-2.3875732421875,0.6861572265625,2.229736328125,-5.4931640625,-158.3251953125,-7.38525390625
-1.0703125,0.86279296875,1.935302734375,9.21630859375,-131.591796875,3.7841796875
0.5223388671875,0.2049560546875,1.6673583984375,28.076171875,-100.5859375,2.685546875
1.021484375,-0.9412841796875,1.456298828125,3.60107421875,-98.57177734375,10.43701171875
0.5655517578125,-1.415283203125,1.40087890625,-36.31591796875,-102.9052734375,12.02392578125
0.37841796875,-0.6610107421875,1.5225830078125,-51.6357421875,-103.759765625,10.07080078125
0.59130859375,0.3992919921875,1.48779296875,-54.62646484375,-99.67041015625,8.72802734375
0.52197265625,0.525146484375,1.1361083984375,-53.955078125,-95.88623046875,6.7138671875
0.39990234375,-0.2822265625,0.9500732421875,-52.42919921875,-86.42578125,4.33349609375
0.3843994140625,-0.830322265625,1.197998046875,-51.33056640625,-68.29833984375,1.3427734375
0.2625732421875,-0.3792724609375,1.1724853515625,-39.794921875,-54.443359375,-0.30517578125
0.0609130859375,0.2386474609375,1.105712890625,-24.658203125,-42.236328125,-0.9765625
0.1058349609375,0.06787109375,1.16162109375,-14.46533203125,-29.1748046875,-2.38037109375
0.320556640625,-0.2523193359375,1.1817626953125,-9.3994140625,-21.484375,-3.84521484375
0.346923828125,-0.0936279296875,1.2491455078125,-5.55419921875,-18.06640625,-4.33349609375
0.1373291015625,-0.237548828125,1.1942138671875,-3.60107421875,-13.73291015625,-5.18798828125
0.2520751953125,-0.16748046875,1.018310546875,-3.662109375,-10.009765625,-5.06591796875
0.1982421875,-0.171142578125,0.9376220703125,-3.84521484375,-7.62939453125,-5.615234375
0.162353515625,-0.2225341796875,0.93505859375,-5.18798828125,-6.103515625,-5.615234375
0.1932373046875,-0.233642578125,0.9447021484375,-7.6904296875,-6.89697265625,-4.82177734375
0.2384033203125,-0.225341796875,0.958984375,-12.3291015625,-8.6669921875,-3.96728515625
0.281005859375,-0.2396240234375,0.9703369140625,-16.17431640625,-10.55908203125,-3.96728515625
0.28857421875,-0.2677001953125,0.951171875,-18.4326171875,-10.986328125,-4.7607421875
0.249755859375,-0.274169921875,0.937744140625,-18.24951171875,-11.71875,-6.2255859375
0.2369384765625,-0.279541015625,0.9501953125,-16.78466796875,-13.427734375,-11.29150390625
0.23779296875,-0.283935546875,0.9730224609375,-12.63427734375,-15.80810546875,-12.6953125
0.2242431640625,-0.283935546875,0.9876708984375,-6.103515625,-18.37158203125,-12.39013671875
0.229248046875,-0.2613525390625,0.9840087890625,-0.1220703125,-16.78466796875,-10.68115234375
0.2545166015625,-0.2421875,0.9737548828125,9.94873046875,-13.12255859375,-8.544921875
0.252197265625,-0.244140625,0.9642333984375,12.3291015625,-11.53564453125,-6.591796875
0.2369384765625,-0.2484130859375,0.9559326171875,11.8408203125,-12.0849609375,-4.94384765625
0.233642578125,-0.24951171875,0.9422607421875,9.94873046875,-12.51220703125,-3.90625
0.2376708984375,-0.2496337890625,0.9202880859375,7.62939453125,-12.02392578125,-3.41796875
0.24755859375,-0.26513671875,0.933837890625,4.7607421875,-11.41357421875,-3.84521484375
0.254150390625,-0.28173828125,0.9503173828125,1.708984375,-11.04736328125,-4.94384765625
0.2576904296875,-0.2930908203125,0.95751953125,-1.220703125,-11.53564453125,-7.50732421875
0.25439453125,-0.3048095703125,0.955810546875,-2.8076171875,-12.3291015625,-9.765625
0.2471923828125,-0.26806640625,0.9476318359375,-3.35693359375,-13.36669921875,-11.29150390625
0.2352294921875,-0.239501953125,0.9417724609375,-3.35693359375,-13.24462890625,-12.20703125
0.239501953125,-0.2342529296875,0.9384765625,-2.25830078125,-13.00048828125,-10.986328125
0.268310546875,-0.2301025390625,0.9371337890625,-0.42724609375,-14.0380859375,-10.07080078125
0.2891845703125,-0.2293701171875,0.9371337890625,1.5869140625,-17.39501953125,-9.94873046875
0.2889404296875,-0.2359619140625,0.9368896484375,2.44140625,-24.7802734375,-14.16015625
0.2830810546875,-0.24462890625,0.9404296875,0.42724609375,-33.38623046875,-18.6767578125
0.28662109375,-0.2581787109375,0.9476318359375,-2.5634765625,-42.29736328125,-24.84130859375
0.283935546875,-0.270751953125,0.962646484375,-8.056640625,-52.18505859375,-28.38134765625
0.2830810546875,-0.2921142578125,0.987060546875,-14.0380859375,-65.673828125,-34.423828125
0.2869873046875,-0.3004150390625,1.0247802734375,-17.2119140625,-86.12060546875,-38.87939453125
0.2847900390625,-0.2850341796875,1.053466796875,-18.85986328125,-108.0322265625,-35.2783203125
0.2744140625,-0.2745361328125,1.056884765625,-17.51708984375,-128.35693359375,-32.89794921875
0.2781982421875,-0.23779296875,1.0523681640625,-18.37158203125,-164.12353515625,-53.52783203125
0.2923583984375,-0.1962890625,1.07080078125,-20.5078125,-206.72607421875,-90.27099609375
0.2991943359375,-0.19775390625,1.091064453125,-20.99609375,-296.08154296875,-104.1259765625
0.297119140625,-0.2498779296875,1.10302734375,-17.51708984375,-434.63134765625,-109.31396484375
0.27197265625,-0.282958984375,1.112060546875,-31.79931640625,-412.4755859375,-85.02197265625
0.2637939453125,-0.2816162109375,1.131103515625,-68.9697265625,-342.59033203125,-64.27001953125
0.28857421875,-0.27783203125,1.24609375,-76.7822265625,-282.2265625,-76.72119140625
0.27685546875,-0.2725830078125,1.2501220703125,-42.3583984375,-186.8896484375,-94.78759765625
0.24169921875,-0.2784423828125,1.32177734375,82.82470703125,-65.12451171875,-112.060546875
0.218017578125,-0.2259521484375,2.1978759765625,211.73095703125,-11.41357421875,-102.35595703125
0.2166748046875,-0.2069091796875,2.32568359375,168.27392578125,56.884765625,-82.1533203125
0.2860107421875,-0.2449951171875,2.206298828125,49.49951171875,98.08349609375,-58.349609375
0.1839599609375,-0.3162841796875,2.00244140625,-9.21630859375,132.75146484375,-33.447265625
-0.0341796875,-0.7745361328125,2.77099609375,-25.45166015625,140.44189453125,-14.09912109375
-0.09326171875,-0.7255859375,3.7960205078125,-14.58740234375,137.87841796875,4.0283203125
0.30615234375,-0.7525634765625,3.8292236328125,-1.5869140625,146.91162109375,19.6533203125
0.5213623046875,-0.9007568359375,2.8201904296875,18.310546875,165.58837890625,29.9072265625
0.4197998046875,-0.1517333984375,1.7691650390625,30.70068359375,184.99755859375,33.38623046875
0.6165771484375,0.1793212890625,1.323974609375,32.71484375,206.787109375,33.447265625
0.382568359375,-0.1785888671875,0.8792724609375,23.3154296875,226.01318359375,32.04345703125
-0.3140869140625,-0.15576171875,0.601318359375,11.3525390625,237.6708984375,28.564453125
0.641357421875,-0.48388671875,0.5838623046875,3.47900390625,246.39892578125,23.3154296875
0.8861083984375,-0.848388671875,0.70556640625,0.79345703125,253.84521484375,17.02880859375
-0.8427734375,-0.9248046875,0.85205078125,1.220703125,260.6201171875,11.474609375
-1.1722412109375,-0.883056640625,0.9481201171875,6.4697265625,266.4794921875,4.150390625
-0.883544921875,-0.7794189453125,0.98388671875,14.58740234375,275.57373046875,3.7841796875
-0.985107421875,-0.5855712890625,0.9825439453125,22.3388671875,271.30126953125,5.18798828125
-1.0322265625,-0.4185791015625,0.982177734375,25.2685546875,267.02880859375,29.541015625
-0.869384765625,-0.3316650390625,1.031494140625,28.01513671875,275.32958984375,34.7900390625
-0.7056884765625,-0.2928466796875,1.1129150390625,21.78955078125,286.56005859375,38.0859375
-0.562255859375,-0.25244140625,1.1754150390625,10.6201171875,274.0478515625,41.19873046875
-0.408447265625,-0.2122802734375,1.2347412109375,-16.17431640625,257.6904296875,40.46630859375
-0.298828125,-0.17578125,1.3546142578125,-30.76171875,255.4931640625,39.00146484375
-0.2171630859375,-0.142822265625,1.4459228515625,-30.3955078125,264.7705078125,38.75732421875
-0.1375732421875,-0.109375,1.470703125,-15.9912109375,274.90234375,21.484375
-0.0540771484375,-0.0849609375,1.614013671875,1.46484375,270.1416015625,-4.39453125
0.029541015625,-0.07080078125,1.6754150390625,14.34326171875,143.06640625,9.70458984375
0.083984375,-0.0528564453125,1.811279296875,23.8037109375,168.51806640625,18.9208984375
0.1175537109375,-0.037841796875,2.0938720703125,79.89501953125,319.64111328125,31.25
0.1375732421875,-0.0244140625,2.4617919921875,90.27099609375,396.30126953125,54.62646484375
0.1710205078125,-0.018310546875,2.759765625,16.78466796875,256.9580078125,65.0634765625
0.238525390625,-0.0391845703125,3.220703125,-32.8369140625,187.56103515625,53.1005859375
0.28173828125,-0.1048583984375,3.150634765625,-91.00341796875,137.0849609375,24.2919921875
0.302978515625,-0.154052734375,2.189697265625,-76.23291015625,102.23388671875,-7.99560546875
0.336669921875,-0.164794921875,1.6046142578125,-36.92626953125,72.3876953125,-22.15576171875
0.438720703125,-0.185302734375,1.795166015625,-3.11279296875,40.71044921875,-11.53564453125
0.570068359375,-0.3438720703125,1.8115234375,-0.244140625,-1.3427734375,9.09423828125
0.664306640625,-0.382080078125,1.379150390625,-28.01513671875,-38.6962890625,30.94482421875
0.720458984375,-0.270263671875,0.8280029296875,-57.9833984375,-55.5419921875,50.59814453125
0.9578857421875,-0.1348876953125,0.324462890625,-69.9462890625,-52.978515625,82.45849609375
1.42626953125,-0.0228271484375,-0.0625,-54.26025390625,-44.98291015625,49.4384765625
1.6826171875,-0.4947509765625,-0.37353515625,-25.634765625,2.74658203125,6.40869140625
1.699462890625,-0.505126953125,-0.57861328125,-3.0517578125,39.36767578125,-24.658203125
1.851318359375,-0.0736083984375,-0.46240234375,26.123046875,-205.01708984375,-58.77685546875
2.2418212890625,0.33837890625,-0.0775146484375,3.90625,-205.9326171875,-65.7958984375
2.640625,0.4715576171875,0.300537109375,1.15966796875,-192.0166015625,-29.72412109375
3.0582275390625,0.2391357421875,0.7532958984375,-35.15625,-196.77734375,15.56396484375
3.474609375,-0.2664794921875,1.49560546875,-52.24609375,-201.59912109375,26.42822265625
3.664794921875,-0.750732421875,1.7713623046875,-49.37744140625,-190.36865234375,7.01904296875
3.4676513671875,-0.87353515625,0.724853515625,-39.0625,-179.6875,-16.11328125
3.0809326171875,-0.6622314453125,1.3873291015625,-26.85546875,-168.51806640625,-10.07080078125
2.7139892578125,-0.1427001953125,2.1905517578125,-4.33349609375,-176.3916015625,6.65283203125
