0.2882080078125,-0.2647705078125,0.9766845703125,-4.82177734375,-55.5419921875,-16.11328125
0.2781982421875,-0.2728271484375,0.9765625,-7.38525390625,-61.8896484375,-17.27294921875
0.279052734375,-0.2657470703125,0.974365234375,-8.60595703125,-68.2373046875,-17.9443359375
0.2906494140625,-0.271728515625,0.978271484375,-9.6435546875,-75.01220703125,-13.12255859375
0.285888671875,-0.2890625,0.9840087890625,-10.80322265625,-83.740234375,-16.845703125
0.2950439453125,-0.275146484375,0.9976806640625,-11.53564453125,-109.31396484375,-26.0009765625
0.3094482421875,-0.2593994140625,1.0042724609375,-13.916015625,-134.8876953125,-32.89794921875
0.307373046875,-0.268310546875,0.9989013671875,-10.25390625,-169.12841796875,-42.1142578125
0.301025390625,-0.29296875,0.9935302734375,-12.51220703125,-186.82861328125,-54.5654296875
0.30810546875,-0.2801513671875,1.052001953125,-22.27783203125,-212.40234375,-61.82861328125
0.2816162109375,-0.2672119140625,1.1195068359375,-20.32470703125,-241.63818359375,-65.00244140625
0.2991943359375,-0.25830078125,1.06494140625,-31.25,-260.25390625,-69.15283203125
0.2821044921875,-0.247314453125,1.0755615234375,-49.1943359375,-260.1318359375,-55.72509765625
0.2799072265625,-0.2120361328125,1.1009521484375,-64.5751953125,-227.783203125,-42.8466796875
0.31201171875,-0.2637939453125,1.211181640625,-77.33154296875,-199.40185546875,-12.20703125
0.3192138671875,-0.3341064453125,1.350830078125,-31.55517578125,-122.802734375,-47.4853515625
0.126220703125,-0.306396484375,1.41455078125,9.46044921875,-6.34765625,-71.83837890625
0.117919921875,-0.3353271484375,1.489501953125,37.9638671875,39.85595703125,-70.12939453125
0.3536376953125,-0.350341796875,1.5147705078125,81.298828125,64.453125,-63.3544921875
0.087646484375,-0.26708984375,1.660888671875,39.9169921875,85.38818359375,-50.84228515625
0.2998046875,-0.2677001953125,2.3765869140625,7.4462890625,106.14013671875,-28.80859375
0.5628662109375,-0.4786376953125,2.9163818359375,14.83154296875,130.79833984375,-20.32470703125
0.666748046875,-0.6373291015625,2.7926025390625,20.5078125,151.123046875,-15.56396484375
0.592041015625,-0.5784912109375,1.2655029296875,26.85546875,178.28369140625,-12.75634765625
0.424560546875,-0.2933349609375,1.217041015625,32.77587890625,186.70654296875,-11.474609375
0.4715576171875,-0.152587890625,1.2117919921875,40.71044921875,192.626953125,-9.8876953125
0.2503662109375,-0.33154296875,1.163818359375,41.015625,196.044921875,-6.103515625
-0.4700927734375,-0.2838134765625,1.0921630859375,40.10009765625,197.75390625,-1.5869140625
-0.4892578125,-0.4022216796875,0.8409423828125,37.353515625,199.3408203125,4.5166015625
0.3148193359375,-0.4830322265625,0.7889404296875,36.62109375,200.25634765625,13.36669921875
-1.01025390625,-0.5030517578125,0.8043212890625,38.26904296875,200.5615234375,23.25439453125
-0.831787109375,-0.484619140625,0.8665771484375,38.57421875,200.8056640625,43.701171875
-0.7608642578125,-0.33349609375,0.949462890625,35.58349609375,203.06396484375,52.3681640625
-0.69189453125,-0.275634765625,1.0321044921875,27.16064453125,204.345703125,63.78173828125
-0.61083984375,-0.259521484375,1.097412109375,15.68603515625,195.6787109375,65.24658203125
-0.423828125,-0.2894287109375,1.1441650390625,-11.5966796875,167.17529296875,64.14794921875
-0.309814453125,-0.3553466796875,1.17236328125,-24.10888671875,151.79443359375,61.279296875
-0.2052001953125,-0.4256591796875,1.193603515625,-32.5927734375,137.451171875,59.4482421875
-0.11669921875,-0.4715576171875,1.2362060546875,-31.55517578125,130.615234375,57.18994140625
-0.052734375,-0.468994140625,1.194580078125,-28.74755859375,144.8974609375,32.77587890625
-0.0010986328125,-0.4268798828125,1.1640625,4.33349609375,110.7177734375,31.79931640625
0.046142578125,-0.393798828125,1.214111328125,20.8740234375,86.42578125,35.70556640625
0.087890625,-0.40380859375,1.29443359375,50.6591796875,177.734375,27.03857421875
0.1280517578125,-0.3858642578125,1.68017578125,83.740234375,241.455078125,31.67724609375
0.1759033203125,-0.3265380859375,2.1632080078125,32.1044921875,219.42138671875,40.771484375
0.20458984375,-0.3348388671875,2.44189453125,-16.29638671875,175.10986328125,47.7294921875
0.2034912109375,-0.3594970703125,2.0164794921875,-19.71435546875,165.4052734375,40.34423828125
0.2296142578125,-0.4178466796875,1.3685302734375,-29.84619140625,178.16162109375,28.13720703125
0.258544921875,-0.41357421875,1.5877685546875,-39.85595703125,153.50341796875,0.8544921875
0.2821044921875,-0.51171875,1.9129638671875,-41.07666015625,135.19287109375,-7.6904296875
0.4713134765625,-0.4171142578125,1.8172607421875,-21.54541015625,104.1259765625,-8.11767578125
0.6368408203125,-0.0654296875,1.4658203125,-35.82763671875,83.1298828125,-1.40380859375
0.6680908203125,-0.08642578125,1.1705322265625,-61.82861328125,56.57958984375,9.1552734375
0.8306884765625,-0.1868896484375,0.7598876953125,-66.650390625,30.57861328125,20.3857421875
0.9891357421875,-0.203369140625,0.6502685546875,-58.9599609375,7.99560546875,27.2216796875
0.912109375,-0.2315673828125,0.31640625,-39.48974609375,-13.85498046875,15.44189453125
0.828369140625,-0.2060546875,0.1151123046875,-14.16015625,-27.40478515625,-14.7705078125
0.8736572265625,0.0201416015625,0.015869140625,10.7421875,-19.95849609375,-26.2451171875
0.996826171875,0.2122802734375,0.0621337890625,51.33056640625,-78.67431640625,-18.85986328125
1.0799560546875,0.235107421875,0.201904296875,37.59765625,-137.20703125,-36.865234375
1.410400390625,0.0943603515625,0.287353515625,31.1279296875,-147.94921875,-58.77685546875
1.5926513671875,-0.1072998046875,1.5015869140625,36.9873046875,-143.9208984375,-59.4482421875
1.873046875,-0.308349609375,1.3851318359375,33.50830078125,-148.8037109375,-35.0341796875
1.8778076171875,-0.448974609375,0.8939208984375,14.09912109375,-155.76171875,1.03759765625
1.834716796875,-0.4794921875,0.6395263671875,-4.8828125,-157.958984375,29.72412109375
1.7579345703125,-0.259033203125,0.7852783203125,-22.5830078125,-132.2021484375,24.90234375
1.6783447265625,0.008056640625,1.18603515625,-27.89306640625,-117.61474609375,5.126953125
1.6549072265625,0.27685546875,1.5145263671875,-45.95947265625,-110.90087890625,-2.8076171875
-0.3333740234375,0.339599609375,1.7633056640625,-29.6630859375,-81.787109375,0.3662109375
-1.4566650390625,0.421875,1.72021484375,-11.29150390625,-64.39208984375,3.23486328125
-1.2686767578125,0.7427978515625,1.509521484375,7.26318359375,-61.95068359375,4.2724609375
-0.4593505859375,0.4971923828125,1.3330078125,12.3291015625,-59.2041015625,5.55419921875
0.20556640625,-0.1566162109375,1.25146484375,14.95361328125,-51.81884765625,7.50732421875
-0.0679931640625,-0.727783203125,1.154052734375,14.58740234375,-38.818359375,7.32421875
-0.009521484375,-0.9722900390625,1.1748046875,5.859375,-34.60693359375,6.8359375
0.254638671875,-0.4029541015625,1.2520751953125,-15.625,-31.79931640625,7.50732421875
0.367919921875,-0.0506591796875,1.2802734375,-21.17919921875,-30.45654296875,7.87353515625
0.2794189453125,-0.022216796875,1.2664794921875,-24.5361328125,-34.48486328125,7.01904296875
0.12646484375,-0.195556640625,1.1805419921875,-26.85546875,-43.39599609375,4.8828125
0.181640625,-0.3193359375,1.15087890625,-26.3671875,-48.76708984375,1.8310546875
0.1829833984375,-0.2237548828125,1.1395263671875,-21.42333984375,-47.18017578125,-4.150390625
0.10986328125,-0.07373046875,1.1397705078125,-15.13671875,-41.07666015625,-5.43212890625
0.134521484375,-0.0947265625,1.1318359375,-9.33837890625,-13.36669921875,-6.4697265625
0.196533203125,-0.116455078125,1.095458984375,-3.84521484375,-7.080078125,-6.8359375
0.195068359375,-0.1163330078125,1.0277099609375,3.72314453125,-7.75146484375,-5.859375
0.1329345703125,-0.1373291015625,0.9779052734375,1.220703125,-21.54541015625,-5.7373046875
0.1121826171875,-0.183349609375,0.9537353515625,-3.90625,-30.21240234375,-5.67626953125
0.11279296875,-0.234375,0.96484375,-12.939453125,-39.55078125,-5.126953125
0.1041259765625,-0.2413330078125,0.969482421875,-15.19775390625,-50.048828125,-4.0283203125
0.0794677734375,-0.2132568359375,0.94677734375,-18.00537109375,-56.15234375,-2.62451171875
0.0645751953125,-0.2119140625,0.9144287109375,-20.32470703125,-56.09130859375,-4.45556640625
0.08349609375,-0.2425537109375,0.953857421875,-21.240234375,-56.640625,-4.39453125
0.088134765625,-0.2081298828125,0.986572265625,-20.32470703125,-58.4716796875,-6.65283203125
0.08935546875,-0.179931640625,1.002197265625,-19.287109375,-58.41064453125,-7.01904296875
0.1259765625,-0.2225341796875,1.031982421875,-18.37158203125,-58.16650390625,-5.37109375
0.1143798828125,-0.2301025390625,1.0389404296875,-14.83154296875,-50.048828125,-4.7607421875
0.0804443359375,-0.2054443359375,1.0086669921875,-7.2021484375,-38.51318359375,-4.150390625
0.02978515625,-0.2073974609375,1.0074462890625,-0.42724609375,-22.88818359375,-2.38037109375
0.0565185546875,-0.22900390625,1.019287109375,-10.55908203125,-20.751953125,-0.42724609375
0.089111328125,-0.219970703125,1.041748046875,-7.87353515625,-23.37646484375,1.3427734375
0.1119384765625,-0.208251953125,0.99560546875,-7.4462890625,-22.15576171875,-0.1220703125
0.1490478515625,-0.2646484375,0.9473876953125,-6.8359375,-20.32470703125,-1.0986328125
0.185302734375,-0.2786865234375,0.955810546875,-7.9345703125,-20.3857421875,-2.0751953125
0.1607666015625,-0.2867431640625,0.978271484375,-8.72802734375,-20.1416015625,-1.5869140625
0.1702880859375,-0.250732421875,0.9716796875,-8.056640625,-22.3388671875,-2.25830078125
0.1878662109375,-0.2320556640625,0.9605712890625,-5.9814453125,-23.25439453125,-2.5634765625
0.2135009765625,-0.252197265625,0.9630126953125,-1.220703125,-24.84130859375,-0.79345703125
0.2449951171875,-0.249755859375,0.959716796875,-0.67138671875,-26.123046875,-1.77001953125
0.229248046875,-0.25,0.9437255859375,-1.0986328125,-28.80859375,-3.5400390625
0.2503662109375,-0.255126953125,0.96533203125,-3.662109375,-34.3017578125,-7.9345703125
0.2491455078125,-0.2642822265625,0.9737548828125,-6.8359375,-41.32080078125,-13.85498046875
0.2628173828125,-0.2708740234375,0.982421875,-10.07080078125,-49.86572265625,-27.34375
0.275390625,-0.27587890625,0.994140625,-14.5263671875,-60.24169921875,-31.79931640625
0.256103515625,-0.2781982421875,1.0089111328125,-18.73779296875,-89.7216796875,-33.8134765625
0.271484375,-0.28076171875,1.01953125,-20.5078125,-105.712890625,-24.84130859375
0.264892578125,-0.281494140625,1.0311279296875,-20.44677734375,-127.44140625,-22.27783203125
0.3172607421875,-0.239990234375,1.040771484375,-21.728515625,-173.4619140625,-39.6728515625
0.312744140625,-0.2354736328125,1.0517578125,-21.6064453125,-206.60400390625,-74.951171875
0.3194580078125,-0.265625,1.0635986328125,-17.76123046875,-297.8515625,-97.22900390625
0.3082275390625,-0.2718505859375,1.0662841796875,-18.6767578125,-408.3251953125,-97.5341796875
0.288818359375,-0.2952880859375,1.185546875,-36.9873046875,-332.763671875,-105.1025390625
0.2913818359375,-0.3236083984375,1.2738037109375,-101.318359375,-259.46044921875,-146.66748046875
0.296142578125,-0.318115234375,1.1864013671875,-30.45654296875,12.6953125,-157.16552734375
0.2725830078125,-0.298828125,1.341796875,55.84716796875,60.36376953125,-133.72802734375
0.2305908203125,-0.222900390625,1.9384765625,93.81103515625,115.1123046875,-37.353515625
0.223876953125,-0.2183837890625,2.0697021484375,4.57763671875,139.2822265625,-5.126953125
0.2613525390625,-0.265380859375,2.2362060546875,-14.70947265625,227.4169921875,6.53076171875
-0.070556640625,-0.1708984375,3.98193359375,10.3759765625,243.83544921875,16.357421875
-0.1478271484375,-0.6248779296875,3.2601318359375,-7.50732421875,251.64794921875,21.3623046875
-0.1197509765625,-0.9281005859375,1.0987548828125,-21.6064453125,258.056640625,22.8271484375
0.48779296875,-0.4937744140625,0.834228515625,-20.93505859375,261.8408203125,20.20263671875
0.785888671875,0.31591796875,0.8394775390625,-19.287109375,266.11328125,31.31103515625
0.74365234375,-0.0623779296875,0.8365478515625,-16.90673828125,266.66259765625,43.701171875
0.253173828125,-0.41064453125,0.9735107421875,-14.16015625,272.39990234375,54.8095703125
0.6873779296875,-0.7950439453125,1.1109619140625,-9.70458984375,273.62060546875,63.41552734375
0.570068359375,-0.6324462890625,1.2103271484375,-16.11328125,272.3388671875,68.90869140625
-1.126953125,-0.4720458984375,1.2674560546875,-38.57421875,261.29150390625,69.15283203125
-0.90380859375,-0.3819580078125,1.356201171875,-47.30224609375,244.140625,70.6787109375
-0.472412109375,-0.287841796875,1.4300537109375,-51.025390625,242.12646484375,37.90283203125
-0.2593994140625,-0.1943359375,1.5799560546875,-46.5087890625,246.39892578125,43.212890625
-0.1605224609375,-0.0904541015625,1.6151123046875,-5.55419921875,298.33984375,49.1943359375
-0.0836181640625,-0.0115966796875,1.613525390625,6.89697265625,369.68994140625,61.8896484375
-0.005126953125,0.0850830078125,1.65234375,17.27294921875,228.21044921875,67.32177734375
0.055419921875,0.1021728515625,2.5416259765625,-10.3759765625,198.6083984375,75.3173828125
0.097412109375,0.112548828125,3.1094970703125,-1.220703125,167.1142578125,70.3125
0.1839599609375,0.1322021484375,1.45361328125,-5.7373046875,130.67626953125,55.7861328125
0.2509765625,0.13232421875,1.5377197265625,-0.18310546875,113.76953125,37.53662109375
0.2593994140625,0.0335693359375,1.97900390625,20.8740234375,112.60986328125,24.23095703125
0.2550048828125,-0.0130615234375,1.811279296875,33.5693359375,96.61865234375,23.0712890625
0.273681640625,0.0067138671875,1.1563720703125,17.27294921875,53.52783203125,31.982421875
0.6055908203125,-0.1634521484375,0.5224609375,-7.568359375,6.591796875,41.80908203125
0.7386474609375,-0.3863525390625,0.2547607421875,-20.3857421875,-19.47021484375,49.49951171875
1.4078369140625,-0.346923828125,0.1295166015625,-20.44677734375,-26.9775390625,-13.916015625
1.36328125,-0.558837890625,-0.065673828125,-12.63427734375,-69.4580078125,-49.9267578125
1.4635009765625,-0.541748046875,-0.2716064453125,0.0,-31.6162109375,-40.1611328125
1.8231201171875,-0.2242431640625,-0.3175048828125,4.08935546875,-105.224609375,-14.0380859375
2.0340576171875,0.0833740234375,-0.124267578125,6.8359375,-175.4150390625,-3.60107421875
2.2705078125,0.16357421875,0.16552734375,-12.3291015625,-197.93701171875,-32.5927734375
2.597900390625,0.0589599609375,0.844482421875,-29.296875,-184.4482421875,-57.9833984375
2.8851318359375,-0.1624755859375,1.094482421875,-49.8046875,-180.84716796875,-53.7109375
2.9947509765625,-0.42236328125,0.4796142578125,-55.35888671875,-186.58447265625,-24.84130859375
2.8780517578125,-0.520751953125,0.2955322265625,-65.91796875,-182.92236328125,-0.42724609375
2.6763916015625,-0.154052734375,0.79638671875,-80.2001953125,-180.35888671875,0.67138671875
2.4630126953125,0.17529296875,1.36474609375,-80.9326171875,-176.26953125,-11.1083984375
2.2930908203125,0.5628662109375,1.6070556640625,-72.509765625,-165.1611328125,-16.05224609375
0.7830810546875,0.2568359375,1.76416015625,-52.978515625,-151.18408203125,-4.94384765625
-0.756103515625,0.2044677734375,1.8804931640625,-29.78515625,-137.26806640625,5.43212890625
-1.3023681640625,0.3221435546875,1.8897705078125,-18.37158203125,-119.9951171875,6.103515625
-0.3883056640625,0.510498046875,1.851806640625,-9.33837890625,-120.42236328125,3.47900390625
0.4315185546875,0.1341552734375,1.7021484375,6.103515625,-93.017578125,4.45556640625
0.5816650390625,-0.625,1.533203125,21.66748046875,-60.6689453125,1.64794921875
0.2642822265625,-1.0001220703125,1.4302978515625,5.7373046875,-81.84814453125,1.52587890625
0.207763671875,-0.73291015625,1.44921875,-36.0107421875,-92.041015625,5.92041015625
0.35888671875,-0.147216796875,1.3868408203125,-29.9072265625,-94.90966796875,8.23974609375
0.3541259765625,0.049560546875,1.140380859375,-31.494140625,-95.8251953125,10.498046875
0.3731689453125,-0.2950439453125,1.171142578125,-38.9404296875,-96.13037109375,9.765625
0.3642578125,-0.6165771484375,1.214599609375,-36.376953125,-89.05029296875,8.30078125
0.30517578125,-0.43115234375,1.0794677734375,-33.50830078125,-78.369140625,5.79833984375
0.167236328125,-0.0313720703125,1.019775390625,-25.45166015625,-62.31689453125,2.3193359375
0.14697265625,-0.1600341796875,1.0762939453125,-17.15087890625,-46.7529296875,-0.67138671875
0.267333984375,-0.18505859375,1.111572265625,-9.765625,-31.6162109375,-2.13623046875
0.3145751953125,-0.0909423828125,1.1734619140625,-4.21142578125,-18.61572265625,-3.0517578125
0.08154296875,-0.107177734375,1.1790771484375,1.0986328125,-11.29150390625,-3.173828125
0.1331787109375,-0.186279296875,1.0899658203125,6.89697265625,-7.9345703125,-2.9296875
0.1845703125,-0.1875,1.0126953125,9.3994140625,-7.080078125,-1.89208984375
0.135986328125,-0.1759033203125,1.0181884765625,6.89697265625,-8.9111328125,-2.01416015625
0.119384765625,-0.2012939453125,1.029296875,1.0986328125,-16.05224609375,-2.50244140625
0.1707763671875,-0.2178955078125,0.9862060546875,-5.859375,-17.39501953125,-3.5400390625
0.2032470703125,-0.2071533203125,0.9544677734375,-19.59228515625,-17.08984375,-4.8828125
0.2379150390625,-0.2144775390625,0.938232421875,-19.8974609375,-17.88330078125,-7.62939453125
0.2535400390625,-0.234619140625,0.9534912109375,-15.31982421875,-18.12744140625,-8.4228515625
0.2464599609375,-0.2176513671875,0.9813232421875,-9.21630859375,-18.98193359375,-5.55419921875
0.255615234375,-0.1964111328125,0.9862060546875,-4.08935546875,-19.1650390625,-3.7841796875
0.2618408203125,-0.1929931640625,0.9884033203125,-0.30517578125,-16.17431640625,-3.11279296875
0.2354736328125,-0.178955078125,0.977783203125,-0.8544921875,-16.7236328125,-3.72314453125
0.2076416015625,-0.203125,0.961181640625,-3.7841796875,-14.95361328125,-4.638671875
0.191650390625,-0.21728515625,0.9482421875,-6.2255859375,-15.380859375,-6.53076171875
0.201171875,-0.23193359375,0.957275390625,-6.103515625,-15.380859375,-7.8125
0.2125244140625,-0.2376708984375,0.9791259765625,-7.4462890625,-13.00048828125,-10.7421875
0.22998046875,-0.2391357421875,0.9686279296875,-8.11767578125,-14.2822265625,-10.92529296875
0.23828125,-0.22900390625,0.9576416015625,-8.7890625,-17.333984375,-9.09423828125
0.2261962890625,-0.219970703125,0.9515380859375,-7.8125,-17.88330078125,-10.3759765625
0.2254638671875,-0.1864013671875,0.94677734375,-4.150390625,-31.982421875,-15.19775390625
0.2291259765625,-0.2025146484375,0.9512939453125,-2.74658203125,-39.0625,-26.4892578125
0.250244140625,-0.21142578125,0.9522705078125,-9.521484375,-47.7294921875,-31.25
0.2569580078125,-0.217529296875,0.9678955078125,-13.36669921875,-58.89892578125,-34.5458984375
0.2708740234375,-0.236328125,0.9915771484375,-17.4560546875,-94.29931640625,-59.4482421875
0.2545166015625,-0.2503662109375,1.044921875,-20.93505859375,-111.99951171875,-85.693359375
0.2432861328125,-0.255126953125,1.041015625,-17.2119140625,-243.22509765625,-114.501953125
0.271728515625,-0.246337890625,1.0572509765625,-18.4326171875,-261.5966796875,-120.1171875
0.27392578125,-0.2215576171875,1.0936279296875,-14.46533203125,-338.37890625,-126.03759765625
0.274169921875,-0.199951171875,1.085693359375,-15.2587890625,-374.81689453125,-129.57763671875
0.28662109375,-0.247314453125,1.0836181640625,-21.66748046875,-378.41796875,-135.1318359375
0.2938232421875,-0.2783203125,1.1826171875,-27.03857421875,-357.72705078125,-87.158203125
0.279296875,-0.281982421875,1.211669921875,-24.658203125,-323.6083984375,-62.68310546875
0.2867431640625,-0.239501953125,1.580078125,-28.74755859375,-227.72216796875,-90.75927734375
0.269287109375,-0.2611083984375,1.918701171875,-2.99072265625,-139.2822265625,-77.7587890625
0.2308349609375,-0.4208984375,2.06201171875,214.599609375,-33.203125,-71.77734375
0.2872314453125,-0.497314453125,2.0728759765625,240.1123046875,58.28857421875,-55.72509765625
0.3031005859375,-0.2998046875,1.923828125,91.064453125,117.919921875,-39.55078125
-0.1080322265625,-0.622314453125,1.955078125,13.24462890625,147.76611328125,-21.30126953125
-0.0318603515625,-0.8563232421875,3.154052734375,-27.89306640625,165.95458984375,-10.68115234375
0.7156982421875,-0.71630859375,3.9669189453125,-43.15185546875,162.109375,1.64794921875
0.7110595703125,-0.7471923828125,3.45654296875,-38.9404296875,158.99658203125,14.83154296875
0.4307861328125,-0.7734375,2.265625,-14.09912109375,172.05810546875,25.32958984375
0.434814453125,-0.345703125,1.3380126953125,-10.31494140625,187.255859375,41.259765625
0.7003173828125,-0.407958984375,0.7618408203125,-19.83642578125,199.03564453125,46.7529296875
0.09423828125,-0.6126708984375,0.289306640625,-28.6865234375,221.923828125,49.072265625
0.02001953125,-0.52587890625,0.427490234375,-35.15625,231.50634765625,47.66845703125
0.5714111328125,-0.6695556640625,0.622802734375,-36.4990234375,238.70849609375,43.76220703125
-0.037109375,-0.7735595703125,0.8529052734375,-34.24072265625,247.0703125,37.353515625
-1.01953125,-0.5767822265625,0.9708251953125,-32.65380859375,256.16455078125,36.07177734375
-0.9766845703125,-0.473388671875,1.0672607421875,-30.517578125,260.31494140625,40.0390625
-0.8319091796875,-0.4068603515625,1.1368408203125,-25.0244140625,252.5634765625,45.654296875
-0.8182373046875,-0.3916015625,1.2098388671875,-21.6064453125,256.2255859375,53.955078125
-0.6787109375,-0.377685546875,1.2744140625,-24.47509765625,263.671875,61.279296875
-0.54345703125,-0.26171875,1.3203125,-37.17041015625,266.7236328125,66.46728515625
-0.4481201171875,-0.16943359375,1.39306640625,-50.1708984375,269.10400390625,70.556640625
-0.384521484375,-0.074462890625,1.4188232421875,-58.89892578125,267.822265625,74.462890625
-0.2518310546875,0.0030517578125,1.418701171875,-59.87548828125,268.06640625,77.45361328125
-0.1649169921875,0.049072265625,1.494140625,-56.5185546875,271.728515625,84.47265625
-0.0833740234375,0.0789794921875,1.6375732421875,-45.5322265625,270.32470703125,93.8720703125
-0.0126953125,0.1219482421875,1.823974609375,-28.62548828125,280.517578125,66.95556640625
0.0311279296875,0.14501953125,2.015380859375,-10.43701171875,175.048828125,70.00732421875
0.0439453125,0.1436767578125,2.1778564453125,6.2255859375,152.83203125,82.09228515625
0.0655517578125,0.140869140625,2.3084716796875,32.16552734375,293.5791015625,80.87158203125
0.1207275390625,0.1190185546875,2.4290771484375,77.63671875,349.853515625,80.50537109375
0.1632080078125,0.0712890625,2.6314697265625,42.236328125,293.212890625,84.228515625
0.1998291015625,-0.0113525390625,2.88232421875,0.1220703125,237.60986328125,88.07373046875
0.245361328125,-0.1044921875,2.357666015625,27.89306640625,210.693359375,55.48095703125
0.2918701171875,-0.1934814453125,1.5482177734375,18.798828125,188.96484375,32.89794921875
0.3349609375,-0.16650390625,1.41455078125,-17.51708984375,101.13525390625,18.4326171875
0.362548828125,-0.3984375,1.8099365234375,-29.296875,78.18603515625,16.11328125
0.442138671875,-0.4757080078125,2.3302001953125,-30.3955078125,67.0166015625,23.681640625
0.5302734375,-0.148681640625,2.2476806640625,-32.89794921875,32.65380859375,24.7802734375
0.6739501953125,-0.300537109375,1.4754638671875,-42.1142578125,-15.2587890625,26.9775390625
0.9935302734375,-0.3990478515625,-0.097900390625,-37.2314453125,-69.9462890625,35.21728515625
1.4560546875,-0.2655029296875,-0.1676025390625,-22.8271484375,-134.70458984375,-28.80859375
1.387451171875,-0.3433837890625,-0.190185546875,-12.63427734375,-104.55322265625,-11.04736328125
1.6119384765625,-0.3255615234375,-0.3447265625,3.90625,-55.35888671875,-36.56005859375
1.974609375,0.07373046875,-0.3719482421875,16.17431640625,-185.11962890625,-54.19921875
2.021728515625,0.1068115234375,-0.5697021484375,7.568359375,-169.7998046875,-28.076171875
2.3150634765625,0.0050048828125,-0.372314453125,-22.15576171875,-202.7587890625,6.103515625
2.5606689453125,-0.1607666015625,0.975830078125,-34.912109375,-201.23291015625,16.2353515625
3.2730712890625,-0.3211669921875,0.828125,-30.1513671875,-184.99755859375,6.103515625
3.3919677734375,-0.37109375,2.4560546875,-40.83251953125,-168.701171875,-12.87841796875
3.2301025390625,-0.4190673828125,2.50439453125,-42.236328125,-148.8037109375,-12.14599609375
2.9468994140625,-0.4075927734375,1.9451904296875,-26.67236328125,-135.986328125,0.244140625
2.696533203125,0.46435546875,1.672119140625,-15.869140625,-126.77001953125,2.74658203125
2.5550537109375,0.4466552734375,1.522216796875,-6.4697265625,-116.63818359375,-9.21630859375
1.29296875,0.4892578125,1.562255859375,1.52587890625,-107.0556640625,-14.22119140625
-2.469482421875,-0.09716796875,1.63232421875,11.3525390625,-92.8955078125,-6.28662109375
1.4129638671875,-0.892578125,1.6888427734375,11.5966796875,-83.19091796875,-4.69970703125
0.6112060546875,-1.0123291015625,1.758544921875,-1.64794921875,-80.01708984375,4.33349609375
0.15869140625,-0.39306640625,1.5687255859375,-11.1083984375,-78.4912109375,5.92041015625
0.2056884765625,0.2454833984375,1.29736328125,-14.5263671875,-97.7783203125,7.62939453125
0.352783203125,0.1114501953125,1.199951171875,-26.3671875,-99.12109375,5.67626953125
0.3917236328125,-0.5426025390625,1.13916015625,-54.931640625,-99.18212890625,0.6103515625
0.416015625,-0.6275634765625,1.0906982421875,-61.5234375,-90.88134765625,-3.23486328125
0.384521484375,-0.0665283203125,1.0745849609375,-63.78173828125,-72.44873046875,-5.92041015625
0.4549560546875,0.11962890625,1.018310546875,-55.35888671875,-50.72021484375,-5.126953125
0.51708984375,-0.1728515625,1.0286865234375,-37.9638671875,-34.423828125,-4.2724609375
0.3228759765625,-0.228515625,1.0667724609375,-22.39990234375,-23.92578125,-3.0517578125
0.18896484375,-0.0621337890625,1.09375,-11.90185546875,-20.56884765625,-2.3193359375
0.165771484375,-0.0792236328125,1.0653076171875,-7.26318359375,-19.71435546875,-2.197265625
0.17578125,-0.203369140625,0.9996337890625,-7.87353515625,-16.90673828125,-3.0517578125
0.1624755859375,-0.218505859375,0.9595947265625,-8.1787109375,-14.6484375,-3.7841796875
0.1002197265625,-0.251953125,0.9781494140625,-8.1787109375,-12.14599609375,-3.47900390625
0.1510009765625,-0.25732421875,1.0157470703125,-8.97216796875,-10.80322265625,-3.60107421875
0.1910400390625,-0.26513671875,1.0130615234375,-10.7421875,-12.14599609375,-3.60107421875
0.2230224609375,-0.2786865234375,0.975830078125,-11.65771484375,-14.09912109375,-3.90625
0.2471923828125,-0.2669677734375,0.946533203125,-11.77978515625,-14.2822265625,-4.5166015625
0.256591796875,-0.25830078125,0.949462890625,-10.55908203125,-13.73291015625,-7.26318359375
0.22900390625,-0.260498046875,0.966552734375,-10.43701171875,-13.7939453125,-8.60595703125
0.22705078125,-0.2542724609375,0.98046875,-9.82666015625,-14.0380859375,-8.9111328125
0.239990234375,-0.2532958984375,0.9742431640625,-7.26318359375,-12.63427734375,-8.36181640625
0.2493896484375,-0.251220703125,0.9598388671875,1.28173828125,-10.43701171875,-7.62939453125
0.2518310546875,-0.2462158203125,0.954345703125,4.57763671875,-9.521484375,-6.28662109375
0.239013671875,-0.2501220703125,0.955322265625,5.79833984375,-10.25390625,-4.94384765625
0.2381591796875,-0.2576904296875,0.9541015625,5.615234375,-11.90185546875,-4.08935546875
0.24365234375,-0.2557373046875,0.95068359375,5.0048828125,-11.8408203125,-1.52587890625
0.2515869140625,-0.258544921875,0.946044921875,3.23486328125,-11.53564453125,-1.28173828125
0.2568359375,-0.262939453125,0.9508056640625,3.173828125,-7.75146484375,-2.0751953125
0.257568359375,-0.2774658203125,0.958251953125,2.5634765625,-7.32421875,-3.84521484375
0.2554931640625,-0.2664794921875,0.951904296875,-4.45556640625,-7.9345703125,-6.16455078125
0.255126953125,-0.251220703125,0.9478759765625,-4.45556640625,-9.3994140625,-5.9814453125
0.268798828125,-0.2391357421875,0.9390869140625,-3.84521484375,-13.85498046875,-6.103515625
0.2757568359375,-0.230712890625,0.9361572265625,-3.0517578125,-17.88330078125,-11.16943359375
0.2738037109375,-0.2333984375,0.9388427734375,-0.48828125,-29.84619140625,-15.9912109375
0.27294921875,-0.23779296875,0.9505615234375,-0.91552734375,-37.29248046875,-20.99609375
0.268798828125,-0.2481689453125,0.9619140625,-5.37109375,-44.43359375,-26.30615234375
0.28271484375,-0.2518310546875,0.9901123046875,-8.544921875,-54.3212890625,-33.14208984375
0.2864990234375,-0.26318359375,1.01611328125,-12.39013671875,-68.78662109375,-40.1611328125
0.280517578125,-0.2724609375,1.0244140625,-12.8173828125,-101.4404296875,-40.4052734375
0.2974853515625,-0.2850341796875,1.02685546875,-11.3525390625,-118.896484375,-57.7392578125
0.2882080078125,-0.236572265625,1.034423828125,-15.44189453125,-198.91357421875,-83.06884765625
0.2716064453125,-0.2269287109375,1.0478515625,-18.798828125,-241.88232421875,-100.89111328125
0.2877197265625,-0.2510986328125,1.0628662109375,-17.02880859375,-372.55859375,-113.09814453125
0.28955078125,-0.295166015625,1.0716552734375,-9.09423828125,-408.447265625,-118.71337890625
0.2828369140625,-0.2822265625,1.1195068359375,-50.59814453125,-403.74755859375,-50.59814453125
0.2781982421875,-0.2821044921875,1.2352294921875,-57.55615234375,-352.9052734375,-42.90771484375
0.2794189453125,-0.2745361328125,1.2003173828125,-53.40576171875,60.72998046875,-33.203125
0.264892578125,-0.261962890625,1.7532958984375,-55.908203125,85.14404296875,-25.0244140625
0.2255859375,-0.2557373046875,2.091552734375,6.40869140625,105.1025390625,-16.7236328125
0.2374267578125,-0.313720703125,2.1419677734375,-5.43212890625,107.97119140625,-8.30078125
0.2608642578125,-0.3492431640625,2.04052734375,21.484375,116.0888671875,0.732421875
0.13720703125,-0.371826171875,2.9779052734375,47.7294921875,134.765625,15.13671875
-0.0211181640625,-0.8775634765625,1.6478271484375,52.734375,157.1044921875,16.66259765625
-0.10546875,-0.7269287109375,1.126220703125,52.24609375,201.416015625,18.37158203125
0.756591796875,-0.58935546875,0.8681640625,44.189453125,211.60888671875,19.04296875
0.6727294921875,-0.9837646484375,0.6597900390625,27.03857421875,222.412109375,19.10400390625
0.5235595703125,-0.7122802734375,0.660400390625,24.71923828125,232.60498046875,19.287109375
0.56396484375,-0.756591796875,0.7242431640625,22.27783203125,241.943359375,15.5029296875
-0.1610107421875,-0.6448974609375,0.8438720703125,20.44677734375,249.51171875,14.83154296875
-1.2950439453125,-0.4683837890625,0.8953857421875,18.73779296875,257.8125,19.04296875
-1.04541015625,-0.3978271484375,0.9541015625,17.88330078125,247.802734375,33.75244140625
-0.8826904296875,-0.351806640625,1.0145263671875,14.70947265625,250.3662109375,39.794921875
-0.832763671875,-0.3778076171875,1.057373046875,11.71875,257.9345703125,43.02978515625
-0.69287109375,-0.3531494140625,1.0726318359375,-0.18310546875,250.0,45.34912109375
-0.5928955078125,-0.3192138671875,1.170654296875,-17.08984375,235.3515625,46.9970703125
-0.3553466796875,-0.2899169921875,1.22802734375,-27.83203125,225.09765625,46.08154296875
-0.2529296875,-0.2684326171875,1.2552490234375,-34.97314453125,223.0224609375,44.3115234375
-0.1474609375,-0.256103515625,1.3568115234375,-32.89794921875,225.2197265625,41.3818359375
-0.0518798828125,-0.2117919921875,1.3587646484375,-22.705078125,230.77392578125,38.39111328125
0.02490234375,-0.181884765625,1.37841796875,-15.80810546875,235.83984375,41.80908203125
0.088623046875,-0.1842041015625,1.5390625,-9.1552734375,243.95751953125,19.287109375
0.1395263671875,-0.1441650390625,1.822998046875,-2.197265625,181.884765625,30.6396484375
0.1912841796875,-0.115234375,2.175048828125,0.244140625,143.73779296875,54.50439453125
0.24853515625,-0.078369140625,2.445068359375,17.63916015625,263.18359375,53.64990234375
0.2486572265625,-0.069580078125,2.490234375,54.38232421875,358.58154296875,63.53759765625
0.2418212890625,-0.096435546875,2.50244140625,6.04248046875,330.9326171875,75.37841796875
0.247314453125,-0.1396484375,2.7725830078125,-39.97802734375,262.26806640625,88.5009765625
0.310546875,-0.1746826171875,2.4571533203125,-54.0771484375,222.59521484375,88.56201171875
0.389892578125,-0.1622314453125,1.8553466796875,-87.46337890625,183.89892578125,70.556640625
0.4874267578125,-0.0927734375,2.0618896484375,-99.12109375,140.31982421875,41.259765625
0.591552734375,-0.364501953125,2.271240234375,-67.9931640625,105.65185546875,16.90673828125
0.6624755859375,-0.5489501953125,1.9649658203125,-25.7568359375,82.58056640625,8.36181640625
0.7294921875,-0.4052734375,1.4720458984375,-1.40380859375,48.9501953125,12.51220703125
0.7967529296875,-0.3834228515625,0.9403076171875,-8.36181640625,3.84521484375,22.3388671875
1.1033935546875,-0.041015625,0.4666748046875,-26.2451171875,-36.376953125,33.87451171875
1.3818359375,0.108154296875,0.1583251953125,-30.82275390625,-56.884765625,29.60205078125
1.409912109375,-0.3026123046875,-0.0479736328125,-18.37158203125,-57.18994140625,17.02880859375
1.4466552734375,-0.5491943359375,-0.219482421875,2.9296875,-56.396484375,-21.97265625
1.587890625,-0.3359375,-0.3466796875,26.9775390625,-29.35791015625,-64.14794921875
1.8468017578125,0.132080078125,-0.300537109375,40.22216796875,-13.24462890625,-67.81005859375
2.1397705078125,0.4554443359375,-0.0478515625,30.33447265625,-75.927734375,-31.79931640625
2.4989013671875,0.4503173828125,0.29150390625,23.86474609375,-158.75244140625,0.0
2.896728515625,0.166259765625,0.593505859375,24.35302734375,-213.7451171875,-6.2255859375
3.185302734375,-0.1865234375,1.3431396484375,6.2255859375,-231.75048828125,-32.04345703125
3.2333984375,-0.3892822265625,1.5233154296875,-18.310546875,-196.10595703125,-37.41455078125
3.04296875,-0.3267822265625,0.748779296875,-28.564453125,-179.8095703125,-8.72802734375
2.7449951171875,0.177734375,0.3253173828125,-28.1982421875,-193.05419921875,21.42333984375
2.4765625,0.3670654296875,0.2867431640625,-25.08544921875,-185.6689453125,19.53125
2.220703125,0.2191162109375,0.9654541015625,-17.7001953125,-172.7294921875,-21.05712890625
1.0914306640625,0.2584228515625,2.04248046875,-15.625,-164.12353515625,-6.4697265625
-0.390380859375,0.0491943359375,2.3299560546875,-11.3525390625,-153.62548828125,5.9814453125
-1.63818359375,-0.17626953125,2.1083984375,-3.90625,-164.85595703125,5.0048828125
-1.8857421875,-0.0479736328125,1.955810546875,-2.44140625,-122.98583984375,-5.55419921875
-0.795654296875,0.2762451171875,1.708251953125,-6.28662109375,-96.19140625,-8.85009765625
0.1529541015625,0.2662353515625,1.5401611328125,-24.658203125,-101.5625,-2.197265625
0.584716796875,-0.3775634765625,1.48828125,-52.55126953125,-115.1123046875,3.23486328125
0.5111083984375,-0.9483642578125,1.4344482421875,-64.208984375,-113.525390625,5.92041015625
0.447998046875,-0.66455078125,1.1929931640625,-62.744140625,-84.53369140625,7.2021484375
0.4521484375,0.0833740234375,1.12060546875,-62.43896484375,-72.3876953125,5.7373046875
0.410888671875,0.3720703125,1.236328125,-54.99267578125,-68.115234375,5.0048828125
0.4324951171875,-0.5579833984375,1.20361328125,-46.7529296875,-64.0869140625,3.72314453125
0.3612060546875,-0.360107421875,1.1563720703125,-36.68212890625,-57.31201171875,1.8310546875
0.2265625,0.0115966796875,1.18017578125,-26.18408203125,-47.30224609375,-5.67626953125
0.2862548828125,-0.0157470703125,1.151123046875,-17.15087890625,-35.21728515625,-6.7138671875
0.4144287109375,-0.227294921875,1.1182861328125,-9.8876953125,-5.43212890625,-6.9580078125
0.227294921875,-0.2423095703125,1.065673828125,-1.89208984375,-6.40869140625,-6.4697265625
0.14013671875,-0.157958984375,0.99267578125,-0.1220703125,-8.7890625,-6.40869140625
0.22900390625,-0.2342529296875,0.9512939453125,-4.82177734375,-8.9111328125,-5.31005859375
0.28759765625,-0.2509765625,0.9342041015625,-7.32421875,-8.4228515625,-5.67626953125
0.171142578125,-0.255859375,0.93701171875,-9.94873046875,-10.43701171875,-6.77490234375
0.228759765625,-0.278564453125,0.9649658203125,-11.77978515625,-12.3291015625,-8.056640625
0.223876953125,-0.2913818359375,0.964111328125,-9.33837890625,-13.427734375,-9.46044921875
0.231201171875,-0.312744140625,0.96142578125,-3.90625,-13.3056640625,-10.19287109375
0.2442626953125,-0.2890625,0.9639892578125,2.197265625,-12.39013671875,-10.31494140625
0.2479248046875,-0.2781982421875,0.968994140625,7.50732421875,-10.7421875,-9.82666015625
0.241943359375,-0.27734375,0.9652099609375,10.68115234375,-10.43701171875,-8.9111328125
0.25634765625,-0.26953125,0.949951171875,12.8173828125,-10.31494140625,-6.16455078125
0.2318115234375,-0.2637939453125,0.9385986328125,12.26806640625,-10.68115234375,-5.37109375
0.247314453125,-0.2701416015625,0.9407958984375,11.04736328125,-10.68115234375,-5.06591796875
0.2581787109375,-0.2791748046875,0.9378662109375,9.70458984375,-10.6201171875,-4.8828125
0.2598876953125,-0.2879638671875,0.94287109375,5.92041015625,-10.1318359375,-4.5166015625
0.264892578125,-0.2886962890625,0.9486083984375,4.2724609375,-9.765625,-4.39453125
0.2646484375,-0.285888671875,0.945556640625,2.0751953125,-9.3994140625,-6.16455078125
0.2562255859375,-0.26416015625,0.936279296875,-0.06103515625,-8.85009765625,-6.53076171875
0.2520751953125,-0.2470703125,0.9345703125,-1.46484375,-9.1552734375,-4.7607421875
0.2679443359375,-0.241943359375,0.9339599609375,-2.0751953125,-18.49365234375,-5.126953125
0.2724609375,-0.2471923828125,0.934326171875,-1.89208984375,-23.01025390625,-9.521484375
0.2686767578125,-0.2454833984375,0.9427490234375,-2.0751953125,-28.6865234375,-14.46533203125
0.2760009765625,-0.249267578125,0.958251953125,-2.9296875,-35.94970703125,-20.44677734375
0.2808837890625,-0.2557373046875,0.968994140625,-5.126953125,-45.34912109375,-24.2919921875
0.2855224609375,-0.2574462890625,1.0052490234375,-9.521484375,-59.38720703125,-27.16064453125
0.2763671875,-0.2474365234375,1.0103759765625,-13.73291015625,-74.40185546875,-32.04345703125
0.2862548828125,-0.2708740234375,1.0206298828125,-14.34326171875,-89.41650390625,-31.6162109375
0.300537109375,-0.27099609375,1.0313720703125,-15.7470703125,-105.95703125,-31.31103515625
0.296875,-0.2286376953125,1.0482177734375,-17.76123046875,-137.02392578125,-35.0341796875
0.3038330078125,-0.222412109375,1.0594482421875,-21.728515625,-178.22265625,-40.95458984375
0.2967529296875,-0.245361328125,1.0516357421875,-23.13232421875,-202.57568359375,-56.884765625
0.297607421875,-0.281005859375,1.0574951171875,-20.01953125,-220.21484375,-85.38818359375
0.2860107421875,-0.2908935546875,1.093505859375,-17.7001953125,-253.60107421875,-94.970703125
0.2677001953125,-0.2841796875,1.2177734375,-16.29638671875,-301.45263671875,-97.900390625
0.283203125,-0.2779541015625,1.2425537109375,-24.47509765625,-361.02294921875,-104.67529296875
0.2603759765625,-0.257568359375,1.1639404296875,-40.46630859375,-408.3251953125,-118.46923828125
0.2322998046875,-0.261474609375,1.185791015625,-59.5703125,-417.78564453125,-125.06103515625
0.2552490234375,-0.24609375,1.251220703125,-70.73974609375,-391.78466796875,-106.26220703125
0.274169921875,-0.25634765625,1.2960205078125,-75.50048828125,-337.58544921875,-59.87548828125
0.186767578125,-0.2978515625,1.5517578125,-78.61328125,-278.80859375,-88.9892578125
0.0008544921875,-0.3958740234375,1.9903564453125,-20.263671875,-179.0771484375,-83.6181640625
-0.034912109375,-0.4722900390625,2.20556640625,92.4072265625,-75.86669921875,-88.134765625
-0.2257080078125,-0.3206787109375,2.2965087890625,201.171875,1.8310546875,-81.298828125
-0.17626953125,-0.1917724609375,1.9573974609375,156.1279296875,65.36865234375,-67.0166015625
0.107177734375,-0.493408203125,1.713134765625,32.3486328125,88.134765625,-52.91748046875
0.4576416015625,-0.7142333984375,2.572021484375,-11.04736328125,112.60986328125,-36.43798828125
0.8768310546875,-0.7349853515625,3.63623046875,-12.63427734375,133.7890625,-18.4326171875
0.7469482421875,-0.8201904296875,3.7916259765625,5.615234375,136.41357421875,-2.13623046875
0.3406982421875,-0.8155517578125,2.6929931640625,22.0947265625,152.34375,11.3525390625
0.350341796875,-0.3355712890625,1.4937744140625,33.8134765625,175.537109375,19.287109375
0.6136474609375,-0.177001953125,1.0980224609375,33.75244140625,189.14794921875,23.681640625
0.5849609375,-0.4488525390625,0.88671875,26.3671875,201.11083984375,27.64892578125
-0.1087646484375,-0.445068359375,0.723388671875,14.46533203125,209.89990234375,29.78515625
0.52490234375,-0.607177734375,0.667724609375,3.173828125,219.90966796875,30.517578125
0.8841552734375,-0.7879638671875,0.6795654296875,-4.150390625,229.248046875,30.3955078125
-0.699462890625,-0.8150634765625,0.705078125,-7.87353515625,239.6240234375,27.587890625
-1.2161865234375,-0.7169189453125,0.7205810546875,-8.85009765625,249.1455078125,13.427734375
-0.9259033203125,-0.614990234375,0.7681884765625,-8.23974609375,256.89697265625,15.80810546875
-0.861572265625,-0.4906005859375,0.8421630859375,-4.2724609375,260.7421875,25.20751953125
-0.872314453125,-0.402099609375,0.9451904296875,2.5634765625,269.8974609375,30.82275390625
-0.733642578125,-0.3670654296875,1.048828125,0.06103515625,277.28271484375,34.1796875
-0.63037109375,-0.3399658203125,1.1343994140625,-6.34765625,276.55029296875,35.400390625
-0.5545654296875,-0.31640625,1.1932373046875,-16.845703125,269.775390625,37.4755859375
-0.46044921875,-0.284423828125,1.3759765625,-24.35302734375,257.62939453125,38.63525390625
-0.352783203125,-0.23681640625,1.4462890625,-29.052734375,250.3662109375,45.95947265625
-0.2479248046875,-0.189208984375,1.56689453125,-30.33447265625,251.28173828125,36.1328125
-0.1494140625,-0.1553955078125,1.67822265625,-24.10888671875,257.26318359375,8.1787109375
-0.0699462890625,-0.0518798828125,1.7659912109375,-13.7939453125,127.3193359375,32.1044921875
-0.0167236328125,-0.0322265625,1.859619140625,-1.3427734375,150.634765625,53.8330078125
0.0411376953125,-0.022216796875,2.009033203125,63.53759765625,313.29345703125,48.64501953125
0.1961669921875,-0.0379638671875,2.237060546875,80.078125,404.47998046875,60.4248046875
0.234619140625,-0.0455322265625,2.9547119140625,0.30517578125,347.900390625,70.80078125
0.24755859375,-0.067626953125,3.0877685546875,-53.955078125,255.79833984375,71.22802734375
0.271240234375,-0.106201171875,2.376220703125,-79.04052734375,192.32177734375,56.640625
0.3134765625,-0.1402587890625,1.9051513671875,-99.06005859375,148.0712890625,29.60205078125
0.36767578125,-0.217041015625,2.087646484375,-83.55712890625,121.03271484375,-0.244140625
0.433349609375,-0.49755859375,2.15234375,-44.43359375,96.25244140625,-15.44189453125
0.5279541015625,-0.5919189453125,1.823486328125,-6.77490234375,62.56103515625,-12.20703125
0.7010498046875,-0.364501953125,1.358642578125,1.77001953125,20.8740234375,1.708984375
0.912353515625,-0.150146484375,0.775634765625,-16.845703125,-13.916015625,16.4794921875
1.333740234375,0.122314453125,0.285888671875,-37.59765625,-33.02001953125,50.35400390625
1.610107421875,0.03369140625,-0.0860595703125,-42.05322265625,-66.46728515625,42.66357421875
1.6424560546875,-0.320068359375,-0.4166259765625,-24.84130859375,-109.130859375,21.66748046875
1.638427734375,-0.36474609375,-0.58544921875,-3.662109375,-29.47998046875,-19.04296875
1.86083984375,-0.04052734375,-0.43115234375,63.29345703125,-5.7373046875,-12.6953125
2.186767578125,0.3485107421875,-0.1104736328125,59.99755859375,-103.6376953125,-2.0751953125
2.5206298828125,0.491455078125,-0.2962646484375,31.3720703125,-217.28515625,-38.51318359375
2.9368896484375,0.3055419921875,0.496337890625,35.33935546875,-247.86376953125,-36.376953125
3.310791015625,-0.1107177734375,1.64697265625,25.81787109375,-191.46728515625,6.9580078125
3.508544921875,-0.5443115234375,1.2703857421875,-3.23486328125,-197.93701171875,35.0341796875
3.39794921875,-0.8978271484375,0.448974609375,-26.0009765625,-185.48583984375,25.634765625
3.0972900390625,-0.5732421875,0.17333984375,-28.9306640625,-169.86083984375,-7.2021484375
2.7708740234375,0.2454833984375,1.1463623046875,-35.400390625,-161.376953125,0.1220703125
2.2435302734375,0.50244140625,2.4176025390625,-23.01025390625,-155.33447265625,-6.9580078125
1.6173095703125,0.7337646484375,1.7508544921875,-2.685546875,-118.408203125,-18.4326171875
-0.41748046875,0.99853515625,1.5860595703125,0.06103515625,-121.39892578125,-13.18359375
-2.242431640625,0.9505615234375,1.5767822265625,-1.40380859375,-126.8310546875,-8.36181640625
-1.6845703125,0.1126708984375,1.54248046875,-18.61572265625,-129.0283203125,0.18310546875
-0.2135009765625,-0.8092041015625,1.5059814453125,-37.41455078125,-118.83544921875,1.8310546875
0.9722900390625,-1.3289794921875,1.483154296875,-46.5087890625,-106.01806640625,5.2490234375
0.50244140625,-0.7735595703125,1.2686767578125,-58.10546875,-99.7314453125,8.30078125
0.225830078125,0.238525390625,1.146728515625,-70.6787109375,-93.26171875,4.0283203125
0.18994140625,0.5499267578125,1.1146240234375,-80.74951171875,-83.31298828125,0.0
0.3868408203125,-0.308837890625,1.112060546875,-77.2705078125,-70.86181640625,-1.220703125
0.4410400390625,0.165283203125,1.097900390625,-62.56103515625,-55.6640625,-2.74658203125
0.267333984375,-0.0252685546875,1.17626953125,-47.05810546875,-42.3583984375,-3.84521484375
0.552490234375,-0.2703857421875,1.213623046875,-32.8369140625,-33.3251953125,-4.0283203125
0.2926025390625,-0.151123046875,1.1920166015625,-21.240234375,-28.25927734375,-2.9296875
0.168701171875,-0.0198974609375,1.1326904296875,-10.7421875,-24.5361328125,-2.50244140625
0.208984375,-0.11474609375,1.0537109375,-2.50244140625,-20.751953125,-2.38037109375
0.2174072265625,-0.2291259765625,1.0050048828125,0.48828125,-17.7001953125,-2.685546875
0.1748046875,-0.2269287109375,0.9853515625,-1.15966796875,-15.56396484375,-2.685546875
0.1964111328125,-0.2376708984375,0.957763671875,-3.5400390625,-13.18359375,-3.11279296875
0.241943359375,-0.252685546875,0.9383544921875,-5.0048828125,-11.8408203125,-3.41796875
0.2589111328125,-0.258544921875,0.94580078125,-6.53076171875,-11.29150390625,-3.5400390625
0.267578125,-0.2708740234375,0.9571533203125,-8.544921875,-11.5966796875,-3.5400390625
0.269775390625,-0.269287109375,0.961669921875,-10.009765625,-12.51220703125,-3.11279296875
0.257080078125,-0.25830078125,0.9652099609375,-11.23046875,-13.24462890625,-2.8076171875
0.23974609375,-0.2613525390625,0.9632568359375,-11.77978515625,-13.18359375,-2.9296875
0.2254638671875,-0.268798828125,0.96240234375,-12.451171875,-12.87841796875,-4.08935546875
0.2183837890625,-0.2628173828125,0.968505859375,-12.02392578125,-12.51220703125,-5.7373046875
0.223876953125,-0.2528076171875,0.97314453125,-9.6435546875,-12.20703125,-6.65283203125
0.2369384765625,-0.25830078125,0.967529296875,-5.7373046875,-10.68115234375,-7.2021484375
0.2457275390625,-0.2618408203125,0.95947265625,-0.732421875,-8.7890625,-7.50732421875
0.2554931640625,-0.2589111328125,0.949462890625,2.99072265625,-7.26318359375,-7.6904296875
0.2515869140625,-0.2491455078125,0.945556640625,4.94384765625,-7.2021484375,-7.568359375
0.247802734375,-0.2386474609375,0.9493408203125,5.31005859375,-7.26318359375,-7.26318359375
0.253173828125,-0.2452392578125,0.94091796875,5.2490234375,-7.14111328125,-6.4697265625
0.2540283203125,-0.2564697265625,0.9365234375,5.43212890625,-7.14111328125,-5.7373046875
0.2647705078125,-0.2646484375,0.9415283203125,5.06591796875,-7.50732421875,-4.57763671875
0.270263671875,-0.2694091796875,0.94482421875,4.57763671875,-8.1787109375,-3.173828125
0.26708984375,-0.2718505859375,0.9464111328125,4.21142578125,-8.4228515625,-2.25830078125
0.2657470703125,-0.268798828125,0.9456787109375,3.90625,-8.48388671875,-2.86865234375
0.2633056640625,-0.2579345703125,0.9473876953125,3.11279296875,-8.6669921875,-4.638671875
0.26904296875,-0.2508544921875,0.94677734375,1.953125,-9.27734375,-9.21630859375
0.27490234375,-0.24560546875,0.9444580078125,0.8544921875,-9.70458984375,-11.1083984375
0.272216796875,-0.2384033203125,0.942626953125,0.732421875,-10.3759765625,-10.80322265625
0.2696533203125,-0.238525390625,0.941162109375,1.28173828125,-11.90185546875,-9.765625
0.2723388671875,-0.2449951171875,0.9420166015625,3.173828125,-15.0146484375,-10.1318359375
0.2742919921875,-0.2420654296875,0.94091796875,3.7841796875,-19.8974609375,-13.7939453125
0.276611328125,-0.2398681640625,0.9403076171875,2.62451171875,-26.18408203125,-19.4091796875
0.28173828125,-0.23779296875,0.9613037109375,-0.79345703125,-33.14208984375,-23.98681640625
0.2828369140625,-0.24560546875,0.9775390625,-4.94384765625,-40.22216796875,-29.60205078125
0.287841796875,-0.265869140625,1.00146484375,-9.033203125,-49.072265625,-33.26416015625
0.292236328125,-0.2781982421875,1.02783203125,-13.00048828125,-64.75830078125,-35.82763671875
0.2850341796875,-0.281005859375,1.031494140625,-16.6015625,-82.09228515625,-37.841796875
0.2877197265625,-0.2513427734375,1.02978515625,-15.625,-100.341796875,-31.73828125
0.2852783203125,-0.2147216796875,1.045166015625,-15.93017578125,-127.685546875,-37.17041015625
0.289794921875,-0.2100830078125,1.056640625,-18.98193359375,-222.83935546875,-80.9326171875
0.29443359375,-0.2281494140625,1.0758056640625,-21.42333984375,-246.15478515625,-90.6982421875
0.2886962890625,-0.2586669921875,1.091064453125,-20.08056640625,-292.17529296875,-109.19189453125
0.2855224609375,-0.2850341796875,1.0928955078125,-21.484375,-340.33203125,-133.9111328125
0.2655029296875,-0.2789306640625,1.2130126953125,-28.1982421875,-407.16552734375,-114.80712890625
0.25732421875,-0.2615966796875,1.3160400390625,-44.5556640625,-380.43212890625,-72.75390625
0.284912109375,-0.24365234375,1.1444091796875,-50.59814453125,-269.59228515625,-63.96484375
0.235107421875,-0.2255859375,1.2584228515625,-57.67822265625,-191.83349609375,-83.43505859375
0.2149658203125,-0.197265625,1.4617919921875,72.81494140625,-74.03564453125,-83.984375
0.28271484375,-0.2208251953125,2.165771484375,182.12890625,-4.7607421875,-75.37841796875
0.253662109375,-0.38330078125,2.253173828125,178.3447265625,62.01171875,-54.8095703125
0.0460205078125,-0.3568115234375,1.6998291015625,48.095703125,98.2666015625,-16.54052734375
-0.009765625,-0.22021484375,2.513427734375,4.150390625,127.01416015625,-1.46484375
-0.2017822265625,-0.7730712890625,3.65576171875,-17.76123046875,140.13671875,11.16943359375
0.36083984375,-0.7315673828125,3.8876953125,-2.13623046875,152.7099609375,20.263671875
0.729248046875,-0.880859375,2.884521484375,33.50830078125,165.71044921875,24.2919921875
0.543701171875,-0.4609375,1.64599609375,40.71044921875,178.52783203125,24.7802734375
0.50048828125,-0.053955078125,1.1456298828125,36.62109375,191.58935546875,25.45166015625
0.5272216796875,-0.3564453125,0.614990234375,25.81787109375,202.57568359375,26.85546875
-0.2894287109375,-0.5487060546875,0.555419921875,13.85498046875,213.19580078125,27.77099609375
0.1708984375,-0.6207275390625,0.604736328125,4.69970703125,223.0224609375,20.1416015625
0.8984375,-0.8402099609375,0.6595458984375,0.244140625,233.45947265625,15.7470703125
-0.38525390625,-0.8748779296875,0.7239990234375,-1.220703125,257.62939453125,13.24462890625
-1.18896484375,-0.6278076171875,0.8131103515625,2.685546875,260.009765625,10.8642578125
-0.9376220703125,-0.4559326171875,0.909423828125,1.953125,249.755859375,14.892578125
-0.8590087890625,-0.3358154296875,0.99658203125,0.1220703125,254.82177734375,21.728515625
-0.7447509765625,-0.298583984375,1.0831298828125,-2.8076171875,265.9912109375,25.32958984375
-0.604248046875,-0.30908203125,1.177490234375,-9.1552734375,269.6533203125,27.03857421875
-0.4835205078125,-0.3289794921875,1.2803955078125,-20.56884765625,263.18359375,28.1982421875
-0.386962890625,-0.3291015625,1.351806640625,-33.26416015625,249.755859375,30.76171875
-0.3023681640625,-0.2896728515625,1.3697509765625,-41.259765625,235.7177734375,32.3486328125
-0.2171630859375,-0.11376953125,1.448974609375,-47.119140625,231.3232421875,33.50830078125
-0.1453857421875,-0.0721435546875,1.523193359375,-46.7529296875,229.06494140625,34.36279296875
-0.07861328125,-0.0443115234375,1.533203125,-34.912109375,225.28076171875,40.0390625
0.1142578125,-0.0286865234375,1.5147705078125,-20.99609375,226.5625,23.0712890625
0.1177978515625,-0.0059814453125,1.613037109375,-8.97216796875,219.54345703125,5.37109375
0.1646728515625,0.0213623046875,1.8389892578125,5.67626953125,112.48779296875,27.2216796875
0.2349853515625,0.0421142578125,2.1336669921875,14.7705078125,161.80419921875,34.3017578125
0.2572021484375,0.07958984375,2.3974609375,69.2138671875,305.84716796875,37.841796875
0.2647705078125,0.07861328125,2.4608154296875,65.4296875,355.04150390625,52.79541015625
0.2767333984375,0.0107421875,2.9150390625,-11.41357421875,291.50390625,68.7255859375
0.2889404296875,-0.0733642578125,2.8668212890625,-49.560546875,217.041015625,76.72119140625
0.3343505859375,-0.1253662109375,1.97216796875,-53.955078125,172.54638671875,73.91357421875
0.389404296875,-0.114501953125,1.7833251953125,-57.67822265625,147.64404296875,60.60791015625
0.4432373046875,-0.089599609375,2.13916015625,-42.6025390625,123.22998046875,46.142578125
0.5460205078125,-0.13232421875,2.1844482421875,-13.97705078125,97.0458984375,37.41455078125
0.65673828125,-0.0155029296875,1.77197265625,13.5498046875,69.091796875,38.39111328125
0.7130126953125,0.093994140625,1.199462890625,18.6767578125,34.72900390625,46.5087890625
0.9112548828125,0.0291748046875,0.65771484375,0.42724609375,-4.2724609375,54.3212890625
1.272216796875,-0.02587890625,0.2740478515625,-18.12744140625,-34.97314453125,51.513671875
1.47314453125,-0.19775390625,0.0108642578125,-21.66748046875,-51.45263671875,46.44775390625
1.445068359375,-0.4013671875,-0.1739501953125,-13.48876953125,-65.49072265625,33.50830078125
1.457763671875,-0.4315185546875,-0.2911376953125,1.40380859375,-66.89453125,-7.50732421875
1.6776123046875,-0.2310791015625,-0.341064453125,5.859375,-7.01904296875,-44.98291015625
1.9835205078125,0.077392578125,-0.251953125,-6.8359375,-23.4375,-36.31591796875
2.266845703125,0.247314453125,-0.0157470703125,12.20703125,-102.9052734375,-13.671875
2.5604248046875,0.156494140625,-0.03955078125,6.16455078125,-173.9501953125,-0.30517578125
2.88037109375,-0.08984375,0.8895263671875,-5.92041015625,-200.86669921875,-26.79443359375
3.0811767578125,-0.3427734375,1.8648681640625,-20.263671875,-187.43896484375,-47.119140625
3.0556640625,-0.4434814453125,1.3680419921875,-42.05322265625,-169.677734375,-35.888671875
2.8370361328125,-0.0435791015625,0.619873046875,-39.12353515625,-170.654296875,0.06103515625
2.56396484375,0.0177001953125,0.3182373046875,-39.794921875,-180.23681640625,18.310546875
2.328857421875,0.0072021484375,0.649658203125,-42.236328125,-173.828125,6.8359375
1.8870849609375,0.4803466796875,1.3245849609375,-38.26904296875,-159.66796875,-15.7470703125
0.6824951171875,0.46728515625,1.92919921875,-35.09521484375,-150.08544921875,-20.5078125
-0.7772216796875,0.19921875,2.0255126953125,-24.658203125,-147.88818359375,-5.2490234375
-1.509765625,0.176025390625,1.8939208984375,-17.578125,-148.62060546875,2.3193359375
-1.305419921875,0.3795166015625,1.8377685546875,-15.2587890625,-142.9443359375,-2.99072265625
-0.4322509765625,0.46142578125,1.7056884765625,-13.5498046875,-125.0,-3.47900390625
0.360595703125,-0.0582275390625,1.531982421875,-5.615234375,-94.05517578125,-1.220703125
0.5687255859375,-0.8165283203125,1.4205322265625,-7.50732421875,-77.69775390625,1.15966796875
0.3988037109375,-0.98095703125,1.3759765625,-32.89794921875,-89.29443359375,4.57763671875
0.3106689453125,-0.3720703125,1.47802734375,-56.884765625,-92.6513671875,6.77490234375
0.302490234375,0.3052978515625,1.3795166015625,-52.978515625,-90.14892578125,9.46044921875
0.3406982421875,0.2506103515625,1.097900390625,-53.3447265625,-84.41162109375,6.9580078125
0.404296875,-0.3634033203125,1.2315673828125,-51.025390625,-83.43505859375,6.28662109375
0.2998046875,-0.630615234375,1.160888671875,-44.86083984375,-84.41162109375,5.92041015625
0.1641845703125,-0.22119140625,1.071044921875,-40.8935546875,-78.30810546875,3.96728515625
0.148681640625,0.114501953125,1.084716796875,-37.4755859375,-55.84716796875,2.197265625
0.3050537109375,-0.2840576171875,1.1170654296875,-30.94482421875,-31.494140625,0.06103515625
0.4320068359375,-0.2398681640625,1.1131591796875,-14.2822265625,-18.4326171875,-1.28173828125
0.2783203125,-0.1822509765625,1.10791015625,-2.25830078125,-12.5732421875,-2.0751953125
0.1817626953125,-0.2275390625,1.1207275390625,2.9296875,-10.8642578125,-2.62451171875
0.2022705078125,-0.2425537109375,1.1038818359375,3.72314453125,-9.765625,-2.8076171875
0.133056640625,-0.2099609375,1.0135498046875,1.220703125,-9.58251953125,-3.0517578125
0.144775390625,-0.2010498046875,0.949951171875,-3.662109375,-9.3994140625,-3.11279296875
0.1783447265625,-0.232666015625,0.931884765625,-8.30078125,-10.55908203125,-3.173828125
0.179443359375,-0.263671875,0.9215087890625,-12.87841796875,-12.26806640625,-3.2958984375
0.187744140625,-0.2738037109375,0.931884765625,-16.17431640625,-13.36669921875,-2.8076171875
0.22998046875,-0.256591796875,0.9595947265625,-18.85986328125,-13.97705078125,-2.9296875
0.2840576171875,-0.25048828125,0.9775390625,-20.32470703125,-14.404296875,-4.45556640625
0.28125,-0.2562255859375,0.975830078125,-19.775390625,-15.7470703125,-6.04248046875
0.2310791015625,-0.25146484375,0.973876953125,-17.578125,-16.845703125,-7.26318359375
0.20263671875,-0.2425537109375,0.975341796875,-11.90185546875,-17.02880859375,-8.30078125
0.1861572265625,-0.2412109375,0.9766845703125,-5.31005859375,-16.9677734375,-8.7890625
0.189208984375,-0.243408203125,0.9801025390625,0.244140625,-17.02880859375,-8.6669921875
0.2034912109375,-0.2452392578125,0.9771728515625,4.2724609375,-16.9677734375,-8.544921875
0.217529296875,-0.256103515625,0.9627685546875,6.591796875,-16.41845703125,-8.1787109375
0.2174072265625,-0.2589111328125,0.9530029296875,7.8125,-15.68603515625,-7.99560546875
0.2159423828125,-0.2593994140625,0.9493408203125,8.1787109375,-15.0146484375,-6.9580078125
0.2205810546875,-0.265380859375,0.947509765625,8.23974609375,-15.2587890625,-5.55419921875
0.2337646484375,-0.26806640625,0.947998046875,7.62939453125,-15.869140625,-4.82177734375
0.2418212890625,-0.2779541015625,0.946533203125,6.34765625,-14.46533203125,-3.662109375
0.2318115234375,-0.28662109375,0.9464111328125,4.57763671875,-12.87841796875,-2.8076171875
0.2236328125,-0.2886962890625,0.9521484375,2.3193359375,-11.23046875,-3.2958984375
0.2235107421875,-0.2789306640625,0.9544677734375,0.1220703125,-10.68115234375,-4.7607421875
0.2308349609375,-0.266845703125,0.958251953125,-2.0751953125,-10.986328125,-5.859375
0.2427978515625,-0.25927734375,0.9498291015625,-3.35693359375,-11.962890625,-6.28662109375
0.2503662109375,-0.244140625,0.935791015625,-3.60107421875,-11.962890625,-7.4462890625
0.2489013671875,-0.2335205078125,0.9393310546875,-2.197265625,-12.51220703125,-8.23974609375
0.2481689453125,-0.2353515625,0.9456787109375,-1.220703125,-14.16015625,-9.21630859375
0.2510986328125,-0.244873046875,0.93896484375,-0.30517578125,-16.4794921875,-10.55908203125
0.2506103515625,-0.247314453125,0.940185546875,0.48828125,-20.3857421875,-10.80322265625
0.2681884765625,-0.2493896484375,0.947265625,-0.42724609375,-26.123046875,-22.0947265625
0.280029296875,-0.2523193359375,0.958251953125,-2.685546875,-41.259765625,-32.470703125
0.2723388671875,-0.275146484375,0.9776611328125,-7.32421875,-67.32177734375,-36.68212890625
0.2706298828125,-0.28173828125,1.004150390625,-13.85498046875,-102.84423828125,-38.63525390625
0.2764892578125,-0.2720947265625,1.03173828125,-20.1416015625,-126.0986328125,-34.97314453125
0.2562255859375,-0.2691650390625,1.0450439453125,-19.1650390625,-147.8271484375,-37.109375
0.2598876953125,-0.265380859375,1.047607421875,-19.83642578125,-189.02587890625,-70.25146484375
0.2806396484375,-0.2479248046875,1.09326171875,-20.01953125,-221.61865234375,-87.5244140625
0.2835693359375,-0.2322998046875,1.106201171875,-15.56396484375,-272.94921875,-92.71240234375
0.29248046875,-0.2451171875,1.0853271484375,-8.056640625,-322.509765625,-102.60009765625
0.2923583984375,-0.2369384765625,1.201904296875,-23.193359375,-382.2021484375,-110.53466796875
0.2774658203125,-0.3017578125,1.2646484375,-35.70556640625,-420.83740234375,-122.55859375
0.2786865234375,-0.2783203125,1.19140625,-58.9599609375,-419.3115234375,-121.27685546875
0.28125,-0.2728271484375,1.2415771484375,-67.2607421875,-382.32421875,-91.1865234375
0.1876220703125,-0.2298583984375,1.372314453125,-63.3544921875,-322.021484375,-57.0068359375
0.1990966796875,-0.2491455078125,1.6917724609375,-72.3876953125,-258.97216796875,-89.78271484375
0.2799072265625,-0.3323974609375,2.116943359375,-4.33349609375,-156.982421875,-82.58056640625
-0.02392578125,-0.453369140625,2.165771484375,119.20166015625,-40.771484375,-90.75927734375
-0.262451171875,-0.211181640625,2.155029296875,218.07861328125,23.4375,-81.54296875
-0.24072265625,-0.25390625,1.9720458984375,117.24853515625,83.80126953125,-65.0634765625
0.21728515625,-0.72509765625,1.7841796875,27.587890625,108.45947265625,-50.1708984375
0.5980224609375,-0.7193603515625,2.7982177734375,-13.61083984375,135.25390625,-33.447265625
0.8702392578125,-0.6781005859375,3.8505859375,-14.404296875,152.64892578125,0.67138671875
0.6534423828125,-0.8433837890625,3.664306640625,0.244140625,151.7333984375,14.70947265625
0.271484375,-0.78466796875,2.5201416015625,14.83154296875,171.38671875,24.7802734375
0.410888671875,-0.1158447265625,1.4625244140625,30.029296875,188.720703125,31.005859375
0.759765625,-0.10595703125,1.001220703125,26.2451171875,203.7353515625,36.1328125
0.3408203125,-0.5357666015625,0.68115234375,14.46533203125,217.1630859375,38.87939453125
-0.0863037109375,-0.388427734375,0.6033935546875,2.50244140625,229.8583984375,38.6962890625
0.74609375,-0.585205078125,0.6400146484375,-6.16455078125,240.3564453125,36.4990234375
0.4549560546875,-0.78662109375,0.769775390625,-9.82666015625,250.3662109375,21.66748046875
-1.0009765625,-0.7935791015625,0.8828125,-9.21630859375,259.765625,14.09912109375
-1.097900390625,-0.7305908203125,0.9638671875,-4.69970703125,280.70068359375,8.72802734375
-0.8311767578125,-0.5113525390625,1.0269775390625,1.40380859375,285.70556640625,7.14111328125
-0.8831787109375,-0.420166015625,1.087646484375,10.986328125,275.87890625,13.61083984375
-0.897705078125,-0.375244140625,1.1605224609375,8.85009765625,282.40966796875,20.99609375
-0.62841796875,-0.3487548828125,1.2169189453125,0.48828125,291.015625,25.08544921875
-0.527587890625,-0.3134765625,1.3250732421875,-10.92529296875,289.6728515625,34.11865234375
-0.42138671875,-0.2659912109375,1.448486328125,-23.25439453125,274.7802734375,41.015625
-0.3145751953125,-0.195068359375,1.49560546875,-31.494140625,240.966796875,47.54638671875
-0.21826171875,-0.1072998046875,1.4873046875,-40.10009765625,252.0751953125,55.60302734375
-0.1309814453125,0.0150146484375,1.5272216796875,-34.11865234375,261.5966796875,59.26513671875
-0.044921875,0.04931640625,1.5350341796875,-18.73779296875,276.55029296875,30.94482421875
0.0213623046875,0.056396484375,1.5211181640625,-11.16943359375,196.22802734375,48.88916015625
0.15478515625,0.0731201171875,1.8514404296875,-9.765625,178.52783203125,85.26611328125
0.1568603515625,0.085693359375,2.26611328125,35.5224609375,309.5703125,80.01708984375
0.178955078125,0.0751953125,2.7591552734375,79.04052734375,401.2451171875,87.46337890625
0.24462890625,0.068115234375,3.166748046875,18.49365234375,351.25732421875,94.90966796875
0.2734375,-0.03125,3.3302001953125,-34.5458984375,268.5546875,98.93798828125
0.2738037109375,-0.13330078125,2.738525390625,-34.24072265625,214.84375,87.0361328125
0.267822265625,-0.1776123046875,1.866455078125,-63.78173828125,177.30712890625,65.185546875
0.428955078125,-0.143798828125,1.779296875,-72.08251953125,143.06640625,33.87451171875
0.522216796875,-0.437255859375,1.91650390625,-38.51318359375,104.98046875,9.58251953125
0.6424560546875,-0.6221923828125,1.70947265625,0.67138671875,59.63134765625,1.953125
0.8341064453125,-0.4512939453125,1.4615478515625,20.751953125,7.6904296875,7.01904296875
0.897216796875,-0.6038818359375,1.095947265625,10.8642578125,-28.99169921875,17.822265625
1.0968017578125,-0.275146484375,0.587646484375,-8.6669921875,-46.20361328125,29.6630859375
1.37158203125,0.1016845703125,0.12646484375,-19.1650390625,-50.23193359375,36.68212890625
1.43310546875,-0.2791748046875,-0.2314453125,-12.20703125,-56.45751953125,16.845703125
1.549560546875,-0.535888671875,-0.5203857421875,5.31005859375,-52.55126953125,-28.13720703125
1.762451171875,-0.28125,-0.6077880859375,18.98193359375,-10.31494140625,-59.87548828125
2.0596923828125,0.1676025390625,-0.3636474609375,26.7333984375,-34.1796875,-43.5791015625
2.424560546875,0.3980712890625,0.0859375,20.93505859375,-121.76513671875,-5.7373046875
2.8070068359375,0.307373046875,0.4266357421875,27.40478515625,-203.79638671875,-11.41357421875
3.25244140625,-0.045166015625,1.1480712890625,14.5263671875,-244.56787109375,-43.212890625
3.597900390625,-0.4473876953125,1.64892578125,-3.35693359375,-211.24267578125,-52.67333984375
3.642578125,-0.6407470703125,1.0811767578125,-25.5126953125,-187.92724609375,-22.8271484375
3.3712158203125,-0.4486083984375,0.2491455078125,-52.30712890625,-201.72119140625,10.009765625
2.9678955078125,0.001953125,-0.1025390625,-56.94580078125,-202.2705078125,12.5732421875
2.5697021484375,0.2220458984375,0.644287109375,-48.4619140625,-192.68798828125,-6.9580078125
1.945068359375,0.3560791015625,1.9755859375,-46.142578125,-186.70654296875,-21.1181640625
0.3310546875,0.422119140625,2.4095458984375,-44.12841796875,-174.25537109375,-6.103515625
-1.22900390625,0.1553955078125,2.1058349609375,-35.5224609375,-174.6826171875,3.84521484375
-1.8699951171875,0.1492919921875,1.95263671875,-37.41455078125,-177.67333984375,-12.6953125
-1.5721435546875,0.3614501953125,1.7882080078125,-37.17041015625,-162.41455078125,-10.498046875
-0.2764892578125,0.2899169921875,1.6351318359375,-30.21240234375,-139.7705078125,-1.15966796875
0.7552490234375,-0.3155517578125,1.5435791015625,-22.5830078125,-130.06591796875,3.90625
0.77294921875,-0.956787109375,1.513427734375,-49.01123046875,-113.6474609375,0.79345703125
0.460693359375,-0.7652587890625,1.612060546875,-51.45263671875,-97.900390625,2.62451171875
0.394287109375,0.044189453125,1.4842529296875,-52.91748046875,-84.47265625,5.2490234375
0.3868408203125,0.436279296875,1.2325439453125,-57.80029296875,-66.83349609375,5.4931640625
0.435302734375,-0.109375,1.2030029296875,-62.07275390625,-53.03955078125,3.90625
0.4136962890625,-0.77734375,1.2401123046875,-53.3447265625,-46.32568359375,2.74658203125
0.2923583984375,-0.5828857421875,1.1907958984375,-42.3583984375,-41.50390625,1.40380859375
0.17626953125,-0.0218505859375,1.171142578125,-32.2265625,-35.46142578125,0.18310546875
0.3387451171875,-0.28173828125,1.2037353515625,-23.0712890625,-31.494140625,-0.42724609375
0.589599609375,-0.2314453125,1.1387939453125,-16.05224609375,-29.296875,-0.6103515625
0.2259521484375,-0.0946044921875,1.066650390625,-10.25390625,-26.0009765625,-0.30517578125
0.28515625,-0.16650390625,1.042724609375,-5.55419921875,-21.728515625,-0.9765625
0.2540283203125,-0.2374267578125,1.013916015625,-3.47900390625,-17.88330078125,-1.3427734375
0.21630859375,-0.2164306640625,0.9827880859375,-3.7841796875,-15.19775390625,-2.197265625
0.25634765625,-0.219970703125,0.9638671875,-4.39453125,-13.00048828125,-2.62451171875
0.262451171875,-0.23828125,0.951904296875,-4.69970703125,-11.65771484375,-2.99072265625
0.240966796875,-0.2454833984375,0.947265625,-6.34765625,-10.009765625,-3.2958984375
0.2269287109375,-0.2598876953125,0.9388427734375,-8.72802734375,-9.09423828125,-3.47900390625
0.243896484375,-0.2730712890625,0.931884765625,-11.8408203125,-9.8876953125,-3.41796875
0.2449951171875,-0.2841796875,0.9354248046875,-13.916015625,-12.3291015625,-4.0283203125
0.2244873046875,-0.2955322265625,0.939453125,-15.68603515625,-14.404296875,-5.31005859375
0.2186279296875,-0.3009033203125,0.944580078125,-16.05224609375,-14.6484375,-8.6669921875
0.2354736328125,-0.297607421875,0.946533203125,-15.0146484375,-14.892578125,-11.77978515625
0.2393798828125,-0.2891845703125,0.94921875,-11.8408203125,-15.5029296875,-13.427734375
0.2320556640625,-0.28466796875,0.95947265625,-6.591796875,-16.54052734375,-13.427734375
0.234619140625,-0.2823486328125,0.96044921875,-1.5869140625,-15.7470703125,-10.19287109375
0.2373046875,-0.278076171875,0.94921875,5.06591796875,-14.16015625,-7.26318359375
0.2430419921875,-0.2724609375,0.9462890625,8.48388671875,-11.962890625,-5.615234375
0.250244140625,-0.277587890625,0.9276123046875,10.009765625,-11.474609375,-4.39453125
0.245361328125,-0.2830810546875,0.91650390625,9.21630859375,-11.71875,-2.62451171875
0.2392578125,-0.2822265625,0.935546875,8.544921875,-11.41357421875,-1.708984375
0.2459716796875,-0.2994384765625,0.954345703125,6.65283203125,-10.55908203125,-1.708984375
0.2608642578125,-0.3177490234375,0.961669921875,4.94384765625,-10.986328125,-2.685546875
0.2615966796875,-0.3043212890625,0.95263671875,2.99072265625,-12.14599609375,-4.21142578125
0.256103515625,-0.29296875,0.942626953125,2.01416015625,-12.0849609375,-6.7138671875
0.2364501953125,-0.2711181640625,0.939697265625,1.89208984375,-12.02392578125,-8.11767578125
0.233154296875,-0.247314453125,0.9375,1.953125,-12.5732421875,-8.36181640625
0.26220703125,-0.244140625,0.9334716796875,2.13623046875,-13.73291015625,-7.6904296875
0.3096923828125,-0.2520751953125,0.9302978515625,2.5634765625,-16.357421875,-6.103515625
0.3326416015625,-0.25341796875,0.9287109375,2.685546875,-21.1181640625,-5.2490234375
0.297607421875,-0.2503662109375,0.9349365234375,2.0751953125,-28.01513671875,-8.30078125
0.2757568359375,-0.2620849609375,0.9476318359375,0.6103515625,-35.82763671875,-11.8408203125
0.29052734375,-0.2841796875,0.9705810546875,-1.220703125,-44.12841796875,-16.78466796875
0.2923583984375,-0.2889404296875,0.99365234375,-5.0048828125,-54.38232421875,-21.240234375
0.2838134765625,-0.3131103515625,1.015625,-10.19287109375,-69.2138671875,-25.634765625
0.28857421875,-0.3111572265625,1.0283203125,-14.892578125,-87.7685546875,-22.15576171875
0.2864990234375,-0.2720947265625,1.0399169921875,-16.9677734375,-108.0322265625,-20.99609375
0.3052978515625,-0.2401123046875,1.05029296875,-18.4326171875,-166.50390625,-19.04296875
0.3128662109375,-0.2239990234375,1.060546875,-21.17919921875,-202.0263671875,-26.611328125
0.2989501953125,-0.2119140625,1.0799560546875,-26.18408203125,-226.98974609375,-50.048828125
0.2879638671875,-0.2359619140625,1.0970458984375,-21.78955078125,-255.859375,-74.64599609375
0.27587890625,-0.2734375,1.099609375,-22.76611328125,-302.18505859375,-88.92822265625
0.2684326171875,-0.2745361328125,1.2398681640625,-32.470703125,-425.9033203125,-103.8818359375
0.267333984375,-0.277099609375,1.2242431640625,-45.0439453125,-446.8994140625,-114.68505859375
0.28271484375,-0.2850341796875,1.1976318359375,-90.63720703125,-422.7294921875,-92.59033203125
0.243896484375,-0.2862548828125,1.280029296875,-106.93359375,-355.46875,-91.36962890625
0.215087890625,-0.2171630859375,1.3349609375,-105.04150390625,-287.65869140625,-118.59130859375
0.256103515625,-0.232666015625,1.903076171875,-55.11474609375,41.015625,-113.6474609375
0.2508544921875,-0.231689453125,2.264404296875,60.97412109375,79.40673828125,-104.8583984375
-0.09521484375,-0.3616943359375,2.3670654296875,25.87890625,87.40234375,-90.2099609375
-0.1717529296875,-0.3900146484375,2.187744140625,-18.1884765625,113.58642578125,-73.486328125
-0.2396240234375,-0.3363037109375,2.1580810546875,-15.44189453125,135.498046875,-49.74365234375
-0.1588134765625,-0.740234375,3.8900146484375,0.06103515625,135.009765625,-26.4892578125
0.3280029296875,-0.8013916015625,2.4339599609375,16.05224609375,149.84130859375,12.26806640625
0.8701171875,-0.8173828125,1.241455078125,27.16064453125,179.50439453125,23.0712890625
0.42236328125,-0.7635498046875,0.87353515625,21.05712890625,217.59033203125,29.1748046875
0.35205078125,0.0924072265625,0.7568359375,14.2822265625,230.8349609375,31.25
0.546630859375,-0.1922607421875,0.812255859375,1.03759765625,242.1875,29.541015625
0.4110107421875,-0.425537109375,0.9288330078125,-4.45556640625,254.33349609375,25.146484375
0.7685546875,-0.65771484375,0.998046875,-8.6669921875,266.7236328125,19.10400390625
-1.1551513671875,-0.7451171875,0.9715576171875,-10.31494140625,275.87890625,14.0380859375
-1.3873291015625,-0.71044921875,0.9921875,-8.48388671875,284.36279296875,7.080078125
-0.958984375,-0.70458984375,1.049072265625,-2.0751953125,291.50390625,2.685546875
-0.9859619140625,-0.6612548828125,1.119873046875,6.77490234375,276.91650390625,9.58251953125
-1.0084228515625,-0.47119140625,1.2098388671875,15.0146484375,283.447265625,17.4560546875
-0.83837890625,-0.3685302734375,1.2869873046875,25.2685546875,295.83740234375,24.59716796875
-0.7142333984375,-0.259765625,1.3328857421875,22.15576171875,298.76708984375,31.1279296875
-0.50439453125,-0.1710205078125,1.4520263671875,2.9296875,293.3349609375,37.353515625
-0.3524169921875,-0.1107177734375,1.480224609375,-13.85498046875,281.6162109375,41.6259765625
-0.2012939453125,-0.080810546875,1.414794921875,-23.98681640625,262.14599609375,42.78564453125
-0.0675048828125,-0.0457763671875,1.46240234375,-33.63037109375,250.9765625,43.0908203125
0.0408935546875,-0.0252685546875,1.54150390625,-35.21728515625,261.29150390625,41.748046875
0.1038818359375,-0.0101318359375,1.575927734375,-20.32470703125,286.1328125,12.87841796875
0.150390625,0.084716796875,1.599609375,5.126953125,180.6640625,29.296875
0.1668701171875,0.1424560546875,1.73681640625,19.4091796875,147.0947265625,56.21337890625
0.218017578125,0.10205078125,2.004638671875,64.75830078125,287.41455078125,51.3916015625
0.281982421875,0.07763671875,2.3544921875,101.50146484375,409.48486328125,79.89501953125
0.2911376953125,0.065185546875,3.110595703125,31.55517578125,373.046875,94.05517578125
0.3028564453125,0.0123291015625,3.2559814453125,-39.48974609375,219.1162109375,93.1396484375
0.3125,-0.076416015625,2.5325927734375,-63.90380859375,142.15087890625,69.64111328125
0.3031005859375,-0.1455078125,1.529296875,-70.73974609375,94.6044921875,38.87939453125
0.3255615234375,-0.1795654296875,1.41943359375,-43.51806640625,74.70703125,21.97265625
0.4222412109375,-0.5792236328125,2.0013427734375,-6.4697265625,52.18505859375,28.01513671875
0.550048828125,-0.7764892578125,1.444091796875,6.2255859375,7.87353515625,45.166015625
0.7774658203125,-0.376953125,0.7296142578125,-10.3759765625,-34.423828125,51.025390625
0.9832763671875,-0.148193359375,0.2642822265625,-36.7431640625,-53.8330078125,70.12939453125
1.442626953125,-0.2994384765625,-0.017333984375,-46.69189453125,-82.58056640625,58.28857421875
1.8486328125,-0.372314453125,-0.309814453125,-33.99658203125,-91.24755859375,14.83154296875
1.860107421875,-0.6793212890625,-0.484619140625,-15.68603515625,2.197265625,-32.958984375
1.8345947265625,-0.4775390625,-0.3526611328125,19.95849609375,5.43212890625,-19.10400390625
2.03369140625,-0.06640625,-0.076416015625,31.79931640625,-97.22900390625,-44.5556640625
2.602783203125,0.180419921875,-0.3011474609375,7.62939453125,-196.47216796875,-48.64501953125
3.07763671875,0.0858154296875,0.713623046875,3.72314453125,-199.8291015625,-10.7421875
3.4449462890625,-0.2850341796875,1.822998046875,-45.95947265625,-213.134765625,18.9208984375
3.621826171875,-0.72998046875,1.04541015625,-52.734375,-199.21875,-20.751953125
3.4820556640625,-0.8525390625,0.1588134765625,-52.6123046875,-182.7392578125,-28.86962890625
3.1494140625,-0.52978515625,2.436767578125,-55.96923828125,-147.15576171875,-5.79833984375
2.8330078125,0.2130126953125,2.2325439453125,-41.19873046875,-144.22607421875,8.056640625
2.278564453125,0.8128662109375,1.892578125,-18.06640625,-136.8408203125,-3.41796875
1.605712890625,0.9207763671875,1.7576904296875,-12.39013671875,-115.53955078125,-14.16015625
-0.583740234375,0.5133056640625,1.6978759765625,1.220703125,-97.412109375,-9.82666015625
-2.348388671875,0.2120361328125,1.6419677734375,13.85498046875,-96.923828125,-5.67626953125
-1.7158203125,-0.6383056640625,1.6519775390625,6.103515625,-95.458984375,-5.79833984375
1.0535888671875,-1.185302734375,1.6654052734375,-5.55419921875,-92.1630859375,-5.2490234375
0.2530517578125,-0.740478515625,1.5399169921875,-9.8876953125,-94.66552734375,3.84521484375
0.1109619140625,0.4246826171875,1.296630859375,-20.56884765625,-104.3701171875,10.986328125
0.3560791015625,-0.2564697265625,1.1646728515625,-39.85595703125,-113.28125,10.80322265625
0.46142578125,-0.8157958984375,1.157470703125,-55.5419921875,-119.140625,8.11767578125
0.3118896484375,-0.436279296875,1.08544921875,-60.791015625,-118.408203125,2.74658203125
0.1368408203125,0.129638671875,1.0098876953125,-61.767578125,-107.0556640625,-2.62451171875
0.2098388671875,-0.0128173828125,1.0352783203125,-62.5,-85.205078125,-6.2255859375
0.424560546875,-0.2880859375,1.0679931640625,-57.80029296875,-57.92236328125,-6.04248046875
0.3310546875,-0.156005859375,1.06884765625,-42.05322265625,-38.330078125,-5.4931640625
0.1220703125,-0.0191650390625,1.0899658203125,-22.4609375,-28.076171875,-4.2724609375
0.131591796875,-0.1314697265625,1.102294921875,-11.53564453125,-25.93994140625,-3.11279296875
0.1756591796875,-0.220703125,1.1185302734375,-7.26318359375,-23.62060546875,-2.74658203125
0.1373291015625,-0.185791015625,1.0828857421875,-8.85009765625,-19.22607421875,-2.8076171875
0.1209716796875,-0.19140625,1.01904296875,-11.29150390625,-15.2587890625,-2.99072265625
0.099365234375,-0.2369384765625,1.017822265625,-12.26806640625,-11.962890625,-2.8076171875
0.1143798828125,-0.2379150390625,1.012451171875,-12.5732421875,-10.1318359375,-2.5634765625
0.192138671875,-0.2188720703125,0.9871826171875,-13.24462890625,-10.55908203125,-2.5634765625
0.249755859375,-0.2264404296875,0.9727783203125,-13.7939453125,-11.71875,-2.13623046875
0.271240234375,-0.2408447265625,0.9671630859375,-15.0146484375,-12.51220703125,-2.13623046875
0.27783203125,-0.2294921875,0.9630126953125,-15.0146484375,-12.20703125,-3.0517578125
0.2689208984375,-0.2337646484375,0.9632568359375,-14.16015625,-11.29150390625,-4.0283203125
0.24072265625,-0.251708984375,0.9677734375,-11.5966796875,-10.55908203125,-5.67626953125
0.2364501953125,-0.252197265625,0.96826171875,-7.01904296875,-10.80322265625,-7.01904296875
0.246337890625,-0.2503662109375,0.966796875,-2.13623046875,-11.5966796875,-7.75146484375
0.252685546875,-0.2520751953125,0.961669921875,1.52587890625,-11.41357421875,-7.62939453125
0.2520751953125,-0.244873046875,0.9527587890625,3.72314453125,-10.68115234375,-7.32421875
0.2550048828125,-0.2430419921875,0.947509765625,5.37109375,-10.6201171875,-6.2255859375
0.2529296875,-0.2440185546875,0.9434814453125,6.4697265625,-11.41357421875,-5.31005859375
0.2509765625,-0.2574462890625,0.942138671875,6.7138671875,-12.20703125,-4.57763671875
0.250732421875,-0.265380859375,0.940185546875,6.40869140625,-13.12255859375,-4.5166015625
0.2572021484375,-0.2655029296875,0.94287109375,5.06591796875,-12.939453125,-4.7607421875
0.2701416015625,-0.2733154296875,0.952880859375,4.2724609375,-12.0849609375,-5.126953125
0.266357421875,-0.2762451171875,0.9599609375,2.3193359375,-11.23046875,-7.32421875
0.2578125,-0.2674560546875,0.9569091796875,0.1220703125,-10.43701171875,-10.43701171875
0.2481689453125,-0.2484130859375,0.947509765625,-0.9765625,-10.498046875,-12.20703125
0.24609375,-0.23388671875,0.9388427734375,-2.38037109375,-10.986328125,-12.939453125
0.2608642578125,-0.21875,0.9300537109375,-2.50244140625,-10.498046875,-12.6953125
0.2672119140625,-0.2269287109375,0.9320068359375,-1.52587890625,-10.6201171875,-11.8408203125
0.260009765625,-0.2420654296875,0.9364013671875,-0.8544921875,-12.939453125,-12.39013671875
0.2611083984375,-0.2384033203125,0.93896484375,-1.0986328125,-18.12744140625,-15.93017578125
0.2794189453125,-0.25390625,0.9466552734375,-1.953125,-26.9775390625,-36.2548828125
0.2835693359375,-0.2562255859375,0.9583740234375,-5.615234375,-36.80419921875,-39.36767578125
0.28173828125,-0.265380859375,0.981201171875,-9.21630859375,-99.54833984375,-36.4990234375
0.2840576171875,-0.2919921875,1.014404296875,-12.39013671875,-154.1748046875,-44.677734375
0.281005859375,-0.2904052734375,1.0462646484375,-15.07568359375,-235.41259765625,-66.650390625
0.2816162109375,-0.2650146484375,1.0546875,-14.892578125,-252.9296875,-87.0361328125
0.2740478515625,-0.236328125,1.0548095703125,-13.916015625,-277.52685546875,-89.84375
0.280517578125,-0.2137451171875,1.106689453125,-9.33837890625,-324.89013671875,-97.22900390625
0.2916259765625,-0.2149658203125,1.228271484375,-11.29150390625,-381.77490234375,-106.5673828125
0.287353515625,-0.2430419921875,1.160400390625,-25.08544921875,-419.61669921875,-119.93408203125
0.2960205078125,-0.281005859375,1.2261962890625,-43.45703125,-413.63525390625,-110.83984375
0.2845458984375,-0.24267578125,1.327392578125,-47.18017578125,-359.55810546875,-75.3173828125
0.27197265625,-0.2159423828125,1.3603515625,-44.5556640625,-300.537109375,-61.82861328125
0.28662109375,-0.23876953125,1.685302734375,-43.15185546875,-239.68505859375,-90.02685546875
0.2685546875,-0.3902587890625,2.2156982421875,25.32958984375,-124.267578125,-88.8671875
