0.4739990234375,-0.25048828125,0.848388671875,6.591796875,-9.1552734375,-11.5966796875
0.46533203125,-0.236572265625,0.8548583984375,6.65283203125,-7.9345703125,-12.20703125
0.4803466796875,-0.240966796875,0.8603515625,5.9814453125,-6.77490234375,-12.63427734375
0.4971923828125,-0.2506103515625,0.8504638671875,5.0048828125,-5.859375,-13.3056640625
0.4866943359375,-0.244873046875,0.8465576171875,3.96728515625,-5.126953125,-13.18359375
0.4581298828125,-0.2506103515625,0.8480224609375,2.99072265625,-5.2490234375,-14.34326171875
0.4423828125,-0.2596435546875,0.8426513671875,2.13623046875,-6.9580078125,-14.58740234375
0.43408203125,-0.255859375,0.8419189453125,0.9765625,-7.6904296875,-12.451171875
0.4307861328125,-0.264892578125,0.847412109375,-0.48828125,-11.16943359375,-11.41357421875
0.44677734375,-0.26806640625,0.8455810546875,-4.638671875,-16.7236328125,-12.26806640625
0.4599609375,-0.2498779296875,0.8447265625,-4.7607421875,-17.27294921875,-13.671875
0.462890625,-0.2415771484375,0.8563232421875,-6.8359375,-17.27294921875,-15.2587890625
0.4722900390625,-0.240478515625,0.856201171875,-15.380859375,-18.6767578125,-17.08984375
0.4786376953125,-0.22607421875,0.8682861328125,-20.99609375,-21.484375,-18.310546875
0.4674072265625,-0.2210693359375,0.874755859375,-20.81298828125,-25.69580078125,-19.4091796875
0.4622802734375,-0.2247314453125,0.8665771484375,-20.81298828125,-30.57861328125,-21.42333984375
0.4642333984375,-0.229736328125,0.8621826171875,-21.484375,-36.19384765625,-22.5830078125
0.4532470703125,-0.2041015625,0.8634033203125,-21.728515625,-43.701171875,-23.3154296875
0.4552001953125,-0.1900634765625,0.86767578125,-23.681640625,-53.64990234375,-25.20751953125
0.466064453125,-0.2037353515625,0.873046875,-24.7802734375,-65.73486328125,-31.55517578125
0.45556640625,-0.23046875,0.87841796875,-23.25439453125,-79.833984375,-35.0341796875
0.4608154296875,-0.2366943359375,0.87939453125,-24.47509765625,-114.013671875,-42.54150390625
0.47900390625,-0.2391357421875,0.8919677734375,-29.4189453125,-137.939453125,-53.52783203125
0.4881591796875,-0.235595703125,0.9136962890625,-37.353515625,-163.818359375,-66.2841796875
0.4884033203125,-0.228271484375,0.928955078125,-58.41064453125,-191.71142578125,-82.70263671875
0.4892578125,-0.2275390625,0.939697265625,-69.51904296875,-226.07421875,-101.98974609375
0.4921875,-0.229736328125,0.9464111328125,-75.25634765625,-257.62939453125,-122.37548828125
0.5096435546875,-0.2213134765625,0.9813232421875,-78.0029296875,-273.5595703125,-133.72802734375
0.517333984375,-0.2247314453125,1.0087890625,-72.69287109375,-297.36328125,-148.86474609375
0.5057373046875,-0.249267578125,0.99609375,-59.38720703125,-328.369140625,-169.189453125
0.5003662109375,-0.2420654296875,0.9776611328125,-49.560546875,-370.7275390625,-197.20458984375
0.49365234375,-0.25537109375,0.9661865234375,-40.95458984375,-408.5693359375,-237.6708984375
0.48095703125,-0.301513671875,0.953369140625,-48.583984375,-401.0009765625,-252.9296875
0.4708251953125,-0.35546875,1.0269775390625,-60.85205078125,-348.9990234375,-240.78369140625
0.4407958984375,-0.3856201171875,1.1239013671875,-67.626953125,-304.01611328125,-237.24365234375
0.419921875,-0.3880615234375,1.191650390625,-49.1943359375,-266.11328125,-155.21240234375
0.4173583984375,-0.438720703125,1.3037109375,-5.79833984375,-266.29638671875,-31.18896484375
0.44140625,-0.462890625,1.43017578125,-1.64794921875,-110.9619140625,35.94970703125
0.4696044921875,-0.5635986328125,1.44189453125,-23.92578125,-8.23974609375,72.75390625
0.49072265625,-0.7374267578125,1.326171875,-14.58740234375,62.43896484375,91.00341796875
0.4566650390625,-1.0191650390625,1.46923828125,85.26611328125,85.02197265625,96.25244140625
0.4302978515625,-1.5687255859375,1.7333984375,43.27392578125,94.482421875,100.5859375
0.5853271484375,-1.7337646484375,1.8077392578125,28.564453125,106.201171875,103.69873046875
0.966552734375,-1.3583984375,2.1015625,26.30615234375,123.4130859375,104.43115234375
1.3785400390625,-1.19091796875,2.5943603515625,40.6494140625,142.4560546875,101.86767578125
1.89697265625,-1.2916259765625,2.1580810546875,41.93115234375,158.75244140625,96.19140625
2.2154541015625,-1.393310546875,1.1412353515625,40.58837890625,173.2177734375,89.29443359375
2.1253662109375,-1.473388671875,0.819580078125,35.5224609375,187.98828125,82.82470703125
1.62060546875,-1.3109130859375,0.86767578125,28.74755859375,202.81982421875,74.15771484375
0.7454833984375,-0.86962890625,0.927978515625,23.25439453125,216.49169921875,68.78662109375
1.277587890625,-0.5823974609375,0.9615478515625,21.30126953125,239.44091796875,67.7490234375
1.6087646484375,-0.2259521484375,0.9351806640625,20.69091796875,256.40869140625,79.833984375
0.67626953125,-0.1123046875,0.914794921875,19.22607421875,270.6298828125,84.3505859375
-0.3245849609375,-0.0245361328125,0.9208984375,12.20703125,280.8837890625,94.78759765625
-0.43017578125,0.027099609375,0.9161376953125,8.7890625,277.4658203125,103.08837890625
-0.0477294921875,0.020263671875,0.9058837890625,2.3193359375,262.87841796875,114.92919921875
0.043701171875,-0.020751953125,0.8980712890625,-16.78466796875,252.01416015625,128.35693359375
0.1051025390625,-0.035888671875,0.9454345703125,-23.86474609375,239.990234375,155.2734375
0.1168212890625,-0.01611328125,0.9737548828125,-36.0107421875,228.1494140625,158.935546875
0.1651611328125,-0.0853271484375,0.9954833984375,-38.818359375,213.5009765625,161.07177734375
0.27099609375,-0.218505859375,0.98876953125,-43.3349609375,210.26611328125,163.51318359375
0.3519287109375,-0.271484375,1.027587890625,-45.71533203125,203.55224609375,168.76220703125
0.406494140625,-0.437744140625,1.0653076171875,-36.19384765625,192.87109375,163.4521484375
0.5462646484375,-0.5169677734375,1.108154296875,-34.36279296875,166.3818359375,148.3154296875
0.7296142578125,-0.6983642578125,1.16552734375,-38.14697265625,143.61572265625,116.51611328125
0.818115234375,-0.77392578125,1.2672119140625,-46.44775390625,131.103515625,-16.66259765625
1.0281982421875,-0.81591796875,1.195556640625,-64.5751953125,117.73681640625,-40.83251953125
1.10205078125,-0.8524169921875,1.0679931640625,-51.8798828125,8.11767578125,-59.50927734375
1.2388916015625,-0.921142578125,0.9140625,-26.55029296875,-36.19384765625,-45.41015625
1.311767578125,-0.79345703125,0.66259765625,2.50244140625,-96.8017578125,-65.5517578125
1.3892822265625,-0.6304931640625,0.4852294921875,-30.8837890625,-110.41259765625,-78.9794921875
1.5115966796875,-0.443603515625,0.1741943359375,-16.6015625,-111.6943359375,-104.6142578125
1.921875,-0.1768798828125,-0.2437744140625,35.15625,-69.7021484375,-123.1689453125
1.9385986328125,-0.172119140625,-1.590576171875,78.91845703125,-79.833984375,-69.88525390625
1.914306640625,-0.1461181640625,-1.341064453125,140.44189453125,-133.9111328125,-79.89501953125
1.9051513671875,0.0447998046875,-0.316162109375,60.546875,-188.53759765625,-70.86181640625
2.04638671875,0.6141357421875,0.4937744140625,24.4140625,-180.2978515625,-54.3212890625
2.171142578125,0.1065673828125,1.7823486328125,93.26171875,-173.583984375,-36.2548828125
2.2734375,-0.42333984375,2.769775390625,16.6015625,-164.24560546875,-25.7568359375
2.42041015625,-0.7744140625,2.12841796875,5.859375,-157.8369140625,-28.25927734375
1.99609375,-0.59033203125,0.5457763671875,3.60107421875,-127.86865234375,-19.775390625
1.8582763671875,-0.5283203125,1.8458251953125,11.53564453125,-80.078125,-13.0615234375
1.8541259765625,-0.3533935546875,1.580078125,8.36181640625,-56.396484375,-11.8408203125
0.789794921875,0.7183837890625,1.31689453125,22.4609375,-41.50390625,-11.77978515625
-0.7794189453125,0.0616455078125,1.19091796875,36.2548828125,-26.4892578125,-12.02392578125
-1.4407958984375,-0.010986328125,1.1138916015625,25.87890625,-19.8974609375,-11.71875
-0.7489013671875,-0.61669921875,1.2723388671875,26.9775390625,-21.30126953125,-12.451171875
0.561279296875,-1.088623046875,1.278076171875,27.4658203125,-21.54541015625,-12.75634765625
1.506591796875,-0.877197265625,1.044677734375,23.62060546875,-19.04296875,-10.92529296875
1.3238525390625,-0.3492431640625,0.918701171875,26.55029296875,-9.21630859375,-6.9580078125
1.2845458984375,-0.107666015625,0.91748046875,29.96826171875,-4.39453125,-2.74658203125
1.3697509765625,-0.3802490234375,0.938720703125,32.71484375,-2.50244140625,-1.03759765625
1.2298583984375,-0.557861328125,0.907470703125,31.005859375,-3.47900390625,-4.45556640625
1.10009765625,-0.3621826171875,0.911376953125,21.97265625,-4.8828125,-8.11767578125
0.9276123046875,-0.2667236328125,0.857666015625,7.9345703125,-3.96728515625,-9.6435546875
0.7421875,-0.3001708984375,0.8380126953125,-7.62939453125,-3.662109375,-9.82666015625
0.715576171875,-0.2315673828125,0.8514404296875,-20.01953125,-4.69970703125,-9.33837890625
0.660400390625,-0.250732421875,0.8507080078125,-15.2587890625,-8.544921875,-10.1318359375
0.56591796875,-0.2213134765625,0.854736328125,-7.38525390625,-12.5732421875,-10.3759765625
0.535888671875,-0.176513671875,0.8438720703125,-1.0986328125,-13.24462890625,-10.7421875
0.5230712890625,-0.1585693359375,0.8438720703125,2.50244140625,-10.3759765625,-10.92529296875
0.497314453125,-0.191650390625,0.8489990234375,3.90625,-8.60595703125,-10.07080078125
0.4652099609375,-0.30615234375,0.8565673828125,8.1787109375,-7.8125,-9.21630859375
0.4534912109375,-0.33837890625,0.8604736328125,-1.89208984375,-7.6904296875,-8.6669921875
0.4422607421875,-0.3333740234375,0.8590087890625,-4.150390625,-8.1787109375,-8.72802734375
0.4427490234375,-0.309814453125,0.85546875,-5.43212890625,-8.7890625,-9.33837890625
0.4666748046875,-0.288330078125,0.833984375,-7.14111328125,-9.70458984375,-9.70458984375
0.459716796875,-0.284912109375,0.8350830078125,-8.72802734375,-10.3759765625,-9.033203125
0.4735107421875,-0.277099609375,0.8443603515625,-9.6435546875,-15.13671875,-8.4228515625
0.4786376953125,-0.2694091796875,0.8466796875,-9.82666015625,-17.578125,-8.056640625
0.4637451171875,-0.2601318359375,0.848876953125,-9.1552734375,-18.798828125,-8.30078125
0.459716796875,-0.2489013671875,0.851318359375,-10.43701171875,-22.94921875,-8.36181640625
0.468017578125,-0.244384765625,0.850830078125,-11.65771484375,-26.30615234375,-8.11767578125
0.484375,-0.24853515625,0.8505859375,-12.8173828125,-30.6396484375,-7.8125
0.4915771484375,-0.2535400390625,0.844970703125,-16.7236328125,-36.1328125,-9.1552734375
0.4937744140625,-0.260498046875,0.84375,-17.76123046875,-42.78564453125,-10.43701171875
0.4969482421875,-0.262451171875,0.8414306640625,-19.4091796875,-60.546875,-13.0615234375
0.4962158203125,-0.25439453125,0.845458984375,-21.91162109375,-72.08251953125,-17.9443359375
0.489501953125,-0.249755859375,0.855224609375,-24.71923828125,-85.44921875,-24.7802734375
0.48681640625,-0.2489013671875,0.86083984375,-29.296875,-99.4873046875,-38.9404296875
0.4849853515625,-0.24755859375,0.8677978515625,-33.26416015625,-113.037109375,-42.6025390625
0.503662109375,-0.250244140625,0.876708984375,-38.87939453125,-145.1416015625,-63.41552734375
0.5087890625,-0.2469482421875,0.8968505859375,-45.47119140625,-168.88427734375,-78.125
0.50048828125,-0.24462890625,0.9073486328125,-50.78125,-215.4541015625,-116.76025390625
0.4912109375,-0.247314453125,0.9071044921875,-52.490234375,-237.60986328125,-131.04248046875
0.49072265625,-0.255615234375,0.8941650390625,-51.57470703125,-356.62841796875,-172.36328125
0.4998779296875,-0.259521484375,0.8818359375,-41.748046875,-400.7568359375,-198.05908203125
0.5032958984375,-0.2921142578125,0.91455078125,-35.7666015625,-369.0185546875,-207.94677734375
0.5023193359375,-0.3448486328125,0.9293212890625,-63.5986328125,-344.6044921875,-198.05908203125
0.486083984375,-0.376708984375,0.8795166015625,-84.65576171875,-314.75830078125,-131.16455078125
0.47998046875,-0.322265625,0.92236328125,-54.3212890625,-281.92138671875,-36.07177734375
0.4754638671875,-0.33154296875,1.2010498046875,-23.5595703125,-96.00830078125,14.0380859375
0.4713134765625,-0.3887939453125,1.21044921875,-33.50830078125,12.6953125,71.47216796875
0.4765625,-0.37744140625,1.2545166015625,-61.21826171875,109.4970703125,81.787109375
0.486083984375,-0.468017578125,1.257568359375,-11.8408203125,155.82275390625,88.5009765625
0.4884033203125,-0.685546875,1.3494873046875,-13.7939453125,166.1376953125,90.75927734375
0.5435791015625,-1.304443359375,1.6309814453125,16.9677734375,180.48095703125,89.111328125
0.5302734375,-1.440185546875,2.3856201171875,30.45654296875,195.12939453125,85.14404296875
0.6800537109375,-1.1298828125,2.846435546875,16.66259765625,208.67919921875,80.6884765625
1.3026123046875,-0.916748046875,2.3914794921875,6.8359375,219.6044921875,74.21875
1.8536376953125,-1.432373046875,0.89453125,2.74658203125,227.60009765625,72.998046875
1.9014892578125,-1.765869140625,0.9410400390625,1.77001953125,241.27197265625,74.03564453125
1.8350830078125,-1.605224609375,0.977783203125,0.244140625,250.18310546875,80.38330078125
1.368408203125,-0.1031494140625,0.9486083984375,-2.44140625,272.52197265625,85.51025390625
1.84423828125,-0.069091796875,0.88916015625,-7.26318359375,287.109375,92.71240234375
2.0062255859375,-0.0819091796875,0.8284912109375,-7.26318359375,290.58837890625,100.03662109375
1.01953125,-0.091552734375,0.7901611328125,-2.0751953125,291.1376953125,107.177734375
-0.0458984375,-0.072021484375,0.882568359375,-3.2958984375,291.07666015625,114.3798828125
0.0294189453125,-0.03173828125,0.9775390625,-7.2021484375,289.4287109375,122.55859375
0.100341796875,-0.009033203125,1.08642578125,-13.671875,286.2548828125,140.0146484375
0.1190185546875,-0.0714111328125,1.0799560546875,-18.61572265625,282.5927734375,145.81298828125
0.110107421875,-0.1507568359375,1.097412109375,-22.76611328125,278.86962890625,153.9306640625
0.1220703125,-0.27880859375,1.138916015625,-26.30615234375,279.296875,156.73828125
0.161376953125,-0.3070068359375,1.19140625,-29.60205078125,273.62060546875,160.2783203125
0.33740234375,-0.32763671875,1.2567138671875,-32.77587890625,266.4794921875,161.19384765625
0.48095703125,-0.3758544921875,1.3438720703125,-25.0244140625,255.18798828125,158.87451171875
0.7066650390625,-0.4393310546875,1.4505615234375,-4.39453125,240.1123046875,154.96826171875
0.7825927734375,-0.48681640625,1.5753173828125,3.7841796875,223.81591796875,147.27783203125
0.841064453125,-0.5125732421875,1.8134765625,6.8359375,205.6884765625,128.0517578125
0.918701171875,-0.533935546875,1.7598876953125,8.11767578125,166.93115234375,51.94091796875
0.9910888671875,-0.58349609375,1.5714111328125,8.1787109375,114.8681640625,-2.685546875
1.05419921875,-0.7685546875,1.3358154296875,-1.40380859375,9.3994140625,-57.92236328125
1.130126953125,-0.8021240234375,1.0501708984375,-19.1650390625,-39.24560546875,-92.28515625
1.23388671875,-0.744873046875,0.6676025390625,-29.6630859375,-84.89990234375,-106.87255859375
1.367431640625,-0.659912109375,0.1884765625,-28.4423828125,-114.6240234375,-116.51611328125
1.70263671875,-0.5989990234375,-0.33740234375,-3.84521484375,-118.408203125,-133.36181640625
2.0240478515625,-0.4869384765625,-1.018798828125,36.92626953125,-70.3125,-145.263671875
2.1597900390625,-0.220458984375,-2.4027099609375,61.70654296875,-75.927734375,-42.724609375
2.3172607421875,0.2236328125,-2.5640869140625,57.861328125,-90.8203125,-13.18359375
2.533447265625,0.698974609375,-2.14404296875,40.10009765625,-180.11474609375,-56.94580078125
2.7816162109375,0.9959716796875,-1.3734130859375,-53.3447265625,-217.59033203125,-76.59912109375
2.92919921875,0.672119140625,0.3294677734375,-58.837890625,-220.8251953125,-59.63134765625
3.02783203125,0.2655029296875,2.1982421875,-6.9580078125,-204.833984375,-27.099609375
3.2647705078125,0.0255126953125,1.6822509765625,3.90625,-198.6083984375,-30.33447265625
3.451416015625,0.4378662109375,0.375244140625,6.34765625,-169.677734375,-18.37158203125
2.7039794921875,-0.5465087890625,0.8123779296875,7.99560546875,-123.84033203125,-6.65283203125
2.3773193359375,-2.195068359375,2.220703125,1.64794921875,-69.64111328125,-7.14111328125
2.4556884765625,-1.58251953125,1.8702392578125,53.28369140625,-59.99755859375,-3.84521484375
0.788818359375,-0.4173583984375,1.708251953125,32.28759765625,-37.04833984375,-1.220703125
-0.4542236328125,-0.192138671875,1.5628662109375,31.494140625,-26.9775390625,-1.8310546875
-0.9356689453125,0.4542236328125,1.3028564453125,33.935546875,-23.193359375,-2.99072265625
-0.701904296875,0.2779541015625,1.4742431640625,29.60205078125,-21.3623046875,-2.3193359375
1.4815673828125,-0.79052734375,1.1158447265625,10.43701171875,-16.9677734375,-3.0517578125
1.6392822265625,-0.4801025390625,0.8646240234375,2.38037109375,-18.61572265625,-3.47900390625
1.5126953125,0.344970703125,0.899658203125,5.615234375,-19.59228515625,-2.0751953125
1.6041259765625,-0.1109619140625,0.9166259765625,10.1318359375,-23.74267578125,-0.244140625
1.8441162109375,-0.666259765625,0.88427734375,11.23046875,-18.00537109375,2.9296875
1.3907470703125,-0.3319091796875,0.8712158203125,11.8408203125,-9.70458984375,2.5634765625
1.4178466796875,-0.188720703125,0.87255859375,11.962890625,-8.48388671875,0.67138671875
0.8216552734375,-0.3917236328125,0.86181640625,8.23974609375,-7.50732421875,-1.46484375
0.57275390625,-0.359375,0.868408203125,1.77001953125,-5.43212890625,-3.0517578125
0.6851806640625,-0.2879638671875,0.85986328125,-22.64404296875,-3.84521484375,-3.11279296875
0.6295166015625,-0.329345703125,0.8326416015625,-28.6865234375,-3.173828125,-2.0751953125
0.5535888671875,-0.2777099609375,0.828857421875,-26.123046875,-5.9814453125,-3.0517578125
0.53466796875,-0.246337890625,0.8310546875,-18.9208984375,-10.1318359375,-3.90625
0.5228271484375,-0.223876953125,0.8084716796875,-10.92529296875,-10.1318359375,-3.662109375
0.4947509765625,-0.234130859375,0.8143310546875,-6.9580078125,-8.056640625,-4.33349609375
0.47998046875,-0.25439453125,0.820068359375,-6.34765625,-7.32421875,-5.43212890625
0.48046875,-0.3668212890625,0.8265380859375,-2.197265625,-6.34765625,-5.9814453125
0.509765625,-0.370849609375,0.834716796875,-1.28173828125,-5.0048828125,-5.92041015625
0.50439453125,-0.361328125,0.8294677734375,-3.7841796875,-4.39453125,-5.43212890625
0.4716796875,-0.347900390625,0.8167724609375,-3.11279296875,-4.638671875,-5.79833984375
0.499755859375,-0.3240966796875,0.80078125,-0.67138671875,-6.04248046875,-6.7138671875
0.5133056640625,-0.322998046875,0.8033447265625,0.54931640625,-7.8125,-7.080078125
0.5133056640625,-0.33447265625,0.8079833984375,0.8544921875,-9.765625,-7.62939453125
0.5076904296875,-0.325439453125,0.805419921875,0.42724609375,-12.26806640625,-8.056640625
0.497314453125,-0.3212890625,0.8077392578125,0.9765625,-15.44189453125,-6.4697265625
0.501708984375,-0.3216552734375,0.811767578125,1.5869140625,-19.53125,-5.0048828125
0.5093994140625,-0.3243408203125,0.8160400390625,0.9765625,-27.099609375,-4.150390625
0.5009765625,-0.3160400390625,0.8206787109375,-0.6103515625,-32.28759765625,-3.84521484375
0.4996337890625,-0.3084716796875,0.8238525390625,-2.685546875,-37.04833984375,-4.150390625
0.5081787109375,-0.3106689453125,0.8284912109375,-8.48388671875,-41.68701171875,-4.08935546875
0.508056640625,-0.318359375,0.8414306640625,-12.14599609375,-48.4619140625,-5.859375
0.50927734375,-0.3154296875,0.851806640625,-15.2587890625,-57.7392578125,-8.7890625
0.5084228515625,-0.30810546875,0.85595703125,-18.24951171875,-68.90869140625,-12.451171875
0.5037841796875,-0.305419921875,0.853515625,-21.42333984375,-82.09228515625,-23.98681640625
0.4931640625,-0.2879638671875,0.8441162109375,-28.6865234375,-97.96142578125,-29.9072265625
0.483154296875,-0.268798828125,0.8502197265625,-35.82763671875,-136.8408203125,-34.85107421875
0.478271484375,-0.273193359375,0.8668212890625,-41.1376953125,-164.794921875,-71.533203125
0.472900390625,-0.284423828125,0.87255859375,-48.828125,-191.58935546875,-136.5966796875
0.476318359375,-0.2991943359375,0.88134765625,-65.85693359375,-263.85498046875,-189.3310546875
0.487548828125,-0.289306640625,0.9012451171875,-71.96044921875,-416.32080078125,-193.90869140625
0.5008544921875,-0.2806396484375,0.9110107421875,-68.90869140625,-321.71630859375,-194.091796875
0.50537109375,-0.31298828125,0.902587890625,-64.453125,-281.005859375,-189.14794921875
0.4976806640625,-0.34033203125,0.9278564453125,-100.09765625,-265.80810546875,-174.560546875
0.4888916015625,-0.3355712890625,0.94775390625,-19.22607421875,-249.1455078125,-111.572265625
0.4859619140625,-0.359130859375,0.9202880859375,-31.67724609375,-138.5498046875,-75.927734375
0.47900390625,-0.3555908203125,0.93603515625,-34.97314453125,-24.84130859375,-61.70654296875
0.4627685546875,-0.3681640625,1.1414794921875,-29.78515625,109.2529296875,-54.74853515625
0.4410400390625,-0.443603515625,1.8009033203125,-39.36767578125,162.41455078125,-53.28369140625
0.4134521484375,-1.408447265625,2.13525390625,-80.38330078125,183.04443359375,-43.0908203125
0.41455078125,-1.48583984375,2.2342529296875,-46.5087890625,191.2841796875,-22.88818359375
0.4002685546875,-1.2442626953125,2.3753662109375,-20.44677734375,192.3828125,38.57421875
0.4736328125,-0.9791259765625,2.90576171875,6.53076171875,192.56591796875,51.33056640625
2.0992431640625,-0.8243408203125,2.92333984375,31.6162109375,187.56103515625,60.546875
1.968994140625,-0.7694091796875,1.83544921875,44.86083984375,191.40625,67.2607421875
1.6998291015625,-1.180908203125,1.1156005859375,44.3115234375,197.75390625,72.1435546875
1.1944580078125,-1.4779052734375,0.7613525390625,19.34814453125,207.58056640625,76.66015625
0.93603515625,-1.2034912109375,0.6539306640625,13.97705078125,220.03173828125,80.50537109375
1.80712890625,-0.9910888671875,0.628173828125,10.6201171875,233.154296875,84.5947265625
2.44482421875,-0.727294921875,0.5938720703125,9.21630859375,245.9716796875,88.92822265625
1.5072021484375,-0.5107421875,0.609130859375,9.58251953125,257.8125,93.20068359375
0.490478515625,-0.4066162109375,0.6436767578125,9.033203125,267.578125,98.69384765625
-0.0372314453125,-0.33251953125,0.7001953125,9.3994140625,275.81787109375,105.89599609375
-0.2086181640625,-0.3502197265625,0.7637939453125,8.544921875,280.6396484375,114.74609375
-0.13525390625,-0.3631591796875,0.8145751953125,5.4931640625,283.935546875,134.3994140625
-0.0885009765625,-0.3843994140625,0.85107421875,0.9765625,286.68212890625,144.71435546875
-0.028564453125,-0.4090576171875,0.8707275390625,-5.67626953125,288.75732421875,154.11376953125
0.04248046875,-0.4278564453125,0.8790283203125,-13.18359375,286.56005859375,164.4287109375
0.144775390625,-0.434814453125,0.89453125,-19.53125,281.6162109375,175.1708984375
0.271728515625,-0.431640625,0.931396484375,-24.2919921875,275.20751953125,197.6318359375
0.3988037109375,-0.4290771484375,0.9925537109375,-33.38623046875,270.08056640625,208.49609375
0.494140625,-0.431396484375,1.0655517578125,-33.26416015625,267.02880859375,216.552734375
0.5684814453125,-0.4483642578125,1.1436767578125,-27.7099609375,266.2353515625,220.52001953125
0.6280517578125,-0.490234375,1.2911376953125,-16.11328125,264.892578125,220.5810546875
0.677001953125,-0.551513671875,1.384521484375,16.29638671875,260.8642578125,217.46826171875
0.73291015625,-0.6058349609375,1.495849609375,28.6865234375,252.01416015625,200.50048828125
0.8082275390625,-0.7137451171875,1.5985107421875,32.40966796875,229.00390625,103.82080078125
0.9024658203125,-0.83740234375,1.642578125,28.9306640625,181.640625,35.64453125
0.999267578125,-0.99658203125,1.5439453125,15.19775390625,104.00390625,-21.728515625
1.0908203125,-1.178955078125,1.322998046875,-12.14599609375,62.01171875,-75.01220703125
1.25732421875,-1.3438720703125,0.998779296875,-26.2451171875,17.27294921875,-125.732421875
1.3924560546875,-1.2442626953125,0.616943359375,-30.45654296875,-38.51318359375,-154.84619140625
1.5938720703125,-1.055419921875,0.248291015625,-33.38623046875,-78.06396484375,-153.6865234375
1.8419189453125,-0.79931640625,-0.2720947265625,-34.3017578125,-91.49169921875,-137.3291015625
2.4288330078125,-0.471435546875,-0.9390869140625,-13.48876953125,-57.55615234375,-107.11669921875
2.6815185546875,-0.118408203125,-2.517578125,31.92138671875,-61.767578125,-96.3134765625
2.8411865234375,0.217041015625,-2.8509521484375,71.71630859375,-73.1201171875,-40.8935546875
2.9576416015625,0.54150390625,-2.643310546875,127.25830078125,-185.546875,-16.845703125
3.064453125,1.249755859375,-1.98779296875,-2.74658203125,-189.27001953125,-58.59375
3.104248046875,1.1298828125,-0.037841796875,-34.5458984375,-202.2705078125,-79.52880859375
3.1834716796875,0.4725341796875,2.2589111328125,49.98779296875,-212.70751953125,-58.53271484375
3.388916015625,-0.1002197265625,2.192626953125,3.41796875,-196.71630859375,-26.30615234375
3.560546875,-0.061767578125,0.6011962890625,-11.90185546875,-194.2138671875,-23.8037109375
3.0333251953125,-1.018310546875,-0.37548828125,-25.146484375,-202.392578125,-41.93115234375
2.42529296875,-1.885498046875,0.92626953125,-35.33935546875,-182.373046875,-26.0009765625
2.259033203125,-0.9339599609375,2.429443359375,-22.39990234375,-108.642578125,-11.71875
0.57080078125,0.090087890625,1.9609375,-6.89697265625,-68.78662109375,-15.869140625
-0.716064453125,0.36181640625,1.5506591796875,53.64990234375,-59.02099609375,-8.056640625
-0.8118896484375,0.490478515625,1.296875,76.2939453125,-32.28759765625,-3.0517578125
-0.48828125,0.7523193359375,0.87060546875,42.78564453125,-24.59716796875,-4.638671875
0.6143798828125,-0.111328125,1.2867431640625,47.8515625,-25.87890625,-2.5634765625
1.337646484375,-1.6671142578125,1.8065185546875,62.68310546875,-19.8974609375,-0.9765625
1.8172607421875,-1.80859375,1.2584228515625,10.1318359375,-22.8271484375,-3.72314453125
1.6224365234375,-0.3790283203125,0.8701171875,3.90625,-27.28271484375,-5.67626953125
1.5062255859375,0.6767578125,0.9534912109375,8.544921875,-30.517578125,-5.2490234375
1.6771240234375,-0.081298828125,0.8973388671875,5.43212890625,-21.30126953125,-1.52587890625
1.344970703125,-0.854736328125,0.860107421875,6.2255859375,-10.80322265625,2.99072265625
1.34765625,-0.2752685546875,0.882080078125,15.68603515625,-8.23974609375,5.4931640625
1.48876953125,-0.1064453125,0.8812255859375,24.0478515625,-6.04248046875,6.103515625
0.7811279296875,-0.4075927734375,0.8790283203125,21.42333984375,-6.16455078125,4.39453125
0.5740966796875,-0.3060302734375,0.877685546875,5.4931640625,-5.37109375,2.25830078125
0.7220458984375,-0.2607421875,0.8394775390625,-14.58740234375,-2.38037109375,0.30517578125
0.60693359375,-0.33203125,0.8377685546875,-34.1796875,-2.13623046875,-1.220703125
0.5152587890625,-0.3321533203125,0.8380126953125,-41.44287109375,-3.84521484375,-2.50244140625
0.4932861328125,-0.2752685546875,0.8267822265625,-37.90283203125,-11.71875,-3.41796875
0.50830078125,-0.19921875,0.81982421875,-30.33447265625,-13.0615234375,-4.0283203125
0.5120849609375,-0.1806640625,0.8094482421875,-21.54541015625,-13.12255859375,-4.5166015625
0.5277099609375,-0.2303466796875,0.81982421875,-7.50732421875,-12.26806640625,-4.82177734375
0.54931640625,-0.3038330078125,0.829345703125,-0.30517578125,-10.19287109375,-5.7373046875
0.5264892578125,-0.3575439453125,0.8304443359375,2.13623046875,-8.11767578125,-6.40869140625
0.494140625,-0.3824462890625,0.8306884765625,0.91552734375,-6.16455078125,-6.8359375
0.49267578125,-0.388671875,0.818359375,-1.0986328125,-5.37109375,-6.89697265625
0.496826171875,-0.3760986328125,0.8028564453125,-2.38037109375,-5.31005859375,-6.7138671875
0.5068359375,-0.3525390625,0.790771484375,-1.89208984375,-5.31005859375,-6.7138671875
0.5103759765625,-0.3570556640625,0.7889404296875,-1.89208984375,-5.31005859375,-6.89697265625
0.5009765625,-0.3621826171875,0.79248046875,-1.89208984375,-4.69970703125,-7.32421875
0.4931640625,-0.3585205078125,0.7950439453125,-2.01416015625,-4.150390625,-7.38525390625
0.49072265625,-0.3480224609375,0.7978515625,-1.89208984375,-4.57763671875,-7.01904296875
0.5072021484375,-0.343505859375,0.79736328125,-0.79345703125,-8.056640625,-6.103515625
0.4981689453125,-0.341064453125,0.79638671875,0.48828125,-10.986328125,-4.69970703125
0.4947509765625,-0.333984375,0.7938232421875,1.46484375,-14.404296875,-3.35693359375
0.500732421875,-0.330078125,0.7921142578125,-0.48828125,-17.76123046875,-2.38037109375
0.5054931640625,-0.3280029296875,0.7984619140625,-2.74658203125,-21.54541015625,-0.244140625
0.5040283203125,-0.3291015625,0.8070068359375,-4.45556640625,-26.30615234375,0.30517578125
0.502197265625,-0.3311767578125,0.81689453125,-5.79833984375,-35.46142578125,-0.67138671875
0.5047607421875,-0.33154296875,0.82275390625,-8.544921875,-41.07666015625,-2.197265625
0.509765625,-0.3348388671875,0.8251953125,-11.8408203125,-69.9462890625,-5.859375
0.515380859375,-0.3133544921875,0.831787109375,-18.9208984375,-82.58056640625,-15.7470703125
0.515625,-0.3082275390625,0.84228515625,-22.64404296875,-97.5341796875,-33.38623046875
0.5035400390625,-0.30029296875,0.8526611328125,-35.888671875,-132.26318359375,-36.92626953125
0.4954833984375,-0.281005859375,0.8502197265625,-42.05322265625,-170.47119140625,-38.51318359375
0.4945068359375,-0.27783203125,0.8519287109375,-46.20361328125,-192.93212890625,-48.33984375
0.494140625,-0.2791748046875,0.868408203125,-65.61279296875,-221.8017578125,-63.1103515625
0.5003662109375,-0.28271484375,0.881103515625,-70.80078125,-241.39404296875,-65.24658203125
0.5062255859375,-0.30322265625,0.8939208984375,-61.03515625,-260.68115234375,-58.53271484375
0.49267578125,-0.2960205078125,0.872314453125,-60.6689453125,-299.37744140625,-47.79052734375
0.47412109375,-0.34375,0.8558349609375,-64.697265625,-344.6044921875,-61.767578125
0.482421875,-0.3218994140625,0.9105224609375,-71.83837890625,-426.57470703125,-97.96142578125
0.4940185546875,-0.463134765625,0.918701171875,-76.59912109375,-468.994140625,-131.2255859375
0.4781494140625,-0.4208984375,0.884033203125,-100.64697265625,-440.49072265625,-166.50390625
0.478515625,-0.34716796875,0.9534912109375,-151.123046875,-383.72802734375,-189.94140625
0.4583740234375,-0.3267822265625,0.9818115234375,-177.978515625,-348.7548828125,-194.51904296875
0.4166259765625,-0.381103515625,1.09814453125,-135.68115234375,-311.1572265625,-183.837890625
0.4537353515625,-0.3603515625,1.1678466796875,-90.27099609375,-287.9638671875,-179.87060546875
0.47900390625,-0.3115234375,1.0623779296875,-49.13330078125,-289.00146484375,-128.90625
0.50634765625,-0.2254638671875,0.9666748046875,-4.5166015625,-194.7021484375,-74.21875
0.52587890625,-0.388427734375,0.881103515625,-5.18798828125,-64.39208984375,-40.52734375
0.399658203125,-0.94140625,0.8516845703125,-17.7001953125,98.20556640625,-43.02978515625
0.4708251953125,-1.2542724609375,1.0584716796875,-0.67138671875,256.40869140625,-22.0947265625
0.5928955078125,-1.3211669921875,1.703857421875,-54.6875,260.31494140625,13.24462890625
0.7904052734375,-1.4832763671875,1.9871826171875,-38.0859375,248.9013671875,44.189453125
1.3663330078125,-1.4515380859375,2.32763671875,25.87890625,240.17333984375,55.5419921875
1.9095458984375,-1.160400390625,2.966796875,45.0439453125,251.15966796875,65.97900390625
1.972900390625,-0.880126953125,3.2506103515625,35.58349609375,260.07080078125,87.158203125
1.7738037109375,-0.7479248046875,0.9395751953125,10.92529296875,268.5546875,96.435546875
1.5985107421875,-0.97412109375,0.66162109375,14.22119140625,282.53173828125,103.6376953125
1.322265625,-1.3494873046875,0.4600830078125,20.751953125,286.68212890625,109.80224609375
0.7476806640625,-0.8875732421875,0.5838623046875,22.94921875,288.26904296875,116.2109375
1.4365234375,-0.5943603515625,0.69873046875,9.82666015625,288.14697265625,123.84033203125
2.4608154296875,-0.26806640625,0.7342529296875,-0.1220703125,288.26904296875,152.099609375
2.158203125,-0.4229736328125,0.771240234375,-8.544921875,289.0625,160.70556640625
0.084228515625,-0.630126953125,0.8250732421875,-16.05224609375,286.31591796875,169.25048828125
-0.040771484375,-0.627685546875,0.849365234375,-22.94921875,280.1513671875,177.55126953125
-0.0634765625,-0.5733642578125,0.8740234375,-28.9306640625,273.3154296875,185.546875
0.1744384765625,-0.47314453125,0.9193115234375,-37.7197265625,269.287109375,192.3828125
0.3184814453125,-0.481689453125,0.9930419921875,-35.70556640625,268.24951171875,197.81494140625
0.3836669921875,-0.5130615234375,1.072998046875,-29.296875,267.76123046875,199.76806640625
0.4725341796875,-0.5445556640625,1.26708984375,-17.4560546875,265.380859375,195.80078125
0.629150390625,-0.5753173828125,1.35888671875,-1.03759765625,258.056640625,185.546875
0.68505859375,-0.6136474609375,1.4840087890625,17.63916015625,246.88720703125,170.22705078125
0.7359619140625,-0.680419921875,1.6187744140625,30.76171875,232.0556640625,151.123046875
0.810546875,-0.734375,1.7103271484375,38.87939453125,216.36962890625,124.6337890625
0.9222412109375,-0.8272705078125,1.701171875,42.05322265625,190.36865234375,90.02685546875
1.043701171875,-0.95556640625,1.594970703125,40.58837890625,139.892578125,60.1806640625
1.23974609375,-1.055908203125,1.42236328125,31.06689453125,101.5625,24.0478515625
1.3260498046875,-1.0467529296875,1.1817626953125,10.1318359375,57.55615234375,-34.0576171875
1.46533203125,-0.9287109375,0.846923828125,-16.7236328125,3.5400390625,-102.84423828125
1.67724609375,-0.8028564453125,0.4114990234375,-41.07666015625,-51.7578125,-145.1416015625
1.9061279296875,-0.7056884765625,-0.0357666015625,-71.83837890625,-88.92822265625,-154.4189453125
2.0845947265625,-0.5838623046875,-0.7037353515625,-81.23779296875,-107.2998046875,-160.46142578125
2.2122802734375,-0.3477783203125,-1.648193359375,-57.18994140625,-82.03125,-131.34765625
2.34033203125,0.0723876953125,-2.543701171875,-6.8359375,-81.4208984375,-119.56787109375
2.532958984375,0.552490234375,-3.0325927734375,21.240234375,-88.623046875,-58.16650390625
2.773681640625,1.0272216796875,-2.902587890625,49.98779296875,-175.6591796875,-30.029296875
2.974365234375,1.2532958984375,-2.1973876953125,-9.46044921875,-203.2470703125,-77.63671875
3.12939453125,0.8614501953125,-0.4268798828125,-1.953125,-190.97900390625,-95.52001953125
3.4302978515625,0.12646484375,1.845703125,64.0869140625,-201.2939453125,-34.66796875
3.7125244140625,-0.316162109375,2.076904296875,40.52734375,-161.07177734375,-24.90234375
3.557373046875,-0.0745849609375,0.637939453125,21.3623046875,-166.6259765625,-39.4287109375
2.928466796875,-1.264404296875,0.059326171875,13.73291015625,-172.18017578125,-47.7294921875
2.232421875,-2.4505615234375,1.1156005859375,9.94873046875,-134.33837890625,-28.564453125
2.0487060546875,-1.388427734375,2.510986328125,9.27734375,-77.33154296875,-18.1884765625
0.564208984375,-0.18359375,2.516357421875,28.6865234375,-59.26513671875,-20.44677734375
-0.4052734375,0.3250732421875,1.904296875,81.35986328125,-46.9970703125,-12.3291015625
-0.5816650390625,0.59228515625,0.56396484375,73.2421875,-23.4375,-7.62939453125
-0.37744140625,0.9119873046875,0.6358642578125,51.1474609375,-21.66748046875,-6.65283203125
0.9989013671875,0.2080078125,1.4849853515625,64.39208984375,-16.90673828125,-4.33349609375
1.7459716796875,-1.9384765625,1.5960693359375,43.88427734375,-5.67626953125,-4.2724609375
2.17529296875,-1.0208740234375,1.01416015625,20.263671875,-4.150390625,-5.0048828125
2.1552734375,0.26025390625,0.9332275390625,19.95849609375,-1.0986328125,-5.67626953125
1.8995361328125,0.52099609375,1.0015869140625,14.09912109375,-3.60107421875,-5.92041015625
0.7694091796875,-0.6715087890625,0.9248046875,6.9580078125,-6.4697265625,-5.0048828125
0.440673828125,-0.731201171875,0.8773193359375,6.04248046875,-9.46044921875,-2.74658203125
1.1715087890625,0.061767578125,0.854736328125,4.8828125,-13.36669921875,-1.89208984375
1.3095703125,-0.145751953125,0.857177734375,4.21142578125,-15.7470703125,-3.35693359375
0.7215576171875,-0.3087158203125,0.8543701171875,4.8828125,-14.5263671875,-4.2724609375
0.6343994140625,-0.216064453125,0.873046875,-0.30517578125,-11.41357421875,-6.591796875
0.68798828125,-0.288330078125,0.87646484375,-4.21142578125,-13.18359375,-8.30078125
0.6324462890625,-0.311279296875,0.881591796875,-6.103515625,-12.75634765625,-3.2958984375
0.5697021484375,-0.2574462890625,0.8792724609375,-2.8076171875,-3.23486328125,-0.91552734375
0.5274658203125,-0.245361328125,0.86328125,-4.45556640625,-1.15966796875,-0.54931640625
0.5230712890625,-0.221923828125,0.8499755859375,1.0986328125,-2.9296875,-1.15966796875
0.480224609375,-0.2159423828125,0.8389892578125,9.1552734375,-4.150390625,-2.0751953125
0.4481201171875,-0.24365234375,0.8424072265625,-0.244140625,-5.67626953125,-5.31005859375
0.4410400390625,-0.2835693359375,0.827392578125,-6.103515625,-7.8125,-6.591796875
0.44921875,-0.32568359375,0.823974609375,-8.72802734375,-9.8876953125,-7.4462890625
0.4757080078125,-0.3310546875,0.8331298828125,-8.48388671875,-10.07080078125,-7.75146484375
0.4952392578125,-0.3280029296875,0.841064453125,-7.568359375,-10.07080078125,-6.8359375
0.5020751953125,-0.2947998046875,0.8408203125,-3.7841796875,-10.6201171875,-6.89697265625
0.48876953125,-0.2479248046875,0.8424072265625,-2.25830078125,-13.671875,-6.77490234375
0.4808349609375,-0.2542724609375,0.84375,-1.89208984375,-14.16015625,-6.65283203125
0.5126953125,-0.2779541015625,0.8349609375,-3.2958984375,-15.31982421875,-6.34765625
0.5159912109375,-0.2921142578125,0.8385009765625,-7.87353515625,-16.54052734375,-6.103515625
0.489013671875,-0.30322265625,0.83837890625,-7.4462890625,-18.5546875,-5.31005859375
0.4736328125,-0.3175048828125,0.83935546875,-7.14111328125,-21.240234375,-4.08935546875
0.4638671875,-0.297607421875,0.8394775390625,-7.568359375,-24.2919921875,-2.99072265625
0.460205078125,-0.28564453125,0.833984375,-8.48388671875,-28.076171875,-2.25830078125
0.4608154296875,-0.27734375,0.836181640625,-8.1787109375,-33.63037109375,-2.50244140625
0.47216796875,-0.2706298828125,0.8421630859375,-9.58251953125,-40.0390625,-1.953125
0.4791259765625,-0.2862548828125,0.84619140625,-11.5966796875,-46.7529296875,-1.5869140625
0.4822998046875,-0.2867431640625,0.847900390625,-15.56396484375,-55.6640625,-2.50244140625
0.4842529296875,-0.2735595703125,0.848876953125,-20.81298828125,-66.7724609375,-4.57763671875
0.498291015625,-0.26904296875,0.857666015625,-25.390625,-79.28466796875,-7.99560546875
0.501708984375,-0.2669677734375,0.876220703125,-30.76171875,-96.5576171875,-15.44189453125
0.50244140625,-0.2598876953125,0.8819580078125,-37.17041015625,-114.6240234375,-26.55029296875
0.4962158203125,-0.2476806640625,0.881103515625,-42.41943359375,-135.1318359375,-36.0107421875
0.4923095703125,-0.2392578125,0.8853759765625,-50.59814453125,-156.8603515625,-39.55078125
0.4981689453125,-0.2523193359375,0.89697265625,-59.2041015625,-179.13818359375,-45.59326171875
0.5008544921875,-0.25146484375,0.9072265625,-69.03076171875,-209.89990234375,-62.255859375
0.486083984375,-0.2357177734375,0.919921875,-74.64599609375,-241.455078125,-81.6650390625
0.4696044921875,-0.249755859375,0.9296875,-70.61767578125,-263.85498046875,-90.4541015625
0.4683837890625,-0.275634765625,0.9136962890625,-65.3076171875,-279.11376953125,-87.95166015625
0.4801025390625,-0.293212890625,0.8914794921875,-57.2509765625,-301.6357421875,-101.318359375
0.487548828125,-0.332763671875,0.929443359375,-52.30712890625,-420.2880859375,-133.6669921875
0.48681640625,-0.400390625,0.9844970703125,-49.560546875,-476.1962890625,-169.86083984375
0.4708251953125,-0.4403076171875,0.951171875,-52.001953125,-441.10107421875,-185.546875
0.457763671875,-0.3768310546875,0.92626953125,-108.58154296875,-381.77490234375,-200.68359375
0.4246826171875,-0.319091796875,0.9996337890625,-134.70458984375,-354.3701171875,-202.33154296875
0.39794921875,-0.3692626953125,1.0364990234375,-97.5341796875,-314.02587890625,-205.4443359375
0.4068603515625,-0.4312744140625,1.0882568359375,-43.212890625,-280.029296875,-186.09619140625
0.419677734375,-0.4261474609375,1.19384765625,-12.63427734375,-288.02490234375,-140.869140625
0.439453125,-0.341552734375,1.0634765625,-11.77978515625,-217.22412109375,-79.52880859375
0.505615234375,-0.326416015625,1.05712890625,-10.31494140625,-84.3505859375,-51.94091796875
0.4959716796875,-0.8818359375,1.2620849609375,-10.1318359375,47.7294921875,-37.9638671875
0.428466796875,-1.298583984375,1.5240478515625,-15.93017578125,137.02392578125,-35.2783203125
0.4630126953125,-1.44384765625,1.8643798828125,-74.76806640625,173.33984375,-28.50341796875
0.6253662109375,-1.5009765625,2.10498046875,-71.77734375,191.46728515625,-8.48388671875
1.4312744140625,-1.4163818359375,2.32666015625,-48.7060546875,198.974609375,17.7001953125
1.958740234375,-1.1187744140625,2.7313232421875,-17.39501953125,201.59912109375,43.5791015625
2.0357666015625,-0.8089599609375,3.0172119140625,16.9677734375,200.1953125,65.73486328125
1.9468994140625,-0.5533447265625,2.3616943359375,40.4052734375,196.6552734375,81.54296875
1.825439453125,-0.756591796875,1.3602294921875,43.15185546875,196.47216796875,91.1865234375
1.184814453125,-1.342529296875,0.927978515625,31.982421875,201.416015625,96.25244140625
0.8197021484375,-1.3948974609375,0.74951171875,19.71435546875,210.99853515625,99.06005859375
1.3275146484375,-1.1966552734375,0.681884765625,10.43701171875,224.67041015625,101.37939453125
2.115478515625,-0.95556640625,0.656494140625,9.8876953125,238.58642578125,103.33251953125
1.894287109375,-0.6253662109375,0.6710205078125,15.0146484375,249.3896484375,104.67529296875
0.8046875,-0.4044189453125,0.70068359375,20.99609375,259.765625,104.6142578125
0.0452880859375,-0.28466796875,0.7611083984375,22.88818359375,268.798828125,103.69873046875
-0.2127685546875,-0.2698974609375,0.819091796875,19.775390625,277.28271484375,104.06494140625
-0.1680908203125,-0.322265625,0.84619140625,13.916015625,284.97314453125,105.712890625
-0.1025390625,-0.3873291015625,0.858154296875,8.11767578125,291.748046875,108.70361328125
-0.0765380859375,-0.4078369140625,0.880615234375,3.72314453125,297.4853515625,113.1591796875
-0.0264892578125,-0.3729248046875,0.9151611328125,-0.6103515625,301.513671875,118.2861328125
0.05419921875,-0.2928466796875,0.9630126953125,-7.080078125,303.8330078125,123.779296875
0.159912109375,-0.2225341796875,1.01171875,-14.7705078125,302.490234375,129.45556640625
0.2799072265625,-0.204345703125,1.0523681640625,-22.27783203125,298.9501953125,135.07080078125
0.38525390625,-0.231201171875,1.0877685546875,-28.01513671875,294.43359375,140.93017578125
0.4581298828125,-0.2694091796875,1.126708984375,-30.76171875,292.17529296875,147.0947265625
0.522705078125,-0.290283203125,1.1617431640625,-31.1279296875,290.71044921875,152.099609375
0.603515625,-0.29248046875,1.1990966796875,-28.38134765625,288.2080078125,156.06689453125
0.6995849609375,-0.305419921875,1.2601318359375,-23.98681640625,284.24072265625,158.63037109375
0.7908935546875,-0.3453369140625,1.35009765625,-18.00537109375,278.1982421875,158.87451171875
0.8768310546875,-0.4071044921875,1.45703125,-9.70458984375,268.798828125,157.40966796875
0.966552734375,-0.4793701171875,1.565673828125,-2.25830078125,257.9345703125,148.4375
1.046142578125,-0.5601806640625,1.67236328125,-0.3662109375,221.0693359375,88.80615234375
1.1119384765625,-0.657470703125,1.73583984375,-4.94384765625,189.5751953125,47.9736328125
1.16015625,-0.766845703125,1.69873046875,-11.77978515625,115.41748046875,12.939453125
1.209228515625,-0.8804931640625,1.561279296875,-39.61181640625,61.58447265625,-29.1748046875
1.2933349609375,-0.966064453125,1.34619140625,-48.828125,10.31494140625,-76.0498046875
1.4019775390625,-0.961181640625,1.0838623046875,-32.40966796875,-38.75732421875,-102.1728515625
1.54345703125,-0.8624267578125,0.408447265625,-38.2080078125,-81.1767578125,-101.9287109375
1.7406005859375,-0.7225341796875,0.0078125,-50.47607421875,-112.060546875,-86.669921875
1.9608154296875,-0.5645751953125,-1.49365234375,-36.7431640625,-113.58642578125,-81.4208984375
2.1473388671875,-0.2568359375,-2.2557373046875,7.4462890625,-48.828125,-83.80126953125
2.2803955078125,-0.0377197265625,-2.7283935546875,47.66845703125,-38.9404296875,-114.31884765625
2.3948974609375,0.6292724609375,-2.58203125,61.279296875,-66.58935546875,-67.81005859375
2.5411376953125,1.05322265625,-1.9132080078125,103.08837890625,-167.05322265625,-18.73779296875
2.8360595703125,0.9700927734375,-1.081787109375,18.98193359375,-177.55126953125,-55.84716796875
2.9931640625,0.319580078125,0.6142578125,-25.20751953125,-195.556640625,-87.158203125
3.456298828125,-0.2879638671875,2.4970703125,80.13916015625,-198.66943359375,-62.01171875
3.339111328125,-0.4840087890625,2.051513671875,19.22607421875,-192.93212890625,-34.85107421875
2.885498046875,-0.1019287109375,0.3648681640625,-6.2255859375,-195.00732421875,-15.93017578125
2.395751953125,-1.230712890625,-0.6134033203125,-16.7236328125,-192.138671875,-33.87451171875
2.2666015625,-2.3304443359375,0.7913818359375,-25.69580078125,-197.93701171875,-45.10498046875
2.435791015625,-0.80908203125,2.404052734375,-33.69140625,-153.1982421875,-26.4892578125
0.6954345703125,0.6231689453125,1.8758544921875,-3.47900390625,-85.5712890625,-20.56884765625
-0.4912109375,0.7178955078125,1.479736328125,19.53125,-70.86181640625,-11.474609375
-0.837646484375,0.51025390625,1.4130859375,65.4296875,-22.88818359375,-7.38525390625
-1.02734375,0.6846923828125,1.021240234375,69.88525390625,-25.32958984375,-6.53076171875
0.2353515625,0.195556640625,0.9124755859375,47.54638671875,-20.8740234375,-4.638671875
1.2740478515625,-1.4820556640625,1.5887451171875,43.5791015625,-17.7001953125,-6.2255859375
1.81005859375,-2.073486328125,1.6180419921875,20.01953125,-22.15576171875,-10.80322265625
1.46728515625,-0.8740234375,0.949951171875,20.20263671875,-26.9775390625,-13.73291015625
1.1978759765625,0.3997802734375,1.0030517578125,19.6533203125,-23.8037109375,-14.6484375
1.54296875,0.5208740234375,0.9091796875,14.16015625,-9.521484375,-10.3759765625
1.4962158203125,-0.6583251953125,0.892822265625,17.9443359375,-3.0517578125,-5.0048828125
1.014404296875,-0.080322265625,0.8985595703125,30.8837890625,-3.0517578125,-2.50244140625
1.368408203125,-0.2073974609375,0.8773193359375,36.2548828125,-4.0283203125,-2.74658203125
1.2640380859375,-0.4027099609375,0.867431640625,31.8603515625,-4.0283203125,-3.96728515625
0.5732421875,-0.2510986328125,0.8443603515625,14.5263671875,-2.50244140625,-5.06591796875
0.7967529296875,-0.2835693359375,0.8172607421875,-5.4931640625,-0.54931640625,-4.39453125
0.6363525390625,-0.3519287109375,0.8243408203125,-16.11328125,-2.50244140625,-2.9296875
0.580322265625,-0.32421875,0.8310546875,-16.4794921875,-6.591796875,-2.8076171875
0.521728515625,-0.2786865234375,0.8355712890625,-13.12255859375,-12.3291015625,-3.35693359375
0.4815673828125,-0.2347412109375,0.83251953125,-1.89208984375,-14.34326171875,-3.7841796875
0.470458984375,-0.189453125,0.8314208984375,2.3193359375,-13.18359375,-4.0283203125
0.4925537109375,-0.2109375,0.8319091796875,2.99072265625,-11.41357421875,-4.21142578125
0.50146484375,-0.29150390625,0.841064453125,5.06591796875,-9.82666015625,-4.638671875
0.4896240234375,-0.3341064453125,0.8489990234375,5.55419921875,-8.6669921875,-5.31005859375
0.49609375,-0.3446044921875,0.8504638671875,3.60107421875,-7.2021484375,-5.37109375
0.4989013671875,-0.3065185546875,0.8402099609375,0.3662109375,-6.40869140625,-4.94384765625
0.500244140625,-0.2822265625,0.827880859375,-2.50244140625,-6.103515625,-4.57763671875
0.504638671875,-0.2750244140625,0.821533203125,-3.5400390625,-5.37109375,-4.45556640625
0.50439453125,-0.285400390625,0.81982421875,-3.173828125,-4.45556640625,-4.150390625
0.5069580078125,-0.2906494140625,0.8182373046875,-3.2958984375,-5.18798828125,-3.96728515625
0.4942626953125,-0.2939453125,0.819091796875,-4.7607421875,-7.080078125,-2.99072265625
0.4864501953125,-0.296142578125,0.824951171875,-6.16455078125,-9.82666015625,-2.38037109375
0.488037109375,-0.2935791015625,0.8245849609375,-6.4697265625,-15.19775390625,-2.38037109375
0.490966796875,-0.2877197265625,0.821044921875,-6.8359375,-20.44677734375,-1.52587890625
0.492431640625,-0.281494140625,0.82177734375,-7.62939453125,-23.49853515625,-1.5869140625
0.494384765625,-0.277099609375,0.830322265625,-10.31494140625,-26.79443359375,-1.77001953125
0.50146484375,-0.2772216796875,0.8365478515625,-13.36669921875,-31.55517578125,-3.47900390625
0.506103515625,-0.279541015625,0.841552734375,-13.7939453125,-37.9638671875,-3.35693359375
0.5072021484375,-0.2816162109375,0.851318359375,-14.34326171875,-45.0439453125,-3.47900390625
0.5057373046875,-0.28076171875,0.854248046875,-15.31982421875,-54.13818359375,-5.18798828125
0.5015869140625,-0.280029296875,0.847412109375,-21.54541015625,-65.36865234375,-7.8125
0.4986572265625,-0.2716064453125,0.853515625,-23.98681640625,-78.857421875,-11.65771484375
0.4981689453125,-0.271484375,0.8720703125,-29.23583984375,-96.0693359375,-19.71435546875
0.4918212890625,-0.2791748046875,0.8819580078125,-35.58349609375,-114.07470703125,-31.18896484375
0.4862060546875,-0.284912109375,0.888916015625,-41.748046875,-133.97216796875,-39.0625
0.4754638671875,-0.244140625,0.8856201171875,-49.13330078125,-154.23583984375,-42.1142578125
0.483642578125,-0.251953125,0.892578125,-57.92236328125,-179.3212890625,-50.47607421875
0.50048828125,-0.280517578125,0.9111328125,-67.93212890625,-209.1064453125,-67.19970703125
0.483154296875,-0.254150390625,0.92822265625,-71.77734375,-236.572265625,-83.251953125
0.472412109375,-0.26171875,0.928955078125,-68.115234375,-255.859375,-88.7451171875
0.47119140625,-0.291748046875,0.8963623046875,-63.29345703125,-272.15576171875,-82.21435546875
0.4696044921875,-0.3101806640625,0.8846435546875,-57.6171875,-291.015625,-82.33642578125
0.4840087890625,-0.343017578125,0.9302978515625,-52.79541015625,-343.32275390625,-165.283203125
0.4769287109375,-0.4241943359375,0.950439453125,-46.44775390625,-416.1376953125,-184.4482421875
0.4627685546875,-0.43798828125,0.89453125,-48.33984375,-372.49755859375,-198.54736328125
0.4656982421875,-0.357177734375,0.888916015625,-75.74462890625,-335.75439453125,-198.6083984375
0.428466796875,-0.3397216796875,0.954833984375,-114.013671875,-297.42431640625,-203.9794921875
0.40283203125,-0.423095703125,1.0186767578125,-47.79052734375,-262.939453125,-186.8896484375
0.4139404296875,-0.448974609375,1.102294921875,-16.66259765625,-255.67626953125,-153.076171875
0.4205322265625,-0.3707275390625,1.187255859375,-19.04296875,-220.947265625,-79.28466796875
0.439697265625,-0.2568359375,0.9410400390625,-27.7099609375,-96.5576171875,-54.87060546875
0.5166015625,-0.2694091796875,0.99169921875,-19.775390625,29.052734375,-44.00634765625
0.51318359375,-0.4326171875,1.2889404296875,-22.52197265625,127.197265625,-44.5556640625
0.439208984375,-1.251220703125,1.77587890625,-54.50439453125,161.9873046875,-44.25048828125
0.4415283203125,-1.44091796875,2.0379638671875,-85.693359375,179.8095703125,-32.71484375
0.5787353515625,-1.3045654296875,2.30322265625,-45.2880859375,189.63623046875,-13.0615234375
0.8707275390625,-1.1669921875,2.4844970703125,-18.9208984375,193.603515625,9.82666015625
1.9039306640625,-0.914794921875,2.8387451171875,16.54052734375,193.29833984375,32.1044921875
1.890869140625,-0.60693359375,2.572021484375,47.2412109375,190.97900390625,50.96435546875
1.8682861328125,-0.605224609375,1.4566650390625,59.38720703125,189.94140625,65.61279296875
1.4302978515625,-1.2669677734375,0.9337158203125,53.3447265625,192.3828125,76.2939453125
1.0953369140625,-1.4951171875,0.7427978515625,38.330078125,199.27978515625,83.92333984375
1.1297607421875,-1.1871337890625,0.70556640625,24.169921875,209.1064453125,89.7216796875
1.783203125,-0.9661865234375,0.6719970703125,16.4794921875,221.13037109375,93.994140625
2.1263427734375,-0.6666259765625,0.659423828125,15.80810546875,232.36083984375,96.74072265625
1.1033935546875,-0.4512939453125,0.66357421875,19.59228515625,242.67578125,98.5107421875
0.1461181640625,-0.3050537109375,0.68359375,23.25439453125,252.86865234375,100.15869140625
-0.1663818359375,-0.26611328125,0.712890625,23.49853515625,262.3291015625,101.9287109375
-0.154052734375,-0.3143310546875,0.73828125,20.69091796875,271.240234375,104.55322265625
-0.0809326171875,-0.4013671875,0.759033203125,16.17431640625,278.38134765625,108.45947265625
-0.0517578125,-0.4718017578125,0.7879638671875,11.3525390625,283.935546875,121.4599609375
-0.0294189453125,-0.4849853515625,0.8267822265625,6.103515625,288.818359375,129.82177734375
0.005859375,-0.4473876953125,0.873291015625,0.30517578125,296.81396484375,139.16015625
0.07080078125,-0.3948974609375,0.9246826171875,-6.7138671875,297.30224609375,149.47509765625
0.1632080078125,-0.365234375,0.963134765625,-13.3056640625,293.5791015625,159.85107421875
0.26220703125,-0.3714599609375,0.9906005859375,-23.49853515625,287.7197265625,169.73876953125
0.34619140625,-0.3973388671875,1.0220947265625,-27.28271484375,281.25,178.52783203125
0.4227294921875,-0.42333984375,1.0714111328125,-29.11376953125,275.2685546875,186.279296875
0.5079345703125,-0.4500732421875,1.1827392578125,-30.70068359375,270.01953125,192.32177734375
0.6011962890625,-0.4827880859375,1.241943359375,-29.60205078125,266.4794921875,196.47216796875
0.7022705078125,-0.53173828125,1.3145751953125,-25.93994140625,264.7705078125,198.1201171875
0.7891845703125,-0.652587890625,1.3897705078125,-19.8974609375,263.24462890625,198.2421875
0.86328125,-0.6937255859375,1.4720458984375,-14.83154296875,259.58251953125,191.34521484375
0.946533203125,-0.74853515625,1.5516357421875,-12.75634765625,246.52099609375,165.83251953125
1.046875,-0.8258056640625,1.6251220703125,-15.19775390625,207.82470703125,122.314453125
1.215576171875,-0.9332275390625,1.660888671875,-22.03369140625,162.2314453125,63.78173828125
1.2674560546875,-1.041015625,1.60009765625,-39.55078125,125.42724609375,10.80322265625
1.33984375,-1.0966796875,1.404541015625,-53.466796875,85.693359375,-27.77099609375
1.4322509765625,-1.0755615234375,1.0618896484375,-40.0390625,46.5087890625,-62.80517578125
1.5626220703125,-0.9769287109375,0.628173828125,-24.10888671875,-1.5869140625,-91.49169921875
1.7470703125,-0.78173828125,0.1805419921875,-15.56396484375,-47.54638671875,-99.06005859375
1.9771728515625,-0.4957275390625,-0.351806640625,-25.2685546875,-79.345703125,-92.28515625
2.2275390625,-0.20361328125,-0.967041015625,-42.236328125,-101.01318359375,-91.6748046875
2.4588623046875,-0.0328369140625,-1.6346435546875,-34.912109375,-80.50537109375,-81.11572265625
2.628173828125,0.12744140625,-2.22607421875,-5.2490234375,-54.74853515625,-105.712890625
2.7374267578125,0.392578125,-2.4642333984375,18.310546875,-64.75830078125,-80.99365234375
2.7862548828125,0.8197021484375,-2.2454833984375,101.07421875,-168.76220703125,-35.94970703125
2.7874755859375,1.181884765625,-1.5784912109375,64.51416015625,-171.81396484375,-93.44482421875
2.8984375,0.955810546875,0.031982421875,4.82177734375,-193.9697265625,-73.42529296875
3.1873779296875,0.2596435546875,1.878173828125,86.669921875,-189.02587890625,-38.818359375
3.431396484375,-0.27734375,2.1119384765625,46.5087890625,-190.3076171875,-18.4326171875
3.2705078125,-0.5108642578125,0.997802734375,12.39013671875,-194.2138671875,-27.77099609375
2.7359619140625,-1.2979736328125,-0.0643310546875,-9.8876953125,-200.25634765625,-41.07666015625
2.3250732421875,-1.7122802734375,0.8941650390625,-17.578125,-162.65869140625,-22.88818359375
2.266845703125,-0.633544921875,2.1802978515625,-5.79833984375,-92.59033203125,-13.12255859375
0.8182373046875,0.591064453125,1.5390625,5.79833984375,-62.744140625,-15.625
-0.0325927734375,0.90771484375,1.3941650390625,54.3212890625,-55.5419921875,-4.21142578125
-0.504638671875,0.796630859375,0.9276123046875,58.9599609375,-30.1513671875,-1.52587890625
-0.9112548828125,0.1505126953125,0.8585205078125,41.8701171875,-14.46533203125,-1.953125
0.2403564453125,-1.3623046875,1.6231689453125,49.01123046875,-21.05712890625,-5.06591796875
1.2235107421875,-2.1439208984375,1.599609375,43.27392578125,-25.87890625,-5.615234375
1.6845703125,-1.1646728515625,0.90869140625,12.8173828125,-13.97705078125,-3.35693359375
1.2470703125,0.327392578125,0.8729248046875,8.4228515625,-5.18798828125,0.8544921875
1.4384765625,0.650634765625,0.9915771484375,14.34326171875,-2.86865234375,4.57763671875
1.485107421875,-0.4818115234375,0.848388671875,20.751953125,-2.13623046875,5.18798828125
1.184326171875,-0.812255859375,0.912353515625,18.5546875,-2.13623046875,3.11279296875
1.4718017578125,-0.104736328125,0.868896484375,8.056640625,-0.8544921875,-0.48828125
1.3758544921875,-0.4215087890625,0.831298828125,-9.21630859375,0.244140625,-3.662109375
0.6558837890625,-0.2603759765625,0.83935546875,-24.5361328125,0.54931640625,-5.43212890625
0.5792236328125,-0.3184814453125,0.8271484375,-29.72412109375,-1.0986328125,-6.65283203125
0.7432861328125,-0.2828369140625,0.8197021484375,-26.611328125,-5.92041015625,-6.53076171875
0.5438232421875,-0.251708984375,0.828369140625,-18.37158203125,-10.7421875,-5.67626953125
0.5166015625,-0.22119140625,0.8316650390625,-8.97216796875,-14.404296875,-4.45556640625
0.5152587890625,-0.217041015625,0.8306884765625,-0.9765625,-15.80810546875,-3.84521484375
0.5057373046875,-0.2584228515625,0.82421875,5.2490234375,-15.9912109375,-5.0048828125
0.4874267578125,-0.3140869140625,0.8284912109375,7.9345703125,-15.80810546875,-6.7138671875
0.4658203125,-0.365478515625,0.8392333984375,7.62939453125,-13.18359375,-8.056640625
0.45361328125,-0.3994140625,0.8446044921875,4.5166015625,-10.6201171875,-8.7890625
0.4708251953125,-0.4005126953125,0.844482421875,0.18310546875,-9.09423828125,-8.97216796875
0.4896240234375,-0.3760986328125,0.8369140625,-0.42724609375,-7.32421875,-8.30078125
0.48583984375,-0.33935546875,0.826904296875,1.15966796875,-6.8359375,-7.62939453125
0.475830078125,-0.304931640625,0.8192138671875,2.01416015625,-7.38525390625,-7.38525390625
0.466064453125,-0.2884521484375,0.8138427734375,1.89208984375,-7.87353515625,-7.01904296875
0.4571533203125,-0.28369140625,0.8131103515625,0.48828125,-8.4228515625,-6.7138671875
0.461181640625,-0.3056640625,0.8111572265625,-2.5634765625,-9.82666015625,-6.65283203125
0.4786376953125,-0.3382568359375,0.814208984375,-4.39453125,-11.71875,-6.65283203125
0.4871826171875,-0.340576171875,0.821533203125,-4.638671875,-14.16015625,-5.43212890625
0.481689453125,-0.3292236328125,0.8214111328125,-4.21142578125,-17.15087890625,-4.638671875
0.4820556640625,-0.3165283203125,0.8218994140625,-3.7841796875,-23.92578125,-3.47900390625
0.48974609375,-0.2996826171875,0.8226318359375,-4.5166015625,-27.77099609375,-1.5869140625
0.493896484375,-0.293212890625,0.82470703125,-5.615234375,-32.71484375,-0.732421875
0.4998779296875,-0.302001953125,0.8304443359375,-10.7421875,-51.45263671875,-1.46484375
0.49755859375,-0.3060302734375,0.836669921875,-13.671875,-60.97412109375,-4.21142578125
0.49365234375,-0.302734375,0.842529296875,-16.17431640625,-72.021484375,-10.6201171875
0.5006103515625,-0.3017578125,0.8489990234375,-25.32958984375,-86.73095703125,-16.90673828125
0.502685546875,-0.30517578125,0.8565673828125,-31.92138671875,-122.86376953125,-27.16064453125
0.505615234375,-0.2965087890625,0.8658447265625,-38.9404296875,-141.845703125,-34.97314453125
0.5050048828125,-0.287109375,0.8677978515625,-45.2880859375,-157.470703125,-38.26904296875
0.49658203125,-0.2833251953125,0.86767578125,-57.92236328125,-175.537109375,-60.24169921875
0.4866943359375,-0.248291015625,0.8880615234375,-65.5517578125,-199.70703125,-87.70751953125
0.4693603515625,-0.2650146484375,0.8931884765625,-66.10107421875,-242.98095703125,-84.16748046875
0.4801025390625,-0.265380859375,0.8927001953125,-62.8662109375,-321.77734375,-92.59033203125
0.4954833984375,-0.309326171875,0.8509521484375,-58.28857421875,-392.51708984375,-118.46923828125
0.4927978515625,-0.333251953125,0.8404541015625,-51.20849609375,-453.0029296875,-154.72412109375
0.489990234375,-0.3299560546875,0.8629150390625,-72.998046875,-434.26513671875,-173.03466796875
0.4801025390625,-0.4124755859375,0.9083251953125,-109.92431640625,-374.1455078125,-189.27001953125
0.4661865234375,-0.4398193359375,0.8843994140625,-142.15087890625,-346.19140625,-196.59423828125
0.4715576171875,-0.389892578125,1.0194091796875,-116.3330078125,-322.3876953125,-195.9228515625
0.4439697265625,-0.3636474609375,1.189208984375,-64.5751953125,-290.71044921875,-189.8193359375
0.4443359375,-0.4598388671875,1.1278076171875,-33.447265625,-280.6396484375,-179.19921875
0.4451904296875,-0.3052978515625,0.9827880859375,-13.61083984375,-277.64892578125,-26.85546875
0.4560546875,-0.388916015625,0.92919921875,-24.4140625,-177.18505859375,-12.14599609375
0.4947509765625,-0.777099609375,1.00732421875,-43.51806640625,190.73486328125,-9.21630859375
0.52197265625,-1.19140625,1.1575927734375,-58.16650390625,224.91455078125,-3.2958984375
0.6116943359375,-1.305908203125,1.6234130859375,-47.54638671875,243.46923828125,10.31494140625
0.864013671875,-1.3812255859375,1.8551025390625,-42.29736328125,245.361328125,27.34375
1.30224609375,-1.3714599609375,1.942138671875,-12.5732421875,237.79296875,67.138671875
1.84619140625,-1.07470703125,2.2593994140625,21.30126953125,223.14453125,98.57177734375
1.9901123046875,-0.7291259765625,3.171630859375,43.8232421875,207.8857421875,106.87255859375
1.8111572265625,-0.7449951171875,1.23779296875,48.52294921875,227.23388671875,111.14501953125
1.6834716796875,-0.70751953125,0.831787109375,41.56494140625,242.00439453125,112.4267578125
1.3311767578125,-1.5284423828125,0.625,17.08984375,254.39453125,111.083984375
0.8719482421875,-1.1629638671875,0.494873046875,17.02880859375,263.00048828125,107.36083984375
0.8072509765625,-0.8980712890625,0.4669189453125,22.0947265625,269.47021484375,101.5625
1.5284423828125,-0.602294921875,0.678955078125,23.25439453125,276.06201171875,95.5810546875
1.968017578125,-0.384521484375,0.8868408203125,18.1884765625,282.89794921875,90.14892578125
0.1815185546875,-0.247314453125,0.910888671875,9.1552734375,290.58837890625,86.85302734375
-0.0301513671875,-0.2835693359375,0.8931884765625,0.79345703125,297.79052734375,86.9140625
-0.1065673828125,-0.4334716796875,0.8809814453125,-6.40869140625,303.3447265625,89.111328125
-0.1700439453125,-0.391357421875,0.90234375,-13.61083984375,305.5419921875,92.7734375
-0.1795654296875,-0.2813720703125,0.9676513671875,-20.69091796875,304.62646484375,98.2666015625
0.119384765625,-0.1824951171875,1.0445556640625,-27.64892578125,300.23193359375,105.16357421875
0.4031982421875,-0.14453125,1.10302734375,-33.02001953125,293.02978515625,112.36572265625
0.4796142578125,-0.1666259765625,1.1295166015625,-34.66796875,285.46142578125,118.83544921875
0.5272216796875,-0.2076416015625,1.1328125,-32.958984375,278.99169921875,124.93896484375
0.5797119140625,-0.2371826171875,1.1365966796875,-30.8837890625,273.4375,130.92041015625
0.6546630859375,-0.2620849609375,1.172119140625,-30.6396484375,269.59228515625,137.5732421875
0.767333984375,-0.2955322265625,1.233154296875,-31.06689453125,266.29638671875,147.3388671875
0.8997802734375,-0.3551025390625,1.30029296875,-29.47998046875,263.3056640625,160.2783203125
1.0098876953125,-0.4405517578125,1.3876953125,-25.32958984375,257.99560546875,174.25537109375
1.081787109375,-0.52734375,1.4964599609375,-22.27783203125,252.01416015625,183.4716796875
1.1116943359375,-0.5887451171875,1.6036376953125,-22.39990234375,238.95263671875,178.1005859375
1.1219482421875,-0.6552734375,1.6650390625,-27.89306640625,199.8291015625,150.32958984375
1.150390625,-0.7559814453125,1.6409912109375,-38.2080078125,154.78515625,101.50146484375
1.1912841796875,-0.8709716796875,1.5166015625,-50.537109375,115.53955078125,52.30712890625
1.232421875,-0.9532470703125,1.29736328125,-55.11474609375,75.8056640625,11.53564453125
1.310546875,-0.9561767578125,0.98388671875,-41.8701171875,31.31103515625,-31.3720703125
1.45751953125,-0.8779296875,0.605224609375,-22.8271484375,-19.22607421875,-67.9931640625
1.6741943359375,-0.7208251953125,0.186279296875,-13.24462890625,-64.88037109375,-95.39794921875
1.909423828125,-0.5140380859375,-0.33642578125,-25.390625,-97.65625,-114.19677734375
2.10791015625,-0.3385009765625,-1.0283203125,-45.2880859375,-114.19677734375,-123.96240234375
2.2884521484375,-0.183349609375,-1.760986328125,-37.04833984375,-92.6513671875,-103.57666015625
2.453369140625,0.0072021484375,-2.3272705078125,-4.21142578125,-77.63671875,-92.10205078125
2.6005859375,0.3028564453125,-2.506103515625,38.9404296875,-120.54443359375,-41.3818359375
2.694091796875,0.814697265625,-2.149658203125,66.10107421875,-183.53271484375,-81.787109375
2.70751953125,1.229736328125,-1.2498779296875,32.53173828125,-207.51953125,-88.07373046875
2.8502197265625,0.97900390625,0.328125,69.76318359375,-188.04931640625,-57.80029296875
3.1568603515625,0.20556640625,1.778076171875,78.18603515625,-174.072265625,-29.6630859375
3.3502197265625,-0.5755615234375,1.7308349609375,18.798828125,-165.71044921875,-24.658203125
3.148681640625,-0.7935791015625,0.6944580078125,8.4228515625,-173.9501953125,-38.51318359375
2.6427001953125,-1.508544921875,0.4908447265625,-0.8544921875,-169.3115234375,-38.6962890625
2.3111572265625,-1.6041259765625,2.1419677734375,1.03759765625,-127.685546875,-21.8505859375
1.9200439453125,-0.200439453125,1.848876953125,13.73291015625,-75.25634765625,-17.76123046875
0.8502197265625,0.4857177734375,1.6220703125,30.33447265625,-66.22314453125,-17.51708984375
-0.517822265625,0.9176025390625,1.214111328125,67.9931640625,-48.64501953125,-10.009765625
-0.8475341796875,0.6768798828125,0.8548583984375,69.2138671875,-27.2216796875,-5.67626953125
0.0218505859375,-0.3846435546875,1.095703125,41.07666015625,-23.5595703125,-7.01904296875
1.0570068359375,-1.644287109375,1.622802734375,51.025390625,-26.611328125,-4.21142578125
1.5965576171875,-1.57958984375,1.3778076171875,41.8701171875,-21.66748046875,-5.43212890625
1.590087890625,-0.4239501953125,0.9178466796875,21.54541015625,-30.94482421875,-7.87353515625
1.5257568359375,0.409423828125,0.9549560546875,17.39501953125,-27.89306640625,-4.21142578125
1.45166015625,0.1649169921875,1.00927734375,21.78955078125,-14.09912109375,0.06103515625
1.12353515625,-0.67822265625,0.957275390625,14.5263671875,-4.2724609375,3.7841796875
0.9647216796875,-0.6337890625,0.88232421875,20.1416015625,-3.662109375,4.0283203125
1.3177490234375,-0.135986328125,0.8846435546875,26.06201171875,-4.82177734375,1.220703125
1.0609130859375,-0.22216796875,0.9024658203125,8.056640625,-4.21142578125,-2.5634765625
0.5576171875,-0.368408203125,0.8543701171875,-8.544921875,-1.77001953125,-5.18798828125
0.650634765625,-0.2598876953125,0.8426513671875,-24.169921875,-0.06103515625,-5.31005859375
0.69921875,-0.2662353515625,0.8377685546875,-29.35791015625,-1.52587890625,-4.33349609375
0.574462890625,-0.32373046875,0.8392333984375,-24.84130859375,-13.7939453125,-4.2724609375
0.48095703125,-0.2679443359375,0.8397216796875,-16.11328125,-13.48876953125,-4.7607421875
0.4742431640625,-0.1953125,0.8299560546875,-7.01904296875,-11.474609375,-5.55419921875
0.50634765625,-0.1993408203125,0.820068359375,5.55419921875,-9.1552734375,-6.28662109375
0.52880859375,-0.252197265625,0.82666015625,1.77001953125,-7.26318359375,-7.568359375
0.52001953125,-0.3416748046875,0.8414306640625,-0.91552734375,-6.65283203125,-8.85009765625
0.484130859375,-0.4022216796875,0.8360595703125,-2.74658203125,-6.2255859375,-9.521484375
0.47705078125,-0.3975830078125,0.82763671875,-3.35693359375,-6.28662109375,-9.27734375
0.474853515625,-0.3621826171875,0.822021484375,-3.35693359375,-7.14111328125,-7.8125
0.4779052734375,-0.28076171875,0.8182373046875,-1.77001953125,-8.11767578125,-2.86865234375
0.4783935546875,-0.291259765625,0.82275390625,-0.30517578125,-11.16943359375,-1.64794921875
0.4710693359375,-0.30908203125,0.8280029296875,-0.18310546875,-21.240234375,-0.18310546875
0.473388671875,-0.318603515625,0.833984375,-0.79345703125,-23.25439453125,0.3662109375
0.47802734375,-0.31396484375,0.8392333984375,-1.953125,-25.45166015625,0.54931640625
0.483642578125,-0.307373046875,0.8377685546875,-10.43701171875,-28.25927734375,-0.732421875
0.4892578125,-0.307373046875,0.833984375,-12.20703125,-32.40966796875,-1.64794921875
0.489990234375,-0.301513671875,0.836181640625,-13.7939453125,-37.109375,-2.44140625
0.4849853515625,-0.2939453125,0.842529296875,-13.85498046875,-44.49462890625,-3.47900390625
0.4818115234375,-0.290771484375,0.8375244140625,-18.00537109375,-53.64990234375,-6.103515625
0.4781494140625,-0.27587890625,0.83740234375,-20.32470703125,-64.453125,-9.33837890625
0.4759521484375,-0.2744140625,0.8526611328125,-23.3154296875,-77.0263671875,-12.8173828125
0.4869384765625,-0.266845703125,0.8563232421875,-27.83203125,-93.56689453125,-18.798828125
0.499755859375,-0.2840576171875,0.8671875,-33.14208984375,-111.38916015625,-28.50341796875
0.4935302734375,-0.2664794921875,0.8836669921875,-37.9638671875,-131.04248046875,-37.78076171875
0.5030517578125,-0.2669677734375,0.8822021484375,-43.8232421875,-151.0009765625,-42.96875
0.5174560546875,-0.2984619140625,0.8873291015625,-53.28369140625,-171.2646484375,-50.537109375
0.50244140625,-0.2818603515625,0.902587890625,-63.96484375,-201.904296875,-66.5283203125
0.471923828125,-0.27294921875,0.925537109375,-70.6787109375,-231.201171875,-84.16748046875
0.4696044921875,-0.28955078125,0.928955078125,-68.42041015625,-255.18798828125,-94.1162109375
0.46875,-0.31787109375,0.9036865234375,-65.3076171875,-275.390625,-91.36962890625
0.4686279296875,-0.3138427734375,0.8931884765625,-60.72998046875,-292.48046875,-100.89111328125
0.47900390625,-0.3250732421875,0.9354248046875,-54.74853515625,-338.80615234375,-125.732421875
0.47412109375,-0.384765625,0.9576416015625,-46.5087890625,-462.82958984375,-160.888671875
0.4639892578125,-0.423095703125,0.927001953125,-42.6025390625,-441.40625,-176.45263671875
0.45654296875,-0.3934326171875,0.93701171875,-65.185546875,-380.126953125,-195.068359375
0.423095703125,-0.368896484375,0.974609375,-129.5166015625,-351.86767578125,-194.51904296875
0.402587890625,-0.4129638671875,1.0145263671875,-110.41259765625,-325.0732421875,-188.232421875
0.4088134765625,-0.4464111328125,1.09521484375,-57.7392578125,-289.4287109375,-179.5654296875
0.412841796875,-0.408447265625,1.1920166015625,-20.99609375,-281.3720703125,-163.87939453125
0.4141845703125,-0.3154296875,1.063720703125,-9.033203125,-262.6953125,-99.79248046875
0.4940185546875,-0.3140869140625,0.9718017578125,-27.03857421875,-136.29150390625,-59.326171875
0.48095703125,-0.441650390625,1.047607421875,-59.5703125,-4.45556640625,-34.912109375
0.4390869140625,-1.190185546875,1.2969970703125,-59.02099609375,128.7841796875,-22.88818359375
0.46630859375,-1.3946533203125,1.78759765625,-72.6318359375,190.12451171875,-16.2353515625
0.5723876953125,-1.39404296875,1.9554443359375,-103.02734375,220.8251953125,-2.74658203125
0.90380859375,-1.3118896484375,2.0792236328125,-68.9697265625,236.63330078125,17.4560546875
1.923095703125,-0.9815673828125,2.294189453125,-39.61181640625,238.70849609375,38.9404296875
2.0150146484375,-0.6611328125,2.96875,-5.859375,231.38427734375,59.02099609375
1.873779296875,-0.6522216796875,2.96435546875,22.52197265625,218.20068359375,102.1728515625
1.703857421875,-0.6856689453125,1.820068359375,34.60693359375,206.60400390625,104.91943359375
1.2799072265625,-1.2069091796875,1.1729736328125,31.005859375,228.02734375,106.14013671875
0.8427734375,-1.5501708984375,0.846435546875,21.728515625,242.00439453125,106.4453125
0.869384765625,-1.3094482421875,0.659912109375,11.29150390625,253.7841796875,105.5908203125
1.8375244140625,-1.09130859375,0.5499267578125,6.28662109375,263.18359375,105.46875
2.4432373046875,-0.7862548828125,0.527099609375,5.31005859375,275.20751953125,114.92919921875
1.6220703125,-0.5263671875,0.561767578125,1.3427734375,279.296875,126.15966796875
0.5819091796875,-0.35888671875,0.878662109375,-3.0517578125,286.07177734375,131.4697265625
0.1005859375,-0.28369140625,0.912109375,-7.4462890625,283.38623046875,137.20703125
-0.064697265625,-0.281982421875,0.916015625,-8.544921875,280.3955078125,143.310546875
-0.1319580078125,-0.3204345703125,0.919189453125,-17.76123046875,278.80859375,148.681640625
-0.1944580078125,-0.26025390625,0.98486328125,-24.4140625,279.052734375,153.25927734375
-0.198974609375,-0.2293701171875,1.029541015625,-25.20751953125,280.57861328125,156.3720703125
-0.1280517578125,-0.2379150390625,1.1812744140625,-24.71923828125,282.53173828125,159.423828125
0.40771484375,-0.3258056640625,1.3245849609375,-21.05712890625,282.77587890625,158.5693359375
0.50048828125,-0.36474609375,1.42578125,-12.3291015625,268.24951171875,155.76171875
0.5711669921875,-0.431640625,1.533935546875,-2.50244140625,256.34765625,147.03369140625
0.6279296875,-0.5186767578125,1.6531982421875,3.84521484375,241.88232421875,129.0283203125
0.780029296875,-0.5960693359375,1.736572265625,-4.150390625,201.904296875,60.24169921875
0.8656005859375,-0.6854248046875,1.7294921875,-16.6015625,154.9072265625,24.47509765625
1.096923828125,-0.8013916015625,1.603759765625,-34.24072265625,56.0302734375,-64.39208984375
1.240478515625,-0.9085693359375,1.1031494140625,-48.40087890625,6.28662109375,-67.07763671875
1.3585205078125,-0.9312744140625,0.737060546875,-55.60302734375,-118.7744140625,-74.89013671875
1.5115966796875,-0.8582763671875,0.2987060546875,-56.2744140625,-100.4638671875,-71.1669921875
1.71435546875,-0.5677490234375,-0.2003173828125,-51.1474609375,-71.96044921875,-98.32763671875
1.947021484375,-0.3922119140625,-0.821044921875,25.32958984375,-82.763671875,-71.533203125
2.150390625,-0.2369384765625,-2.30322265625,89.7216796875,-187.68310546875,-34.3017578125
2.29931640625,-0.046630859375,-2.68994140625,58.77685546875,-203.4912109375,-80.99365234375
2.5697021484375,0.2197265625,-0.5289306640625,7.75146484375,-237.60986328125,-125.3662109375
2.7718505859375,0.8115234375,1.595458984375,96.19140625,-241.943359375,-102.23388671875
2.9219970703125,0.71533203125,2.156005859375,47.9736328125,-231.0791015625,-50.84228515625
3.0040283203125,-0.458984375,1.013916015625,18.5546875,-216.73583984375,-35.33935546875
3.153564453125,-1.3048095703125,-0.2589111328125,-2.74658203125,-204.4677734375,-40.52734375
3.279541015625,-2.18310546875,0.64208984375,-2.74658203125,-170.22705078125,-19.34814453125
2.908935546875,-0.9599609375,2.1829833984375,12.14599609375,-97.900390625,-8.36181640625
0.93505859375,0.8258056640625,1.9776611328125,36.9873046875,-63.3544921875,-10.25390625
-0.0347900390625,1.1998291015625,1.7171630859375,89.66064453125,-54.19921875,-6.53076171875
-0.900390625,1.1337890625,1.595458984375,72.08251953125,-29.9072265625,-6.16455078125
-1.19873046875,1.0462646484375,1.2301025390625,43.64013671875,-20.5078125,-5.2490234375
0.3349609375,0.072509765625,1.59326171875,51.26953125,-20.5078125,-2.86865234375
1.42919921875,-1.766845703125,1.9151611328125,28.13720703125,-20.56884765625,-5.67626953125
1.8297119140625,-2.1746826171875,1.126953125,7.4462890625,-27.4658203125,-7.9345703125
1.54443359375,-0.2520751953125,0.7628173828125,7.50732421875,-32.1044921875,-8.056640625
1.6729736328125,0.8487548828125,0.9097900390625,6.4697265625,-23.37646484375,-5.7373046875
2.29443359375,-0.3055419921875,0.8817138671875,8.9111328125,-13.24462890625,-1.0986328125
2.031494140625,-0.8092041015625,0.84765625,21.728515625,-9.521484375,0.48828125
1.6539306640625,-0.165283203125,0.9149169921875,30.45654296875,-7.080078125,-0.1220703125
1.429443359375,-0.2550048828125,0.9027099609375,28.62548828125,-6.89697265625,-2.13623046875
0.6492919921875,-0.4970703125,0.8819580078125,17.2119140625,-6.16455078125,-4.45556640625
0.5006103515625,-0.177734375,0.8331298828125,-2.44140625,-4.39453125,-6.16455078125
0.6605224609375,-0.3011474609375,0.825439453125,-17.76123046875,-3.72314453125,-6.7138671875
0.5948486328125,-0.333740234375,0.82568359375,-26.79443359375,-5.06591796875,-6.103515625
0.5264892578125,-0.2896728515625,0.820556640625,-26.06201171875,-8.1787109375,-5.7373046875
0.51416015625,-0.2374267578125,0.81591796875,-21.91162109375,-12.451171875,-5.859375
0.5025634765625,-0.1990966796875,0.8056640625,-14.83154296875,-15.68603515625,-6.103515625
0.5028076171875,-0.2161865234375,0.8155517578125,-8.4228515625,-17.15087890625,-6.53076171875
0.5355224609375,-0.29541015625,0.8309326171875,-4.0283203125,-16.2353515625,-6.4697265625
0.505615234375,-0.359130859375,0.8486328125,-1.5869140625,-14.5263671875,-6.65283203125
0.4791259765625,-0.36962890625,0.8570556640625,-0.8544921875,-13.12255859375,-6.77490234375
0.470703125,-0.35888671875,0.8533935546875,-1.89208984375,-12.20703125,-6.77490234375
0.4622802734375,-0.33544921875,0.845947265625,-3.5400390625,-12.39013671875,-5.55419921875
0.476806640625,-0.2989501953125,0.82861328125,-5.67626953125,-13.3056640625,-4.45556640625
0.4793701171875,-0.2845458984375,0.814697265625,-7.38525390625,-15.9912109375,-3.41796875
0.4764404296875,-0.29541015625,0.81494140625,-8.4228515625,-18.1884765625,-2.5634765625
0.485595703125,-0.3212890625,0.8165283203125,-9.8876953125,-19.775390625,0.42724609375
0.4921875,-0.3309326171875,0.8194580078125,-12.0849609375,-22.03369140625,4.45556640625
0.49755859375,-0.310791015625,0.8232421875,-11.962890625,-27.099609375,5.126953125
0.5062255859375,-0.2958984375,0.8228759765625,-10.68115234375,-38.87939453125,5.37109375
0.5101318359375,-0.29833984375,0.826171875,-11.04736328125,-42.8466796875,5.0048828125
0.5040283203125,-0.29345703125,0.8260498046875,-14.70947265625,-47.66845703125,4.21142578125
0.505615234375,-0.287841796875,0.823486328125,-24.2919921875,-54.01611328125,2.685546875
0.510009765625,-0.2796630859375,0.8204345703125,-27.7099609375,-62.19482421875,-0.3662109375
0.5081787109375,-0.2818603515625,0.814453125,-31.73828125,-72.509765625,-4.39453125
0.5067138671875,-0.2841796875,0.8133544921875,-34.5458984375,-84.16748046875,-9.6435546875
0.5146484375,-0.28662109375,0.8126220703125,-36.56005859375,-97.900390625,-17.76123046875
0.510498046875,-0.2664794921875,0.815673828125,-39.24560546875,-111.4501953125,-25.20751953125
0.524658203125,-0.2861328125,0.8194580078125,-40.58837890625,-124.57275390625,-31.67724609375
0.531005859375,-0.2938232421875,0.8277587890625,-43.3349609375,-140.80810546875,-38.63525390625
0.53515625,-0.3060302734375,0.836669921875,-47.36328125,-154.4189453125,-44.5556640625
0.5306396484375,-0.3187255859375,0.8369140625,-48.7060546875,-167.6025390625,-53.40576171875
0.5263671875,-0.320068359375,0.8304443359375,-50.59814453125,-185.1806640625,-62.6220703125
0.529052734375,-0.3441162109375,0.830322265625,-48.88916015625,-203.30810546875,-71.83837890625
0.5233154296875,-0.3720703125,0.8365478515625,-42.66357421875,-221.98486328125,-72.69287109375
0.5145263671875,-0.3792724609375,0.8345947265625,-38.51318359375,-244.62890625,-64.208984375
0.5040283203125,-0.4151611328125,0.8233642578125,-37.17041015625,-279.11376953125,-62.43896484375
0.4931640625,-0.44384765625,0.811767578125,-45.59326171875,-327.1484375,-97.16796875
0.4898681640625,-0.4471435546875,0.832763671875,-48.15673828125,-431.15234375,-132.14111328125
0.4920654296875,-0.456787109375,0.865234375,-56.82373046875,-392.822265625,-153.86962890625
0.4873046875,-0.419677734375,0.8900146484375,-82.21435546875,-352.60009765625,-172.05810546875
0.4749755859375,-0.3751220703125,0.868896484375,-156.6162109375,-332.45849609375,-184.02099609375
0.4852294921875,-0.3363037109375,0.915283203125,-117.431640625,-305.72509765625,-189.27001953125
0.53369140625,-0.3270263671875,1.0269775390625,-73.6083984375,-277.77099609375,-180.23681640625
0.5750732421875,-0.326171875,1.0572509765625,-47.05810546875,-268.98193359375,-166.50390625
0.6099853515625,-0.268798828125,0.903076171875,-16.90673828125,-270.44677734375,-117.98095703125
0.5802001953125,-0.2520751953125,0.9210205078125,-13.5498046875,-169.0673828125,-71.77734375
0.5181884765625,-0.8662109375,1.0257568359375,-16.7236328125,-43.9453125,-52.1240234375
0.4835205078125,-1.2408447265625,1.0953369140625,-30.21240234375,93.20068359375,-45.95947265625
0.5272216796875,-1.19580078125,1.5675048828125,-42.6025390625,164.306640625,-48.9501953125
0.6785888671875,-1.2984619140625,1.911376953125,-108.58154296875,197.20458984375,-46.93603515625
1.4166259765625,-1.3956298828125,1.960205078125,-92.22412109375,218.81103515625,-32.71484375
1.8492431640625,-1.19921875,2.062255859375,-80.13916015625,228.82080078125,-11.23046875
1.8609619140625,-0.861083984375,2.7071533203125,-47.9736328125,234.4970703125,14.22119140625
1.7078857421875,-0.6842041015625,2.9791259765625,-2.01416015625,233.82568359375,40.0390625
1.6888427734375,-0.344482421875,2.010986328125,34.48486328125,230.52978515625,62.43896484375
1.36181640625,-0.5565185546875,1.2420654296875,53.5888671875,228.33251953125,80.99365234375
0.962646484375,-1.14990234375,0.8818359375,59.50927734375,229.00390625,95.64208984375
0.954833984375,-1.1240234375,0.7132568359375,55.96923828125,232.84912109375,106.50634765625
1.324462890625,-1.144775390625,0.655029296875,48.52294921875,239.31884765625,113.46435546875
2.15869140625,-1.032470703125,0.62646484375,41.8701171875,247.00927734375,117.0654296875
1.95947265625,-0.7735595703125,0.6180419921875,37.4755859375,254.08935546875,117.7978515625
0.7613525390625,-0.6031494140625,0.6181640625,33.5693359375,260.6201171875,115.78369140625
0.200439453125,-0.4849853515625,0.642578125,29.9072265625,267.39501953125,111.572265625
0.0718994140625,-0.4107666015625,0.6707763671875,25.7568359375,273.13232421875,104.98046875
0.08349609375,-0.392822265625,0.6959228515625,19.59228515625,278.076171875,91.97998046875
0.1031494140625,-0.4136962890625,0.7335205078125,11.53564453125,280.8837890625,89.05029296875
0.106689453125,-0.4227294921875,0.7822265625,2.62451171875,283.935546875,92.83447265625
0.1282958984375,-0.4102783203125,0.8319091796875,-7.38525390625,277.89306640625,97.16796875
0.1578369140625,-0.385009765625,0.875,-16.7236328125,273.01025390625,102.47802734375
0.2252197265625,-0.348388671875,0.90869140625,-27.099609375,267.578125,107.72705078125
0.322998046875,-0.307373046875,0.927001953125,-22.216796875,261.90185546875,113.46435546875
0.432373046875,-0.266845703125,0.9237060546875,-21.91162109375,257.75146484375,120.60546875
0.551025390625,-0.230712890625,0.9482421875,-22.5830078125,254.638671875,129.33349609375
0.658935546875,-0.217529296875,1.11279296875,-24.90234375,253.173828125,139.6484375
0.746337890625,-0.23681640625,1.1715087890625,-27.16064453125,252.25830078125,153.4423828125
0.8160400390625,-0.3773193359375,1.2249755859375,-29.35791015625,250.3662109375,183.837890625
