2.5130615234375,-0.536865234375,-1.354248046875,-49.31640625,-80.50537109375,-163.9404296875
2.723876953125,-0.1331787109375,-2.28076171875,0.42724609375,-1.52587890625,-142.822265625
2.972412109375,0.4375,-2.8568115234375,40.10009765625,-43.64013671875,-146.05712890625
3.26025390625,0.9986572265625,-2.899658203125,59.08203125,-71.044921875,-123.96240234375
3.5294189453125,1.325439453125,-2.4296875,79.04052734375,-199.3408203125,-4.45556640625
3.637939453125,1.107666015625,-1.577392578125,-133.11767578125,-148.3154296875,11.474609375
3.7203369140625,0.468505859375,0.3770751953125,-75.68359375,-210.9375,-63.96484375
3.7095947265625,-0.0380859375,2.418701171875,20.5078125,-213.8671875,-65.91796875
3.309326171875,-0.25634765625,1.530517578125,-36.4990234375,-179.38232421875,-42.6025390625
2.7464599609375,0.2515869140625,-0.9246826171875,-50.29296875,-180.0537109375,-45.22705078125
2.4903564453125,-1.0306396484375,-1.03857421875,-34.60693359375,-91.61376953125,-27.4658203125
2.603271484375,-2.564697265625,1.5157470703125,-24.4140625,-79.7119140625,-17.63916015625
0.9085693359375,-1.6793212890625,2.62158203125,-0.6103515625,-52.79541015625,-18.24951171875
-1.1605224609375,-0.8233642578125,1.9185791015625,73.8525390625,-33.203125,-8.7890625
-1.5599365234375,-0.541259765625,1.420654296875,82.58056640625,-25.87890625,-2.99072265625
-0.756591796875,0.016357421875,0.808349609375,50.9033203125,-23.62060546875,-3.23486328125
1.1549072265625,0.9197998046875,1.559326171875,44.7998046875,-20.93505859375,-1.3427734375
2.079345703125,-1.2989501953125,0.9420166015625,16.66259765625,-23.62060546875,-2.0751953125
1.76171875,-1.9212646484375,0.8387451171875,7.8125,-20.32470703125,-2.38037109375
1.4764404296875,0.437255859375,1.0068359375,8.4228515625,-19.4091796875,-1.03759765625
1.62890625,-0.5377197265625,0.93896484375,4.39453125,-24.7802734375,-0.9765625
1.2003173828125,-0.735107421875,0.852783203125,8.60595703125,-22.0947265625,-0.06103515625
1.189453125,-0.146728515625,0.8887939453125,10.19287109375,-9.6435546875,0.48828125
0.679443359375,-0.1895751953125,0.866455078125,5.67626953125,-1.40380859375,1.8310546875
0.6380615234375,-0.4019775390625,0.841552734375,2.5634765625,3.0517578125,-0.06103515625
0.6890869140625,-0.3111572265625,0.8612060546875,-7.14111328125,4.57763671875,-1.953125
0.6304931640625,-0.325927734375,0.8707275390625,-17.822265625,1.89208984375,-3.173828125
0.5152587890625,-0.36767578125,0.83203125,-28.01513671875,-6.2255859375,-3.5400390625
0.5054931640625,-0.2945556640625,0.797607421875,-21.1181640625,-14.70947265625,-8.48388671875
0.5338134765625,-0.2657470703125,0.7960205078125,-8.97216796875,-11.65771484375,-10.07080078125
0.5111083984375,-0.269775390625,0.790771484375,5.79833984375,-9.58251953125,-11.1083984375
0.4951171875,-0.29443359375,0.819091796875,5.55419921875,-7.9345703125,-10.92529296875
0.50830078125,-0.337646484375,0.828125,7.62939453125,-7.14111328125,-9.6435546875
0.52685546875,-0.366943359375,0.8372802734375,8.48388671875,-6.65283203125,-5.859375
0.531982421875,-0.3927001953125,0.805419921875,8.23974609375,-9.6435546875,-4.7607421875
0.5179443359375,-0.3798828125,0.7957763671875,6.53076171875,-15.5029296875,-3.41796875
0.5076904296875,-0.333251953125,0.7989501953125,3.5400390625,-22.88818359375,-4.21142578125
0.51953125,-0.3773193359375,0.802001953125,-6.28662109375,-27.16064453125,-3.2958984375
0.505859375,-0.385986328125,0.809326171875,-9.94873046875,-38.818359375,-2.99072265625
0.4783935546875,-0.36181640625,0.8118896484375,-14.5263671875,-54.5654296875,-2.74658203125
0.4461669921875,-0.341552734375,0.828857421875,-13.0615234375,-65.7958984375,-3.173828125
0.464599609375,-0.3111572265625,0.8421630859375,-22.88818359375,-78.7353515625,-5.18798828125
0.493408203125,-0.296875,0.850830078125,-35.09521484375,-96.923828125,-8.36181640625
0.49609375,-0.3275146484375,0.8541259765625,-40.83251953125,-115.966796875,-14.70947265625
0.508056640625,-0.3052978515625,0.8687744140625,-48.52294921875,-135.68115234375,-23.98681640625
0.5216064453125,-0.3072509765625,0.876953125,-54.62646484375,-155.45654296875,-33.447265625
0.4713134765625,-0.31103515625,0.87451171875,-61.58447265625,-173.40087890625,-38.26904296875
0.461181640625,-0.2855224609375,0.886474609375,-69.15283203125,-196.2890625,-41.6259765625
0.4669189453125,-0.2960205078125,0.8990478515625,-76.0498046875,-225.09765625,-71.77734375
0.4853515625,-0.29296875,0.8980712890625,-75.439453125,-285.888671875,-64.3310546875
0.47802734375,-0.315185546875,0.8773193359375,-67.81005859375,-342.46826171875,-47.2412109375
0.4779052734375,-0.3326416015625,0.8607177734375,-56.09130859375,-423.7060546875,-43.02978515625
0.4759521484375,-0.362060546875,0.8660888671875,-76.11083984375,-498.9013671875,-73.79150390625
0.4613037109375,-0.415771484375,0.929443359375,-95.76416015625,-481.689453125,-118.1640625
0.450927734375,-0.4486083984375,0.9661865234375,-146.728515625,-421.9970703125,-157.2265625
0.4329833984375,-0.45654296875,0.9732666015625,-203.30810546875,-387.14599609375,-184.50927734375
0.4022216796875,-0.4281005859375,1.0941162109375,-171.38671875,-345.52001953125,-196.1669921875
0.4075927734375,-0.3724365234375,1.2515869140625,-106.0791015625,-319.9462890625,-194.64111328125
0.43994140625,-0.27197265625,1.2686767578125,-57.6171875,-315.3076171875,-163.4521484375
0.4569091796875,-0.18359375,1.11279296875,-10.68115234375,-305.6640625,-143.85986328125
0.494384765625,-0.2315673828125,1.028564453125,-9.82666015625,-190.00244140625,-76.5380859375
0.4122314453125,-0.756591796875,1.07470703125,-6.28662109375,-56.33544921875,-33.69140625
0.5421142578125,-1.284912109375,1.1368408203125,-35.82763671875,104.6142578125,-26.3671875
0.7510986328125,-1.4249267578125,1.637939453125,-61.46240234375,187.255859375,-35.33935546875
1.277587890625,-1.5390625,2.155029296875,-98.08349609375,218.26171875,-72.265625
1.875244140625,-1.59130859375,2.4013671875,-42.236328125,233.154296875,-69.64111328125
2.00634765625,-1.38818359375,2.4654541015625,4.7607421875,231.26220703125,-54.443359375
1.7955322265625,-1.0914306640625,2.9552001953125,47.36328125,230.52978515625,-32.53173828125
1.7017822265625,-0.763916015625,3.1385498046875,107.23876953125,232.91015625,-8.97216796875
1.4058837890625,-0.6383056640625,2.1339111328125,101.62353515625,239.013671875,9.21630859375
1.0916748046875,-1.2657470703125,1.300537109375,79.9560546875,245.54443359375,22.64404296875
1.0594482421875,-1.7421875,0.6153564453125,54.443359375,253.11279296875,31.73828125
1.913818359375,-1.4053955078125,0.6072998046875,33.935546875,261.41357421875,39.85595703125
2.6571044921875,-1.129150390625,0.6607666015625,22.705078125,270.69091796875,48.9501953125
1.8343505859375,-0.4219970703125,0.691162109375,19.95849609375,279.6630859375,58.89892578125
0.7803955078125,-0.2203369140625,0.6795654296875,21.66748046875,290.34423828125,68.2373046875
0.2376708984375,-0.138427734375,0.655517578125,21.66748046875,302.42919921875,76.47705078125
-0.0875244140625,-0.1766357421875,0.634521484375,17.08984375,313.96484375,83.740234375
0.0015869140625,-0.3050537109375,0.6287841796875,9.58251953125,322.93701171875,90.27099609375
0.13720703125,-0.4544677734375,0.6737060546875,2.8076171875,327.7587890625,97.35107421875
0.2294921875,-0.547119140625,0.7586669921875,-2.0751953125,328.125,105.95703125
0.2528076171875,-0.5516357421875,0.8450927734375,-5.43212890625,326.72119140625,116.5771484375
0.253173828125,-0.503173828125,0.91064453125,-8.23974609375,323.486328125,128.84521484375
0.24658203125,-0.467529296875,0.9334716796875,-11.71875,318.115234375,140.56396484375
0.277587890625,-0.48583984375,0.9248046875,-16.29638671875,309.99755859375,151.85546875
0.3890380859375,-0.54345703125,0.92041015625,-22.94921875,299.62158203125,164.48974609375
0.548583984375,-0.592041015625,0.9439697265625,-31.494140625,288.57421875,179.26025390625
0.7147216796875,-0.6246337890625,1.0020751953125,-39.97802734375,279.11376953125,194.580078125
0.8426513671875,-0.6485595703125,1.085693359375,-44.921875,272.03369140625,207.58056640625
0.90771484375,-0.664794921875,1.1707763671875,-43.51806640625,266.9677734375,216.97998046875
0.9315185546875,-0.688720703125,1.260986328125,-37.4755859375,262.451171875,222.22900390625
0.94873046875,-0.7132568359375,1.3687744140625,-26.30615234375,256.04248046875,219.29931640625
0.9857177734375,-0.7421875,1.4794921875,-9.33837890625,224.42626953125,205.26123046875
1.05908203125,-0.808349609375,1.58642578125,10.1318359375,203.18603515625,171.38671875
1.146240234375,-0.93212890625,1.6676025390625,23.49853515625,150.390625,113.4033203125
1.216064453125,-1.0743408203125,1.679443359375,24.5361328125,98.14453125,50.84228515625
1.2889404296875,-1.1959228515625,1.5728759765625,10.1318359375,52.79541015625,1.0986328125
1.4229736328125,-1.289306640625,1.331787109375,-6.591796875,3.60107421875,-50.59814453125
1.61572265625,-1.3250732421875,0.5477294921875,-24.658203125,-47.119140625,-155.517578125
1.841552734375,-1.248046875,-0.0274658203125,-54.50439453125,-84.04541015625,-163.14697265625
2.1007080078125,-1.028076171875,-0.6500244140625,-83.6181640625,-91.4306640625,-78.43017578125
2.3953857421875,-0.413330078125,-1.4935302734375,-74.5849609375,-58.89892578125,-89.111328125
2.663330078125,-0.0447998046875,-2.4384765625,-22.64404296875,-216.796875,-3.7841796875
2.8760986328125,0.44873046875,-3.054931640625,66.40625,-158.203125,4.2724609375
3.28564453125,1.05029296875,-3.065673828125,-17.08984375,-210.693359375,-76.35498046875
3.4041748046875,1.5467529296875,-2.473876953125,64.51416015625,-198.3642578125,-100.15869140625
3.552001953125,1.39208984375,0.6763916015625,-10.07080078125,-171.44775390625,-70.6787109375
3.8001708984375,0.5052490234375,-0.8577880859375,-21.6064453125,-165.58837890625,-34.72900390625
3.8187255859375,-0.3236083984375,-1.1539306640625,-27.89306640625,-69.9462890625,-22.15576171875
3.3272705078125,-0.4432373046875,1.5936279296875,-32.958984375,-63.1103515625,-22.27783203125
2.6270751953125,-0.5833740234375,2.921630859375,-31.67724609375,-35.33935546875,-13.671875
2.302001953125,0.4256591796875,2.0389404296875,60.05859375,-24.35302734375,-6.591796875
0.753662109375,0.52294921875,1.64990234375,42.6025390625,-22.39990234375,-4.150390625
-0.632080078125,0.8717041015625,1.2523193359375,56.45751953125,-22.39990234375,-0.91552734375
0.77001953125,1.385986328125,1.002685546875,33.26416015625,-22.15576171875,0.1220703125
1.9359130859375,0.407958984375,0.8248291015625,17.578125,-20.751953125,-1.28173828125
1.9849853515625,-1.679931640625,1.043701171875,11.53564453125,-20.32470703125,-3.35693359375
1.4931640625,-0.4163818359375,0.981201171875,1.52587890625,-24.23095703125,-3.60107421875
1.2791748046875,-0.9334716796875,0.8763427734375,1.5869140625,-14.70947265625,-4.69970703125
1.4788818359375,-0.2799072265625,0.8746337890625,5.9814453125,-6.53076171875,-8.7890625
0.6383056640625,-0.0887451171875,0.875244140625,11.29150390625,-4.57763671875,-8.30078125
0.5533447265625,-0.36962890625,0.852783203125,7.01904296875,-10.1318359375,-7.6904296875
0.7244873046875,-0.2996826171875,0.8814697265625,-1.5869140625,-14.95361328125,-7.8125
0.62255859375,-0.2518310546875,0.8740234375,11.962890625,-18.12744140625,-8.85009765625
0.483642578125,-0.331298828125,0.82470703125,13.24462890625,-12.26806640625,-7.2021484375
0.4761962890625,-0.302490234375,0.8077392578125,12.14599609375,-8.4228515625,-6.65283203125
0.5223388671875,-0.259765625,0.8480224609375,10.8642578125,-8.544921875,-6.103515625
0.507568359375,-0.267333984375,0.8419189453125,5.55419921875,-9.521484375,-5.4931640625
0.489990234375,-0.31201171875,0.8348388671875,-0.30517578125,-12.3291015625,-3.173828125
0.505615234375,-0.3504638671875,0.8245849609375,-7.4462890625,-16.4794921875,-1.52587890625
0.5147705078125,-0.3436279296875,0.8206787109375,-6.9580078125,-20.1416015625,-0.48828125
0.497802734375,-0.3450927734375,0.8193359375,-6.2255859375,-22.94921875,0.244140625
0.465576171875,-0.33935546875,0.8370361328125,-9.82666015625,-27.4658203125,0.3662109375
0.4556884765625,-0.2994384765625,0.8326416015625,-12.51220703125,-32.5927734375,0.06103515625
0.4542236328125,-0.28662109375,0.8280029296875,-13.5498046875,-38.0859375,-0.48828125
0.470947265625,-0.2938232421875,0.829345703125,-16.41845703125,-44.43359375,-0.6103515625
0.5062255859375,-0.298095703125,0.8350830078125,-20.01953125,-52.67333984375,-0.79345703125
0.4901123046875,-0.2889404296875,0.8414306640625,-21.97265625,-61.95068359375,-2.13623046875
0.4945068359375,-0.2813720703125,0.8533935546875,-23.25439453125,-72.6318359375,-5.31005859375
0.5068359375,-0.2818603515625,0.8564453125,-28.74755859375,-89.2333984375,-16.54052734375
0.50732421875,-0.28125,0.8568115234375,-37.7197265625,-130.06591796875,-26.3671875
0.5064697265625,-0.2745361328125,0.86376953125,-45.95947265625,-152.587890625,-37.41455078125
0.4967041015625,-0.2781982421875,0.8536376953125,-53.52783203125,-171.81396484375,-44.37255859375
0.4796142578125,-0.292724609375,0.8592529296875,-68.7255859375,-200.8056640625,-48.15673828125
0.4739990234375,-0.2943115234375,0.889404296875,-76.72119140625,-234.92431640625,-58.349609375
0.4761962890625,-0.2945556640625,0.915771484375,-76.7822265625,-258.97216796875,-77.880859375
0.4814453125,-0.306640625,0.9368896484375,-69.3359375,-271.728515625,-88.8671875
0.4754638671875,-0.324951171875,0.89599609375,-60.302734375,-299.62158203125,-82.3974609375
0.4771728515625,-0.3365478515625,0.9075927734375,-58.53271484375,-356.3232421875,-70.068359375
0.4742431640625,-0.35302734375,0.9541015625,-61.279296875,-441.22314453125,-72.021484375
0.45361328125,-0.4322509765625,0.9791259765625,-60.791015625,-524.47509765625,-145.5078125
0.4434814453125,-0.4564208984375,0.9554443359375,-79.9560546875,-417.41943359375,-167.1142578125
0.4124755859375,-0.412353515625,0.985595703125,-131.53076171875,-390.0146484375,-185.48583984375
0.3857421875,-0.35205078125,1.012451171875,-181.82373046875,-359.130859375,-201.35498046875
0.4072265625,-0.389892578125,1.0850830078125,-79.58984375,-324.21875,-192.5048828125
0.4267578125,-0.42529296875,1.2705078125,-47.8515625,-303.3447265625,-159.97314453125
0.47705078125,-0.3397216796875,1.22607421875,-19.59228515625,-288.51318359375,-145.751953125
0.478515625,-0.2117919921875,0.96533203125,-16.66259765625,-151.85546875,-87.5244140625
0.3819580078125,-0.234619140625,1.1527099609375,-33.38623046875,-4.0283203125,-53.64990234375
0.4232177734375,-0.6767578125,1.25439453125,-69.03076171875,158.38623046875,-54.01611328125
0.5457763671875,-1.3497314453125,1.8211669921875,-71.4111328125,226.74560546875,-65.12451171875
0.774169921875,-1.3333740234375,2.3729248046875,-104.67529296875,250.30517578125,-79.833984375
1.232666015625,-1.573486328125,2.6317138671875,-46.93603515625,263.24462890625,-77.20947265625
2.0888671875,-1.4071044921875,2.6834716796875,-8.23974609375,263.12255859375,-25.20751953125
1.7916259765625,-0.9405517578125,3.160888671875,29.23583984375,258.1787109375,8.1787109375
1.6505126953125,-0.7860107421875,3.1873779296875,64.3310546875,257.32421875,64.39208984375
1.5518798828125,-0.698974609375,2.0018310546875,71.71630859375,262.26806640625,83.19091796875
1.4395751953125,-1.1881103515625,1.2247314453125,34.66796875,267.88330078125,96.923828125
1.409912109375,-1.6768798828125,0.8546142578125,14.83154296875,275.390625,106.87255859375
1.859619140625,-1.333984375,0.719482421875,1.15966796875,281.6162109375,113.46435546875
2.427978515625,-1.109375,0.71826171875,4.33349609375,286.1328125,117.919921875
1.7532958984375,-0.7713623046875,0.71533203125,7.38525390625,292.29736328125,120.4833984375
0.549560546875,-0.42431640625,0.702880859375,5.43212890625,300.10986328125,120.4833984375
0.052734375,-0.2938232421875,0.689208984375,0.1220703125,308.349609375,119.384765625
-0.102783203125,-0.3944091796875,0.690673828125,-6.16455078125,314.8193359375,119.384765625
-0.0521240234375,-0.5947265625,0.7332763671875,-10.80322265625,319.27490234375,121.09375
0.1300048828125,-0.568603515625,0.8162841796875,-12.20703125,322.265625,125.732421875
0.177978515625,-0.4755859375,0.91259765625,-13.3056640625,322.20458984375,132.4462890625
0.2529296875,-0.375244140625,0.9862060546875,-16.845703125,318.05419921875,139.892578125
0.303955078125,-0.3321533203125,1.03759765625,-22.4609375,308.837890625,150.0244140625
0.3675537109375,-0.3544921875,1.0716552734375,-30.76171875,298.76708984375,164.0625
0.4500732421875,-0.4105224609375,1.106201171875,-39.306640625,287.90283203125,179.26025390625
0.587890625,-0.4593505859375,1.1534423828125,-45.10498046875,279.72412109375,191.83349609375
0.743896484375,-0.477294921875,1.20751953125,-49.13330078125,273.37646484375,199.70703125
0.86181640625,-0.4871826171875,1.2645263671875,-48.9501953125,269.4091796875,204.28466796875
0.9447021484375,-0.5068359375,1.335693359375,-41.93115234375,265.31982421875,206.6650390625
1.015380859375,-0.532958984375,1.436767578125,-25.93994140625,259.765625,204.77294921875
1.08642578125,-0.582275390625,1.556884765625,0.91552734375,247.98583984375,195.068359375
1.1553955078125,-0.6807861328125,1.680419921875,29.72412109375,219.7265625,174.4384765625
1.2091064453125,-0.8143310546875,1.7777099609375,46.20361328125,195.49560546875,140.44189453125
1.2418212890625,-0.9530029296875,1.7679443359375,47.607421875,138.18359375,92.041015625
1.306396484375,-1.0833740234375,1.593017578125,36.376953125,77.5146484375,46.2646484375
1.45654296875,-1.21923828125,1.271728515625,7.080078125,27.40478515625,-8.9111328125
1.663818359375,-1.296875,0.8531494140625,-32.5927734375,-27.03857421875,-139.0380859375
1.901123046875,-1.1927490234375,0.3118896484375,-53.03955078125,-111.328125,-147.03369140625
2.1943359375,-0.937255859375,-0.328857421875,-78.857421875,-100.40283203125,-97.59521484375
2.52685546875,-0.6480712890625,-0.9605712890625,-79.52880859375,19.22607421875,-63.4765625
2.799560546875,-0.339599609375,-1.8646240234375,18.85986328125,-69.03076171875,-99.4873046875
2.999267578125,0.1910400390625,-2.9078369140625,54.13818359375,-193.9697265625,-28.01513671875
3.197509765625,0.8443603515625,-3.434814453125,135.6201171875,-189.51416015625,-29.84619140625
3.3887939453125,1.3369140625,-2.264404296875,-27.587890625,-212.2802734375,-106.62841796875
3.552978515625,1.4029541015625,0.8233642578125,41.93115234375,-202.5146484375,-104.8583984375
3.7314453125,0.810302734375,2.748291015625,-37.4755859375,-191.89453125,-57.31201171875
3.88916015625,-0.3165283203125,-1.2606201171875,-29.296875,-183.28857421875,-29.1748046875
3.7178955078125,-0.377197265625,-1.0125732421875,-21.54541015625,-202.1484375,-31.494140625
3.0225830078125,-1.9527587890625,2.077880859375,-10.3759765625,-196.1669921875,-48.33984375
2.286376953125,0.0615234375,3.0162353515625,6.77490234375,-107.48291015625,-12.0849609375
0.92822265625,0.9951171875,1.9468994140625,24.23095703125,-63.232421875,-17.822265625
-1.1395263671875,0.736083984375,1.5645751953125,74.5849609375,-29.47998046875,-5.37109375
-0.9251708984375,0.7674560546875,1.09619140625,88.92822265625,-26.79443359375,0.1220703125
0.5863037109375,0.8380126953125,0.6470947265625,50.10986328125,-18.4326171875,-1.708984375
2.2000732421875,-0.6768798828125,1.4625244140625,54.38232421875,-14.16015625,-7.32421875
2.289306640625,-2.430419921875,1.88671875,13.24462890625,-32.3486328125,-0.91552734375
1.535888671875,-1.8555908203125,0.824462890625,0.6103515625,-7.01904296875,3.173828125
1.6219482421875,0.0025634765625,0.9710693359375,5.31005859375,-2.74658203125,4.638671875
1.7557373046875,0.7962646484375,0.9046630859375,24.10888671875,-1.5869140625,1.46484375
0.910888671875,-1.0146484375,0.8729248046875,9.09423828125,2.5634765625,-0.9765625
1.085693359375,-0.21044921875,0.8775634765625,-32.3486328125,1.89208984375,-2.38037109375
1.420166015625,-0.102783203125,0.8785400390625,-42.17529296875,-1.0986328125,-2.3193359375
0.6204833984375,-0.3514404296875,0.8138427734375,-33.935546875,-7.9345703125,-5.9814453125
0.789794921875,-0.286376953125,0.8134765625,-22.94921875,-16.29638671875,-6.8359375
0.67578125,-0.2918701171875,0.80517578125,-12.51220703125,-14.892578125,-7.8125
0.5672607421875,-0.2376708984375,0.804931640625,-6.65283203125,-12.8173828125,-8.48388671875
0.501953125,-0.2947998046875,0.8231201171875,7.8125,-11.3525390625,-8.85009765625
0.4886474609375,-0.379638671875,0.8348388671875,5.31005859375,-10.19287109375,-9.033203125
0.509765625,-0.422607421875,0.843994140625,2.50244140625,-9.46044921875,-8.11767578125
0.501220703125,-0.396484375,0.80029296875,0.48828125,-8.97216796875,-6.8359375
0.5123291015625,-0.3626708984375,0.792236328125,-0.06103515625,-9.21630859375,-5.79833984375
0.511474609375,-0.35205078125,0.795166015625,-0.18310546875,-9.6435546875,-5.18798828125
0.5025634765625,-0.3619384765625,0.8040771484375,-2.685546875,-10.43701171875,-4.94384765625
0.48583984375,-0.3675537109375,0.8087158203125,-5.615234375,-12.3291015625,-3.84521484375
0.4742431640625,-0.36181640625,0.8056640625,-7.01904296875,-15.07568359375,-2.86865234375
0.47900390625,-0.343505859375,0.803466796875,-6.7138671875,-19.10400390625,-2.38037109375
0.4730224609375,-0.331787109375,0.8072509765625,-5.7373046875,-23.4375,-1.77001953125
0.4765625,-0.3189697265625,0.8099365234375,-5.79833984375,-29.47998046875,-0.1220703125
0.487548828125,-0.3099365234375,0.810302734375,-8.23974609375,-35.5224609375,1.0986328125
0.498291015625,-0.3094482421875,0.811767578125,-11.16943359375,-41.50390625,2.25830078125
0.5118408203125,-0.3084716796875,0.819091796875,-15.31982421875,-51.33056640625,2.38037109375
0.5115966796875,-0.314697265625,0.82958984375,-20.5078125,-59.4482421875,-2.5634765625
0.5032958984375,-0.3226318359375,0.8404541015625,-25.2685546875,-84.65576171875,-5.859375
0.5126953125,-0.315185546875,0.8443603515625,-32.3486328125,-101.37939453125,-8.4228515625
0.512451171875,-0.3099365234375,0.84326171875,-38.39111328125,-121.03271484375,-14.83154296875
0.5087890625,-0.3084716796875,0.853271484375,-49.560546875,-141.6015625,-30.45654296875
0.5048828125,-0.291259765625,0.8494873046875,-56.7626953125,-185.36376953125,-35.33935546875
0.4888916015625,-0.284912109375,0.8460693359375,-69.7021484375,-208.92333984375,-41.80908203125
0.4771728515625,-0.2962646484375,0.8807373046875,-75.13427734375,-236.26708984375,-56.70166015625
0.4879150390625,-0.3082275390625,0.8897705078125,-74.3408203125,-258.1787109375,-68.4814453125
0.50634765625,-0.3255615234375,0.888916015625,-63.1103515625,-273.74267578125,-71.533203125
0.4871826171875,-0.3804931640625,0.8829345703125,-54.931640625,-311.09619140625,-59.50927734375
0.4854736328125,-0.3414306640625,0.877685546875,-60.97412109375,-387.8173828125,-47.8515625
0.484375,-0.3602294921875,0.9442138671875,-75.50048828125,-464.78271484375,-117.1875
0.45361328125,-0.39794921875,0.9603271484375,-92.83447265625,-434.75341796875,-153.9306640625
0.423828125,-0.443115234375,0.9315185546875,-131.2255859375,-396.6064453125,-185.85205078125
0.4114990234375,-0.42578125,0.9423828125,-190.24658203125,-356.38427734375,-202.20947265625
0.4061279296875,-0.384033203125,1.077392578125,-128.23486328125,-322.6318359375,-205.322265625
0.40380859375,-0.341064453125,1.22119140625,-84.5947265625,-306.33544921875,-185.85205078125
0.4833984375,-0.3319091796875,1.24853515625,-37.53662109375,-305.419921875,-162.17041015625
0.5426025390625,-0.3021240234375,1.0562744140625,-19.95849609375,-203.06396484375,-110.41259765625
0.491943359375,-0.240478515625,1.049072265625,-18.00537109375,-54.99267578125,-58.2275390625
0.37646484375,-0.5555419921875,1.1134033203125,-40.8935546875,109.0087890625,-49.1943359375
0.4407958984375,-1.4627685546875,1.6583251953125,-52.001953125,203.7353515625,-55.7861328125
0.595947265625,-1.448486328125,2.2320556640625,-97.5341796875,229.8583984375,-74.70703125
1.0537109375,-1.6876220703125,2.4737548828125,-55.11474609375,245.849609375,-84.65576171875
2.0142822265625,-1.5596923828125,2.7244873046875,-19.8974609375,251.220703125,-71.96044921875
1.901123046875,-1.15185546875,3.0501708984375,10.43701171875,258.056640625,-45.166015625
1.7557373046875,-0.9415283203125,3.226318359375,45.71533203125,267.7001953125,-15.07568359375
1.5418701171875,-0.6856689453125,2.4273681640625,68.66455078125,273.193359375,31.3720703125
1.2440185546875,-1.0418701171875,1.4425048828125,65.91796875,274.47509765625,46.7529296875
1.1534423828125,-1.587646484375,0.9940185546875,52.91748046875,274.5361328125,60.1806640625
1.5213623046875,-1.287109375,0.8233642578125,38.87939453125,277.34375,73.6083984375
2.2529296875,-1.072265625,0.8389892578125,28.86962890625,285.7666015625,86.5478515625
1.8973388671875,-0.9122314453125,0.8353271484375,27.64892578125,295.654296875,95.703125
0.690185546875,-0.58837890625,0.7750244140625,23.01025390625,305.72509765625,100.40283203125
0.0113525390625,-0.417724609375,0.6385498046875,12.451171875,313.53759765625,102.47802734375
-0.1483154296875,-0.3802490234375,0.634765625,1.5869140625,317.81005859375,102.4169921875
-0.0654296875,-0.442138671875,0.69970703125,-5.9814453125,318.84765625,102.294921875
0.1414794921875,-0.5755615234375,0.814697265625,-11.77978515625,318.359375,104.06494140625
0.259521484375,-0.540283203125,0.90576171875,-16.66259765625,316.2841796875,108.45947265625
0.2242431640625,-0.4639892578125,0.9356689453125,-19.775390625,311.58447265625,114.2578125
0.1341552734375,-0.410888671875,0.9395751953125,-23.74267578125,302.978515625,121.09375
0.193359375,-0.4232177734375,0.946044921875,-29.84619140625,291.68701171875,139.95361328125
0.3240966796875,-0.45703125,0.966552734375,-35.94970703125,268.06640625,154.11376953125
0.5263671875,-0.4642333984375,1.0096435546875,-40.8935546875,260.3759765625,171.81396484375
0.70654296875,-0.470703125,1.0623779296875,-43.5791015625,253.0517578125,191.34521484375
0.780517578125,-0.48291015625,1.1085205078125,-39.4287109375,244.44580078125,208.55712890625
0.806884765625,-0.4932861328125,1.1607666015625,-35.46142578125,234.92431640625,220.88623046875
0.849853515625,-0.52001953125,1.2451171875,-30.57861328125,226.01318359375,228.515625
0.9075927734375,-0.56982421875,1.4613037109375,-21.1181640625,218.20068359375,232.60498046875
0.98193359375,-0.6434326171875,1.5709228515625,-5.92041015625,202.63671875,230.1025390625
1.0523681640625,-0.7467041015625,1.6400146484375,13.73291015625,181.33544921875,215.39306640625
1.0904541015625,-0.998779296875,1.6209716796875,31.73828125,153.74755859375,175.537109375
1.11572265625,-1.114501953125,1.522705078125,42.48046875,88.0126953125,115.29541015625
1.1749267578125,-1.1865234375,1.3446044921875,45.7763671875,39.24560546875,52.06298828125
1.4600830078125,-1.22216796875,1.084228515625,38.14697265625,-2.9296875,-14.95361328125
1.6846923828125,-1.2388916015625,0.7218017578125,29.47998046875,-44.98291015625,-84.8388671875
1.9212646484375,-1.199951171875,0.17626953125,11.23046875,-83.6181640625,-138.0615234375
2.1463623046875,-1.030029296875,-0.4305419921875,-24.90234375,-109.80224609375,-169.49462890625
2.3785400390625,-0.7647705078125,-1.2720947265625,-38.26904296875,-98.0224609375,-161.92626953125
2.6527099609375,-0.4090576171875,-2.2685546875,-11.29150390625,-80.9326171875,-153.01513671875
2.945068359375,0.14501953125,-2.884765625,25.08544921875,-81.1767578125,-137.939453125
3.2225341796875,0.8623046875,-2.9383544921875,47.36328125,-122.74169921875,-94.6044921875
3.40234375,1.49853515625,-2.4227294921875,20.6298828125,-212.158203125,-20.56884765625
3.488037109375,1.5946044921875,-1.3043212890625,-88.31787109375,-170.7763671875,-28.564453125
3.6949462890625,0.9722900390625,0.8302001953125,-1.46484375,-207.21435546875,-72.69287109375
3.8006591796875,0.16064453125,2.1363525390625,19.53125,-201.7822265625,-76.7822265625
3.389404296875,-0.1849365234375,1.532958984375,-8.544921875,-166.015625,-52.79541015625
2.7393798828125,-0.2225341796875,0.1796875,-29.9072265625,-169.677734375,-38.57421875
2.401123046875,-1.2657470703125,0.106689453125,-27.77099609375,-142.02880859375,-38.4521484375
1.802978515625,-1.9283447265625,1.77978515625,-23.25439453125,-77.08740234375,-12.87841796875
0.843505859375,-1.0316162109375,2.426513671875,-4.45556640625,-44.677734375,-12.75634765625
-0.7091064453125,-0.43017578125,1.952880859375,73.6083984375,-28.9306640625,-3.60107421875
-0.9283447265625,-0.1826171875,1.673828125,76.904296875,-22.88818359375,-1.46484375
0.47216796875,0.366943359375,1.1376953125,47.66845703125,-16.90673828125,-1.0986328125
1.420166015625,0.5343017578125,1.563720703125,29.35791015625,-16.90673828125,-0.79345703125
1.9910888671875,-0.6021728515625,1.5399169921875,15.07568359375,-16.2353515625,-1.5869140625
1.9693603515625,-1.6234130859375,0.9217529296875,13.671875,-14.892578125,-2.38037109375
1.762451171875,-0.023193359375,0.9771728515625,6.16455078125,-16.29638671875,-6.34765625
1.7904052734375,0.318359375,0.8887939453125,2.38037109375,-15.380859375,-4.69970703125
1.5048828125,-0.6025390625,0.850830078125,5.615234375,-5.7373046875,-0.42724609375
1.2542724609375,-0.041015625,0.8580322265625,7.26318359375,-2.3193359375,3.41796875
1.031494140625,-0.252685546875,0.847900390625,11.77978515625,-0.244140625,5.31005859375
0.700927734375,-0.3514404296875,0.8568115234375,6.04248046875,1.40380859375,3.84521484375
0.7333984375,-0.328125,0.8779296875,-10.009765625,3.96728515625,0.3662109375
0.6287841796875,-0.3419189453125,0.826904296875,-26.91650390625,3.41796875,-2.685546875
0.543701171875,-0.31201171875,0.8262939453125,-36.62109375,-0.18310546875,-4.150390625
0.502685546875,-0.3048095703125,0.823974609375,-34.912109375,-6.16455078125,-4.57763671875
0.5023193359375,-0.264404296875,0.8153076171875,-24.96337890625,-12.8173828125,-4.45556640625
0.47607421875,-0.2115478515625,0.8204345703125,-12.63427734375,-17.39501953125,-4.57763671875
0.4595947265625,-0.21435546875,0.8291015625,-4.8828125,-18.798828125,-5.0048828125
0.510498046875,-0.2646484375,0.8355712890625,-0.244140625,-16.9677734375,-5.55419921875
0.5284423828125,-0.32666015625,0.8436279296875,2.13623046875,-14.5263671875,-5.92041015625
0.5108642578125,-0.3853759765625,0.8438720703125,3.35693359375,-12.02392578125,-6.89697265625
0.495361328125,-0.402587890625,0.8363037109375,3.35693359375,-9.82666015625,-6.9580078125
0.4932861328125,-0.3780517578125,0.83203125,2.01416015625,-8.056640625,-5.79833984375
0.490234375,-0.3629150390625,0.8206787109375,-1.03759765625,-7.99560546875,-3.84521484375
0.47314453125,-0.359619140625,0.805908203125,-2.44140625,-7.9345703125,-1.77001953125
0.4630126953125,-0.3443603515625,0.8009033203125,-2.74658203125,-8.30078125,-0.9765625
0.46484375,-0.33837890625,0.8021240234375,-3.11279296875,-9.033203125,-0.9765625
0.4625244140625,-0.34423828125,0.80419921875,-4.150390625,-10.6201171875,-1.15966796875
0.4664306640625,-0.33935546875,0.809326171875,-5.37109375,-15.80810546875,-2.8076171875
0.4786376953125,-0.3369140625,0.8055419921875,-5.7373046875,-19.287109375,-3.41796875
0.4857177734375,-0.3406982421875,0.8033447265625,-6.65283203125,-24.47509765625,-2.44140625
0.4864501953125,-0.3018798828125,0.802001953125,-9.82666015625,-30.21240234375,-0.67138671875
0.4884033203125,-0.28955078125,0.802978515625,-10.6201171875,-36.31591796875,1.8310546875
0.495361328125,-0.2825927734375,0.814208984375,-11.77978515625,-43.76220703125,3.47900390625
0.52099609375,-0.3004150390625,0.828125,-13.97705078125,-52.06298828125,3.90625
0.5357666015625,-0.3226318359375,0.8399658203125,-17.63916015625,-61.03515625,3.0517578125
0.530517578125,-0.328857421875,0.857177734375,-23.5595703125,-70.98388671875,-0.06103515625
0.5147705078125,-0.3385009765625,0.862060546875,-29.72412109375,-83.740234375,-6.28662109375
0.5010986328125,-0.340087890625,0.8580322265625,-36.19384765625,-98.20556640625,-12.939453125
0.4796142578125,-0.30126953125,0.8634033203125,-42.78564453125,-114.6240234375,-22.88818359375
0.45458984375,-0.2718505859375,0.8668212890625,-50.10986328125,-132.75146484375,-32.40966796875
0.459228515625,-0.2574462890625,0.8621826171875,-55.5419921875,-156.06689453125,-37.29248046875
0.4832763671875,-0.250732421875,0.8658447265625,-63.53759765625,-183.10546875,-39.6728515625
0.4981689453125,-0.2769775390625,0.874755859375,-68.29833984375,-212.34130859375,-48.2177734375
0.4986572265625,-0.3035888671875,0.8758544921875,-72.8759765625,-242.98095703125,-62.31689453125
0.4945068359375,-0.33056640625,0.8819580078125,-72.021484375,-264.22119140625,-73.30322265625
0.4825439453125,-0.3936767578125,0.8822021484375,-66.95556640625,-318.359375,-59.2041015625
0.4752197265625,-0.42578125,0.9114990234375,-61.21826171875,-398.37646484375,-50.72021484375
0.468017578125,-0.447998046875,0.960693359375,-65.73486328125,-473.08349609375,-71.35009765625
0.4539794921875,-0.461181640625,0.9820556640625,-85.693359375,-496.15478515625,-116.8212890625
0.430419921875,-0.4229736328125,0.9534912109375,-129.21142578125,-439.39208984375,-164.97802734375
0.4149169921875,-0.3778076171875,0.9541015625,-190.97900390625,-393.1884765625,-195.1904296875
0.4013671875,-0.3856201171875,1.08251953125,-196.10595703125,-352.23388671875,-205.99365234375
0.3995361328125,-0.391845703125,1.2532958984375,-133.056640625,-322.998046875,-206.35986328125
0.408447265625,-0.3292236328125,1.2955322265625,-75.01220703125,-297.119140625,-194.03076171875
0.427490234375,-0.21484375,1.2490234375,-27.77099609375,-284.3017578125,-172.30224609375
0.498291015625,-0.20556640625,1.072509765625,-28.13720703125,-159.66796875,-100.7080078125
0.4912109375,-0.603271484375,1.0284423828125,-29.052734375,-15.93017578125,-55.48095703125
0.420654296875,-1.2176513671875,1.1368408203125,-27.587890625,143.12744140625,-44.73876953125
0.6390380859375,-1.5682373046875,1.7713623046875,-35.70556640625,213.134765625,-46.32568359375
1.1566162109375,-1.68359375,2.2945556640625,-70.61767578125,231.689453125,-59.75341796875
1.7816162109375,-1.61669921875,2.565185546875,-28.3203125,238.58642578125,-68.2373046875
2.0645751953125,-1.4658203125,2.668212890625,-7.75146484375,230.65185546875,-63.720703125
1.9769287109375,-1.25732421875,3.0927734375,7.99560546875,220.0927734375,-50.47607421875
1.8336181640625,-0.9989013671875,3.22021484375,31.79931640625,212.95166015625,-29.6630859375
1.57861328125,-0.8624267578125,2.0633544921875,47.2412109375,215.27099609375,-5.79833984375
1.170166015625,-1.2581787109375,1.1834716796875,47.2412109375,228.82080078125,16.78466796875
1.1041259765625,-1.4908447265625,0.7236328125,40.10009765625,245.60546875,35.09521484375
1.903076171875,-1.062255859375,0.5040283203125,27.9541015625,261.5966796875,50.10986328125
2.56640625,-0.804443359375,0.522216796875,19.59228515625,272.64404296875,62.68310546875
1.7620849609375,-0.61669921875,0.637939453125,16.90673828125,279.9072265625,74.70703125
0.5181884765625,-0.380615234375,0.785888671875,19.53125,284.60693359375,86.9140625
-0.1177978515625,-0.2965087890625,0.8658447265625,22.705078125,288.87939453125,97.96142578125
-0.333251953125,-0.282470703125,0.8631591796875,21.97265625,294.189453125,106.4453125
-0.399658203125,-0.35546875,0.8116455078125,17.4560546875,299.37744140625,113.09814453125
-0.3231201171875,-0.480224609375,0.7408447265625,11.1083984375,303.5888671875,119.44580078125
-0.14013671875,-0.58837890625,0.7091064453125,5.9814453125,306.884765625,126.77001953125
0.08935546875,-0.6383056640625,0.7333984375,2.685546875,308.4716796875,135.498046875
0.2451171875,-0.61083984375,0.79443359375,0.67138671875,308.59375,144.775390625
0.295654296875,-0.5548095703125,0.86279296875,-0.732421875,305.60302734375,153.076171875
0.2979736328125,-0.5181884765625,0.9139404296875,-3.96728515625,298.095703125,160.46142578125
0.293212890625,-0.5223388671875,0.9595947265625,-8.85009765625,287.2314453125,169.12841796875
0.3358154296875,-0.5655517578125,1.0146484375,-16.4794921875,278.01513671875,180.35888671875
0.4375,-0.6182861328125,1.07421875,-23.98681640625,268.61572265625,193.29833984375
0.564697265625,-0.656982421875,1.13427734375,-25.93994140625,257.26318359375,212.40234375
0.683837890625,-0.6734619140625,1.20166015625,-25.0244140625,228.1494140625,212.646484375
0.78369140625,-0.6810302734375,1.2899169921875,-20.93505859375,220.5810546875,211.181640625
0.877685546875,-0.6768798828125,1.393798828125,-14.22119140625,215.63720703125,213.19580078125
0.9686279296875,-0.687255859375,1.4967041015625,18.00537109375,204.58984375,208.06884765625
1.0513916015625,-0.767333984375,1.5582275390625,41.50390625,195.80078125,186.1572265625
1.1187744140625,-0.908447265625,1.5535888671875,55.84716796875,159.60693359375,133.85009765625
1.1748046875,-1.0499267578125,1.42822265625,51.45263671875,108.09326171875,67.19970703125
1.26708984375,-1.13671875,1.291748046875,29.47998046875,71.4111328125,5.31005859375
1.4305419921875,-1.1602783203125,1.0816650390625,-8.7890625,28.3203125,-55.48095703125
1.642822265625,-1.200439453125,0.733642578125,-28.99169921875,-19.22607421875,-117.919921875
1.8519287109375,-1.1610107421875,0.165283203125,-52.6123046875,-62.6220703125,-182.18994140625
2.0460205078125,-0.9056396484375,-0.501708984375,-79.65087890625,-94.90966796875,-208.31298828125
2.56103515625,-0.4864501953125,-1.427978515625,-71.2890625,-108.45947265625,-181.884765625
2.9219970703125,0.0394287109375,-2.406005859375,-33.0810546875,-96.8017578125,-112.1826171875
3.261474609375,0.58154296875,-2.9923095703125,37.841796875,-86.7919921875,-60.97412109375
3.5118408203125,1.01123046875,-3.07421875,109.06982421875,-165.46630859375,-9.21630859375
3.6373291015625,1.3486328125,-2.56494140625,33.99658203125,-172.36328125,1.03759765625
3.662353515625,1.265380859375,-0.948974609375,-26.85546875,-195.61767578125,-60.24169921875
3.7159423828125,0.5703125,0.8900146484375,30.82275390625,-193.359375,-95.8251953125
3.6064453125,-0.37158203125,1.8990478515625,9.521484375,-148.0712890625,-75.8056640625
3.09912109375,-0.6727294921875,1.6025390625,-35.70556640625,-152.03857421875,-37.90283203125
2.4534912109375,-1.072021484375,0.255126953125,-29.9072265625,-157.8369140625,-26.67236328125
1.9542236328125,-1.60986328125,0.7056884765625,-25.87890625,-160.33935546875,-37.59765625
0.8367919921875,-1.3878173828125,2.242919921875,-13.916015625,-118.2861328125,-32.04345703125
-0.2379150390625,-0.5679931640625,2.4593505859375,5.126953125,-66.58935546875,-9.033203125
-0.334228515625,0.4859619140625,1.9212646484375,69.51904296875,-55.6640625,-7.26318359375
0.4185791015625,1.0244140625,1.146240234375,99.91455078125,-42.17529296875,-4.150390625
1.0526123046875,1.1519775390625,0.595703125,60.791015625,-21.91162109375,4.21142578125
1.2623291015625,0.3350830078125,1.1053466796875,23.8037109375,-26.0009765625,1.220703125
1.8177490234375,-1.448486328125,1.8297119140625,40.771484375,-18.49365234375,0.48828125
2.0841064453125,-2.3011474609375,1.38916015625,15.31982421875,-15.93017578125,2.01416015625
1.7923583984375,-1.04150390625,0.824951171875,-2.62451171875,-15.31982421875,-1.8310546875
1.540771484375,0.6148681640625,0.8753662109375,3.47900390625,-11.5966796875,-2.0751953125
1.078125,0.3548583984375,0.9300537109375,3.173828125,-2.5634765625,1.89208984375
0.9237060546875,-0.787109375,0.89697265625,3.72314453125,-0.732421875,6.4697265625
1.3087158203125,-0.479248046875,0.87548828125,13.00048828125,0.8544921875,9.21630859375
0.952880859375,-0.0067138671875,0.8775634765625,6.16455078125,2.13623046875,8.6669921875
0.539794921875,-0.3548583984375,0.8616943359375,-9.27734375,3.2958984375,5.92041015625
0.660888671875,-0.3521728515625,0.8232421875,-24.90234375,2.9296875,2.62451171875
0.697021484375,-0.25537109375,0.81298828125,-33.26416015625,1.03759765625,0.0
0.5806884765625,-0.3203125,0.8201904296875,-33.26416015625,-4.69970703125,-1.3427734375
0.5047607421875,-0.3021240234375,0.8275146484375,-24.59716796875,-10.3759765625,-1.46484375
0.505615234375,-0.257568359375,0.836669921875,-14.6484375,-12.8173828125,-0.91552734375
0.5301513671875,-0.2335205078125,0.84228515625,-7.14111328125,-12.87841796875,-0.8544921875
0.5194091796875,-0.248046875,0.8350830078125,-1.3427734375,-11.41357421875,-1.28173828125
0.5057373046875,-0.2857666015625,0.830810546875,1.52587890625,-9.6435546875,-2.13623046875
0.488525390625,-0.3427734375,0.8319091796875,1.5869140625,-7.2021484375,-4.638671875
0.4952392578125,-0.37890625,0.8277587890625,-0.244140625,-5.79833984375,-6.2255859375
0.4991455078125,-0.3878173828125,0.8251953125,-3.173828125,-5.92041015625,-7.8125
0.498291015625,-0.39013671875,0.819091796875,-4.94384765625,-4.638671875,-9.033203125
0.485107421875,-0.36669921875,0.8175048828125,-5.67626953125,-3.90625,-8.7890625
0.4498291015625,-0.330810546875,0.81640625,-4.33349609375,-4.7607421875,-7.6904296875
0.42919921875,-0.3145751953125,0.810546875,-0.79345703125,-6.28662109375,-7.26318359375
0.4478759765625,-0.315185546875,0.8154296875,1.953125,-13.0615234375,-8.23974609375
0.46533203125,-0.326416015625,0.816650390625,0.79345703125,-16.7236328125,-8.85009765625
0.456298828125,-0.3421630859375,0.8135986328125,-1.77001953125,-20.56884765625,-8.056640625
0.4442138671875,-0.35498046875,0.81591796875,-4.69970703125,-32.04345703125,-7.4462890625
0.4505615234375,-0.3472900390625,0.818603515625,-5.4931640625,-47.4853515625,-7.38525390625
0.46337890625,-0.34033203125,0.8192138671875,-6.4697265625,-57.7392578125,-9.1552734375
0.476806640625,-0.3228759765625,0.837646484375,-13.12255859375,-69.15283203125,-10.55908203125
0.4874267578125,-0.3043212890625,0.844970703125,-22.216796875,-83.1298828125,-11.5966796875
0.4833984375,-0.3072509765625,0.84814453125,-29.1748046875,-101.50146484375,-15.68603515625
0.478515625,-0.3271484375,0.876220703125,-35.888671875,-123.35205078125,-20.56884765625
0.48193359375,-0.3370361328125,0.9046630859375,-45.10498046875,-147.3388671875,-44.25048828125
0.475830078125,-0.33447265625,0.916259765625,-58.16650390625,-238.70849609375,-58.59375
0.4681396484375,-0.2923583984375,0.924072265625,-66.10107421875,-265.93017578125,-76.59912109375
0.44921875,-0.27783203125,0.928466796875,-77.63671875,-277.28271484375,-87.40234375
0.4681396484375,-0.288818359375,0.9305419921875,-79.2236328125,-297.2412109375,-85.44921875
0.455810546875,-0.32177734375,0.9354248046875,-65.73486328125,-349.12109375,-72.93701171875
0.474365234375,-0.28955078125,0.926513671875,-66.89453125,-433.65478515625,-77.2705078125
0.4718017578125,-0.309814453125,0.98193359375,-73.05908203125,-509.1552734375,-112.79296875
0.44580078125,-0.3326416015625,0.9351806640625,-83.80126953125,-491.69921875,-160.46142578125
0.4351806640625,-0.3497314453125,0.913330078125,-129.82177734375,-407.470703125,-188.53759765625
0.4407958984375,-0.4791259765625,1.03515625,-186.767578125,-350.9521484375,-208.0078125
0.41357421875,-0.482421875,1.1846923828125,-149.7802734375,-308.2275390625,-229.55322265625
0.3734130859375,-0.3387451171875,1.363525390625,-77.08740234375,-287.109375,-201.7822265625
0.3701171875,-0.2470703125,1.4525146484375,-42.05322265625,-279.1748046875,-131.8359375
0.4522705078125,-0.2396240234375,1.2384033203125,3.41796875,-4.82177734375,-108.3984375
0.4508056640625,-0.3514404296875,1.1041259765625,48.095703125,138.73291015625,-106.689453125
0.3270263671875,-0.8621826171875,1.2203369140625,33.935546875,178.03955078125,-107.421875
0.430908203125,-1.53076171875,1.7154541015625,-84.28955078125,201.59912109375,-108.7646484375
0.8162841796875,-1.72607421875,2.331298828125,-81.54296875,214.53857421875,-106.8115234375
1.36572265625,-1.7064208984375,2.62353515625,-93.1396484375,214.90478515625,-86.85302734375
2.0804443359375,-1.6553955078125,3.2276611328125,-67.626953125,216.9189453125,-50.537109375
2.2332763671875,-1.2308349609375,3.090087890625,-23.13232421875,218.07861328125,-4.2724609375
2.0736083984375,-0.8155517578125,1.9232177734375,10.009765625,220.947265625,41.19873046875
1.7469482421875,-0.3826904296875,1.1395263671875,28.80859375,225.7080078125,77.2705078125
1.308349609375,-0.9000244140625,0.71533203125,34.85107421875,229.3701171875,103.21044921875
1.1630859375,-0.7735595703125,0.6317138671875,28.4423828125,234.31396484375,119.873046875
2.175537109375,-0.9471435546875,0.6790771484375,22.0947265625,238.70849609375,129.5166015625
1.544677734375,-0.933349609375,0.73046875,22.39990234375,243.46923828125,135.3759765625
0.205810546875,-0.8369140625,0.7459716796875,24.4140625,251.220703125,137.0849609375
-0.2293701171875,-0.7601318359375,0.74853515625,25.390625,260.31494140625,134.521484375
-0.3511962890625,-0.68359375,0.731201171875,23.13232421875,270.69091796875,129.150390625
-0.2901611328125,-0.6527099609375,0.6927490234375,17.63916015625,281.18896484375,122.9248046875
-0.1434326171875,-0.6883544921875,0.685546875,12.451171875,291.07666015625,118.2861328125
-0.0198974609375,-0.704833984375,0.72705078125,9.521484375,299.560546875,116.8212890625
0.0491943359375,-0.64990234375,0.802001953125,8.23974609375,305.96923828125,118.71337890625
0.0809326171875,-0.537353515625,0.88720703125,5.7373046875,309.4482421875,122.9248046875
0.12744140625,-0.422119140625,0.974853515625,0.91552734375,308.28857421875,128.173828125
0.180908203125,-0.3720703125,1.0513916015625,-6.8359375,301.7578125,134.94873046875
0.2337646484375,-0.383056640625,1.1085205078125,-16.845703125,292.1142578125,144.1650390625
0.3221435546875,-0.4246826171875,1.1495361328125,-26.67236328125,282.40966796875,154.6630859375
0.4478759765625,-0.4639892578125,1.1817626953125,-33.5693359375,270.3857421875,164.73388671875
0.575439453125,-0.482177734375,1.2132568359375,-39.306640625,254.638671875,172.607421875
0.7060546875,-0.4945068359375,1.2576904296875,-46.2646484375,237.548828125,176.6357421875
0.8310546875,-0.516845703125,1.332763671875,-49.4384765625,223.14453125,179.0771484375
0.9324951171875,-0.5576171875,1.4332275390625,-45.166015625,219.1162109375,182.2509765625
1.0177001953125,-0.6292724609375,1.5531005859375,-37.7197265625,217.22412109375,187.80517578125
1.082275390625,-0.7236328125,1.66845703125,-26.55029296875,213.80615234375,194.39697265625
1.1246337890625,-0.82421875,1.7091064453125,-15.625,211.24267578125,192.138671875
1.165771484375,-0.9385986328125,1.655029296875,-7.8125,170.47119140625,166.19873046875
1.2218017578125,-1.068603515625,1.5372314453125,-9.70458984375,133.544921875,-74.76806640625
1.306640625,-1.15478515625,1.39892578125,-26.79443359375,-66.2841796875,-123.71826171875
1.43994140625,-1.18359375,1.2120361328125,-34.7900390625,-102.783203125,-136.8408203125
1.6280517578125,-1.1798095703125,0.8536376953125,-23.37646484375,-118.10302734375,-119.2626953125
1.852294921875,-1.1417236328125,0.3525390625,-1.52587890625,-57.7392578125,-82.8857421875
2.1214599609375,-0.9923095703125,-0.2919921875,33.0810546875,24.47509765625,-68.7255859375
2.4423828125,-0.6619873046875,-1.1915283203125,48.76708984375,-199.76806640625,17.9443359375
2.783935546875,-0.2169189453125,-2.7557373046875,83.43505859375,-192.93212890625,-4.45556640625
3.1156005859375,0.23974609375,-1.6937255859375,122.86376953125,-197.509765625,-87.7685546875
3.391845703125,0.6502685546875,-0.5845947265625,14.0380859375,-180.72509765625,-81.0546875
3.49267578125,0.3697509765625,1.23486328125,-48.88916015625,-161.07177734375,-41.68701171875
3.516357421875,-0.152099609375,2.6365966796875,-38.63525390625,-156.494140625,-16.6015625
3.6607666015625,-0.3568115234375,-0.3985595703125,-35.400390625,-177.1240234375,-24.47509765625
2.16162109375,-0.6815185546875,2.555419921875,-28.99169921875,-160.70556640625,-44.73876953125
2.4564208984375,-2.0364990234375,2.87939453125,-8.544921875,-105.8349609375,-35.64453125
2.708251953125,0.734130859375,1.96240234375,23.25439453125,-73.42529296875,-24.90234375
1.011962890625,0.4842529296875,1.49951171875,71.4111328125,-71.4111328125,-21.66748046875
-1.4879150390625,0.8404541015625,0.9276123046875,72.69287109375,-41.93115234375,-15.869140625
0.8958740234375,0.89404296875,0.7430419921875,41.68701171875,-30.57861328125,-8.7890625
2.514404296875,-0.7064208984375,1.340576171875,46.08154296875,-34.97314453125,-10.19287109375
2.254638671875,-2.1483154296875,1.700439453125,61.21826171875,-28.50341796875,-12.87841796875
1.48291015625,-1.5889892578125,1.0767822265625,37.90283203125,-26.7333984375,-12.6953125
1.4810791015625,-0.0079345703125,0.7264404296875,33.38623046875,-36.07177734375,-16.05224609375
1.4112548828125,0.6495361328125,0.988037109375,26.67236328125,-37.04833984375,-14.0380859375
0.6888427734375,-0.2442626953125,1.00537109375,34.1796875,-20.99609375,-10.009765625
0.877197265625,-1.0430908203125,0.9288330078125,32.16552734375,-10.498046875,-5.18798828125
1.3531494140625,-0.4752197265625,0.8895263671875,41.44287109375,-7.080078125,-2.197265625
0.7803955078125,-0.1124267578125,0.886474609375,35.21728515625,-2.9296875,-2.86865234375
0.5579833984375,-0.37646484375,0.91015625,20.751953125,2.0751953125,-4.39453125
0.7586669921875,-0.350341796875,0.8701171875,-0.79345703125,3.96728515625,-5.31005859375
0.643798828125,-0.2945556640625,0.8170166015625,-18.310546875,2.62451171875,-4.8828125
0.5289306640625,-0.3486328125,0.822509765625,-22.3388671875,-1.89208984375,-4.57763671875
0.4591064453125,-0.298095703125,0.8189697265625,-17.27294921875,-6.7138671875,-4.69970703125
0.4508056640625,-0.2017822265625,0.7965087890625,-10.009765625,-12.39013671875,-5.67626953125
0.458251953125,-0.187744140625,0.7978515625,-5.79833984375,-17.15087890625,-6.65283203125
0.5062255859375,-0.2225341796875,0.810302734375,-1.3427734375,-19.34814453125,-6.89697265625
0.558837890625,-0.322998046875,0.838134765625,2.685546875,-18.61572265625,-6.103515625
0.52734375,-0.380126953125,0.865966796875,6.04248046875,-17.08984375,-5.79833984375
0.5020751953125,-0.3826904296875,0.8662109375,8.544921875,-11.3525390625,-5.06591796875
0.4945068359375,-0.34375,0.856201171875,9.21630859375,-9.58251953125,-3.662109375
0.4927978515625,-0.3033447265625,0.84521484375,5.92041015625,-8.36181640625,-4.21142578125
0.4990234375,-0.31005859375,0.834716796875,2.13623046875,-8.056640625,-5.126953125
0.4896240234375,-0.33056640625,0.8193359375,-2.62451171875,-8.72802734375,-5.67626953125
0.4764404296875,-0.3380126953125,0.81640625,-13.5498046875,-10.7421875,-5.31005859375
0.4744873046875,-0.322021484375,0.8226318359375,-13.97705078125,-13.3056640625,-3.173828125
0.47265625,-0.2943115234375,0.8204345703125,-12.939453125,-18.9208984375,-1.77001953125
0.477294921875,-0.2802734375,0.8245849609375,-11.71875,-21.91162109375,-0.3662109375
0.49658203125,-0.2657470703125,0.82666015625,-11.16943359375,-25.32958984375,1.3427734375
0.510009765625,-0.274169921875,0.833740234375,-14.5263671875,-30.09033203125,1.220703125
0.5108642578125,-0.292724609375,0.8341064453125,-16.11328125,-34.48486328125,0.9765625
0.5064697265625,-0.3004150390625,0.8331298828125,-16.357421875,-40.34423828125,-0.1220703125
0.4921875,-0.30078125,0.8349609375,-21.42333984375,-48.15673828125,-3.173828125
0.4884033203125,-0.296875,0.8392333984375,-23.37646484375,-60.4248046875,-7.6904296875
0.499267578125,-0.2733154296875,0.8487548828125,-27.03857421875,-76.47705078125,-11.8408203125
0.50146484375,-0.2613525390625,0.8504638671875,-31.92138671875,-94.7265625,-16.357421875
0.511962890625,-0.277587890625,0.84716796875,-37.7197265625,-114.92919921875,-22.03369140625
0.5147705078125,-0.23876953125,0.853515625,-43.51806640625,-135.7421875,-30.45654296875
0.51513671875,-0.2552490234375,0.87158203125,-49.49951171875,-155.2734375,-49.31640625
0.5218505859375,-0.3101806640625,0.896484375,-55.60302734375,-202.880859375,-89.29443359375
0.5107421875,-0.2987060546875,0.9197998046875,-63.04931640625,-275.20751953125,-92.8955078125
0.4881591796875,-0.3115234375,0.932373046875,-69.2138671875,-297.8515625,-86.181640625
0.4830322265625,-0.3323974609375,0.930419921875,-62.5,-357.7880859375,-83.984375
0.4705810546875,-0.3343505859375,0.908935546875,-41.3818359375,-442.626953125,-94.23828125
0.4371337890625,-0.3282470703125,0.88720703125,-45.22705078125,-509.82666015625,-122.13134765625
0.427734375,-0.33935546875,0.9195556640625,-69.03076171875,-470.52001953125,-153.99169921875
0.43212890625,-0.364501953125,0.942626953125,-115.3564453125,-408.0810546875,-162.4755859375
0.4300537109375,-0.4095458984375,1.03955078125,-151.55029296875,-386.5966796875,-177.978515625
0.4293212890625,-0.441162109375,1.2357177734375,-118.1640625,-348.20556640625,-179.443359375
0.4144287109375,-0.3887939453125,1.3590087890625,-66.58935546875,-309.326171875,-173.4619140625
0.4007568359375,-0.2901611328125,1.2294921875,-49.25537109375,-306.5185546875,-153.74755859375
0.4232177734375,-0.30859375,1.050048828125,-52.1240234375,-242.24853515625,-129.39453125
0.4095458984375,-0.418701171875,1.0531005859375,-62.1337890625,-77.2705078125,-27.03857421875
0.4405517578125,-0.7569580078125,1.1163330078125,-78.61328125,194.091796875,-14.0380859375
0.6212158203125,-1.1571044921875,1.41015625,-61.46240234375,227.6611328125,-11.29150390625
0.882568359375,-1.26220703125,1.8975830078125,-56.396484375,240.78369140625,-8.72802734375
1.29638671875,-1.35888671875,2.2486572265625,-28.25927734375,237.4267578125,1.40380859375
1.912109375,-1.385498046875,2.764404296875,-13.36669921875,224.4873046875,17.15087890625
1.9901123046875,-0.9676513671875,3.0792236328125,2.74658203125,214.35546875,33.14208984375
1.7999267578125,-0.730712890625,2.7542724609375,12.3291015625,210.205078125,47.36328125
1.7415771484375,-0.9420166015625,1.5435791015625,7.87353515625,210.3271484375,58.04443359375
1.462646484375,-1.1971435546875,0.9287109375,-1.3427734375,219.90966796875,70.1904296875
1.302734375,-1.37744140625,0.60888671875,-8.544921875,243.5302734375,74.3408203125
1.52099609375,-0.9266357421875,0.545166015625,-9.033203125,252.62451171875,78.4912109375
2.3424072265625,-0.6343994140625,0.5941162109375,-5.37109375,260.07080078125,82.763671875
1.1905517578125,-0.332763671875,0.704833984375,-0.42724609375,267.333984375,86.12060546875
0.2264404296875,-0.1927490234375,0.8199462890625,-4.2724609375,277.587890625,88.80615234375
-0.1929931640625,-0.176025390625,0.8770751953125,-12.20703125,290.95458984375,94.90966796875
-0.3397216796875,-0.224853515625,0.8538818359375,-20.32470703125,315.91796875,99.609375
-0.2930908203125,-0.294921875,0.842041015625,-23.98681640625,323.42529296875,105.8349609375
-0.1566162109375,-0.3341064453125,0.8748779296875,-22.94921875,327.880859375,113.037109375
-0.017822265625,-0.219482421875,0.951171875,-19.95849609375,330.56640625,121.52099609375
0.130859375,-0.1419677734375,1.05126953125,-23.01025390625,331.0546875,130.55419921875
0.2459716796875,-0.109130859375,1.1363525390625,-29.6630859375,329.4677734375,140.07568359375
0.318359375,-0.148193359375,1.2061767578125,-34.85107421875,326.23291015625,154.96826171875
0.3519287109375,-0.2406005859375,1.22412109375,-41.07666015625,320.1904296875,175.6591796875
0.4349365234375,-0.3223876953125,1.275634765625,-49.74365234375,312.1337890625,197.021484375
0.566162109375,-0.3543701171875,1.3497314453125,-54.74853515625,300.78125,228.33251953125
0.7188720703125,-0.351806640625,1.417724609375,-51.7578125,259.94873046875,224.79248046875
0.8521728515625,-0.37646484375,1.4998779296875,-39.61181640625,237.6708984375,212.58544921875
1.0069580078125,-0.4322509765625,1.6134033203125,-16.78466796875,207.3974609375,191.0400390625
1.0648193359375,-0.487548828125,1.7235107421875,52.6123046875,172.607421875,96.00830078125
1.1475830078125,-0.5733642578125,1.7779541015625,61.09619140625,34.97314453125,39.6728515625
1.2471923828125,-0.7265625,1.700439453125,54.38232421875,15.07568359375,-96.25244140625
1.329833984375,-0.91162109375,1.010498046875,18.12744140625,-56.5185546875,-143.73779296875
1.416015625,-1.1064453125,0.5626220703125,-56.2744140625,-96.86279296875,-152.77099609375
1.5845947265625,-1.2696533203125,-0.0411376953125,-84.8388671875,-14.46533203125,-154.296875
1.8099365234375,-0.9822998046875,-0.6768798828125,-23.13232421875,-138.00048828125,-105.46875
2.0283203125,-0.7252197265625,-2.1380615234375,29.541015625,-217.22412109375,-11.71875
2.26806640625,-0.281982421875,-2.990234375,74.951171875,-228.271484375,-34.5458984375
3.057861328125,0.3912353515625,-2.431396484375,68.9697265625,-242.49267578125,-91.36962890625
3.273681640625,1.50390625,-1.3702392578125,14.892578125,-215.02685546875,-51.7578125
3.4217529296875,1.3441162109375,2.533935546875,-23.5595703125,-179.443359375,-29.47998046875
3.52392578125,0.0716552734375,-0.9090576171875,-39.97802734375,-187.92724609375,-34.0576171875
3.87158203125,-0.168701171875,-0.1649169921875,-21.54541015625,-165.6494140625,-40.4052734375
3.726318359375,-1.703857421875,2.4754638671875,13.85498046875,-96.13037109375,-23.681640625
2.6876220703125,-0.4779052734375,2.4072265625,48.15673828125,-78.125,-17.08984375
2.1409912109375,0.1348876953125,1.8292236328125,85.87646484375,-55.6640625,-16.17431640625
-1.598876953125,-0.10888671875,1.1484375,64.39208984375,-34.11865234375,-7.2021484375
-0.13818359375,0.3875732421875,0.7821044921875,36.2548828125,-21.91162109375,-2.0751953125
1.2760009765625,0.5909423828125,1.45947265625,53.7109375,-22.15576171875,-2.0751953125
2.2117919921875,-0.855712890625,1.6025390625,49.49951171875,-17.39501953125,0.6103515625
1.94482421875,-1.26708984375,1.0291748046875,7.38525390625,-20.8740234375,1.0986328125
1.6224365234375,0.119140625,0.8682861328125,7.32421875,-21.97265625,0.3662109375
1.8826904296875,0.529541015625,0.964111328125,10.498046875,-31.43310546875,0.54931640625
0.890380859375,-0.531005859375,0.9625244140625,6.34765625,-25.146484375,-0.42724609375
1.1878662109375,-0.8541259765625,0.8695068359375,5.7373046875,-14.70947265625,-0.8544921875
1.2083740234375,-0.09375,0.888916015625,7.32421875,-8.9111328125,0.8544921875
0.6302490234375,-0.08251953125,0.87109375,7.32421875,-6.28662109375,0.9765625
0.6041259765625,-0.385498046875,0.8748779296875,0.6103515625,-3.11279296875,-0.91552734375
0.70849609375,-0.3067626953125,0.88525390625,-11.474609375,-1.220703125,-1.220703125
0.6356201171875,-0.298583984375,0.8443603515625,-25.20751953125,-2.5634765625,-1.5869140625
0.5084228515625,-0.3333740234375,0.816162109375,-27.89306640625,-5.126953125,-2.38037109375
0.4952392578125,-0.274658203125,0.8060302734375,-21.91162109375,-6.7138671875,-2.62451171875
0.5059814453125,-0.2635498046875,0.7989501953125,-17.822265625,-9.46044921875,-2.50244140625
0.44677734375,-0.3016357421875,0.805419921875,-11.90185546875,-12.451171875,-2.8076171875
0.46826171875,-0.324462890625,0.8212890625,-5.31005859375,-13.36669921875,-3.7841796875
0.5244140625,-0.335205078125,0.833984375,-2.86865234375,-11.65771484375,-5.126953125
0.504150390625,-0.373046875,0.8341064453125,-4.21142578125,-9.765625,-5.43212890625
0.5,-0.380859375,0.8260498046875,-6.16455078125,-9.46044921875,-5.79833984375
0.5159912109375,-0.3602294921875,0.820068359375,-5.92041015625,-9.27734375,-6.591796875
0.5072021484375,-0.3504638671875,0.81103515625,-5.06591796875,-8.72802734375,-6.4697265625
0.498046875,-0.34814453125,0.802490234375,-5.31005859375,-8.4228515625,-6.103515625
0.5018310546875,-0.349853515625,0.7967529296875,-4.5166015625,-8.1787109375,-5.859375
0.502197265625,-0.3544921875,0.799072265625,-3.173828125,-8.36181640625,-6.34765625
0.491943359375,-0.371826171875,0.80126953125,-2.99072265625,-9.033203125,-6.89697265625
0.4775390625,-0.382568359375,0.80224609375,-3.23486328125,-10.1318359375,-6.89697265625
0.469482421875,-0.3662109375,0.806396484375,-3.5400390625,-12.39013671875,-6.7138671875
0.4769287109375,-0.347412109375,0.8060302734375,-2.38037109375,-15.80810546875,-6.04248046875
0.483642578125,-0.34521484375,0.8017578125,-1.40380859375,-20.1416015625,-4.7607421875
0.48828125,-0.3365478515625,0.7969970703125,-1.52587890625,-24.59716796875,-2.74658203125
0.4949951171875,-0.3240966796875,0.7967529296875,-2.9296875,-29.9072265625,-0.67138671875
0.49755859375,-0.3284912109375,0.801513671875,-6.2255859375,-36.2548828125,1.46484375
0.500732421875,-0.34912109375,0.8114013671875,-9.46044921875,-45.59326171875,1.953125
0.5037841796875,-0.3558349609375,0.8248291015625,-13.00048828125,-52.18505859375,2.197265625
0.504638671875,-0.3504638671875,0.8350830078125,-17.9443359375,-60.9130859375,1.89208984375
0.494873046875,-0.346923828125,0.84375,-25.7568359375,-70.9228515625,-0.30517578125
0.4871826171875,-0.3328857421875,0.847412109375,-30.2734375,-83.31298828125,-5.18798828125
0.48974609375,-0.30615234375,0.8524169921875,-36.2548828125,-98.93798828125,-10.009765625
0.486328125,-0.2838134765625,0.8526611328125,-42.66357421875,-116.69921875,-20.01953125
0.484619140625,-0.2764892578125,0.8421630859375,-49.1943359375,-133.36181640625,-29.541015625
0.4976806640625,-0.273681640625,0.8448486328125,-53.77197265625,-157.40966796875,-36.56005859375
0.5015869140625,-0.2921142578125,0.8594970703125,-64.39208984375,-179.74853515625,-40.4052734375
0.499755859375,-0.3184814453125,0.87451171875,-67.626953125,-205.87158203125,-49.13330078125
0.4925537109375,-0.3233642578125,0.875244140625,-73.42529296875,-234.19189453125,-63.8427734375
0.4931640625,-0.338134765625,0.8682861328125,-68.90869140625,-252.99072265625,-75.68359375
0.5006103515625,-0.385986328125,0.8629150390625,-60.60791015625,-278.3203125,-80.74951171875
0.4915771484375,-0.3848876953125,0.880859375,-54.0771484375,-308.04443359375,-72.20458984375
0.4736328125,-0.432861328125,0.92822265625,-59.9365234375,-439.8193359375,-90.39306640625
0.460693359375,-0.49072265625,0.9588623046875,-69.15283203125,-469.3603515625,-120.849609375
0.4407958984375,-0.46240234375,0.9163818359375,-74.462890625,-431.57958984375,-152.89306640625
0.427001953125,-0.4180908203125,0.913818359375,-155.029296875,-394.71435546875,-180.908203125
0.39990234375,-0.41064453125,0.9945068359375,-167.724609375,-359.06982421875,-196.1669921875
0.408203125,-0.4268798828125,1.0599365234375,-130.67626953125,-322.8759765625,-188.96484375
0.439697265625,-0.376953125,1.1741943359375,-92.529296875,-295.41015625,-173.64501953125
0.454833984375,-0.3262939453125,1.23583984375,-45.59326171875,-286.7431640625,-163.0859375
0.5166015625,-0.302490234375,1.125244140625,-31.73828125,-189.75830078125,-116.0888671875
0.5263671875,-0.32470703125,1.0792236328125,-54.0771484375,-53.1005859375,-65.85693359375
0.4052734375,-1.0936279296875,1.1224365234375,-71.6552734375,91.85791015625,-45.166015625
0.4486083984375,-1.299072265625,1.6661376953125,-63.720703125,206.0546875,-52.30712890625
0.68017578125,-1.4549560546875,2.1954345703125,-99.18212890625,222.35107421875,-55.6640625
1.585693359375,-1.634521484375,2.376953125,-68.17626953125,228.08837890625,-45.7763671875
1.94482421875,-1.458984375,2.52978515625,-20.263671875,226.806640625,-29.541015625
1.9161376953125,-1.0352783203125,2.885009765625,13.7939453125,223.69384765625,-9.521484375
1.8304443359375,-0.874755859375,3.133056640625,40.771484375,220.64208984375,10.68115234375
1.714111328125,-0.86376953125,1.3795166015625,46.875,224.42626953125,31.25
1.37939453125,-1.10791015625,0.9716796875,41.015625,236.63330078125,49.9267578125
1.1732177734375,-1.4154052734375,0.788330078125,30.70068359375,253.84521484375,65.673828125
1.558349609375,-0.9056396484375,0.7108154296875,21.240234375,270.5078125,78.30810546875
2.2283935546875,-0.764404296875,0.70166015625,17.4560546875,282.40966796875,88.9892578125
1.8001708984375,-0.517822265625,0.7467041015625,18.5546875,289.4287109375,98.69384765625
-0.0242919921875,-0.340576171875,0.8370361328125,21.66748046875,293.76220703125,114.2578125
-0.2119140625,-0.2603759765625,0.91748046875,23.0712890625,303.89404296875,119.93408203125
-0.187255859375,-0.2730712890625,0.9324951171875,18.1884765625,312.744140625,124.51171875
-0.15966796875,-0.359130859375,0.8895263671875,10.55908203125,321.4111328125,128.41796875
-0.11181640625,-0.4686279296875,0.8260498046875,-0.1220703125,328.125,142.7001953125
-0.0089111328125,-0.54345703125,0.798095703125,-0.79345703125,323.1201171875,148.5595703125
0.1553955078125,-0.5372314453125,0.8289794921875,0.732421875,316.46728515625,155.6396484375
0.3365478515625,-0.4595947265625,1.00341796875,0.8544921875,310.05859375,164.24560546875
0.444580078125,-0.3814697265625,1.0838623046875,-17.578125,304.5654296875,175.72021484375
0.4617919921875,-0.36279296875,1.114013671875,-23.86474609375,296.9970703125,199.70703125
0.454833984375,-0.476806640625,1.123046875,-27.89306640625,277.4658203125,207.275390625
0.4879150390625,-0.55810546875,1.31005859375,-26.2451171875,268.49365234375,212.70751953125
0.57861328125,-0.5909423828125,1.4410400390625,-16.6015625,260.25390625,213.43994140625
0.8555908203125,-0.5692138671875,1.5765380859375,22.8271484375,241.943359375,206.23779296875
1.007568359375,-0.5787353515625,1.6954345703125,39.85595703125,206.11572265625,184.814453125
1.0765380859375,-0.6729736328125,1.762451171875,44.677734375,149.90234375,136.41357421875
1.0943603515625,-0.81201171875,1.6724853515625,36.4990234375,76.47705078125,72.08251953125
1.2259521484375,-0.9871826171875,1.498046875,12.26806640625,20.01953125,3.0517578125
1.330322265625,-1.1527099609375,1.1412353515625,-18.9208984375,-34.72900390625,-62.8662109375
1.4603271484375,-1.3232421875,0.5955810546875,-24.169921875,-74.64599609375,-115.66162109375
1.6610107421875,-1.22314453125,-0.1097412109375,-23.92578125,-101.9287109375,-148.0712890625
1.9171142578125,-0.9521484375,-0.7852783203125,-21.17919921875,-122.37548828125,-171.69189453125
2.5389404296875,-0.552978515625,-1.6431884765625,4.0283203125,-46.20361328125,-143.6767578125
2.9114990234375,-0.068359375,-2.521240234375,25.81787109375,-17.02880859375,-138.916015625
3.220703125,0.4652099609375,-2.9927978515625,41.50390625,-55.84716796875,-77.7587890625
3.3673095703125,0.945068359375,-2.937744140625,91.00341796875,-178.64990234375,-3.47900390625
3.4058837890625,1.245361328125,-2.2698974609375,-28.564453125,-204.58984375,-44.3115234375
3.5069580078125,1.17041015625,-0.6807861328125,-162.78076171875,-243.0419921875,-89.17236328125
3.791748046875,0.7154541015625,1.5218505859375,-38.87939453125,-211.9140625,-73.42529296875
3.9373779296875,0.22412109375,1.9169921875,-53.1005859375,-184.50927734375,-46.2646484375
3.5584716796875,0.1444091796875,0.49072265625,-52.30712890625,-174.9267578125,-30.6396484375
2.9486083984375,-0.245849609375,0.390625,-26.123046875,-186.34033203125,-36.9873046875
2.6365966796875,-1.8258056640625,2.78076171875,-11.962890625,-157.53173828125,-37.109375
1.6473388671875,-2.197021484375,2.2012939453125,14.892578125,-89.53857421875,-20.32470703125
0.4183349609375,-0.4456787109375,1.814453125,51.7578125,-72.75390625,-12.939453125
-1.4151611328125,-0.3621826171875,1.6983642578125,93.75,-49.74365234375,-13.36669921875
-1.5615234375,0.374267578125,1.0693359375,67.3828125,-30.21240234375,-2.685546875
1.5321044921875,0.380859375,0.8101806640625,48.03466796875,-21.8505859375,0.3662109375
2.0408935546875,-1.03173828125,1.545654296875,57.861328125,-19.04296875,-0.06103515625
1.7587890625,-1.8192138671875,1.547119140625,49.8046875,-16.54052734375,1.77001953125
1.71533203125,-1.0987548828125,0.916015625,6.34765625,-20.08056640625,0.8544921875
1.982666015625,0.10791015625,0.8798828125,7.26318359375,-24.658203125,-2.197265625
1.5406494140625,0.3739013671875,0.978515625,8.1787109375,-25.2685546875,-4.21142578125
0.81689453125,-0.6171875,0.922119140625,4.638671875,-11.53564453125,-0.42724609375
1.2071533203125,-0.710693359375,0.8673095703125,7.4462890625,-2.01416015625,4.150390625
1.0985107421875,-0.0650634765625,0.8822021484375,15.68603515625,-0.91552734375,7.01904296875
0.5758056640625,-0.1529541015625,0.8720703125,18.85986328125,-1.3427734375,4.8828125
0.6748046875,-0.3477783203125,0.875,-4.2724609375,1.0986328125,1.220703125
0.7628173828125,-0.281982421875,0.8525390625,-21.728515625,3.35693359375,-2.0751953125
0.6676025390625,-0.3138427734375,0.81298828125,-35.5224609375,2.38037109375,-3.84521484375
0.5421142578125,-0.334228515625,0.820556640625,-34.24072265625,-1.77001953125,-4.8828125
0.494140625,-0.326416015625,0.8201904296875,-26.4892578125,-7.32421875,-5.37109375
0.481201171875,-0.3145751953125,0.8203125,-15.625,-11.90185546875,-5.859375
0.476318359375,-0.225341796875,0.8128662109375,-6.89697265625,-13.7939453125,-6.53076171875
0.49755859375,-0.2474365234375,0.8125,1.52587890625,-13.61083984375,-7.14111328125
0.5101318359375,-0.3155517578125,0.825927734375,7.568359375,-11.71875,-7.75146484375
0.4906005859375,-0.395263671875,0.833984375,11.474609375,-8.85009765625,-8.60595703125
0.4825439453125,-0.4144287109375,0.836181640625,12.0849609375,-5.9814453125,-9.21630859375
0.4727783203125,-0.3961181640625,0.8336181640625,10.1318359375,-3.662109375,-9.27734375
0.474365234375,-0.384033203125,0.8248291015625,7.87353515625,-2.74658203125,-9.09423828125
0.4722900390625,-0.364013671875,0.814697265625,6.2255859375,-4.45556640625,-9.09423828125
0.466552734375,-0.337646484375,0.8070068359375,5.2490234375,-3.96728515625,-8.6669921875
0.468017578125,-0.3265380859375,0.8048095703125,4.33349609375,-3.60107421875,-7.568359375
0.4715576171875,-0.3299560546875,0.8050537109375,3.2958984375,-4.2724609375,-5.7373046875
0.47216796875,-0.341796875,0.8094482421875,4.2724609375,-5.9814453125,-4.08935546875
0.4697265625,-0.348876953125,0.8148193359375,3.90625,-8.544921875,-3.11279296875
0.4710693359375,-0.3472900390625,0.829345703125,1.40380859375,-11.41357421875,-2.74658203125
0.4830322265625,-0.3367919921875,0.8310546875,-2.5634765625,-14.09912109375,-2.3193359375
0.4918212890625,-0.32470703125,0.828857421875,-5.37109375,-18.37158203125,-1.64794921875
0.4942626953125,-0.307373046875,0.8328857421875,-6.77490234375,-25.93994140625,-2.3193359375
0.49755859375,-0.302978515625,0.836181640625,-7.75146484375,-29.84619140625,-1.5869140625
0.4945068359375,-0.302978515625,0.83642578125,-9.21630859375,-35.46142578125,-0.8544921875
0.484619140625,-0.2852783203125,0.8360595703125,-13.427734375,-41.8701171875,-1.708984375
0.4891357421875,-0.2724609375,0.838623046875,-13.73291015625,-49.86572265625,-2.44140625
0.4918212890625,-0.2833251953125,0.8563232421875,-16.4794921875,-59.38720703125,-2.5634765625
0.499267578125,-0.2952880859375,0.8623046875,-21.1181640625,-71.83837890625,-4.638671875
0.505615234375,-0.3067626953125,0.8619384765625,-25.390625,-101.806640625,-9.1552734375
0.4976806640625,-0.3011474609375,0.873291015625,-30.1513671875,-119.81201171875,-20.20263671875
0.49169921875,-0.308349609375,0.882080078125,-37.841796875,-138.24462890625,-31.982421875
0.478271484375,-0.3060302734375,0.893310546875,-57.2509765625,-158.38623046875,-40.34423828125
0.44189453125,-0.2642822265625,0.8985595703125,-69.76318359375,-181.21337890625,-43.51806640625
0.4532470703125,-0.2657470703125,0.89990234375,-76.35498046875,-209.9609375,-46.20361328125
0.482421875,-0.2913818359375,0.903564453125,-80.99365234375,-242.61474609375,-56.94580078125
0.4737548828125,-0.277099609375,0.8970947265625,-76.96533203125,-264.0380859375,-72.1435546875
0.4691162109375,-0.260986328125,0.8778076171875,-67.32177734375,-276.0009765625,-81.9091796875
0.4666748046875,-0.3236083984375,0.868896484375,-56.884765625,-298.15673828125,-69.39697265625
0.4681396484375,-0.421875,0.908203125,-55.7861328125,-428.955078125,-81.9091796875
0.47216796875,-0.4857177734375,0.956298828125,-63.1103515625,-482.0556640625,-117.1875
0.43896484375,-0.460693359375,0.9442138671875,-69.2138671875,-447.265625,-154.72412109375
0.4005126953125,-0.4166259765625,0.92138671875,-141.6015625,-397.27783203125,-179.5654296875
0.3961181640625,-0.3333740234375,0.940673828125,-168.212890625,-370.05615234375,-197.3876953125
0.407470703125,-0.294189453125,0.99267578125,-123.22998046875,-324.89013671875,-208.0078125
0.418212890625,-0.308837890625,1.255126953125,-70.6787109375,-292.236328125,-176.57470703125
0.448974609375,-0.35595703125,1.2784423828125,-37.29248046875,-231.8115234375,-144.775390625
0.5277099609375,-0.3326416015625,1.10546875,-19.59228515625,-80.13916015625,-83.67919921875
0.5333251953125,-0.5076904296875,1.0682373046875,0.91552734375,70.9228515625,-64.27001953125
0.4208984375,-1.0159912109375,1.1976318359375,2.74658203125,175.1708984375,-57.67822265625
0.4073486328125,-1.3692626953125,1.440673828125,-63.3544921875,207.94677734375,-59.99755859375
0.969970703125,-1.40283203125,1.9127197265625,-66.58935546875,228.1494140625,-63.1103515625
1.517822265625,-1.517333984375,2.290283203125,-51.7578125,236.083984375,-53.8330078125
1.95068359375,-1.5667724609375,2.78564453125,-36.56005859375,240.41748046875,-33.0810546875
1.9346923828125,-1.29541015625,3.036376953125,-3.5400390625,245.9716796875,66.0400390625
1.807861328125,-0.93310546875,2.5609130859375,33.63037109375,256.103515625,80.87158203125
1.710205078125,-0.6435546875,1.5096435546875,52.55126953125,258.6669921875,91.6748046875
1.2703857421875,-1.1851806640625,1.0404052734375,57.67822265625,262.3291015625,100.15869140625
1.095703125,-1.1800537109375,0.7999267578125,32.71484375,268.4326171875,106.3232421875
1.986572265625,-1.037109375,0.7406005859375,28.076171875,276.3671875,110.4736328125
2.05712890625,-1.023193359375,0.73681640625,23.25439453125,286.68212890625,112.4267578125
1.00537109375,-0.8271484375,0.645263671875,17.333984375,297.607421875,117.431640625
0.16455078125,-0.667236328125,0.6329345703125,12.5732421875,309.6923828125,128.7841796875
-0.052490234375,-0.56689453125,0.6710205078125,11.1083984375,305.419921875,135.43701171875
-0.0556640625,-0.48046875,0.737060546875,11.474609375,298.828125,150.634765625
0.03125,-0.4552001953125,0.8228759765625,-3.662109375,281.18896484375,162.90283203125
0.1226806640625,-0.42578125,0.9056396484375,-20.263671875,275.2685546875,177.6123046875
0.19287109375,-0.4207763671875,0.948486328125,-25.57373046875,270.08056640625,192.3828125
0.2261962890625,-0.4630126953125,1.0157470703125,-24.2919921875,264.6484375,204.7119140625
0.32373046875,-0.519775390625,1.143310546875,-18.37158203125,257.38525390625,211.97509765625
0.4608154296875,-0.5457763671875,1.22265625,-7.6904296875,248.84033203125,212.7685546875
0.5999755859375,-0.505859375,1.4720458984375,6.16455078125,238.037109375,210.5712890625
0.7305908203125,-0.6253662109375,1.587158203125,20.01953125,224.06005859375,196.47216796875
0.8121337890625,-0.700439453125,1.672607421875,28.50341796875,179.3212890625,41.9921875
0.96044921875,-0.9615478515625,1.6903076171875,30.517578125,30.2734375,-19.47021484375
1.090576171875,-1.10595703125,1.6239013671875,24.23095703125,-24.5361328125,-88.07373046875
1.1427001953125,-1.222900390625,1.46337890625,-25.2685546875,-70.6787109375,-116.69921875
1.4486083984375,-1.2635498046875,1.21435546875,-55.908203125,-56.2744140625,-90.14892578125
1.677001953125,-1.1937255859375,0.878173828125,-59.08203125,-52.18505859375,-105.46875
1.9066162109375,-1.0521240234375,-0.022216796875,-28.25927734375,-130.31005859375,-50.6591796875
2.148681640625,-0.85009765625,-2.89697265625,1.46484375,-173.583984375,34.24072265625
2.3853759765625,-0.568359375,-3.41015625,-148.5595703125,-221.13037109375,3.662109375
2.59228515625,0.178955078125,-3.0745849609375,-7.62939453125,-242.37060546875,-53.28369140625
2.80224609375,1.4930419921875,3.3104248046875,-12.0849609375,-222.96142578125,-51.3916015625
3.0684814453125,1.15185546875,1.7969970703125,-32.28759765625,-199.462890625,-35.0341796875
3.4808349609375,0.34375,-0.708984375,-14.58740234375,-171.69189453125,-28.9306640625
3.70947265625,-2.3304443359375,-0.1265869140625,36.7431640625,-140.7470703125,-22.705078125
2.998779296875,-2.595947265625,2.0352783203125,40.6494140625,-121.27685546875,-15.93017578125
2.3294677734375,-0.9384765625,2.2274169921875,59.02099609375,-78.857421875,-5.92041015625
-1.866943359375,-0.2037353515625,2.124267578125,92.10205078125,-57.4951171875,-3.60107421875
-1.0443115234375,-0.498046875,1.7353515625,93.44482421875,-43.0908203125,-4.45556640625
0.5284423828125,-0.308837890625,1.361328125,76.59912109375,-28.4423828125,-3.84521484375
1.5189208984375,0.19140625,1.2791748046875,48.095703125,-22.03369140625,-2.685546875
1.9561767578125,-0.0357666015625,1.35986328125,33.8134765625,-18.61572265625,-2.62451171875
1.9873046875,-0.70068359375,1.2041015625,20.81298828125,-18.798828125,-2.01416015625
2.104736328125,-0.6064453125,0.9681396484375,22.15576171875,-18.9208984375,-2.01416015625
1.9864501953125,-0.1419677734375,0.9013671875,1.89208984375,-26.611328125,-4.45556640625
1.4580078125,-0.0350341796875,0.8929443359375,8.72802734375,-32.1044921875,-4.94384765625
0.904052734375,-0.25146484375,0.8802490234375,12.63427734375,-20.81298828125,-2.685546875
0.86669921875,-0.3773193359375,0.876708984375,14.5263671875,-9.521484375,1.89208984375
0.8634033203125,-0.3031005859375,0.8966064453125,19.71435546875,-4.69970703125,5.79833984375
0.71142578125,-0.2708740234375,0.8834228515625,20.263671875,1.220703125,3.5400390625
0.6302490234375,-0.2510986328125,0.8863525390625,10.7421875,4.69970703125,1.8310546875
0.6131591796875,-0.2637939453125,0.860107421875,-7.8125,3.35693359375,0.0
0.6082763671875,-0.3096923828125,0.8106689453125,-36.31591796875,-1.3427734375,-0.06103515625
0.534423828125,-0.338623046875,0.815185546875,-34.60693359375,-16.6015625,-1.3427734375
0.4886474609375,-0.329833984375,0.831787109375,-29.78515625,-20.8740234375,-2.685546875
0.4696044921875,-0.26416015625,0.801513671875,-18.73779296875,-20.93505859375,-3.90625
0.4486083984375,-0.19873046875,0.8126220703125,-4.45556640625,-19.8974609375,-4.2724609375
0.490234375,-0.201171875,0.845458984375,2.9296875,-16.9677734375,-4.638671875
0.5230712890625,-0.35791015625,0.8551025390625,7.9345703125,-11.5966796875,-4.82177734375
0.5115966796875,-0.3724365234375,0.8538818359375,6.77490234375,-10.1318359375,-5.06591796875
0.4913330078125,-0.3502197265625,0.8424072265625,2.86865234375,-7.99560546875,-4.8828125
0.494384765625,-0.366943359375,0.822998046875,-2.25830078125,-6.4697265625,-4.21142578125
0.4908447265625,-0.3492431640625,0.803466796875,-3.662109375,-5.9814453125,-3.60107421875
0.47412109375,-0.3546142578125,0.7950439453125,-3.11279296875,-6.40869140625,-3.2958984375
0.4710693359375,-0.3536376953125,0.803466796875,-3.11279296875,-7.2021484375,-2.99072265625
0.4571533203125,-0.3502197265625,0.8065185546875,-4.0283203125,-8.7890625,-2.13623046875
0.494140625,-0.33984375,0.805908203125,-4.82177734375,-10.68115234375,-0.91552734375
0.4893798828125,-0.3271484375,0.80712890625,-4.57763671875,-13.12255859375,2.5634765625
0.4859619140625,-0.3258056640625,0.80859375,-3.96728515625,-18.5546875,3.84521484375
0.49755859375,-0.3218994140625,0.80859375,-4.08935546875,-21.05712890625,4.57763671875
0.510986328125,-0.318359375,0.81005859375,-5.0048828125,-23.86474609375,6.7138671875
0.5130615234375,-0.318603515625,0.8118896484375,-9.521484375,-42.66357421875,5.79833984375
0.517333984375,-0.322998046875,0.8126220703125,-12.20703125,-50.59814453125,2.44140625
0.511962890625,-0.3223876953125,0.815185546875,-14.22119140625,-72.6318359375,-6.7138671875
0.503662109375,-0.3157958984375,0.823486328125,-26.3671875,-117.98095703125,-15.380859375
0.505859375,-0.311279296875,0.8251953125,-30.70068359375,-134.033203125,-25.390625
0.505615234375,-0.300048828125,0.828369140625,-39.9169921875,-154.35791015625,-32.1044921875
0.5057373046875,-0.2904052734375,0.8389892578125,-66.83349609375,-171.81396484375,-35.15625
0.511474609375,-0.299072265625,0.8607177734375,-77.08740234375,-197.20458984375,-43.212890625
0.51171875,-0.3048095703125,0.877197265625,-82.6416015625,-224.853515625,-56.70166015625
0.5042724609375,-0.3077392578125,0.865478515625,-78.0029296875,-244.5068359375,-64.51416015625
0.498046875,-0.3377685546875,0.86572265625,-72.08251953125,-270.6298828125,-62.255859375
0.4940185546875,-0.337646484375,0.8726806640625,-67.9931640625,-365.17333984375,-65.12451171875
0.4671630859375,-0.3797607421875,0.906005859375,-71.59423828125,-434.4482421875,-85.75439453125
0.450927734375,-0.4705810546875,0.9395751953125,-79.89501953125,-448.3642578125,-117.3095703125
0.4537353515625,-0.4677734375,0.90625,-130.55419921875,-420.71533203125,-171.32568359375
0.4443359375,-0.4171142578125,0.891357421875,-165.6494140625,-349.30419921875,-181.5185546875
0.41259765625,-0.392578125,0.9857177734375,-161.80419921875,-318.90869140625,-177.30712890625
0.4263916015625,-0.3897705078125,1.162841796875,-117.3095703125,-292.724609375,-145.81298828125
0.4598388671875,-0.3177490234375,1.2054443359375,-25.390625,-225.09765625,-125.67138671875
0.48388671875,-0.1959228515625,1.1015625,-23.0712890625,-87.82958984375,-68.359375
0.4954833984375,-0.489013671875,1.041259765625,-27.77099609375,165.71044921875,-70.12939453125
0.5096435546875,-0.784423828125,1.01318359375,-44.5556640625,198.486328125,-81.72607421875
0.3724365234375,-1.147705078125,1.566162109375,-65.185546875,229.1259765625,-74.462890625
0.7440185546875,-1.36962890625,2.0321044921875,-31.79931640625,234.06982421875,-55.84716796875
1.022705078125,-1.474365234375,2.2347412109375,-31.494140625,238.6474609375,-9.8876953125
1.4776611328125,-1.2537841796875,2.3809814453125,12.51220703125,235.4736328125,11.962890625
1.86572265625,-0.939453125,2.5118408203125,21.3623046875,234.19189453125,52.490234375
1.91015625,-0.9329833984375,1.422119140625,22.705078125,237.97607421875,71.1669921875
1.51904296875,-0.791015625,0.708251953125,31.1279296875,242.7978515625,87.70751953125
1.31201171875,-0.9176025390625,0.6339111328125,37.59765625,248.4130859375,100.830078125
1.4268798828125,-0.6605224609375,0.605712890625,42.96875,255.31005859375,114.92919921875
1.775634765625,-0.5406494140625,0.5654296875,37.29248046875,287.109375,114.31884765625
1.1510009765625,-0.420166015625,0.5693359375,28.1982421875,294.86083984375,114.31884765625
0.1680908203125,-0.4105224609375,0.6334228515625,20.8740234375,299.37744140625,115.8447265625
-0.017822265625,-0.54296875,0.685791015625,18.49365234375,302.1240234375,118.896484375
0.0269775390625,-0.578369140625,0.7552490234375,18.24951171875,302.24609375,123.6572265625
0.0718994140625,-0.56396484375,0.8267822265625,13.48876953125,298.64501953125,128.96728515625
0.02294921875,-0.4398193359375,0.9813232421875,6.34765625,292.1142578125,134.27734375
0.0472412109375,-0.412109375,1.005126953125,-0.18310546875,284.1796875,140.0146484375
0.1129150390625,-0.439208984375,1.0374755859375,-6.103515625,275.93994140625,145.3857421875
