0.6278076171875,-0.289794921875,0.8253173828125,0.48828125,-0.8544921875,0.3662109375
0.5653076171875,-0.30224609375,0.83056640625,2.44140625,-0.48828125,-0.3662109375
0.517333984375,-0.2860107421875,0.836181640625,-0.48828125,-0.54931640625,-2.01416015625
0.5045166015625,-0.2939453125,0.8468017578125,-7.4462890625,-1.64794921875,-3.662109375
0.4925537109375,-0.30224609375,0.8541259765625,-14.0380859375,-2.50244140625,-4.39453125
0.47802734375,-0.3056640625,0.8228759765625,-16.66259765625,-3.11279296875,-3.90625
0.478759765625,-0.313232421875,0.82080078125,-14.46533203125,-6.2255859375,-3.662109375
0.4698486328125,-0.3096923828125,0.818359375,-8.30078125,-6.9580078125,-4.0283203125
0.460205078125,-0.3056640625,0.8214111328125,-1.64794921875,-7.9345703125,-3.60107421875
0.4686279296875,-0.3037109375,0.826904296875,3.173828125,-9.09423828125,-3.41796875
0.471923828125,-0.29638671875,0.825439453125,1.46484375,-9.46044921875,-5.06591796875
0.4700927734375,-0.2872314453125,0.824951171875,-1.220703125,-11.90185546875,-5.55419921875
0.47900390625,-0.2694091796875,0.821533203125,-1.8310546875,-14.34326171875,-6.65283203125
0.4893798828125,-0.26708984375,0.8250732421875,-3.41796875,-22.4609375,-7.50732421875
0.4886474609375,-0.2806396484375,0.8228759765625,-5.37109375,-26.4892578125,-6.4697265625
0.49365234375,-0.3028564453125,0.827392578125,-2.8076171875,-32.2265625,-6.2255859375
0.5064697265625,-0.3148193359375,0.8338623046875,-15.2587890625,-43.39599609375,-7.568359375
0.5047607421875,-0.3145751953125,0.843994140625,-20.751953125,-53.22265625,-5.79833984375
0.5010986328125,-0.30859375,0.8431396484375,-23.37646484375,-64.63623046875,-8.056640625
0.49560546875,-0.29443359375,0.85498046875,-27.83203125,-78.30810546875,-14.16015625
0.49609375,-0.294677734375,0.860595703125,-31.73828125,-142.88330078125,-23.4375
0.5001220703125,-0.294921875,0.8890380859375,-36.92626953125,-170.7763671875,-47.36328125
0.501220703125,-0.294677734375,0.9136962890625,-40.771484375,-195.4345703125,-81.84814453125
0.4810791015625,-0.279296875,0.906982421875,-71.1669921875,-248.6572265625,-92.6513671875
0.4827880859375,-0.2899169921875,0.9071044921875,-80.13916015625,-281.92138671875,-97.47314453125
0.4888916015625,-0.3089599609375,0.91357421875,-78.79638671875,-310.1806640625,-101.86767578125
0.48779296875,-0.3131103515625,0.94580078125,-66.58935546875,-349.06005859375,-115.78369140625
0.480712890625,-0.3111572265625,0.934814453125,-57.6171875,-381.34765625,-133.30078125
0.4854736328125,-0.2637939453125,0.9427490234375,-58.53271484375,-391.41845703125,-146.484375
0.5001220703125,-0.2569580078125,0.9791259765625,-67.32177734375,-388.85498046875,-155.09033203125
0.4522705078125,-0.306640625,1.0653076171875,-80.810546875,-380.92041015625,-153.86962890625
0.471435546875,-0.2879638671875,1.0889892578125,-78.4912109375,-336.9140625,-155.09033203125
0.4525146484375,-0.2269287109375,1.1395263671875,-68.2373046875,-290.58837890625,-141.29638671875
0.453857421875,-0.3077392578125,1.2388916015625,-57.12890625,-285.64453125,-102.6611328125
0.4688720703125,-0.3338623046875,1.32421875,-53.1005859375,-207.33642578125,-37.4755859375
0.4739990234375,-0.4176025390625,1.27978515625,-54.50439453125,-83.67919921875,-33.26416015625
0.4625244140625,-0.493408203125,1.290283203125,-55.7861328125,116.63818359375,-34.5458984375
0.3961181640625,-0.443603515625,1.416259765625,-46.630859375,148.49853515625,-21.66748046875
0.4049072265625,-0.527099609375,1.78515625,-69.15283203125,169.37255859375,-6.591796875
0.41845703125,-0.5845947265625,2.1280517578125,-36.62109375,177.30712890625,7.080078125
0.4559326171875,-0.755859375,2.288330078125,-33.203125,185.546875,19.47021484375
0.514404296875,-0.9432373046875,2.7481689453125,-22.94921875,196.2890625,30.94482421875
0.6151123046875,-1.0865478515625,2.4715576171875,-26.79443359375,209.16748046875,42.724609375
0.88916015625,-1.283203125,1.5504150390625,-27.7099609375,224.42626953125,54.62646484375
1.2603759765625,-1.2442626953125,1.10595703125,-21.66748046875,239.501953125,65.97900390625
1.6007080078125,-1.0079345703125,1.1097412109375,-10.8642578125,251.3427734375,75.50048828125
1.7362060546875,-0.7862548828125,1.095458984375,0.244140625,258.544921875,90.39306640625
1.752685546875,-0.7548828125,1.081787109375,8.056640625,262.0849609375,94.90966796875
1.9295654296875,-1.2103271484375,1.0670166015625,11.3525390625,268.9208984375,98.44970703125
1.3607177734375,-1.080078125,1.0484619140625,9.1552734375,273.92578125,106.99462890625
0.8702392578125,-0.654541015625,1.000732421875,5.0048828125,279.296875,116.0888671875
1.1907958984375,-0.2838134765625,0.9305419921875,1.40380859375,287.353515625,121.39892578125
1.7344970703125,-0.2579345703125,0.867431640625,2.99072265625,285.0341796875,130.0048828125
0.537353515625,-0.3424072265625,0.84814453125,4.638671875,279.541015625,143.37158203125
-0.3214111328125,-0.4378662109375,0.932861328125,1.77001953125,273.37646484375,189.75830078125
-0.280517578125,-0.482666015625,0.9842529296875,-5.31005859375,266.78466796875,199.27978515625
-0.17919921875,-0.4693603515625,1.0194091796875,-8.9111328125,241.3330078125,208.43505859375
-0.117919921875,-0.41455078125,1.0601806640625,-12.6953125,233.5205078125,210.0830078125
-0.045654296875,-0.34521484375,1.1156005859375,-17.4560546875,221.61865234375,124.8779296875
0.0347900390625,-0.291259765625,1.1890869140625,-17.578125,199.21875,1.03759765625
0.135498046875,-0.283203125,1.2833251953125,-2.9296875,93.017578125,-55.11474609375
0.211181640625,-0.39453125,1.3818359375,26.18408203125,-14.34326171875,-102.11181640625
0.244140625,-0.4437255859375,1.4962158203125,16.05224609375,-47.42431640625,-140.13671875
0.270751953125,-0.4608154296875,1.4241943359375,-6.4697265625,-77.81982421875,-162.65869140625
0.3370361328125,-0.484375,1.054931640625,-30.3955078125,-94.482421875,-156.31103515625
0.584228515625,-0.6038818359375,0.356201171875,-29.6630859375,-98.57177734375,-115.478515625
0.70068359375,-0.698974609375,-1.1536865234375,-2.62451171875,-74.89013671875,-55.23681640625
0.79736328125,-0.7999267578125,-1.780517578125,28.13720703125,-80.62744140625,-71.59423828125
0.9332275390625,-0.889892578125,-2.3309326171875,105.65185546875,-191.22314453125,-49.4384765625
1.0306396484375,-1.2008056640625,-2.1151123046875,41.80908203125,-162.29248046875,-25.2685546875
1.1318359375,-1.2919921875,-0.9248046875,-8.4228515625,-170.166015625,-26.30615234375
1.2716064453125,-1.0506591796875,0.8272705078125,-0.6103515625,-178.8330078125,-24.84130859375
1.4102783203125,-0.359130859375,1.8179931640625,-5.18798828125,-139.46533203125,-10.80322265625
1.9962158203125,0.661376953125,1.36669921875,11.77978515625,-83.43505859375,-4.69970703125
2.31103515625,1.00439453125,2.13671875,27.83203125,-66.0400390625,-6.2255859375
2.790771484375,0.6580810546875,1.4281005859375,67.2607421875,-48.7060546875,-1.5869140625
2.9854736328125,0.005859375,0.9566650390625,46.875,-29.23583984375,-4.39453125
3.3585205078125,-0.579833984375,0.8916015625,16.4794921875,-23.25439453125,-8.97216796875
3.3779296875,-1.17236328125,1.7156982421875,27.77099609375,-17.9443359375,-3.41796875
2.67236328125,-1.4910888671875,1.5328369140625,19.83642578125,-12.75634765625,-2.197265625
2.394775390625,-1.18212890625,0.817626953125,3.662109375,-24.169921875,-4.150390625
1.0067138671875,0.9146728515625,0.92138671875,12.6953125,-34.0576171875,-6.34765625
-0.2698974609375,-0.96923828125,0.971435546875,21.91162109375,-26.0009765625,-5.37109375
-0.618408203125,-1.823974609375,0.8941650390625,19.1650390625,-13.7939453125,-5.06591796875
-0.2626953125,-1.1806640625,0.8570556640625,15.0146484375,-2.197265625,-6.103515625
1.5751953125,0.122802734375,0.87451171875,17.08984375,-1.52587890625,-6.28662109375
1.533935546875,0.4903564453125,0.861572265625,13.5498046875,-4.7607421875,-7.32421875
1.33837890625,-0.4840087890625,0.861083984375,1.40380859375,-6.53076171875,-8.056640625
1.051025390625,-0.6439208984375,0.802490234375,-3.41796875,-7.26318359375,-7.99560546875
1.4764404296875,-0.1046142578125,0.7789306640625,-1.708984375,-9.3994140625,-6.89697265625
1.20849609375,-0.26318359375,0.7943115234375,0.30517578125,-11.53564453125,-7.080078125
0.6151123046875,-0.40380859375,0.822998046875,3.5400390625,-12.3291015625,-6.7138671875
0.710205078125,-0.2703857421875,0.8448486328125,2.62451171875,-10.8642578125,-6.40869140625
0.704345703125,-0.208740234375,0.8465576171875,-0.732421875,-9.58251953125,-7.568359375
0.611572265625,-0.2425537109375,0.8468017578125,-7.4462890625,-9.09423828125,-8.30078125
0.5191650390625,-0.3016357421875,0.8397216796875,-9.8876953125,-11.1083984375,-7.080078125
0.5179443359375,-0.337158203125,0.82958984375,-13.18359375,-14.09912109375,-5.9814453125
0.4215087890625,-0.287109375,0.8277587890625,-16.357421875,-16.7236328125,-3.96728515625
0.4547119140625,-0.284423828125,0.828857421875,-19.4091796875,-20.6298828125,-2.01416015625
0.5174560546875,-0.260009765625,0.8245849609375,-14.46533203125,-25.45166015625,-1.3427734375
0.526611328125,-0.257568359375,0.8287353515625,-14.6484375,-36.31591796875,-0.30517578125
0.5101318359375,-0.265869140625,0.828857421875,-16.41845703125,-44.12841796875,-1.64794921875
0.478759765625,-0.271484375,0.8323974609375,-19.287109375,-58.349609375,-5.37109375
0.494873046875,-0.26611328125,0.83349609375,-26.85546875,-82.8857421875,-8.7890625
0.49560546875,-0.2557373046875,0.835693359375,-31.8603515625,-109.68017578125,-12.14599609375
0.48095703125,-0.257568359375,0.8380126953125,-40.6494140625,-125.91552734375,-15.380859375
0.4814453125,-0.2508544921875,0.844482421875,-48.4619140625,-144.83642578125,-17.15087890625
0.50732421875,-0.2415771484375,0.872314453125,-49.01123046875,-157.2265625,-18.9208984375
0.51416015625,-0.2864990234375,0.8792724609375,-51.26953125,-169.189453125,-40.95458984375
0.51416015625,-0.249267578125,0.87841796875,-53.89404296875,-186.279296875,-30.94482421875
0.504638671875,-0.2374267578125,0.8681640625,-53.40576171875,-223.388671875,-37.17041015625
0.5072021484375,-0.23974609375,0.861083984375,-50.6591796875,-379.94384765625,-67.19970703125
0.5325927734375,-0.238037109375,0.8509521484375,-50.537109375,-402.64892578125,-102.1728515625
0.549072265625,-0.2537841796875,0.842529296875,-51.3916015625,-394.4091796875,-135.07080078125
0.5360107421875,-0.25244140625,0.86083984375,-142.333984375,-382.75146484375,-159.48486328125
0.5133056640625,-0.2603759765625,0.8873291015625,-157.53173828125,-369.62890625,-169.7998046875
0.513671875,-0.2808837890625,0.92578125,-134.765625,-337.46337890625,-168.39599609375
0.509765625,-0.28125,1.2012939453125,-98.32763671875,-305.17578125,-148.74267578125
0.4752197265625,-0.299072265625,1.21923828125,-64.0869140625,-310.97412109375,-114.44091796875
0.47802734375,-0.3223876953125,1.2244873046875,-35.09521484375,-279.72412109375,-62.744140625
0.502197265625,-0.33740234375,1.2069091796875,-33.0810546875,-115.72265625,-32.2265625
0.4976806640625,-0.301025390625,1.149169921875,-66.0400390625,43.5791015625,-34.7900390625
0.489501953125,-0.282470703125,1.0703125,-88.37890625,192.2607421875,-63.720703125
0.496337890625,-0.338623046875,1.569091796875,-86.3037109375,238.58642578125,-75.01220703125
0.5181884765625,-0.3818359375,2.171142578125,-60.546875,242.61474609375,-70.49560546875
0.560791015625,-0.759765625,2.2041015625,0.54931640625,238.037109375,-56.640625
0.6033935546875,-1.07421875,2.3822021484375,20.32470703125,233.2763671875,-37.353515625
0.5487060546875,-1.1978759765625,3.2008056640625,49.072265625,229.43115234375,-17.333984375
0.9508056640625,-1.3824462890625,2.8841552734375,55.17578125,232.666015625,-0.06103515625
1.3359375,-1.445068359375,1.5787353515625,48.095703125,240.234375,12.8173828125
1.5821533203125,-1.1611328125,0.933837890625,36.31591796875,247.1923828125,22.76611328125
1.547607421875,-0.8126220703125,0.6790771484375,26.7333984375,254.5166015625,52.490234375
1.382080078125,-0.578369140625,0.671142578125,23.86474609375,260.19287109375,62.19482421875
1.437744140625,-0.8184814453125,0.7291259765625,27.2216796875,265.68603515625,71.044921875
1.347900390625,-1.6185302734375,0.829345703125,33.3251953125,264.83154296875,78.55224609375
1.277099609375,-1.677734375,0.860595703125,37.59765625,265.380859375,97.16796875
1.4793701171875,-1.0439453125,0.831787109375,24.59716796875,267.822265625,108.7646484375
1.572021484375,-0.5570068359375,0.7833251953125,18.73779296875,269.71435546875,120.91064453125
2.3865966796875,-0.1990966796875,0.7445068359375,15.56396484375,269.34814453125,132.99560546875
1.823486328125,-0.1319580078125,0.7021484375,15.07568359375,266.845703125,144.6533203125
-0.00830078125,-0.2034912109375,0.7327880859375,8.60595703125,262.451171875,156.005859375
-0.3966064453125,-0.352294921875,0.7686767578125,2.38037109375,255.79833984375,167.29736328125
-0.208251953125,-0.4957275390625,0.7974853515625,-3.72314453125,247.86376953125,176.7578125
-0.0699462890625,-0.586669921875,0.8597412109375,-11.41357421875,241.943359375,183.837890625
0.0423583984375,-0.6204833984375,0.8997802734375,-18.98193359375,234.06982421875,187.68310546875
0.1673583984375,-0.6046142578125,0.9517822265625,-25.81787109375,226.50146484375,188.90380859375
0.2198486328125,-0.5989990234375,1.0225830078125,-29.11376953125,219.17724609375,190.61279296875
0.22705078125,-0.669921875,1.117431640625,-27.34375,215.02685546875,194.51904296875
0.2403564453125,-0.7437744140625,1.22705078125,-20.08056640625,214.599609375,200.74462890625
0.272216796875,-0.7969970703125,1.3436279296875,-10.68115234375,214.29443359375,-29.541015625
0.4630126953125,-0.822509765625,1.44140625,-1.40380859375,200.37841796875,-92.041015625
0.537109375,-0.8370361328125,1.5029296875,4.0283203125,-0.48828125,-141.4794921875
0.6190185546875,-0.84033203125,1.5211181640625,1.5869140625,-57.0068359375,-65.673828125
0.700927734375,-0.85009765625,1.5045166015625,-15.31982421875,-73.91357421875,18.310546875
0.8460693359375,-0.8856201171875,1.4493408203125,-41.68701171875,-114.8681640625,-32.16552734375
0.9075927734375,-0.9241943359375,1.3212890625,-19.04296875,-203.0029296875,-31.3720703125
0.959716796875,-0.9739990234375,0.903564453125,8.9111328125,-186.46240234375,-37.78076171875
1.0125732421875,-1.0372314453125,-2.6156005859375,-13.36669921875,-147.03369140625,-29.11376953125
1.07421875,-1.099609375,-2.6153564453125,-17.76123046875,-97.16796875,-18.61572265625
1.167724609375,-1.128173828125,-2.1019287109375,23.8037109375,-78.91845703125,-15.380859375
1.2867431640625,-1.098388671875,0.40087890625,54.99267578125,-63.41552734375,-14.83154296875
1.431640625,-0.98583984375,1.275146484375,54.13818359375,-31.494140625,-16.11328125
1.6025390625,-0.814697265625,1.04931640625,21.97265625,-32.53173828125,-12.75634765625
1.7823486328125,-0.4229736328125,1.406982421875,47.42431640625,-23.49853515625,-11.3525390625
1.993408203125,1.3001708984375,1.720458984375,20.20263671875,-22.0947265625,-13.12255859375
2.196044921875,0.5196533203125,1.1640625,17.51708984375,-22.216796875,-11.8408203125
2.3480224609375,-0.22265625,0.78759765625,25.20751953125,-19.47021484375,-8.85009765625
2.6351318359375,-1.214111328125,0.9722900390625,20.3857421875,-13.85498046875,-6.2255859375
2.9935302734375,0.58154296875,0.8502197265625,21.30126953125,-8.36181640625,-3.60107421875
2.6348876953125,-1.853271484375,0.860595703125,26.91650390625,-6.89697265625,-2.9296875
2.5322265625,-0.1085205078125,0.8961181640625,23.74267578125,-3.60107421875,-5.31005859375
-0.674560546875,0.6663818359375,0.8673095703125,13.97705078125,-1.708984375,-5.55419921875
1.735107421875,-0.2574462890625,0.86669921875,1.64794921875,-2.01416015625,-5.7373046875
1.577392578125,-0.9296875,0.8409423828125,-14.16015625,-4.2724609375,-6.53076171875
1.542236328125,-0.173828125,0.82861328125,-19.71435546875,-6.7138671875,-6.34765625
1.478515625,-0.4708251953125,0.8126220703125,-4.45556640625,-12.14599609375,-5.92041015625
0.6553955078125,-0.33837890625,0.789794921875,0.0,-12.14599609375,-5.4931640625
0.6014404296875,-0.205322265625,0.78759765625,3.41796875,-9.27734375,-5.06591796875
0.5706787109375,-0.330078125,0.8504638671875,4.2724609375,-10.498046875,-4.8828125
0.5093994140625,-0.2073974609375,0.8489990234375,3.35693359375,-9.09423828125,-4.7607421875
0.551025390625,-0.1986083984375,0.8419189453125,0.79345703125,-9.09423828125,-4.94384765625
0.5684814453125,-0.2139892578125,0.8240966796875,-0.79345703125,-8.056640625,-5.55419921875
0.532958984375,-0.25146484375,0.8143310546875,-1.0986328125,-7.8125,-5.7373046875
0.5140380859375,-0.3328857421875,0.816162109375,-2.50244140625,-8.23974609375,-5.37109375
0.5205078125,-0.3646240234375,0.8197021484375,-4.45556640625,-8.48388671875,-5.31005859375
0.5133056640625,-0.285888671875,0.822998046875,-6.34765625,-9.6435546875,-5.0048828125
0.5025634765625,-0.280029296875,0.822021484375,-6.4697265625,-11.23046875,-4.45556640625
0.5010986328125,-0.2965087890625,0.8201904296875,-5.67626953125,-13.61083984375,-2.8076171875
0.50537109375,-0.2982177734375,0.82666015625,-5.55419921875,-17.2119140625,-2.8076171875
0.4967041015625,-0.2862548828125,0.829833984375,-5.126953125,-23.4375,-3.173828125
0.4969482421875,-0.2762451171875,0.829345703125,-6.04248046875,-35.94970703125,-11.71875
0.49365234375,-0.2696533203125,0.827392578125,-9.033203125,-43.212890625,-17.51708984375
0.5010986328125,-0.269287109375,0.8291015625,-14.2822265625,-102.294921875,-37.78076171875
0.5150146484375,-0.2718505859375,0.83740234375,-18.24951171875,-123.1689453125,-56.7626953125
0.5185546875,-0.2742919921875,0.8450927734375,-22.64404296875,-168.64013671875,-65.3076171875
0.5152587890625,-0.2786865234375,0.8607177734375,-53.16162109375,-226.6845703125,-96.61865234375
0.512939453125,-0.2744140625,0.87353515625,-59.02099609375,-255.37109375,-93.32275390625
0.5050048828125,-0.265380859375,0.881591796875,-65.73486328125,-294.37255859375,-91.97998046875
0.493896484375,-0.273193359375,0.93798828125,-47.9736328125,-331.48193359375,-99.42626953125
0.496826171875,-0.27490234375,0.9371337890625,-37.29248046875,-400.634765625,-118.10302734375
0.509521484375,-0.2625732421875,0.910888671875,-35.58349609375,-476.07421875,-153.6865234375
0.51611328125,-0.2579345703125,0.9384765625,-53.1005859375,-483.21533203125,-171.38671875
0.5185546875,-0.2591552734375,0.945068359375,-80.99365234375,-410.15625,-183.65478515625
0.5086669921875,-0.2440185546875,0.9991455078125,-116.02783203125,-366.88232421875,-192.19970703125
0.489990234375,-0.26318359375,1.122802734375,-113.46435546875,-346.435546875,-180.23681640625
0.4912109375,-0.33984375,1.2510986328125,-62.98828125,-263.36669921875,-163.02490234375
0.4898681640625,-0.343505859375,1.2200927734375,-26.0009765625,-239.74609375,-97.59521484375
0.4783935546875,-0.462890625,1.0374755859375,-31.3720703125,-100.9521484375,-65.73486328125
0.486328125,-0.3536376953125,0.931396484375,-47.7294921875,29.84619140625,-56.2744140625
0.432373046875,-0.3555908203125,1.1151123046875,-41.015625,149.71923828125,-54.26025390625
0.41845703125,-0.337646484375,1.3802490234375,-64.63623046875,193.115234375,-45.7763671875
0.4254150390625,-0.3248291015625,2.19775390625,-91.24755859375,208.0078125,-22.39990234375
0.464599609375,-0.3612060546875,2.510009765625,-60.24169921875,206.84814453125,11.16943359375
0.4674072265625,-0.5531005859375,2.7164306640625,-29.541015625,200.37841796875,46.20361328125
0.4945068359375,-1.0323486328125,3.187255859375,9.033203125,198.30322265625,74.951171875
0.56396484375,-1.335693359375,2.866943359375,27.40478515625,204.04052734375,93.32275390625
0.757080078125,-1.252685546875,1.61376953125,24.5361328125,215.51513671875,108.3984375
1.1513671875,-1.3287353515625,0.9993896484375,4.21142578125,230.1025390625,111.328125
1.734619140625,-0.9664306640625,0.7503662109375,-15.380859375,251.3427734375,115.05126953125
2.0230712890625,-0.65185546875,0.723876953125,-21.78955078125,257.568359375,110.3515625
1.9140625,-0.5943603515625,0.7906494140625,-16.90673828125,265.07568359375,105.5908203125
1.97705078125,-1.1573486328125,0.9000244140625,3.90625,276.123046875,101.6845703125
1.3544921875,-1.5325927734375,0.9486083984375,8.6669921875,283.75244140625,99.12109375
1.13916015625,-1.2825927734375,0.92578125,6.103515625,291.015625,98.93798828125
1.8629150390625,-0.9266357421875,0.81298828125,4.7607421875,296.7529296875,100.5859375
2.31298828125,-0.5250244140625,0.78662109375,2.5634765625,299.49951171875,103.6376953125
1.2142333984375,-0.3157958984375,0.8839111328125,-5.31005859375,298.33984375,108.33740234375
-0.004638671875,-0.22265625,1.038818359375,-17.27294921875,294.25048828125,114.2578125
-0.452880859375,-0.2789306640625,1.110595703125,-30.029296875,286.92626953125,121.826171875
-0.4444580078125,-0.397705078125,1.1370849609375,-37.90283203125,279.35791015625,129.7607421875
-0.29443359375,-0.4661865234375,1.1417236328125,-40.58837890625,274.90234375,135.7421875
-0.126220703125,-0.3448486328125,1.1446533203125,-39.48974609375,273.3154296875,137.20703125
0.0531005859375,-0.2421875,1.1737060546875,-35.21728515625,271.42333984375,134.09423828125
0.17138671875,-0.1871337890625,1.237060546875,-31.494140625,270.56884765625,132.26318359375
0.2196044921875,-0.2340087890625,1.3238525390625,-31.005859375,269.95849609375,132.4462890625
0.280517578125,-0.2430419921875,1.4129638671875,-28.50341796875,267.51708984375,136.29150390625
0.3316650390625,-0.191162109375,1.5040283203125,-21.05712890625,261.65771484375,140.80810546875
0.5325927734375,-0.1612548828125,1.5906982421875,-10.43701171875,252.38037109375,143.310546875
0.679443359375,-0.1951904296875,1.665283203125,-6.9580078125,235.107421875,118.46923828125
0.93212890625,-0.280029296875,1.7308349609375,-12.3291015625,191.650390625,34.3017578125
1.0186767578125,-0.3804931640625,1.710205078125,-28.25927734375,97.65625,-42.78564453125
1.07177734375,-0.47900390625,1.5321044921875,-49.74365234375,48.828125,-132.50732421875
1.0877685546875,-0.54736328125,1.2254638671875,-62.255859375,-88.5009765625,-109.80224609375
1.099609375,-0.601806640625,0.8138427734375,-50.59814453125,-106.87255859375,-92.529296875
1.135986328125,-0.6536865234375,0.4215087890625,-33.0810546875,-109.7412109375,-45.59326171875
1.1851806640625,-0.71630859375,-0.03759765625,13.73291015625,-175.1708984375,-78.06396484375
1.2713623046875,-0.8114013671875,-1.199951171875,28.50341796875,-205.13916015625,-30.82275390625
1.412109375,-0.8756103515625,-1.953369140625,18.00537109375,-191.22314453125,-36.80419921875
1.5780029296875,-0.793701171875,-1.9136962890625,55.0537109375,-176.94091796875,-25.20751953125
1.765625,-0.57666015625,1.6917724609375,-1.8310546875,-162.90283203125,-8.97216796875
1.9749755859375,-0.350830078125,1.5997314453125,1.03759765625,-81.23779296875,-3.96728515625
2.1983642578125,-0.2017822265625,0.9210205078125,27.64892578125,-54.5654296875,-1.8310546875
2.3851318359375,-0.066650390625,1.2135009765625,49.62158203125,-38.51318359375,-4.57763671875
2.5096435546875,0.38916015625,2.0986328125,40.6494140625,-33.38623046875,-6.40869140625
2.62939453125,0.6795654296875,1.08740234375,25.0244140625,-26.7333984375,-6.9580078125
2.72216796875,0.0335693359375,1.4564208984375,6.40869140625,-20.3857421875,-8.97216796875
2.81005859375,-1.033203125,1.20849609375,-1.220703125,-23.4375,-9.58251953125
3.025390625,-0.5162353515625,1.017822265625,10.7421875,-24.0478515625,-9.09423828125
3.382080078125,0.29296875,0.9638671875,17.63916015625,-27.2216796875,-7.50732421875
2.4443359375,0.7850341796875,0.876220703125,19.47021484375,-33.99658203125,-6.7138671875
-0.8427734375,0.03125,0.8505859375,23.74267578125,-30.09033203125,-6.04248046875
-0.0762939453125,-1.0291748046875,0.870849609375,25.81787109375,-19.22607421875,-5.37109375
1.162109375,-0.018310546875,0.8892822265625,23.86474609375,-12.87841796875,-5.615234375
1.6358642578125,-0.222412109375,0.887939453125,19.34814453125,-8.30078125,-6.89697265625
1.9139404296875,-0.291748046875,0.893798828125,13.24462890625,-5.79833984375,-8.7890625
1.249267578125,-0.1661376953125,0.8795166015625,2.62451171875,-3.96728515625,-9.70458984375
1.3463134765625,-0.3978271484375,0.8349609375,-7.62939453125,-3.2958984375,-9.94873046875
0.8040771484375,-0.41552734375,0.8070068359375,-12.14599609375,-4.21142578125,-9.46044921875
0.680419921875,-0.3023681640625,0.7913818359375,-11.29150390625,-5.79833984375,-8.544921875
0.6343994140625,-0.304443359375,0.781005859375,-5.67626953125,-8.6669921875,-7.26318359375
0.505126953125,-0.2962646484375,0.7987060546875,-0.3662109375,-10.8642578125,-6.591796875
0.489990234375,-0.24072265625,0.8194580078125,3.35693359375,-12.20703125,-6.65283203125
0.5220947265625,-0.2095947265625,0.8319091796875,5.18798828125,-12.26806640625,-6.77490234375
0.4866943359375,-0.218017578125,0.8404541015625,1.03759765625,-12.14599609375,-6.9580078125
0.4752197265625,-0.2598876953125,0.845703125,-4.45556640625,-12.6953125,-6.9580078125
0.4801025390625,-0.3154296875,0.843994140625,-7.9345703125,-13.427734375,-7.2021484375
0.4898681640625,-0.356201171875,0.829833984375,-9.21630859375,-14.46533203125,-7.568359375
0.513671875,-0.353271484375,0.8260498046875,-9.521484375,-15.68603515625,-6.89697265625
0.5130615234375,-0.3502197265625,0.827880859375,-9.521484375,-16.66259765625,-5.9814453125
0.5050048828125,-0.340087890625,0.8309326171875,-9.765625,-20.263671875,-4.8828125
0.500732421875,-0.3001708984375,0.832275390625,-9.82666015625,-25.45166015625,-3.5400390625
0.490966796875,-0.278564453125,0.830810546875,-9.82666015625,-29.23583984375,-2.13623046875
0.4912109375,-0.273193359375,0.830322265625,-12.02392578125,-33.8134765625,-1.15966796875
0.49560546875,-0.271240234375,0.8333740234375,-15.44189453125,-39.12353515625,0.1220703125
0.4989013671875,-0.2662353515625,0.8359375,-18.310546875,-46.5087890625,-0.91552734375
0.506103515625,-0.26708984375,0.847412109375,-20.69091796875,-55.35888671875,-2.62451171875
0.503173828125,-0.2716064453125,0.853515625,-24.35302734375,-80.74951171875,-28.38134765625
0.488525390625,-0.273681640625,0.853515625,-28.6865234375,-97.7783203125,-37.9638671875
0.497314453125,-0.2711181640625,0.855712890625,-34.1796875,-180.84716796875,-48.03466796875
0.4979248046875,-0.279296875,0.8564453125,-43.88427734375,-203.125,-59.5703125
0.499267578125,-0.2811279296875,0.8585205078125,-50.78125,-230.40771484375,-75.98876953125
0.510009765625,-0.272705078125,0.8712158203125,-66.2841796875,-253.5400390625,-86.5478515625
0.5101318359375,-0.2589111328125,0.888671875,-55.84716796875,-272.5830078125,-83.251953125
0.501953125,-0.235595703125,0.913330078125,-45.10498046875,-300.9033203125,-80.4443359375
0.50048828125,-0.234375,0.887451171875,-42.78564453125,-343.68896484375,-88.19580078125
0.5062255859375,-0.2374267578125,0.9200439453125,-46.32568359375,-413.75732421875,-119.68994140625
0.4932861328125,-0.2392578125,0.9483642578125,-49.49951171875,-473.44970703125,-158.69140625
0.4954833984375,-0.244140625,0.973876953125,-72.69287109375,-442.5048828125,-169.12841796875
0.513671875,-0.244140625,0.9962158203125,-110.41259765625,-387.51220703125,-183.59375
0.513916015625,-0.29248046875,0.9691162109375,-140.56396484375,-367.431640625,-195.556640625
0.50830078125,-0.3079833984375,1.0830078125,-108.70361328125,-350.89111328125,-196.6552734375
0.5045166015625,-0.3863525390625,1.234375,-49.37744140625,-307.0068359375,-179.01611328125
0.4932861328125,-0.467529296875,1.2047119140625,-25.45166015625,-300.59814453125,-88.0126953125
0.4869384765625,-0.3917236328125,1.07666015625,-35.5224609375,-252.8076171875,-58.16650390625
0.451904296875,-0.351806640625,1.0811767578125,-37.29248046875,80.99365234375,-72.20458984375
0.4215087890625,-0.40087890625,1.3031005859375,-56.45751953125,199.5849609375,-69.03076171875
0.4664306640625,-0.3629150390625,1.4591064453125,-68.603515625,256.4697265625,-49.13330078125
0.504638671875,-0.3123779296875,1.8719482421875,-118.5302734375,253.662109375,22.705078125
0.5069580078125,-0.3800048828125,2.2960205078125,-80.99365234375,244.44580078125,112.48779296875
0.4466552734375,-0.7740478515625,2.53125,19.59228515625,219.23828125,125.3662109375
0.4588623046875,-1.3150634765625,3.21630859375,42.90771484375,226.25732421875,131.04248046875
0.6346435546875,-1.3538818359375,2.6802978515625,44.43359375,235.4736328125,132.4462890625
0.91748046875,-1.1644287109375,0.9178466796875,3.7841796875,244.140625,131.04248046875
1.404296875,-1.3480224609375,0.6436767578125,-0.42724609375,250.06103515625,126.28173828125
1.9278564453125,-1.284912109375,0.54638671875,5.4931640625,255.37109375,118.896484375
1.9141845703125,-0.868408203125,0.648681640625,4.8828125,261.41357421875,109.68017578125
1.681884765625,-0.56103515625,0.8245849609375,-1.0986328125,269.71435546875,101.1962890625
1.6541748046875,-1.2449951171875,0.8157958984375,-8.7890625,279.296875,95.458984375
1.3624267578125,-1.68212890625,0.8023681640625,-13.18359375,288.2080078125,93.505859375
1.203857421875,-1.12158203125,0.823974609375,-13.97705078125,295.47119140625,94.6044921875
1.385986328125,-0.6016845703125,0.8917236328125,-13.00048828125,299.37744140625,97.35107421875
2.6263427734375,-0.3485107421875,0.9937744140625,-15.2587890625,298.9501953125,101.62353515625
1.407470703125,-0.302490234375,1.086181640625,-21.728515625,294.86083984375,107.91015625
-0.1904296875,-0.523193359375,1.1436767578125,-29.47998046875,287.4755859375,115.29541015625
-0.2509765625,-0.3681640625,1.1685791015625,-34.0576171875,279.11376953125,123.84033203125
-0.23046875,-0.201904296875,1.167236328125,-33.935546875,272.5830078125,139.46533203125
-0.0372314453125,-0.0947265625,1.1617431640625,-31.67724609375,268.61572265625,142.76123046875
0.243408203125,-0.0771484375,1.189697265625,-28.4423828125,273.74267578125,145.32470703125
0.2989501953125,-0.128662109375,1.2503662109375,-24.10888671875,278.564453125,149.84130859375
0.33984375,-0.192626953125,1.3310546875,-19.04296875,277.9541015625,156.494140625
0.4019775390625,-0.2100830078125,1.441650390625,-0.67138671875,269.8974609375,163.51318359375
0.5042724609375,-0.17529296875,1.572998046875,10.19287109375,254.638671875,154.1748046875
0.642333984375,-0.1544189453125,1.6861572265625,13.671875,176.513671875,124.45068359375
0.783935546875,-0.19091796875,1.7850341796875,5.615234375,125.18310546875,80.01708984375
0.8944091796875,-0.28076171875,1.7091064453125,-13.24462890625,73.18115234375,-14.16015625
0.9627685546875,-0.39013671875,1.4696044921875,-41.6259765625,31.55517578125,-57.9833984375
0.9951171875,-0.4803466796875,1.1055908203125,-42.236328125,-17.02880859375,-126.8310546875
1.00390625,-0.5616455078125,0.65869140625,-31.18896484375,-95.03173828125,-180.35888671875
1.0146484375,-0.65087890625,-0.26416015625,-25.390625,-141.29638671875,-170.0439453125
1.0379638671875,-0.7515869140625,-0.8197021484375,-24.71923828125,-133.36181640625,-58.16650390625
1.0848388671875,-0.85107421875,-1.50634765625,3.11279296875,-132.01904296875,-23.25439453125
1.18359375,-0.9237060546875,-2.19189453125,52.79541015625,-212.21923828125,-48.27880859375
1.353759765625,-0.80029296875,-2.4862060546875,45.166015625,-208.8623046875,-73.18115234375
1.6024169921875,-0.598876953125,-1.6826171875,30.8837890625,-211.97509765625,-60.11962890625
1.892333984375,-0.3760986328125,-0.5863037109375,34.423828125,-181.884765625,-37.7197265625
2.39208984375,-0.0616455078125,1.0994873046875,12.39013671875,-180.6640625,-29.60205078125
2.5247802734375,0.173583984375,1.9578857421875,-1.15966796875,-169.3115234375,-35.888671875
2.6195068359375,0.5145263671875,0.73583984375,0.8544921875,-155.33447265625,-24.47509765625
2.726318359375,0.8748779296875,1.660888671875,8.60595703125,-112.4267578125,-12.39013671875
2.9886474609375,0.9014892578125,2.354248046875,14.5263671875,-89.53857421875,-12.3291015625
3.263427734375,-0.2713623046875,1.9498291015625,52.18505859375,-64.75830078125,-9.1552734375
3.5450439453125,-0.3582763671875,1.3197021484375,54.01611328125,-42.78564453125,-9.521484375
3.500732421875,-0.6055908203125,1.0494384765625,37.41455078125,-34.7900390625,-12.39013671875
3.056640625,-1.0665283203125,1.5059814453125,37.78076171875,-29.1748046875,-14.09912109375
2.142822265625,-0.5546875,1.564453125,36.4990234375,-24.5361328125,-13.427734375
0.515625,0.3011474609375,1.1109619140625,18.9208984375,-20.3857421875,-13.97705078125
-0.7274169921875,0.421630859375,1.003662109375,14.16015625,-20.93505859375,-13.73291015625
-0.15673828125,-0.0220947265625,1.00927734375,19.04296875,-19.71435546875,-11.90185546875
1.0401611328125,-0.8885498046875,0.9451904296875,22.0947265625,-23.86474609375,-8.36181640625
1.8052978515625,-1.2498779296875,0.880859375,25.57373046875,-31.92138671875,-9.033203125
2.0440673828125,-0.40576171875,0.841552734375,29.052734375,-19.71435546875,-7.99560546875
1.87255859375,0.3887939453125,0.866455078125,26.9775390625,-12.75634765625,-6.53076171875
1.6885986328125,-0.1199951171875,0.8826904296875,22.88818359375,-10.31494140625,-5.31005859375
1.387939453125,-0.6678466796875,0.8736572265625,12.75634765625,-9.6435546875,-6.34765625
1.400634765625,-0.30712890625,0.8701171875,4.21142578125,-9.82666015625,-7.26318359375
1.2979736328125,-0.166015625,0.875244140625,-8.11767578125,-9.33837890625,-7.9345703125
0.7161865234375,-0.400634765625,0.819580078125,-15.9912109375,-9.6435546875,-9.58251953125
0.6461181640625,-0.3748779296875,0.8160400390625,-16.90673828125,-10.68115234375,-9.94873046875
0.6781005859375,-0.289306640625,0.8194580078125,-11.65771484375,-13.7939453125,-9.82666015625
0.5609130859375,-0.334716796875,0.835205078125,-6.04248046875,-14.2822265625,-9.27734375
0.48681640625,-0.318359375,0.8441162109375,-2.99072265625,-13.916015625,-7.75146484375
0.4830322265625,-0.2464599609375,0.8497314453125,-5.55419921875,-13.5498046875,-6.2255859375
0.5167236328125,-0.2015380859375,0.8497314453125,-7.080078125,-14.404296875,-4.57763671875
0.496337890625,-0.2177734375,0.8427734375,-7.568359375,-16.41845703125,-2.8076171875
0.4661865234375,-0.2947998046875,0.827880859375,-8.30078125,-18.1884765625,-1.64794921875
0.4674072265625,-0.303466796875,0.8255615234375,-9.033203125,-21.05712890625,-1.3427734375
0.47412109375,-0.258544921875,0.8251953125,-10.92529296875,-26.3671875,-0.8544921875
0.5174560546875,-0.259033203125,0.8253173828125,-12.20703125,-28.4423828125,0.0
0.5028076171875,-0.27734375,0.827880859375,-14.22119140625,-31.31103515625,0.67138671875
0.50390625,-0.270263671875,0.83544921875,-17.4560546875,-34.48486328125,0.42724609375
0.517333984375,-0.2679443359375,0.83837890625,-17.15087890625,-43.8232421875,-0.1220703125
0.5152587890625,-0.2843017578125,0.84375,-18.12744140625,-49.62158203125,-1.03759765625
0.513916015625,-0.2669677734375,0.8353271484375,-18.798828125,-57.0068359375,-2.01416015625
0.5179443359375,-0.251220703125,0.829345703125,-22.64404296875,-66.71142578125,-3.60107421875
0.5074462890625,-0.2412109375,0.8338623046875,-25.2685546875,-77.94189453125,-5.92041015625
0.5037841796875,-0.2359619140625,0.8328857421875,-27.89306640625,-91.1865234375,-9.33837890625
0.5169677734375,-0.2196044921875,0.83447265625,-30.94482421875,-106.4453125,-14.16015625
0.5189208984375,-0.2203369140625,0.8408203125,-33.935546875,-122.37548828125,-19.59228515625
0.5328369140625,-0.2301025390625,0.85009765625,-37.29248046875,-138.48876953125,-24.7802734375
0.5377197265625,-0.2440185546875,0.8485107421875,-41.68701171875,-153.13720703125,-32.2265625
0.525146484375,-0.24853515625,0.861328125,-45.2880859375,-166.259765625,-39.73388671875
0.5184326171875,-0.2529296875,0.8800048828125,-45.2880859375,-180.11474609375,-48.828125
0.5146484375,-0.2572021484375,0.874267578125,-39.4287109375,-197.021484375,-59.50927734375
0.5213623046875,-0.251220703125,0.867919921875,-34.3017578125,-214.53857421875,-68.29833984375
0.5272216796875,-0.2607421875,0.86572265625,-29.4189453125,-232.97119140625,-72.75390625
0.5255126953125,-0.265380859375,0.8529052734375,-25.32958984375,-259.46044921875,-79.58984375
0.53515625,-0.272216796875,0.8297119140625,-26.611328125,-286.9873046875,-91.30859375
0.5247802734375,-0.279296875,0.8192138671875,-34.66796875,-332.82470703125,-116.5771484375
0.5198974609375,-0.28466796875,0.8612060546875,-39.9169921875,-377.685546875,-144.83642578125
0.5146484375,-0.293701171875,0.9053955078125,-50.96435546875,-376.03759765625,-160.5224609375
0.51806640625,-0.3040771484375,0.8873291015625,-70.4345703125,-360.77880859375,-174.25537109375
0.51513671875,-0.3355712890625,0.8792724609375,-86.7919921875,-352.9052734375,-179.5654296875
0.495361328125,-0.34423828125,0.999267578125,-69.15283203125,-347.7783203125,-176.26953125
0.4857177734375,-0.337158203125,1.1400146484375,-32.71484375,-333.984375,-166.015625
0.4927978515625,-0.3443603515625,1.1666259765625,-8.7890625,-314.697265625,-144.95849609375
0.5054931640625,-0.3187255859375,1.1549072265625,-17.2119140625,-299.62158203125,-86.0595703125
0.5201416015625,-0.291259765625,1.181884765625,-25.57373046875,-204.65087890625,-22.64404296875
0.5618896484375,-0.3388671875,1.18017578125,-52.91748046875,-42.54150390625,5.615234375
0.5892333984375,-0.3968505859375,1.2900390625,-85.8154296875,97.16796875,2.0751953125
0.57470703125,-0.4508056640625,1.587158203125,-79.4677734375,171.44775390625,1.64794921875
0.537109375,-0.5166015625,1.773193359375,-87.58544921875,195.068359375,14.2822265625
0.5120849609375,-0.7271728515625,1.8702392578125,-46.875,200.1953125,30.3955078125
0.5638427734375,-1.067138671875,2.058837890625,-14.6484375,197.021484375,45.7763671875
0.730712890625,-1.234619140625,2.9014892578125,29.6630859375,189.39208984375,56.2744140625
0.9388427734375,-1.09716796875,3.106689453125,52.67333984375,185.1806640625,60.9130859375
1.247314453125,-1.006103515625,1.97998046875,45.0439453125,187.56103515625,62.31689453125
1.6055908203125,-1.1302490234375,1.139892578125,23.01025390625,195.4345703125,62.92724609375
1.6683349609375,-0.8914794921875,0.8150634765625,1.46484375,209.1064453125,64.02587890625
1.5240478515625,-0.52294921875,0.6754150390625,-10.07080078125,225.7080078125,65.73486328125
1.5374755859375,-0.5601806640625,0.6630859375,-10.80322265625,240.78369140625,67.68798828125
1.419921875,-1.29052734375,0.743408203125,-4.57763671875,251.46484375,69.39697265625
1.1414794921875,-1.9010009765625,0.8338623046875,1.708984375,256.28662109375,71.044921875
1.23681640625,-1.6478271484375,0.9112548828125,6.16455078125,258.544921875,73.8525390625
1.1878662109375,-1.061279296875,0.95751953125,7.568359375,262.451171875,76.66015625
2.236328125,-0.4217529296875,0.9544677734375,6.9580078125,267.51708984375,79.52880859375
2.5328369140625,0.000244140625,0.9156494140625,7.6904296875,275.32958984375,83.43505859375
0.724365234375,0.1396484375,0.8658447265625,11.474609375,283.3251953125,87.95166015625
-0.1446533203125,0.093017578125,0.8453369140625,15.44189453125,288.02490234375,92.71240234375
-0.1776123046875,-0.03759765625,0.88671875,18.4326171875,290.52734375,97.900390625
-0.1673583984375,-0.1458740234375,0.976318359375,18.06640625,290.4052734375,103.02734375
-0.1258544921875,-0.1817626953125,1.0594482421875,13.7939453125,287.7197265625,110.04638671875
-0.0313720703125,-0.16064453125,1.0963134765625,8.36181640625,284.48486328125,130.615234375
0.071044921875,-0.125732421875,1.095458984375,4.39453125,282.53173828125,141.66259765625
0.172119140625,-0.114990234375,1.078369140625,2.197265625,278.076171875,151.18408203125
0.2852783203125,-0.1444091796875,1.0662841796875,1.220703125,274.7802734375,157.53173828125
0.35498046875,-0.2237548828125,1.081298828125,-0.42724609375,272.216796875,161.68212890625
0.373046875,-0.33447265625,1.1302490234375,-11.5966796875,267.7001953125,167.236328125
0.3692626953125,-0.42041015625,1.2137451171875,-19.59228515625,259.82666015625,176.26953125
0.3775634765625,-0.451904296875,1.30908203125,-27.40478515625,248.1689453125,182.861328125
0.44482421875,-0.456298828125,1.4793701171875,-33.75244140625,232.48291015625,185.1806640625
0.5673828125,-0.47607421875,1.5281982421875,-41.32080078125,176.57470703125,106.4453125
0.700927734375,-0.52685546875,1.5234375,-55.11474609375,145.263671875,29.84619140625
0.800048828125,-0.6083984375,1.4459228515625,-78.7353515625,92.95654296875,-27.34375
0.8587646484375,-0.710693359375,1.296875,-103.69873046875,67.3828125,-62.6220703125
0.9068603515625,-0.8082275390625,1.1016845703125,-113.34228515625,18.73779296875,-81.787109375
0.9537353515625,-0.8831787109375,0.8953857421875,-50.537109375,-35.46142578125,-85.51025390625
1.001220703125,-0.96533203125,0.5115966796875,-14.58740234375,-65.91796875,-75.50048828125
1.06640625,-1.02783203125,0.2470703125,-16.41845703125,-92.041015625,-67.5048828125
1.1722412109375,-1.1005859375,-1.21630859375,-21.78955078125,-108.154296875,-74.3408203125
1.2994384765625,-1.1444091796875,-1.9586181640625,-18.4326171875,-88.68408203125,-67.81005859375
1.5592041015625,-1.043701171875,-2.2591552734375,7.38525390625,-59.99755859375,-81.298828125
1.7254638671875,-0.7655029296875,-2.19921875,35.2783203125,-80.4443359375,-70.12939453125
1.915771484375,-0.4683837890625,-1.7008056640625,116.76025390625,-175.10986328125,-63.720703125
2.0841064453125,0.0556640625,-0.871826171875,46.0205078125,-153.4423828125,-95.39794921875
2.18408203125,0.1571044921875,0.68017578125,54.62646484375,-169.5556640625,-96.25244140625
2.23095703125,0.0911865234375,2.105224609375,101.74560546875,-187.01171875,-53.7109375
2.2808837890625,0.717529296875,1.826416015625,58.77685546875,-174.98779296875,-16.2353515625
2.5938720703125,1.0677490234375,0.7281494140625,40.771484375,-179.38232421875,-30.57861328125
2.89990234375,0.6162109375,0.2918701171875,10.1318359375,-183.349609375,-19.775390625
3.2625732421875,-0.16162109375,1.536865234375,-3.41796875,-115.90576171875,-14.22119140625
3.0625,-0.658203125,2.41748046875,-2.25830078125,-93.6279296875,-10.55908203125
2.6263427734375,-1.0162353515625,1.7783203125,16.17431640625,-73.974609375,-4.8828125
2.247802734375,-1.7716064453125,1.47314453125,26.06201171875,-50.47607421875,-3.41796875
2.167236328125,-1.6817626953125,1.338623046875,24.10888671875,-36.865234375,-4.8828125
2.2886962890625,-0.0208740234375,0.950439453125,22.03369140625,-28.1982421875,-4.0283203125
0.6744384765625,1.2615966796875,1.312744140625,18.37158203125,-20.751953125,-2.197265625
-0.4466552734375,1.33837890625,1.0135498046875,9.8876953125,-15.5029296875,-0.9765625
-0.7769775390625,1.194091796875,0.9791259765625,11.8408203125,-18.06640625,0.54931640625
-0.8612060546875,0.8028564453125,1.0128173828125,16.9677734375,-17.9443359375,0.732421875
0.5855712890625,-0.4127197265625,0.92919921875,15.68603515625,-22.52197265625,1.28173828125
1.6326904296875,-1.7159423828125,0.8802490234375,15.31982421875,-31.73828125,3.173828125
1.7327880859375,-0.485595703125,0.87890625,14.16015625,-27.34375,4.94384765625
1.2926025390625,0.3568115234375,0.8916015625,10.3759765625,-14.2822265625,6.89697265625
1.245849609375,-0.522705078125,0.888671875,7.4462890625,-8.11767578125,5.4931640625
1.390380859375,-0.5234375,0.890869140625,2.74658203125,-4.39453125,1.953125
1.1959228515625,-0.310302734375,0.900390625,-6.89697265625,-2.99072265625,-0.8544921875
1.243408203125,-0.3209228515625,0.880615234375,-19.53125,-0.48828125,-2.86865234375
0.7691650390625,-0.3751220703125,0.8277587890625,-33.447265625,-0.42724609375,-4.08935546875
0.6536865234375,-0.326171875,0.798095703125,-36.80419921875,-0.91552734375,-3.47900390625
0.7177734375,-0.27099609375,0.7982177734375,-30.33447265625,-3.173828125,-2.86865234375
0.6419677734375,-0.25927734375,0.8004150390625,-21.05712890625,-7.080078125,-2.13623046875
0.5294189453125,-0.2406005859375,0.809814453125,-9.94873046875,-10.43701171875,-1.46484375
0.529052734375,-0.2430419921875,0.819580078125,-1.3427734375,-13.00048828125,-0.79345703125
0.53857421875,-0.265625,0.8253173828125,1.28173828125,-13.916015625,-0.8544921875
0.49560546875,-0.265869140625,0.826416015625,1.3427734375,-13.36669921875,-0.9765625
0.481201171875,-0.2669677734375,0.833251953125,-0.67138671875,-12.02392578125,-1.77001953125
0.4757080078125,-0.285888671875,0.8311767578125,-4.21142578125,-11.1083984375,-3.5400390625
0.466796875,-0.33154296875,0.8135986328125,-8.544921875,-11.3525390625,-4.33349609375
0.5081787109375,-0.385009765625,0.7996826171875,-10.3759765625,-12.451171875,-5.37109375
0.5283203125,-0.3983154296875,0.7987060546875,-10.8642578125,-12.39013671875,-3.2958984375
0.50048828125,-0.3944091796875,0.793212890625,-9.33837890625,-14.6484375,-2.74658203125
0.4813232421875,-0.3787841796875,0.79150390625,-3.0517578125,-19.95849609375,-6.89697265625
0.47412109375,-0.343505859375,0.7972412109375,0.1220703125,-23.0712890625,-9.46044921875
0.489501953125,-0.3253173828125,0.792236328125,2.8076171875,-29.78515625,-10.8642578125
0.50634765625,-0.339599609375,0.78515625,-3.60107421875,-34.1796875,-13.24462890625
0.4993896484375,-0.349365234375,0.79345703125,-6.2255859375,-45.654296875,-13.671875
0.4859619140625,-0.333984375,0.80322265625,-5.4931640625,-63.53759765625,-16.66259765625
0.4793701171875,-0.3388671875,0.810546875,-5.0048828125,-89.111328125,-21.3623046875
0.47314453125,-0.355712890625,0.8131103515625,-12.6953125,-106.0791015625,-28.01513671875
0.467041015625,-0.3607177734375,0.8143310546875,-27.34375,-129.69970703125,-28.564453125
0.4739990234375,-0.3524169921875,0.8323974609375,-49.74365234375,-152.7099609375,-32.470703125
0.4852294921875,-0.3543701171875,0.85107421875,-57.9833984375,-179.26025390625,-40.0390625
0.4876708984375,-0.3494873046875,0.8963623046875,-72.08251953125,-206.97021484375,-51.513671875
0.493408203125,-0.3447265625,0.8857421875,-74.64599609375,-230.8349609375,-59.326171875
0.498046875,-0.31201171875,0.885498046875,-73.6083984375,-252.86865234375,-61.09619140625
0.50830078125,-0.3333740234375,0.8699951171875,-59.87548828125,-274.10888671875,-60.36376953125
0.4927978515625,-0.38134765625,0.8814697265625,-55.7861328125,-301.025390625,-59.5703125
0.4876708984375,-0.3660888671875,0.947998046875,-58.4716796875,-354.91943359375,-81.787109375
0.479248046875,-0.3419189453125,0.9814453125,-66.71142578125,-416.80908203125,-117.5537109375
0.47900390625,-0.2857666015625,0.948974609375,-77.392578125,-434.326171875,-180.2978515625
0.4774169921875,-0.3394775390625,0.9112548828125,-101.98974609375,-403.25927734375,-191.22314453125
0.4598388671875,-0.37109375,0.908935546875,-143.1884765625,-346.61865234375,-188.17138671875
0.4708251953125,-0.3994140625,1.010986328125,-154.1748046875,-305.419921875,-174.8046875
0.516357421875,-0.362060546875,1.1761474609375,-118.1640625,-283.02001953125,-156.005859375
0.4903564453125,-0.334228515625,1.21875,-55.0537109375,-282.470703125,-112.9150390625
0.4423828125,-0.39111328125,1.2105712890625,-50.84228515625,-193.4814453125,-65.3076171875
0.4075927734375,-0.4298095703125,1.1807861328125,-64.5751953125,-68.2373046875,-46.0205078125
0.418701171875,-0.3995361328125,1.0052490234375,-90.2099609375,85.0830078125,-43.15185546875
0.4239501953125,-0.264404296875,1.513916015625,-97.22900390625,185.4248046875,-38.51318359375
0.4400634765625,-0.301025390625,1.9862060546875,-136.04736328125,221.8017578125,-18.9208984375
0.4835205078125,-0.375732421875,2.084716796875,-76.96533203125,227.4169921875,1.953125
0.5096435546875,-0.6077880859375,2.3157958984375,-17.578125,225.40283203125,21.484375
0.486328125,-1.1015625,2.78662109375,31.25,230.224609375,36.1328125
0.6060791015625,-1.3238525390625,3.1741943359375,50.537109375,239.80712890625,47.607421875
0.654052734375,-1.568115234375,2.45849609375,26.30615234375,250.91552734375,67.68798828125
0.96337890625,-1.3291015625,1.44140625,10.009765625,261.474609375,78.369140625
1.625,-0.81689453125,0.7259521484375,7.99560546875,269.1650390625,88.68408203125
1.9140625,-0.5987548828125,0.74755859375,18.61572265625,274.10888671875,97.96142578125
1.7099609375,-0.5897216796875,0.8232421875,32.77587890625,274.169921875,104.98046875
1.5616455078125,-1.178955078125,0.8486328125,43.15185546875,274.658203125,110.29052734375
1.1583251953125,-1.85791015625,0.83251953125,31.3720703125,275.57373046875,136.962890625
0.9324951171875,-1.621337890625,0.7982177734375,19.1650390625,279.4189453125,144.34814453125
1.375732421875,-1.1502685546875,0.7515869140625,9.09423828125,287.04833984375,153.25927734375
2.1513671875,-0.0963134765625,0.7349853515625,4.69970703125,279.1748046875,164.4287109375
1.932861328125,-0.149658203125,0.7802734375,4.57763671875,271.728515625,176.08642578125
0.8154296875,-0.33642578125,0.8499755859375,-4.82177734375,266.78466796875,185.97412109375
-0.0714111328125,-0.5496826171875,0.937255859375,-9.033203125,266.17431640625,189.453125
-0.256591796875,-0.6907958984375,1.0150146484375,-11.23046875,265.869140625,185.36376953125
-0.1298828125,-0.7037353515625,1.178466796875,-10.92529296875,263.48876953125,175.23193359375
0.0087890625,-0.6009521484375,1.2684326171875,-8.4228515625,255.79833984375,164.61181640625
0.111572265625,-0.4288330078125,1.400390625,-6.40869140625,242.61474609375,157.28759765625
0.169677734375,-0.45556640625,1.5364990234375,-1.8310546875,226.318359375,150.87890625
0.2099609375,-0.539794921875,1.61376953125,4.638671875,211.5478515625,143.5546875
0.2532958984375,-0.6397705078125,1.5927734375,10.68115234375,184.87548828125,122.0703125
0.416259765625,-0.7010498046875,1.4669189453125,7.62939453125,154.052734375,82.03125
0.53662109375,-0.72265625,1.268798828125,-6.16455078125,107.5439453125,25.93994140625
0.665283203125,-0.7940673828125,1.0301513671875,-22.0947265625,70.1904296875,-88.07373046875
0.8011474609375,-0.8817138671875,0.768798828125,-44.3115234375,30.6396484375,-115.29541015625
0.9307861328125,-0.9493408203125,0.521728515625,-48.15673828125,-59.4482421875,-137.5732421875
1.168701171875,-0.971923828125,0.1568603515625,-31.92138671875,-85.8154296875,-136.65771484375
1.2747802734375,-0.9697265625,-0.3087158203125,-7.080078125,-99.30419921875,-118.22509765625
1.4705810546875,-0.9627685546875,-0.8990478515625,50.29296875,-96.0693359375,-104.18701171875
1.735107421875,-0.941650390625,-1.6712646484375,48.40087890625,-100.2197265625,-78.0029296875
1.97998046875,-0.858154296875,-2.237060546875,78.79638671875,-131.34765625,-43.02978515625
2.1337890625,-0.654541015625,-2.1572265625,70.49560546875,-191.10107421875,-54.19921875
2.208984375,-0.3902587890625,-1.14013671875,-20.1416015625,-171.630859375,-84.16748046875
2.2628173828125,-0.121826171875,0.4703369140625,-6.4697265625,-202.0263671875,-78.67431640625
2.368408203125,0.142822265625,1.59326171875,5.7373046875,-183.41064453125,-45.41015625
2.561279296875,0.4017333984375,1.535888671875,-7.6904296875,-175.96435546875,-22.76611328125
2.7945556640625,0.63525390625,0.7568359375,-12.0849609375,-190.3076171875,-29.541015625
2.992919921875,0.72900390625,0.53759765625,-3.84521484375,-179.99267578125,-38.9404296875
3.0748291015625,0.439453125,1.48974609375,8.056640625,-122.13134765625,-4.08935546875
3.1727294921875,0.0548095703125,2.039306640625,19.1650390625,-84.8388671875,-2.25830078125
3.29150390625,-0.2901611328125,1.6904296875,56.396484375,-53.64990234375,1.220703125
3.1427001953125,-0.79443359375,1.427490234375,55.0537109375,-36.7431640625,-1.46484375
2.4422607421875,-0.9671630859375,1.057373046875,27.7099609375,-22.3388671875,-1.0986328125
1.627197265625,-0.279541015625,1.2296142578125,22.216796875,-19.4091796875,-1.77001953125
0.5316162109375,0.1705322265625,1.76318359375,23.86474609375,-16.05224609375,-2.5634765625
-0.377685546875,0.264892578125,1.32373046875,-4.57763671875,-15.13671875,-4.5166015625
-0.5152587890625,0.319091796875,0.873779296875,-1.40380859375,-22.94921875,-3.90625
0.41162109375,-0.0723876953125,0.937255859375,-0.06103515625,-21.54541015625,-2.3193359375
1.1986083984375,-1.1815185546875,0.8746337890625,11.71875,-11.29150390625,0.30517578125
1.56005859375,-1.8201904296875,0.8690185546875,13.00048828125,-7.01904296875,1.28173828125
1.6051025390625,-0.724365234375,0.8753662109375,17.88330078125,-3.90625,0.732421875
1.5826416015625,0.662353515625,0.8699951171875,13.916015625,-2.74658203125,-1.52587890625
1.71337890625,0.224609375,0.877685546875,3.96728515625,-1.89208984375,-4.39453125
1.41552734375,-0.6387939453125,0.840576171875,-9.58251953125,-1.52587890625,-6.16455078125
1.4244384765625,-0.2611083984375,0.8150634765625,-20.6298828125,-3.173828125,-7.01904296875
1.5987548828125,-0.40087890625,0.8194580078125,-23.62060546875,-4.5166015625,-7.080078125
0.895263671875,-0.30908203125,0.8148193359375,-18.61572265625,-6.34765625,-6.2255859375
0.571044921875,-0.2552490234375,0.8189697265625,-9.58251953125,-9.27734375,-5.615234375
0.646484375,-0.2957763671875,0.824462890625,-1.8310546875,-12.02392578125,-5.67626953125
0.5552978515625,-0.302490234375,0.8349609375,3.47900390625,-12.5732421875,-6.16455078125
0.5364990234375,-0.2828369140625,0.838623046875,5.55419921875,-11.474609375,-6.34765625
0.5455322265625,-0.2371826171875,0.835693359375,3.84521484375,-9.82666015625,-6.34765625
0.4700927734375,-0.234130859375,0.836669921875,1.0986328125,-8.6669921875,-6.34765625
0.4871826171875,-0.2552490234375,0.83447265625,-1.46484375,-8.056640625,-6.4697265625
0.5242919921875,-0.291748046875,0.828369140625,-2.86865234375,-8.23974609375,-6.591796875
0.520751953125,-0.32666015625,0.8232421875,-3.47900390625,-9.033203125,-6.65283203125
0.5054931640625,-0.3507080078125,0.8173828125,-3.41796875,-10.1318359375,-6.9580078125
0.4866943359375,-0.354736328125,0.8133544921875,-3.35693359375,-10.07080078125,-7.14111328125
0.4842529296875,-0.3428955078125,0.8157958984375,-3.662109375,-9.1552734375,-7.01904296875
0.49365234375,-0.3299560546875,0.81982421875,-4.08935546875,-8.4228515625,-6.28662109375
0.486083984375,-0.3121337890625,0.8221435546875,-4.5166015625,-8.72802734375,-4.57763671875
0.481201171875,-0.2998046875,0.8255615234375,-3.96728515625,-10.43701171875,-2.99072265625
0.4833984375,-0.3092041015625,0.824951171875,-3.84521484375,-15.5029296875,-1.708984375
0.4813232421875,-0.318359375,0.8201904296875,-4.08935546875,-20.01953125,-0.6103515625
0.481201171875,-0.31201171875,0.8162841796875,-5.55419921875,-22.52197265625,-0.1220703125
0.4820556640625,-0.2987060546875,0.8165283203125,-9.21630859375,-25.2685546875,-0.18310546875
0.4837646484375,-0.2938232421875,0.81982421875,-12.63427734375,-28.74755859375,-0.30517578125
0.48681640625,-0.2978515625,0.82080078125,-14.16015625,-33.02001953125,-0.67138671875
0.497314453125,-0.301513671875,0.8289794921875,-15.07568359375,-44.921875,-1.5869140625
0.5072021484375,-0.296875,0.8358154296875,-15.80810546875,-52.42919921875,-2.99072265625
0.5107421875,-0.2958984375,0.8331298828125,-17.63916015625,-62.07275390625,-3.662109375
0.51123046875,-0.2987060546875,0.835693359375,-23.4375,-74.3408203125,-6.28662109375
0.5047607421875,-0.295166015625,0.8404541015625,-26.7333984375,-87.70751953125,-11.23046875
0.508544921875,-0.2867431640625,0.84228515625,-31.18896484375,-102.783203125,-19.8974609375
0.519287109375,-0.279052734375,0.84375,-36.865234375,-119.7509765625,-27.89306640625
0.5213623046875,-0.2696533203125,0.8565673828125,-45.59326171875,-137.14599609375,-32.89794921875
0.5150146484375,-0.2666015625,0.8675537109375,-52.3681640625,-153.38134765625,-38.2080078125
0.5125732421875,-0.26806640625,0.872314453125,-60.36376953125,-175.10986328125,-47.42431640625
0.512939453125,-0.271728515625,0.8807373046875,-63.04931640625,-201.0498046875,-61.5234375
0.4990234375,-0.2808837890625,0.877197265625,-61.6455078125,-221.25244140625,-74.76806640625
0.496337890625,-0.28857421875,0.85693359375,-56.33544921875,-237.4267578125,-79.7119140625
0.5142822265625,-0.2880859375,0.846435546875,-48.15673828125,-255.18798828125,-73.486328125
0.5147705078125,-0.28857421875,0.8790283203125,-41.56494140625,-280.33447265625,-70.37353515625
0.510498046875,-0.3046875,0.9361572265625,-42.90771484375,-322.1435546875,-113.525390625
0.5052490234375,-0.29931640625,0.9010009765625,-44.61669921875,-383.85009765625,-145.20263671875
0.50244140625,-0.3052978515625,0.86328125,-52.3681640625,-391.29638671875,-96.86279296875
0.4876708984375,-0.336669921875,0.9019775390625,-79.4677734375,-360.04638671875,-69.4580078125
0.4881591796875,-0.38427734375,0.9305419921875,-114.3798828125,29.296875,-56.5185546875
0.4874267578125,-0.4166259765625,0.957275390625,-95.458984375,141.90673828125,-51.7578125
0.4727783203125,-0.396728515625,1.080322265625,-52.1240234375,192.626953125,-48.583984375
0.4591064453125,-0.4033203125,1.166259765625,-64.02587890625,215.4541015625,-19.47021484375
0.4583740234375,-0.4129638671875,1.1158447265625,-43.27392578125,221.86279296875,0.48828125
0.459228515625,-0.3736572265625,1.0753173828125,-23.01025390625,212.0361328125,21.484375
0.462890625,-0.361328125,3.0421142578125,2.74658203125,203.61328125,40.8935546875
0.474853515625,-0.3582763671875,2.70703125,22.39990234375,201.416015625,56.2744140625
0.5125732421875,-0.303955078125,1.60986328125,28.01513671875,205.50537109375,77.880859375
0.5577392578125,-0.328369140625,1.012451171875,24.7802734375,214.7216796875,85.9375
0.5328369140625,-0.5103759765625,0.681396484375,20.93505859375,236.572265625,92.6513671875
0.4442138671875,-1.226318359375,0.491943359375,19.22607421875,244.56787109375,98.2666015625
0.4949951171875,-1.361083984375,0.5701904296875,21.30126953125,251.220703125,106.93359375
0.704345703125,-1.1915283203125,0.6767578125,24.2919921875,258.4228515625,111.083984375
1.0216064453125,-1.288330078125,0.7569580078125,23.681640625,270.6298828125,131.591796875
1.8646240234375,-1.02490234375,0.801025390625,22.52197265625,273.8037109375,136.04736328125
1.83544921875,-0.8087158203125,0.7794189453125,21.30126953125,274.10888671875,140.0146484375
2.3994140625,-0.5338134765625,0.7705078125,18.37158203125,270.81298828125,144.34814453125
1.429443359375,-0.319091796875,0.794677734375,13.7939453125,266.11328125,149.4140625
0.347412109375,-0.3321533203125,0.8416748046875,-3.23486328125,261.962890625,154.78515625
-0.04736328125,-0.36767578125,0.911865234375,-2.01416015625,257.62939453125,159.1796875
-0.1588134765625,-0.419921875,0.9385986328125,1.220703125,252.9296875,161.56005859375
-0.158447265625,-0.45703125,1.1080322265625,4.5166015625,247.6806640625,161.0107421875
-0.0716552734375,-0.435791015625,1.24169921875,8.48388671875,242.12646484375,158.26416015625
0.0509033203125,-0.4195556640625,1.328369140625,12.20703125,236.02294921875,156.6162109375
0.1600341796875,-0.4300537109375,1.42041015625,13.427734375,231.01806640625,159.0576171875
0.2586669921875,-0.460693359375,1.5013427734375,9.8876953125,229.4921875,152.9541015625
0.3656005859375,-0.4749755859375,1.5423583984375,3.11279296875,195.3125,124.69482421875
0.41455078125,-0.4666748046875,1.5260009765625,-4.08935546875,161.07177734375,69.27490234375
0.4876708984375,-0.584228515625,1.4481201171875,-16.41845703125,123.4130859375,7.01904296875
0.577392578125,-0.7130126953125,1.33251953125,-55.72509765625,88.9892578125,-41.50390625
0.7125244140625,-0.7777099609375,1.1876220703125,-61.03515625,51.20849609375,-82.763671875
0.7745361328125,-0.8612060546875,0.9635009765625,-46.56982421875,1.46484375,-112.9150390625
1.0316162109375,-0.945556640625,0.3525390625,-17.4560546875,-42.8466796875,-126.8310546875
1.1763916015625,-0.982666015625,-0.12548828125,0.3662109375,-73.05908203125,-97.412109375
1.28515625,-0.954833984375,-0.8162841796875,-2.0751953125,-94.3603515625,-91.552734375
1.4329833984375,-0.8887939453125,-1.6143798828125,2.3193359375,-75.13427734375,-48.7060546875
1.613525390625,-0.826904296875,-2.1783447265625,16.78466796875,-145.01953125,-8.85009765625
1.797119140625,-0.7318115234375,-2.3563232421875,32.28759765625,-189.27001953125,-29.78515625
1.9608154296875,-0.5208740234375,-2.158203125,-52.734375,-168.76220703125,-70.3125
2.09375,0.099365234375,-1.5419921875,22.94921875,-206.48193359375,-65.5517578125
2.24609375,0.2530517578125,-0.0181884765625,16.05224609375,-197.44873046875,-39.85595703125
2.4539794921875,0.283447265625,0.9822998046875,-1.5869140625,-184.14306640625,-14.22119140625
2.64501953125,0.509521484375,0.172119140625,-5.2490234375,-177.8564453125,-27.587890625
2.7491455078125,0.9395751953125,0.4832763671875,-14.83154296875,-169.37255859375,-25.81787109375
2.84619140625,0.9593505859375,1.7882080078125,-16.845703125,-125.48828125,-12.87841796875
3.0247802734375,0.4398193359375,1.9505615234375,-7.080078125,-66.58935546875,-7.9345703125
3.13720703125,-0.0986328125,1.5550537109375,20.81298828125,-59.5703125,-6.77490234375
2.9708251953125,-0.196533203125,1.5872802734375,53.7109375,-41.1376953125,-1.5869140625
2.5609130859375,-1.203857421875,1.179443359375,34.36279296875,-24.10888671875,-1.0986328125
2.25537109375,-0.306396484375,0.9674072265625,28.80859375,-22.3388671875,-0.9765625
2.2406005859375,0.127197265625,1.48974609375,36.19384765625,-21.240234375,-1.953125
0.7423095703125,0.221435546875,1.29736328125,16.9677734375,-16.78466796875,-2.3193359375
-0.7249755859375,0.614501953125,0.8748779296875,0.67138671875,-22.3388671875,-1.0986328125
0.17578125,0.4544677734375,0.9434814453125,2.8076171875,-11.5966796875,3.173828125
1.0128173828125,-0.83837890625,0.9273681640625,3.11279296875,-7.38525390625,7.4462890625
1.592529296875,-1.6920166015625,0.8885498046875,3.41796875,-5.92041015625,8.85009765625
1.4866943359375,-0.9700927734375,0.864013671875,10.8642578125,-6.77490234375,6.9580078125
1.379638671875,0.3013916015625,0.8798828125,4.5166015625,-7.32421875,3.662109375
1.736572265625,0.3782958984375,0.87255859375,-11.23046875,-5.859375,0.91552734375
1.582275390625,-0.6116943359375,0.8310546875,-27.52685546875,-4.638671875,-0.732421875
1.2689208984375,-0.5242919921875,0.8416748046875,-37.78076171875,-4.21142578125,-1.953125
1.4254150390625,-0.072998046875,0.8375244140625,-37.7197265625,-5.55419921875,-1.8310546875
0.9349365234375,-0.3245849609375,0.8402099609375,-31.31103515625,-8.85009765625,-2.8076171875
0.5286865234375,-0.3717041015625,0.8350830078125,-22.27783203125,-13.12255859375,-5.18798828125
0.696533203125,-0.2464599609375,0.82568359375,-14.0380859375,-13.671875,-5.9814453125
0.684814453125,-0.3148193359375,0.81787109375,-6.4697265625,-9.70458984375,-6.40869140625
0.565185546875,-0.27392578125,0.8175048828125,-2.685546875,-7.62939453125,-6.40869140625
0.53662109375,-0.2120361328125,0.8221435546875,2.01416015625,-6.2255859375,-6.591796875
0.5213623046875,-0.1947021484375,0.82666015625,0.79345703125,-5.7373046875,-6.28662109375
0.47119140625,-0.22998046875,0.828369140625,0.06103515625,-5.126953125,-5.859375
0.5269775390625,-0.307861328125,0.8067626953125,-0.06103515625,-5.859375,-5.43212890625
0.5032958984375,-0.3795166015625,0.796630859375,-0.42724609375,-6.89697265625,-4.7607421875
0.491943359375,-0.400390625,0.794189453125,0.91552734375,-8.36181640625,-4.08935546875
0.4852294921875,-0.39013671875,0.7991943359375,1.953125,-10.31494140625,-2.86865234375
0.486572265625,-0.372314453125,0.805908203125,1.8310546875,-12.451171875,-1.03759765625
0.493896484375,-0.3502197265625,0.8004150390625,0.79345703125,-15.56396484375,-0.30517578125
0.4979248046875,-0.3304443359375,0.80419921875,-0.9765625,-22.0947265625,0.06103515625
0.4959716796875,-0.336181640625,0.8095703125,-3.662109375,-26.3671875,-0.732421875
0.488525390625,-0.3489990234375,0.8155517578125,-6.7138671875,-31.494140625,-2.86865234375
0.4835205078125,-0.3411865234375,0.8203125,-11.962890625,-37.65869140625,-4.5166015625
0.4866943359375,-0.332275390625,0.826416015625,-13.7939453125,-55.419921875,-5.4931640625
0.4906005859375,-0.322021484375,0.838623046875,-17.4560546875,-66.89453125,-9.09423828125
0.486572265625,-0.325927734375,0.8426513671875,-21.240234375,-81.1767578125,-18.310546875
0.499267578125,-0.3175048828125,0.8468017578125,-30.8837890625,-96.435546875,-25.146484375
0.507080078125,-0.3094482421875,0.855712890625,-35.33935546875,-136.41357421875,-29.47998046875
0.5087890625,-0.3013916015625,0.8663330078125,-44.921875,-162.17041015625,-62.01171875
0.50537109375,-0.2958984375,0.8912353515625,-53.5888671875,-191.162109375,-59.4482421875
0.515625,-0.2891845703125,0.89453125,-63.04931640625,-287.04833984375,-57.43408203125
0.508544921875,-0.27490234375,0.898193359375,-79.2236328125,-330.9326171875,-65.97900390625
0.4986572265625,-0.2818603515625,0.9005126953125,-85.0830078125,-405.94482421875,-93.56689453125
0.4981689453125,-0.29052734375,0.89892578125,-79.04052734375,-450.13427734375,-132.9345703125
0.50244140625,-0.296875,0.918212890625,-95.39794921875,-440.12451171875,-167.6025390625
0.4892578125,-0.3038330078125,0.918212890625,-131.2255859375,-392.02880859375,-179.74853515625
0.4844970703125,-0.316162109375,1.041259765625,-161.92626953125,-354.248046875,-182.373046875
0.4859619140625,-0.2977294921875,1.2205810546875,-143.06640625,-315.97900390625,-189.39208984375
0.4676513671875,-0.3026123046875,1.2708740234375,-93.93310546875,-286.9873046875,-180.60302734375
0.461181640625,-0.35546875,1.1837158203125,-51.3916015625,-288.0859375,-165.95458984375
0.4571533203125,-0.3538818359375,1.16552734375,-36.0107421875,-256.28662109375,-113.95263671875
0.468505859375,-0.35400390625,1.0020751953125,-42.96875,-139.892578125,-87.82958984375
0.4608154296875,-0.3604736328125,0.9052734375,-31.005859375,-12.8173828125,-74.0966796875
0.4366455078125,-0.23046875,1.313232421875,-18.24951171875,121.4599609375,-66.95556640625
0.4305419921875,-0.322265625,1.840087890625,-45.5322265625,175.23193359375,-63.04931640625
0.382080078125,-0.47802734375,2.0091552734375,-62.6220703125,206.72607421875,-54.0771484375
0.3880615234375,-0.8203125,2.196533203125,-46.5087890625,230.712890625,-40.58837890625
0.43603515625,-1.3216552734375,2.3251953125,-39.12353515625,228.08837890625,-24.59716796875
0.556396484375,-1.5626220703125,2.8836669921875,-20.69091796875,217.46826171875,-6.04248046875
0.77880859375,-1.47216796875,2.87353515625,24.2919921875,205.56640625,14.58740234375
1.216552734375,-1.2716064453125,1.8841552734375,33.3251953125,197.69287109375,35.15625
1.9197998046875,-1.052001953125,1.237548828125,35.7666015625,197.81494140625,69.2138671875
2.05224609375,-0.8709716796875,0.6072998046875,32.2265625,205.87158203125,99.42626953125
1.858642578125,-0.7037353515625,0.4716796875,23.74267578125,232.421875,106.26220703125
1.595703125,-0.7095947265625,0.410888671875,13.85498046875,258.60595703125,112.6708984375
1.130859375,-1.09814453125,0.423583984375,7.2021484375,264.0380859375,119.140625
0.8387451171875,-1.1002197265625,0.4849853515625,9.82666015625,267.63916015625,125.732421875
0.8614501953125,-0.8494873046875,0.5914306640625,14.16015625,270.6298828125,132.32421875
1.802734375,-0.83935546875,0.694091796875,10.1318359375,272.88818359375,139.5263671875
2.370361328125,-0.59423828125,0.79150390625,4.150390625,275.2685546875,147.4609375
1.4669189453125,-0.4708251953125,0.8153076171875,-1.5869140625,277.34375,155.029296875
0.55810546875,-0.3997802734375,0.854248046875,-5.9814453125,278.25927734375,161.92626953125
0.170654296875,-0.3746337890625,0.904052734375,-8.30078125,277.16064453125,168.51806640625
-0.106201171875,-0.36572265625,0.9615478515625,-10.80322265625,275.0244140625,175.10986328125
-0.1690673828125,-0.405029296875,1.0262451171875,-14.892578125,273.74267578125,181.5185546875
-0.226318359375,-0.49169921875,1.09130859375,-18.5546875,274.71923828125,187.19482421875
-0.209716796875,-0.58349609375,1.161865234375,-19.775390625,277.16064453125,192.5048828125
-0.10498046875,-0.541015625,1.2376708984375,-18.5546875,279.4189453125,197.509765625
0.0614013671875,-0.531494140625,1.3358154296875,-13.36669921875,279.23583984375,198.66943359375
0.234375,-0.5504150390625,1.457275390625,-5.67626953125,276.18408203125,198.3642578125
0.35595703125,-0.5909423828125,1.583984375,0.67138671875,271.6064453125,188.78173828125
0.5804443359375,-0.6385498046875,1.708251953125,1.03759765625,251.8310546875,156.005859375
0.662841796875,-0.6817626953125,1.7777099609375,-7.4462890625,203.2470703125,98.08349609375
0.7572021484375,-0.7047119140625,1.735595703125,-21.240234375,165.83251953125,32.958984375
0.859619140625,-0.7174072265625,1.581787109375,-46.93603515625,122.6806640625,-12.5732421875
0.96044921875,-0.7611083984375,1.32470703125,-62.5,75.01220703125,-48.583984375
1.0535888671875,-0.8458251953125,0.9669189453125,-50.1708984375,16.54052734375,-88.7451171875
1.14453125,-0.94970703125,0.5943603515625,-30.21240234375,-46.9970703125,-114.3798828125
1.2322998046875,-1.0687255859375,0.066162109375,-17.2119140625,-88.2568359375,-115.966796875
1.338623046875,-1.1649169921875,-0.692138671875,-25.634765625,-115.29541015625,-95.76416015625
1.4859619140625,-1.147216796875,-1.6153564453125,-26.42822265625,-83.67919921875,-77.7587890625
1.66943359375,-0.9718017578125,-2.5050048828125,4.45556640625,-52.6123046875,-86.42578125
1.891845703125,-0.7001953125,-2.9453125,37.841796875,-59.14306640625,-58.65478515625
2.1414794921875,-0.379150390625,-2.8226318359375,81.0546875,-140.31982421875,-12.20703125
2.365478515625,-0.078857421875,-2.133056640625,34.24072265625,-197.8759765625,-36.865234375
2.5294189453125,0.0916748046875,-0.5670166015625,-51.025390625,-196.83837890625,-96.19140625
2.685302734375,0.212890625,1.705810546875,79.1015625,-217.041015625,-94.23828125
2.8729248046875,0.559814453125,2.4486083984375,39.24560546875,-199.0966796875,-60.11962890625
2.984375,1.169677734375,1.1395263671875,19.34814453125,-190.73486328125,-28.80859375
3.0943603515625,1.3365478515625,-0.3450927734375,7.26318359375,-188.65966796875,-34.72900390625
3.3232421875,0.6385498046875,0.28515625,1.8310546875,-196.96044921875,-35.33935546875
3.5787353515625,-0.208251953125,2.0689697265625,4.150390625,-143.9208984375,-14.70947265625
3.60595703125,-0.40966796875,2.201416015625,21.78955078125,-76.47705078125,-8.97216796875
3.12744140625,-0.927978515625,1.7003173828125,26.123046875,-66.0400390625,-4.39453125
2.485107421875,-2.2978515625,1.5208740234375,77.57568359375,-44.86083984375,-5.18798828125
2.2310791015625,-1.912353515625,1.0582275390625,51.7578125,-27.03857421875,-5.126953125
1.15771484375,0.0650634765625,0.9547119140625,31.79931640625,-19.04296875,-3.96728515625
0.3411865234375,0.6917724609375,1.767333984375,53.89404296875,-16.78466796875,-7.32421875
-0.788330078125,0.6654052734375,1.6431884765625,13.0615234375,-30.21240234375,-6.04248046875
-1.212646484375,1.072021484375,0.8966064453125,14.2822265625,-17.7001953125,-2.38037109375
-0.0318603515625,0.7818603515625,0.8951416015625,15.2587890625,-3.60107421875,0.54931640625
0.913818359375,-0.854736328125,0.93408203125,18.49365234375,-2.44140625,-1.0986328125
1.7919921875,-1.9427490234375,0.847900390625,27.83203125,-2.50244140625,-2.99072265625
1.7205810546875,-1.2257080078125,0.8974609375,16.2353515625,-0.48828125,-6.28662109375
1.3887939453125,0.2716064453125,0.8582763671875,1.52587890625,0.3662109375,-6.65283203125
1.636962890625,0.58203125,0.821044921875,-19.6533203125,-6.77490234375,-6.65283203125
1.6341552734375,-0.647705078125,0.823486328125,-17.88330078125,-9.46044921875,-6.8359375
1.2352294921875,-0.713134765625,0.83203125,-11.90185546875,-10.7421875,-7.080078125
1.55029296875,-0.090576171875,0.8170166015625,6.2255859375,-10.43701171875,-7.87353515625
1.2047119140625,-0.445068359375,0.8135986328125,9.09423828125,-9.46044921875,-8.36181640625
0.533203125,-0.2138671875,0.820556640625,9.82666015625,-6.4697265625,-8.9111328125
0.620849609375,-0.3636474609375,0.8426513671875,8.4228515625,-5.43212890625,-8.30078125
0.6512451171875,-0.3111572265625,0.840576171875,5.18798828125,-4.8828125,-7.4462890625
0.5516357421875,-0.208740234375,0.83203125,2.685546875,-5.43212890625,-6.9580078125
0.523193359375,-0.2005615234375,0.822021484375,3.11279296875,-6.40869140625,-7.080078125
0.5096435546875,-0.3353271484375,0.8160400390625,2.99072265625,-7.01904296875,-7.080078125
0.539794921875,-0.3675537109375,0.82373046875,0.1220703125,-7.2021484375,-6.28662109375
0.5028076171875,-0.369140625,0.82763671875,-2.685546875,-8.30078125,-5.43212890625
0.4892578125,-0.322021484375,0.82666015625,-4.08935546875,-9.765625,-4.39453125
0.4871826171875,-0.3040771484375,0.8292236328125,-4.0283203125,-11.41357421875,-1.52587890625
0.498779296875,-0.303955078125,0.83056640625,-4.150390625,-15.56396484375,-1.77001953125
0.4935302734375,-0.3118896484375,0.8292236328125,-4.7607421875,-25.2685546875,-2.01416015625
0.4744873046875,-0.314697265625,0.830322265625,-5.7373046875,-47.54638671875,-3.2958984375
0.478759765625,-0.2972412109375,0.8321533203125,-8.11767578125,-57.0068359375,-5.4931640625
0.4774169921875,-0.295654296875,0.8311767578125,-14.58740234375,-67.9931640625,-8.11767578125
0.472412109375,-0.2889404296875,0.8331298828125,-23.13232421875,-80.87158203125,-19.59228515625
0.47607421875,-0.2779541015625,0.840576171875,-29.23583984375,-96.61865234375,-29.78515625
0.501953125,-0.272216796875,0.85498046875,-34.36279296875,-128.662109375,-37.109375
0.501953125,-0.275634765625,0.878173828125,-38.63525390625,-146.97265625,-41.50390625
0.4915771484375,-0.2874755859375,0.8851318359375,-45.2880859375,-164.12353515625,-46.9970703125
0.488525390625,-0.2823486328125,0.897705078125,-58.04443359375,-188.232421875,-57.55615234375
0.4991455078125,-0.268798828125,0.8980712890625,-61.767578125,-214.111328125,-75.13427734375
0.5030517578125,-0.27001953125,0.902587890625,-60.24169921875,-237.548828125,-89.599609375
0.498291015625,-0.26171875,0.8685302734375,-53.64990234375,-255.31005859375,-93.07861328125
0.507080078125,-0.2755126953125,0.8382568359375,-46.630859375,-274.169921875,-94.42138671875
0.512939453125,-0.2559814453125,0.874755859375,-44.00634765625,-302.734375,-102.783203125
0.5020751953125,-0.2674560546875,0.93408203125,-41.9921875,-357.0556640625,-120.17822265625
0.4990234375,-0.2869873046875,0.899169921875,-38.75732421875,-421.0205078125,-153.50341796875
0.4852294921875,-0.29248046875,0.8851318359375,-51.3916015625,-435.546875,-171.875
0.4757080078125,-0.318359375,0.9378662109375,-75.68359375,-386.23046875,-183.41064453125
0.4757080078125,-0.4052734375,0.962890625,-107.177734375,-352.72216796875,-187.07275390625
0.4752197265625,-0.424560546875,1.005126953125,-107.177734375,-330.99365234375,-185.546875
0.471923828125,-0.3837890625,1.1466064453125,-62.07275390625,-294.86083984375,-180.96923828125
0.479248046875,-0.363525390625,1.1947021484375,-23.25439453125,-276.42822265625,-170.47119140625
0.4453125,-0.36376953125,1.1116943359375,-15.0146484375,-279.6630859375,-30.8837890625
0.4696044921875,-0.404296875,1.020263671875,-31.8603515625,-213.0126953125,-15.68603515625
0.475830078125,-0.4473876953125,1.037109375,-48.583984375,174.98779296875,10.6201171875
0.47216796875,-0.366943359375,1.0777587890625,-73.1201171875,218.32275390625,28.74755859375
0.493896484375,-0.32958984375,1.4534912109375,-61.03515625,247.314453125,48.03466796875
0.545654296875,-0.42041015625,1.74365234375,-56.5185546875,236.328125,66.22314453125
0.5169677734375,-0.6224365234375,1.8045654296875,-20.01953125,225.09765625,93.1396484375
0.4520263671875,-1.0072021484375,2.154052734375,40.58837890625,220.15380859375,102.1728515625
0.5386962890625,-1.2762451171875,2.3739013671875,30.21240234375,227.35595703125,109.43603515625
0.7772216796875,-1.2911376953125,1.454345703125,20.93505859375,235.4736328125,114.8681640625
1.1351318359375,-1.1771240234375,0.627197265625,15.93017578125,244.81201171875,118.22509765625
1.640380859375,-0.9716796875,0.552490234375,24.7802734375,257.14111328125,119.20166015625
1.9232177734375,-0.6456298828125,0.5845947265625,29.78515625,271.91162109375,117.37060546875
1.81494140625,-0.6021728515625,0.65625,29.72412109375,285.33935546875,114.19677734375
1.721923828125,-0.5865478515625,0.7889404296875,26.4892578125,295.41015625,110.9619140625
1.3616943359375,-1.5020751953125,0.8323974609375,22.0947265625,300.84228515625,108.21533203125
0.8624267578125,-1.2650146484375,0.8983154296875,16.54052734375,302.6123046875,108.642578125
0.8714599609375,-0.368896484375,0.991943359375,9.8876953125,302.30712890625,112.24365234375
1.2332763671875,-0.2547607421875,1.0589599609375,0.54931640625,299.01123046875,124.8779296875
0.990966796875,-0.291015625,1.0718994140625,-11.1083984375,295.2880859375,132.8125
0.2275390625,-0.38916015625,1.0498046875,-21.240234375,284.3017578125,139.58740234375
-0.11572265625,-0.4844970703125,1.0257568359375,-31.1279296875,277.64892578125,143.6767578125
-0.1341552734375,-0.4295654296875,1.0372314453125,-32.16552734375,272.0947265625,144.71435546875
-0.0643310546875,-0.36083984375,1.0855712890625,-29.96826171875,265.2587890625,144.95849609375
0.0440673828125,-0.3370361328125,1.1597900390625,-27.40478515625,258.36181640625,146.484375
0.2623291015625,-0.3406982421875,1.3411865234375,-24.4140625,251.0986328125,148.74267578125
0.3482666015625,-0.3231201171875,1.5322265625,-21.54541015625,242.3095703125,150.32958984375
0.4649658203125,-0.2838134765625,1.6285400390625,-17.333984375,231.689453125,151.3671875
0.6365966796875,-0.2501220703125,1.700927734375,-13.97705078125,214.41650390625,146.17919921875
0.7725830078125,-0.2550048828125,1.7147216796875,-14.7705078125,172.36328125,88.56201171875
0.8236083984375,-0.3109130859375,1.6419677734375,-20.20263671875,131.40869140625,-21.240234375
0.841552734375,-0.396484375,1.458251953125,-27.89306640625,40.58837890625,-81.35986328125
0.8597412109375,-0.547607421875,1.1707763671875,-36.9873046875,-77.0263671875,-108.94775390625
0.9063720703125,-0.68408203125,0.81689453125,-43.9453125,-120.60546875,-35.7666015625
0.9857177734375,-0.7532958984375,0.4564208984375,-28.62548828125,-150.7568359375,-73.3642578125
1.0709228515625,-0.813720703125,0.0228271484375,6.9580078125,-68.66455078125,-31.8603515625
1.2264404296875,-0.865234375,-0.5732421875,39.73388671875,-152.587890625,23.86474609375
1.4127197265625,-0.8824462890625,-2.4031982421875,53.22265625,-195.61767578125,4.33349609375
1.553955078125,-0.8175048828125,-2.8228759765625,-134.46044921875,-206.60400390625,-36.68212890625
1.7198486328125,-0.6690673828125,-2.1134033203125,35.21728515625,-195.1904296875,-39.12353515625
