0.5999755859375,-0.174560546875,0.867431640625,-14.404296875,-258.6669921875,-14.34326171875
0.5821533203125,-0.176513671875,0.8740234375,-21.6064453125,-296.142578125,-22.76611328125
0.5718994140625,-0.146484375,0.919677734375,-23.8037109375,-348.7548828125,-35.5224609375
0.5386962890625,-0.0927734375,0.942138671875,-25.08544921875,-404.541015625,-35.82763671875
0.520263671875,-0.068603515625,0.9254150390625,-25.93994140625,-429.50439453125,-45.34912109375
0.5201416015625,-0.1173095703125,0.9393310546875,-32.40966796875,-465.2099609375,-63.53759765625
0.535888671875,-0.1593017578125,0.9520263671875,-47.2412109375,-494.384765625,-74.27978515625
0.565673828125,-0.1473388671875,0.99267578125,-58.77685546875,-484.619140625,-104.8583984375
0.595703125,-0.1942138671875,1.0653076171875,-97.96142578125,-470.15380859375,-97.96142578125
0.6043701171875,-0.2650146484375,1.0379638671875,-116.69921875,-437.8662109375,-103.759765625
0.5826416015625,-0.2840576171875,1.1627197265625,-147.39990234375,-387.51220703125,-119.07958984375
0.5614013671875,-0.2264404296875,1.131591796875,-170.59326171875,-338.8671875,-105.04150390625
0.5361328125,-0.18359375,0.8487548828125,-189.63623046875,-266.90673828125,-98.5107421875
0.4649658203125,-0.2711181640625,0.769775390625,-234.619140625,-165.71044921875,-75.68359375
0.3756103515625,-0.2864990234375,0.7923583984375,-232.72705078125,-74.76806640625,-35.0341796875
0.30078125,-0.351806640625,0.9356689453125,-236.26708984375,46.08154296875,-6.40869140625
0.359375,-0.447998046875,1.2347412109375,-253.173828125,148.4375,-4.2724609375
0.8531494140625,-0.593505859375,1.5552978515625,-202.94189453125,228.1494140625,-0.18310546875
1.396240234375,-0.8436279296875,1.70068359375,-143.12744140625,264.892578125,21.17919921875
1.4632568359375,-0.7833251953125,1.376708984375,-67.7490234375,313.232421875,44.00634765625
1.6732177734375,-0.7672119140625,1.43310546875,27.2216796875,308.28857421875,55.7861328125
2.1146240234375,-0.7042236328125,1.9332275390625,87.70751953125,314.8193359375,69.64111328125
2.350341796875,-0.4451904296875,1.720947265625,138.24462890625,321.47216796875,82.70263671875
2.5982666015625,-0.6080322265625,1.2164306640625,99.30419921875,333.8623046875,91.85791015625
2.5367431640625,-1.4674072265625,0.903564453125,73.54736328125,341.00341796875,99.2431640625
2.1318359375,-2.1065673828125,0.3934326171875,50.47607421875,352.9052734375,104.6142578125
1.614501953125,-2.154052734375,0.4571533203125,35.94970703125,366.14990234375,109.68017578125
1.72216796875,-1.9344482421875,0.5086669921875,35.21728515625,376.03759765625,114.92919921875
2.467529296875,-1.4132080078125,0.5711669921875,35.888671875,383.48388671875,119.384765625
2.1451416015625,-0.1209716796875,0.619873046875,37.90283203125,385.68115234375,122.9248046875
1.3555908203125,-0.0111083984375,0.6466064453125,36.19384765625,385.31494140625,128.41796875
0.955078125,-0.0877685546875,0.6376953125,31.982421875,390.380859375,131.53076171875
0.5338134765625,-0.197265625,0.6417236328125,32.65380859375,392.39501953125,133.6669921875
0.0096435546875,-0.321533203125,0.65380859375,23.98681640625,393.85986328125,135.55908203125
0.1583251953125,-0.3980712890625,0.6666259765625,9.521484375,394.1650390625,136.53564453125
0.3641357421875,-0.40234375,0.723876953125,1.46484375,392.51708984375,137.87841796875
0.5213623046875,-0.3494873046875,0.8524169921875,3.0517578125,386.16943359375,101.318359375
0.6239013671875,-0.2645263671875,1.012939453125,11.04736328125,340.63720703125,69.15283203125
0.6917724609375,-0.2633056640625,1.1973876953125,21.240234375,299.74365234375,16.78466796875
0.7440185546875,-0.252197265625,1.400146484375,21.54541015625,200.0732421875,28.13720703125
0.7978515625,-0.138916015625,1.5799560546875,-14.83154296875,156.31103515625,47.119140625
0.8704833984375,-0.14501953125,1.7144775390625,-29.052734375,104.00390625,53.3447265625
0.9581298828125,-0.296142578125,1.759033203125,-116.14990234375,42.1142578125,29.72412109375
1.0513916015625,-0.4405517578125,0.9656982421875,-191.34521484375,-17.88330078125,-18.9208984375
1.2611083984375,-0.5224609375,0.2945556640625,-221.13037109375,-84.1064453125,-44.3115234375
1.4720458984375,-0.485595703125,-1.2501220703125,-180.908203125,-116.02783203125,-46.44775390625
1.617431640625,-0.3546142578125,-1.8922119140625,-87.46337890625,-120.78857421875,-37.78076171875
1.801025390625,-0.5364990234375,-2.1949462890625,21.484375,-104.00390625,5.4931640625
1.986572265625,-0.5347900390625,-2.1427001953125,73.3642578125,-23.5595703125,-0.06103515625
2.2047119140625,1.05810546875,-1.75,72.57080078125,-47.66845703125,-21.97265625
2.4510498046875,1.5184326171875,-1.16748046875,64.697265625,-150.634765625,-20.56884765625
2.867431640625,0.9287109375,-0.662109375,122.49755859375,-188.41552734375,7.080078125
2.802001953125,-0.1600341796875,-0.228271484375,109.7412109375,-228.45458984375,-74.5849609375
2.7872314453125,-0.926025390625,0.6904296875,103.33251953125,-242.1875,-74.89013671875
2.7962646484375,-0.619384765625,1.9884033203125,105.712890625,-222.7783203125,-41.6259765625
2.8948974609375,0.1461181640625,1.8765869140625,47.18017578125,-202.880859375,-33.3251953125
2.88037109375,0.503662109375,0.521728515625,8.72802734375,-193.9697265625,-46.7529296875
2.4832763671875,0.11376953125,-0.05859375,28.99169921875,-129.8828125,-43.212890625
2.2203369140625,-0.8350830078125,0.640380859375,65.49072265625,-83.6181640625,-33.3251953125
2.276123046875,-0.8375244140625,1.992431640625,73.974609375,-49.86572265625,-26.91650390625
2.2291259765625,0.109375,1.5728759765625,69.4580078125,-16.29638671875,-21.78955078125
0.9151611328125,1.1728515625,1.32373046875,43.64013671875,-14.95361328125,-17.2119140625
0.1876220703125,1.3565673828125,1.2447509765625,39.73388671875,-15.44189453125,-8.6669921875
-0.4798583984375,0.3416748046875,1.243896484375,32.470703125,-17.2119140625,-1.40380859375
-1.25830078125,-1.1580810546875,1.0118408203125,30.57861328125,-20.5078125,0.06103515625
-0.18408203125,-1.39990234375,0.98291015625,25.5126953125,-22.76611328125,0.79345703125
0.851318359375,-0.05322265625,0.935546875,15.56396484375,-24.10888671875,1.03759765625
2.2308349609375,0.9293212890625,0.9332275390625,7.568359375,-26.123046875,2.86865234375
2.3905029296875,0.4490966796875,0.9310302734375,4.0283203125,-26.3671875,4.150390625
1.9759521484375,-0.386962890625,0.9127197265625,0.9765625,-25.634765625,4.150390625
1.75390625,0.00732421875,0.8870849609375,-0.06103515625,-24.4140625,3.90625
1.791259765625,-0.1351318359375,0.8758544921875,-2.8076171875,-21.240234375,3.11279296875
0.9652099609375,0.038818359375,0.8802490234375,-6.2255859375,-21.6064453125,2.0751953125
0.5623779296875,0.084716796875,0.8800048828125,-9.70458984375,-26.42822265625,3.2958984375
0.711669921875,-0.0350341796875,0.86279296875,-11.71875,-28.62548828125,3.35693359375
0.6834716796875,-0.07177734375,0.8599853515625,-10.8642578125,-30.76171875,4.150390625
0.6785888671875,-0.0814208984375,0.849365234375,-8.6669921875,-30.76171875,3.2958984375
0.6552734375,-0.07958984375,0.83642578125,-12.5732421875,-30.3955078125,3.0517578125
0.602294921875,-0.0679931640625,0.84716796875,-10.7421875,-31.1279296875,2.38037109375
0.5953369140625,-0.135986328125,0.84765625,-13.48876953125,-32.77587890625,1.5869140625
0.5771484375,-0.1824951171875,0.8167724609375,-14.7705078125,-34.423828125,0.42724609375
0.54541015625,-0.164794921875,0.8134765625,-17.578125,-36.19384765625,-0.732421875
0.5355224609375,-0.158447265625,0.7989501953125,-18.85986328125,-37.2314453125,-3.72314453125
0.536376953125,-0.085693359375,0.7969970703125,-18.00537109375,-40.95458984375,-4.45556640625
0.5550537109375,-0.1328125,0.79638671875,-17.2119140625,-44.677734375,-4.69970703125
0.570556640625,-0.1422119140625,0.7906494140625,-15.625,-49.560546875,-4.57763671875
0.5635986328125,-0.12060546875,0.77978515625,-6.53076171875,-55.60302734375,-4.57763671875
0.559814453125,-0.1417236328125,0.76708984375,-3.47900390625,-64.39208984375,-4.5166015625
0.5367431640625,-0.13037109375,0.7623291015625,-0.91552734375,-74.89013671875,-3.90625
0.554931640625,-0.162109375,0.7740478515625,1.03759765625,-86.24267578125,0.54931640625
0.6002197265625,-0.166015625,0.791259765625,1.708984375,-113.4033203125,4.21142578125
0.5806884765625,-0.166259765625,0.795166015625,1.77001953125,-127.62451171875,3.90625
0.5882568359375,-0.18310546875,0.81787109375,1.52587890625,-218.81103515625,-1.220703125
0.590576171875,-0.1466064453125,0.84130859375,0.91552734375,-250.06103515625,-11.8408203125
0.5933837890625,-0.1387939453125,0.8504638671875,-3.662109375,-286.1328125,-19.287109375
0.5936279296875,-0.1573486328125,0.8585205078125,-27.40478515625,-338.07373046875,-30.21240234375
0.593505859375,-0.1705322265625,0.877197265625,-33.50830078125,-400.146484375,-23.49853515625
0.6209716796875,-0.1627197265625,0.885009765625,-32.40966796875,-442.44384765625,-33.203125
0.60205078125,-0.140869140625,0.9735107421875,-30.6396484375,-470.5810546875,-50.048828125
0.5963134765625,-0.0953369140625,0.972900390625,-50.59814453125,-507.62939453125,-59.14306640625
0.5782470703125,-0.0643310546875,1.001708984375,-65.00244140625,-503.11279296875,-87.34130859375
0.5618896484375,-0.042236328125,1.1051025390625,-102.35595703125,-487.97607421875,-102.6611328125
0.5576171875,-0.2508544921875,1.09228515625,-124.267578125,-462.5244140625,-93.8720703125
0.5736083984375,-0.279052734375,1.1956787109375,-156.25,-396.66748046875,-118.896484375
0.5799560546875,-0.24609375,1.197265625,-187.43896484375,-347.900390625,-110.107421875
0.5784912109375,-0.1494140625,0.8798828125,-203.2470703125,-276.2451171875,-99.4873046875
0.444091796875,-0.1478271484375,0.7701416015625,-249.267578125,-169.00634765625,-74.15771484375
0.368408203125,-0.279052734375,0.799560546875,-248.71826171875,-70.3125,-28.50341796875
0.2689208984375,-0.3133544921875,0.94140625,-237.1826171875,57.92236328125,3.60107421875
0.2607421875,-0.3533935546875,1.2279052734375,-248.6572265625,166.6259765625,5.37109375
0.652587890625,-0.5826416015625,1.587646484375,-202.7587890625,249.3896484375,3.7841796875
1.2364501953125,-0.8265380859375,1.78076171875,-141.54052734375,286.80419921875,7.6904296875
1.4742431640625,-0.8719482421875,1.49951171875,-69.27490234375,309.63134765625,10.3759765625
1.6949462890625,-0.8538818359375,1.4820556640625,21.8505859375,320.61767578125,28.62548828125
2.0723876953125,-0.74951171875,1.9132080078125,84.89990234375,325.74462890625,39.12353515625
2.3660888671875,-0.5595703125,1.7244873046875,119.7509765625,324.03564453125,51.513671875
2.8316650390625,-0.5916748046875,1.1585693359375,134.1552734375,331.6650390625,64.27001953125
2.716796875,-1.3680419921875,0.823486328125,119.7509765625,338.9892578125,75.74462890625
2.177490234375,-2.0859375,0.5736083984375,102.47802734375,349.06005859375,86.24267578125
1.750244140625,-2.120361328125,0.404052734375,82.1533203125,355.28564453125,95.64208984375
1.69775390625,-1.873291015625,0.423095703125,63.96484375,362.24365234375,105.04150390625
2.449951171875,-1.3504638671875,0.45849609375,55.2978515625,372.1923828125,124.3896484375
2.230224609375,-0.79052734375,0.501708984375,54.443359375,382.6904296875,133.23974609375
1.3499755859375,-0.3353271484375,0.5478515625,53.40576171875,386.04736328125,138.61083984375
0.9129638671875,-0.0218505859375,0.57568359375,47.36328125,388.24462890625,141.90673828125
0.463623046875,-0.07666015625,0.57568359375,29.1748046875,389.70947265625,144.71435546875
0.1348876953125,-0.1776123046875,0.548828125,19.22607421875,390.44189453125,147.216796875
0.0001220703125,-0.2816162109375,0.568115234375,13.48876953125,392.51708984375,101.86767578125
0.0849609375,-0.3851318359375,0.6671142578125,9.765625,347.900390625,69.76318359375
0.2352294921875,-0.42626953125,0.764404296875,9.521484375,316.83349609375,36.92626953125
0.3980712890625,-0.36279296875,0.921142578125,9.94873046875,271.97265625,14.892578125
0.5330810546875,-0.282470703125,1.092529296875,3.47900390625,223.9990234375,16.2353515625
0.6031494140625,-0.2340087890625,1.238037109375,-8.85009765625,180.7861328125,36.376953125
0.60498046875,-0.267822265625,1.3486328125,-31.494140625,136.1083984375,56.396484375
0.6331787109375,-0.3111572265625,1.511474609375,-73.486328125,82.763671875,53.03955078125
0.7276611328125,-0.3447265625,0.5677490234375,-139.0380859375,23.3154296875,-37.78076171875
1.026123046875,-0.3582763671875,-0.145263671875,-194.2138671875,-109.06982421875,-54.62646484375
1.1873779296875,-0.358154296875,-0.8577880859375,-193.54248046875,-130.79833984375,-50.23193359375
1.3834228515625,-0.390380859375,-1.4769287109375,-132.6904296875,-125.48828125,-7.8125
1.60107421875,-0.6324462890625,-1.884521484375,64.8193359375,-54.99267578125,2.8076171875
1.8096923828125,-0.3507080078125,-2.0020751953125,85.9375,-151.4892578125,53.466796875
1.9727783203125,0.3701171875,-1.7808837890625,76.0498046875,-179.6875,51.513671875
2.93603515625,1.099365234375,-0.931640625,136.29150390625,-226.5625,-6.53076171875
2.948974609375,1.1595458984375,-0.474853515625,119.32373046875,-240.05126953125,-69.4580078125
2.7734375,0.4296875,0.4041748046875,84.1064453125,-176.8798828125,-49.560546875
2.7108154296875,-0.6322021484375,2.0897216796875,47.36328125,-159.66796875,-30.517578125
2.727783203125,-0.236572265625,0.2593994140625,12.51220703125,-156.005859375,-31.3720703125
2.7117919921875,0.4276123046875,0.3729248046875,-3.84521484375,-122.4365234375,-41.07666015625
2.69189453125,0.2861328125,0.962646484375,38.818359375,-74.21875,-28.076171875
2.5867919921875,-0.943359375,1.5020751953125,55.419921875,-58.16650390625,-23.74267578125
2.0806884765625,0.551025390625,1.5565185546875,51.69677734375,-33.50830078125,-19.47021484375
2.1539306640625,0.9014892578125,1.302001953125,50.9033203125,-23.681640625,-10.55908203125
1.1871337890625,1.0506591796875,1.0318603515625,35.94970703125,-15.380859375,-6.4697265625
-0.0521240234375,1.46240234375,1.1436767578125,40.0390625,-17.4560546875,0.18310546875
-0.22265625,1.0447998046875,1.1114501953125,30.1513671875,-21.17919921875,1.5869140625
0.400390625,-1.6861572265625,1.019287109375,17.9443359375,-22.88818359375,0.8544921875
0.812255859375,-0.608154296875,1.046142578125,10.8642578125,-24.4140625,0.244140625
1.47021484375,0.5089111328125,0.93994140625,3.72314453125,-26.18408203125,1.40380859375
2.02880859375,0.514404296875,0.9326171875,0.1220703125,-27.7099609375,3.0517578125
1.759521484375,-0.1312255859375,0.91943359375,-1.03759765625,-27.34375,3.173828125
1.251708984375,-0.1929931640625,0.8961181640625,-1.46484375,-25.390625,2.3193359375
1.6588134765625,0.084716796875,0.8846435546875,-3.7841796875,-24.35302734375,-0.54931640625
1.2628173828125,-0.081298828125,0.8814697265625,-7.568359375,-23.92578125,-2.5634765625
0.4765625,-0.0013427734375,0.8880615234375,-11.65771484375,-26.55029296875,-1.77001953125
0.6878662109375,-0.01611328125,0.8809814453125,-12.6953125,-29.9072265625,-0.48828125
0.7276611328125,-0.06591796875,0.859375,-8.60595703125,-32.16552734375,0.06103515625
0.623291015625,-0.0999755859375,0.848388671875,-5.126953125,-31.55517578125,0.30517578125
0.5933837890625,-0.0909423828125,0.84326171875,-5.7373046875,-30.21240234375,-2.38037109375
0.609130859375,-0.081787109375,0.8492431640625,-8.11767578125,-30.09033203125,-5.31005859375
0.5899658203125,-0.1090087890625,0.8629150390625,-10.68115234375,-32.1044921875,-8.72802734375
0.5538330078125,-0.1685791015625,0.8551025390625,-12.20703125,-34.72900390625,-14.58740234375
0.533447265625,-0.2100830078125,0.840576171875,-11.53564453125,-39.48974609375,-14.16015625
0.5341796875,-0.197998046875,0.8228759765625,-10.92529296875,-41.50390625,-12.14599609375
0.5277099609375,-0.1456298828125,0.813720703125,-9.765625,-42.236328125,-10.6201171875
0.5128173828125,-0.0845947265625,0.803955078125,-3.90625,-45.0439453125,-9.09423828125
0.5517578125,-0.0633544921875,0.819091796875,-2.01416015625,-49.49951171875,-8.056640625
0.5556640625,-0.0838623046875,0.8074951171875,-1.28173828125,-55.23681640625,-6.28662109375
0.5377197265625,-0.145263671875,0.790771484375,0.6103515625,-60.97412109375,-4.94384765625
0.56396484375,-0.138671875,0.7618408203125,2.3193359375,-67.9931640625,-4.21142578125
0.578369140625,-0.193359375,0.7618408203125,3.23486328125,-77.57568359375,-4.2724609375
0.602294921875,-0.2005615234375,0.7874755859375,2.8076171875,-88.134765625,-2.62451171875
0.5693359375,-0.174560546875,0.801513671875,2.9296875,-99.2431640625,1.64794921875
0.5843505859375,-0.111328125,0.8001708984375,2.62451171875,-109.2529296875,7.8125
0.5601806640625,-0.095458984375,0.8001708984375,1.89208984375,-119.62890625,8.36181640625
0.564697265625,-0.0849609375,0.822998046875,1.40380859375,-143.85986328125,6.77490234375
0.6129150390625,-0.0965576171875,0.8447265625,0.54931640625,-156.43310546875,3.662109375
0.6221923828125,-0.0809326171875,0.8497314453125,-0.8544921875,-170.71533203125,0.06103515625
0.6153564453125,-0.0849609375,0.8487548828125,-6.77490234375,-190.12451171875,-6.2255859375
0.598876953125,-0.108154296875,0.8433837890625,-11.41357421875,-213.80615234375,-16.11328125
0.5931396484375,-0.121826171875,0.8443603515625,-18.6767578125,-242.67578125,-25.93994140625
0.6083984375,-0.0980224609375,0.850830078125,-23.62060546875,-277.77099609375,-33.50830078125
0.6104736328125,-0.0294189453125,0.87548828125,-26.30615234375,-325.62255859375,-38.51318359375
0.5872802734375,0.008544921875,0.88671875,-28.50341796875,-375.67138671875,-25.32958984375
0.5740966796875,-0.0074462890625,0.8829345703125,-27.40478515625,-416.56494140625,-28.13720703125
0.581787109375,-0.1029052734375,0.886474609375,-25.390625,-441.5283203125,-35.58349609375
0.605712890625,-0.161376953125,0.899169921875,-36.07177734375,-466.85791015625,-49.1943359375
0.6326904296875,-0.2017822265625,0.959228515625,-59.02099609375,-452.57568359375,-69.9462890625
0.649658203125,-0.2459716796875,1.0,-95.03173828125,-434.5703125,-71.77734375
0.6270751953125,-0.29150390625,0.9669189453125,-119.9951171875,-383.11767578125,-99.54833984375
0.62060546875,-0.2930908203125,1.067138671875,-191.650390625,-349.4873046875,-105.712890625
0.5966796875,-0.186279296875,1.047119140625,-203.9794921875,-282.958984375,-94.970703125
0.557861328125,-0.0589599609375,0.8150634765625,-241.455078125,-199.40185546875,20.3857421875
0.4942626953125,-0.064208984375,0.720703125,-239.8681640625,211.48681640625,28.01513671875
0.424072265625,-0.12890625,0.8529052734375,-227.783203125,260.19287109375,31.3720703125
0.3353271484375,-0.1820068359375,1.0797119140625,-239.2578125,294.00634765625,39.306640625
0.37744140625,-0.225341796875,1.3741455078125,-2.3193359375,319.76318359375,46.08154296875
0.8663330078125,-0.30224609375,1.5416259765625,60.791015625,330.4443359375,57.06787109375
1.279052734375,-0.8145751953125,1.547607421875,106.50634765625,332.09228515625,61.4013671875
1.416748046875,-0.7406005859375,1.3131103515625,125.67138671875,327.45361328125,72.3876953125
1.647705078125,-0.7032470703125,0.9888916015625,126.220703125,334.89990234375,78.30810546875
1.9515380859375,-0.50634765625,0.687255859375,98.81591796875,344.54345703125,83.8623046875
2.5794677734375,-0.4144287109375,0.476318359375,77.5146484375,353.21044921875,88.43994140625
2.521484375,-1.8328857421875,0.3751220703125,40.34423828125,359.68017578125,91.36962890625
2.17919921875,-1.42724609375,0.3924560546875,30.70068359375,364.74609375,94.66552734375
1.763671875,-0.921142578125,0.439697265625,24.4140625,368.1640625,101.37939453125
1.367919921875,-0.4593505859375,0.5609130859375,19.04296875,375.06103515625,105.77392578125
1.176513671875,-0.0958251953125,0.5977783203125,13.24462890625,376.03759765625,112.3046875
0.7918701171875,0.0592041015625,0.5948486328125,5.92041015625,377.50244140625,118.0419921875
0.4490966796875,0.0062255859375,0.6094970703125,-15.7470703125,374.8779296875,115.90576171875
0.222900390625,-0.102294921875,0.640625,-10.92529296875,365.966796875,103.515625
0.1019287109375,-0.1466064453125,0.6822509765625,-5.859375,356.01806640625,81.23779296875
0.1373291015625,-0.1497802734375,1.28076171875,-2.38037109375,344.05517578125,53.28369140625
0.260986328125,-0.1181640625,1.449462890625,-1.220703125,322.75390625,29.72412109375
0.578857421875,-0.0755615234375,1.5341796875,-4.94384765625,289.306640625,16.845703125
0.6495361328125,-0.035888671875,1.5699462890625,-11.29150390625,244.32373046875,24.7802734375
0.6336669921875,-0.2275390625,1.5777587890625,-20.44677734375,197.3876953125,50.048828125
0.65283203125,-0.27001953125,1.483154296875,-41.1376953125,155.517578125,70.25146484375
0.7459716796875,-0.248779296875,1.230224609375,-75.68359375,112.3046875,67.93212890625
0.8614501953125,-0.205322265625,0.775146484375,-128.5400390625,53.77197265625,32.8369140625
1.63134765625,-0.20703125,0.1524658203125,-183.2275390625,-21.8505859375,-49.9267578125
1.8480224609375,-0.297119140625,-0.4991455078125,-194.9462890625,-119.32373046875,-45.34912109375
2.0087890625,-0.4774169921875,-1.086181640625,-148.98681640625,-115.66162109375,-21.17919921875
2.1341552734375,-0.57421875,-1.557373046875,-59.5703125,-75.3173828125,-15.0146484375
2.355712890625,-0.4007568359375,-1.82275390625,68.66455078125,-88.5009765625,-23.01025390625
2.6845703125,0.1632080078125,-1.86181640625,78.06396484375,-123.779296875,-6.53076171875
2.944091796875,0.952392578125,-1.623291015625,136.04736328125,-139.34326171875,43.88427734375
2.9617919921875,1.21923828125,-0.64404296875,134.33837890625,-155.517578125,35.5224609375
2.7264404296875,0.68896484375,0.32275390625,132.87353515625,-196.044921875,-17.4560546875
2.3927001953125,-0.15673828125,1.7071533203125,133.85009765625,-225.09765625,-51.025390625
2.287109375,-0.6259765625,1.8677978515625,88.5009765625,-207.94677734375,-51.81884765625
2.4599609375,0.3458251953125,0.957763671875,56.09130859375,-186.95068359375,-32.3486328125
2.70947265625,0.00048828125,0.522705078125,24.90234375,-171.93603515625,-14.6484375
2.69970703125,-0.799560546875,0.67236328125,-10.6201171875,-163.818359375,-27.77099609375
2.2581787109375,-0.9044189453125,0.97705078125,-19.47021484375,-112.48779296875,-35.58349609375
2.181884765625,-0.27197265625,1.214599609375,15.0146484375,-70.556640625,-29.47998046875
1.0406494140625,0.83203125,1.386474609375,35.888671875,-49.072265625,-26.06201171875
0.3134765625,1.1788330078125,1.4617919921875,50.96435546875,-25.69580078125,-21.728515625
0.1607666015625,1.0709228515625,1.275390625,39.6728515625,-17.88330078125,-19.71435546875
-0.386962890625,1.5267333984375,1.0958251953125,36.1328125,-10.31494140625,-15.13671875
0.0552978515625,1.0504150390625,1.1937255859375,42.17529296875,-10.7421875,-9.033203125
0.5899658203125,-0.7222900390625,1.0855712890625,31.3720703125,-12.8173828125,-2.01416015625
0.7091064453125,-1.598876953125,0.9849853515625,25.32958984375,-16.29638671875,6.40869140625
0.9842529296875,-0.81103515625,1.0067138671875,21.17919921875,-20.8740234375,7.2021484375
1.5430908203125,0.4134521484375,0.9246826171875,13.5498046875,-21.97265625,8.7890625
1.964111328125,0.5264892578125,0.9024658203125,5.55419921875,-22.5830078125,9.46044921875
1.82861328125,-0.21630859375,0.912109375,-6.2255859375,-23.0712890625,9.765625
1.5357666015625,-0.1851806640625,0.922607421875,-7.75146484375,-18.98193359375,7.9345703125
1.72509765625,0.0404052734375,0.908203125,-10.92529296875,-18.5546875,7.080078125
1.1185302734375,-0.1343994140625,0.8695068359375,-14.0380859375,-21.6064453125,4.7607421875
0.5958251953125,-0.10986328125,0.8609619140625,-22.5830078125,-23.8037109375,4.0283203125
0.7908935546875,0.004150390625,0.865234375,-21.66748046875,-27.83203125,3.60107421875
0.6551513671875,0.0166015625,0.8590087890625,-19.6533203125,-28.6865234375,2.197265625
0.600830078125,-0.0965576171875,0.8388671875,-15.380859375,-27.28271484375,-0.6103515625
0.6329345703125,-0.1256103515625,0.838623046875,-12.26806640625,-26.7333984375,-3.84521484375
0.6390380859375,-0.115478515625,0.8408203125,-10.55908203125,-25.20751953125,-5.37109375
0.607666015625,-0.122314453125,0.8414306640625,-10.92529296875,-25.93994140625,-6.8359375
0.5760498046875,-0.210693359375,0.8399658203125,-11.29150390625,-27.64892578125,-7.8125
0.5457763671875,-0.207763671875,0.8126220703125,-13.24462890625,-27.587890625,-9.27734375
0.5528564453125,-0.1806640625,0.798095703125,-9.46044921875,-27.099609375,-9.3994140625
0.551513671875,-0.1680908203125,0.8074951171875,-7.14111328125,-26.91650390625,-7.568359375
0.55615234375,-0.1658935546875,0.809814453125,-4.82177734375,-26.3671875,-7.9345703125
0.5330810546875,-0.17529296875,0.80322265625,-2.44140625,-26.55029296875,-7.6904296875
0.529052734375,-0.2073974609375,0.793701171875,0.3662109375,-25.57373046875,-7.4462890625
0.527099609375,-0.2286376953125,0.78955078125,-0.9765625,-25.146484375,-7.01904296875
0.5439453125,-0.2481689453125,0.77734375,-0.06103515625,-25.20751953125,-7.4462890625
0.5821533203125,-0.2232666015625,0.75732421875,0.42724609375,-25.7568359375,-9.6435546875
0.5635986328125,-0.193115234375,0.7578125,1.220703125,-27.03857421875,-11.3525390625
0.5748291015625,-0.20361328125,0.76025390625,2.25830078125,-30.3955078125,-11.962890625
0.5615234375,-0.1986083984375,0.7574462890625,3.7841796875,-35.21728515625,-11.1083984375
0.56298828125,-0.1787109375,0.76953125,6.65283203125,-40.95458984375,-10.55908203125
0.5849609375,-0.1700439453125,0.7718505859375,7.87353515625,-48.88916015625,-10.80322265625
0.5863037109375,-0.185546875,0.76953125,8.23974609375,-59.02099609375,-9.21630859375
0.60791015625,-0.169677734375,0.776611328125,7.26318359375,-71.71630859375,-4.57763671875
0.618408203125,-0.1641845703125,0.779052734375,5.7373046875,-85.205078125,1.40380859375
0.6234130859375,-0.1689453125,0.787353515625,4.94384765625,-100.40283203125,6.28662109375
0.6259765625,-0.184326171875,0.825439453125,4.2724609375,-115.3564453125,9.94873046875
0.6278076171875,-0.206298828125,0.868896484375,3.23486328125,-126.708984375,10.7421875
0.635986328125,-0.19091796875,0.89306640625,0.91552734375,-138.7939453125,9.6435546875
0.6427001953125,-0.1505126953125,0.89990234375,-2.9296875,-155.1513671875,5.4931640625
0.630859375,-0.13818359375,0.893798828125,-9.94873046875,-175.29296875,0.6103515625
0.595703125,-0.155517578125,0.8907470703125,-15.93017578125,-197.32666015625,-1.77001953125
0.57958984375,-0.13671875,0.8779296875,-21.1181640625,-223.6328125,-6.8359375
0.5968017578125,-0.07470703125,0.8614501953125,-22.705078125,-254.57763671875,-9.70458984375
0.5865478515625,-0.0015869140625,0.87109375,-21.8505859375,-291.6259765625,-17.63916015625
0.537841796875,0.0155029296875,0.9140625,-24.59716796875,-332.94677734375,-27.2216796875
0.522705078125,-0.0262451171875,0.981201171875,-23.681640625,-390.19775390625,-29.296875
0.548095703125,-0.077880859375,1.014892578125,-25.93994140625,-433.2275390625,-28.9306640625
0.561767578125,-0.128662109375,1.00146484375,-26.55029296875,-455.56640625,-39.85595703125
0.562744140625,-0.19921875,0.981689453125,-43.701171875,-491.14990234375,-54.62646484375
0.5609130859375,-0.268798828125,1.0064697265625,-54.50439453125,-489.013671875,-73.3642578125
0.55810546875,-0.242919921875,1.0897216796875,-91.9189453125,-476.62353515625,-94.3603515625
0.5634765625,-0.2410888671875,1.0455322265625,-121.337890625,-458.49609375,-85.26611328125
0.5555419921875,-0.2626953125,1.1070556640625,-144.53125,-401.55029296875,-110.7177734375
0.5264892578125,-0.157470703125,1.0933837890625,-172.91259765625,-361.75537109375,-103.759765625
0.5194091796875,-0.0982666015625,0.8599853515625,-181.5185546875,-296.875,-88.623046875
0.4775390625,-0.20458984375,0.7637939453125,-211.24267578125,-214.90478515625,-76.0498046875
0.4051513671875,-0.2708740234375,0.7392578125,-219.8486328125,-111.87744140625,-27.83203125
0.3399658203125,-0.226318359375,0.7908935546875,-221.0693359375,11.8408203125,17.9443359375
0.3128662109375,-0.3641357421875,0.9881591796875,-229.30908203125,116.8212890625,28.9306640625
0.5709228515625,-0.583740234375,1.4588623046875,-203.91845703125,230.3466796875,31.18896484375
1.180419921875,-0.707763671875,1.68701171875,-124.81689453125,293.701171875,28.74755859375
1.4910888671875,-0.8167724609375,1.5994873046875,-61.5234375,331.0546875,29.72412109375
1.63818359375,-0.8184814453125,1.4742431640625,33.99658203125,359.619140625,26.0009765625
1.949462890625,-0.702392578125,1.7596435546875,107.2998046875,370.42236328125,27.89306640625
2.18310546875,-0.5406494140625,1.9295654296875,155.76171875,368.1640625,29.9072265625
2.48486328125,-0.463134765625,1.432861328125,167.6025390625,356.8115234375,34.24072265625
2.3974609375,-1.2615966796875,1.021728515625,166.1376953125,352.6611328125,48.095703125
2.2769775390625,-2.0584716796875,0.671875,145.263671875,353.21044921875,55.23681640625
1.9283447265625,-2.1639404296875,0.3974609375,121.03271484375,360.83984375,60.546875
1.3076171875,-2.0548095703125,0.2869873046875,88.56201171875,359.7412109375,66.5283203125
2.3223876953125,-1.555419921875,0.3004150390625,43.212890625,358.45947265625,74.0966796875
2.4305419921875,-0.91455078125,0.3521728515625,36.0107421875,357.177734375,82.70263671875
1.4649658203125,-0.4056396484375,0.385009765625,27.099609375,359.7412109375,86.85302734375
1.321533203125,-0.06396484375,0.5341796875,13.00048828125,359.92431640625,94.05517578125
0.9224853515625,0.1470947265625,0.52587890625,-3.47900390625,355.40771484375,100.64697265625
0.546142578125,0.135986328125,0.57763671875,-18.9208984375,346.98486328125,110.9619140625
0.19775390625,0.0345458984375,0.652099609375,-18.37158203125,337.21923828125,115.8447265625
-0.0032958984375,-0.34716796875,0.7857666015625,-8.97216796875,330.322265625,115.478515625
-0.0025634765625,-0.236328125,0.950927734375,-5.615234375,322.75390625,107.72705078125
0.1168212890625,-0.1590576171875,1.301513671875,-12.3291015625,311.34033203125,95.5810546875
0.28466796875,-0.1121826171875,1.469482421875,-23.62060546875,290.1611328125,79.4677734375
0.4815673828125,-0.1578369140625,1.6563720703125,-36.92626953125,252.38037109375,68.115234375
0.516845703125,-0.2567138671875,1.617919921875,-40.22216796875,202.392578125,68.4814453125
0.6129150390625,-0.438232421875,1.5626220703125,-41.259765625,151.91650390625,75.5615234375
0.7371826171875,-0.5362548828125,1.4261474609375,-47.79052734375,80.6884765625,72.509765625
0.916015625,-0.5091552734375,1.07958984375,-69.580078125,20.01953125,36.56005859375
1.125732421875,-0.3106689453125,0.4747314453125,-117.12646484375,-33.75244140625,-28.25927734375
1.476318359375,-0.2579345703125,-0.3521728515625,-149.0478515625,-115.6005859375,-60.05859375
1.623779296875,-0.4029541015625,-1.28955078125,-145.81298828125,-153.99169921875,-47.66845703125
2.0609130859375,-0.610107421875,-2.161865234375,-94.23828125,-81.48193359375,-26.30615234375
2.3189697265625,-0.6783447265625,-2.8363037109375,8.85009765625,-55.5419921875,-49.072265625
2.6708984375,-0.3497314453125,-3.0130615234375,86.60888671875,-134.33837890625,-68.66455078125
3.1512451171875,0.5313720703125,-2.2991943359375,128.0517578125,-171.44775390625,-3.41796875
3.4666748046875,1.3489990234375,-1.2392578125,101.62353515625,-192.138671875,-6.34765625
3.3892822265625,1.44482421875,0.131103515625,99.42626953125,-221.435546875,-56.82373046875
3.0328369140625,0.773193359375,1.9329833984375,133.36181640625,-227.5390625,-55.5419921875
2.8267822265625,-0.2906494140625,2.3016357421875,76.84326171875,-207.03125,-38.330078125
2.9776611328125,-0.5859375,1.08837890625,32.89794921875,-192.138671875,-22.39990234375
3.1417236328125,0.0123291015625,0.2222900390625,18.4326171875,-173.40087890625,-21.05712890625
2.9134521484375,0.158203125,0.401611328125,-1.77001953125,-143.6767578125,-33.203125
2.3087158203125,-0.5693359375,1.22802734375,15.380859375,-91.85791015625,-23.37646484375
2.0936279296875,-0.7537841796875,1.7237548828125,57.2509765625,-63.53759765625,-19.8974609375
1.1888427734375,0.7109375,1.670654296875,58.10546875,-35.400390625,-17.08984375
0.9503173828125,1.5867919921875,1.4566650390625,47.119140625,-22.27783203125,-16.05224609375
0.430908203125,1.3885498046875,1.2296142578125,17.51708984375,-12.51220703125,-13.0615234375
-0.8267822265625,1.14794921875,1.20703125,24.59716796875,-13.3056640625,-9.8876953125
-0.2967529296875,-0.129150390625,1.09130859375,19.59228515625,-13.24462890625,-4.21142578125
0.4825439453125,-1.625732421875,0.9459228515625,10.986328125,-17.4560546875,1.3427734375
1.1329345703125,-1.412841796875,0.94189453125,9.1552734375,-20.6298828125,4.638671875
1.862548828125,0.0736083984375,0.916259765625,7.568359375,-20.93505859375,5.2490234375
2.3038330078125,0.8974609375,0.923583984375,2.50244140625,-21.91162109375,4.94384765625
2.2391357421875,0.19873046875,0.917236328125,-2.13623046875,-23.25439453125,4.21142578125
1.7275390625,-0.35400390625,0.9117431640625,-5.43212890625,-23.37646484375,2.685546875
1.6644287109375,-0.0333251953125,0.9078369140625,-6.40869140625,-22.52197265625,0.42724609375
1.4005126953125,-0.02734375,0.8829345703125,-6.28662109375,-20.263671875,-1.3427734375
0.7139892578125,-0.15576171875,0.857421875,-6.89697265625,-17.51708984375,-3.90625
0.6558837890625,-0.0810546875,0.8546142578125,-7.87353515625,-17.333984375,-5.37109375
0.660400390625,-0.005859375,0.8621826171875,-8.1787109375,-19.47021484375,-6.77490234375
0.62939453125,-0.042236328125,0.856689453125,-6.89697265625,-22.705078125,-8.6669921875
0.650390625,-0.1134033203125,0.8350830078125,-2.197265625,-26.30615234375,-9.765625
0.6314697265625,-0.1697998046875,0.8187255859375,4.08935546875,-27.099609375,-10.8642578125
0.615234375,-0.162841796875,0.8294677734375,8.9111328125,-24.96337890625,-11.90185546875
0.6146240234375,-0.1748046875,0.8411865234375,11.8408203125,-26.55029296875,-11.16943359375
0.586181640625,-0.2196044921875,0.841552734375,9.70458984375,-24.23095703125,-11.8408203125
0.55859375,-0.241455078125,0.84423828125,4.150390625,-21.54541015625,-13.61083984375
0.5511474609375,-0.2337646484375,0.8365478515625,4.45556640625,-20.99609375,-16.17431640625
0.560791015625,-0.1976318359375,0.812744140625,1.0986328125,-20.99609375,-20.01953125
0.556396484375,-0.1370849609375,0.8067626953125,0.54931640625,-21.54541015625,-23.13232421875
0.5467529296875,-0.1300048828125,0.802734375,1.03759765625,-22.88818359375,-24.59716796875
0.5672607421875,-0.173095703125,0.7740478515625,2.685546875,-26.55029296875,-25.32958984375
0.5712890625,-0.18798828125,0.7674560546875,4.57763671875,-30.45654296875,-23.5595703125
0.54931640625,-0.2275390625,0.775390625,6.28662109375,-35.400390625,-20.56884765625
0.5379638671875,-0.199951171875,0.772705078125,7.9345703125,-43.9453125,-14.95361328125
0.55029296875,-0.162353515625,0.770263671875,9.3994140625,-52.06298828125,-9.033203125
0.574951171875,-0.171142578125,0.7841796875,10.1318359375,-60.24169921875,-3.662109375
0.5411376953125,-0.173095703125,0.7933349609375,9.70458984375,-69.64111328125,2.0751953125
0.5772705078125,-0.1998291015625,0.8076171875,7.99560546875,-80.9326171875,6.9580078125
0.62939453125,-0.21142578125,0.8507080078125,6.34765625,-93.017578125,14.83154296875
0.601318359375,-0.190185546875,0.869384765625,4.69970703125,-104.8583984375,18.06640625
0.588623046875,-0.142822265625,0.856689453125,4.33349609375,-129.150390625,18.12744140625
0.5738525390625,-0.109619140625,0.85302734375,0.67138671875,-142.39501953125,14.83154296875
0.5645751953125,-0.0498046875,0.864013671875,-2.0751953125,-158.69140625,10.31494140625
0.564208984375,0.0072021484375,0.8770751953125,-9.94873046875,-176.6357421875,6.65283203125
0.5701904296875,0.024658203125,0.8795166015625,-14.5263671875,-194.03076171875,6.28662109375
0.5791015625,0.025634765625,0.875,-17.08984375,-215.75927734375,3.173828125
0.568603515625,0.011474609375,0.8865966796875,-19.10400390625,-242.98095703125,-3.84521484375
0.580078125,0.0267333984375,0.892822265625,-21.8505859375,-276.67236328125,-14.892578125
0.6002197265625,0.014892578125,0.91748046875,-28.50341796875,-315.36865234375,-20.08056640625
0.5948486328125,0.0069580078125,0.931396484375,-33.0810546875,-369.68994140625,-14.0380859375
0.5772705078125,0.00732421875,0.9473876953125,-38.63525390625,-424.31640625,-4.7607421875
0.56494140625,-0.0716552734375,0.9569091796875,-35.09521484375,-450.01220703125,-28.564453125
0.57568359375,-0.163818359375,0.9241943359375,-28.1982421875,-503.60107421875,-47.36328125
0.5828857421875,-0.1966552734375,0.923095703125,-45.2880859375,-488.1591796875,-100.2197265625
0.5928955078125,-0.170166015625,0.9937744140625,-71.77734375,-478.69873046875,-95.27587890625
0.5850830078125,-0.1793212890625,1.0369873046875,-126.708984375,-439.697265625,-109.619140625
0.5601806640625,-0.2432861328125,0.9967041015625,-155.70068359375,-396.05712890625,-113.1591796875
0.5487060546875,-0.196533203125,1.153564453125,-155.029296875,-339.66064453125,-92.041015625
0.569580078125,-0.1026611328125,0.8720703125,-177.1240234375,-274.96337890625,-80.38330078125
0.529052734375,-0.0250244140625,0.8365478515625,-202.63671875,-171.2646484375,-32.1044921875
0.42138671875,-0.0933837890625,0.867919921875,-202.94189453125,-48.33984375,20.5078125
0.330322265625,-0.27587890625,1.0335693359375,-205.38330078125,79.52880859375,41.3818359375
0.2359619140625,-0.410400390625,1.4403076171875,-209.9609375,180.11474609375,33.5693359375
0.359130859375,-0.8612060546875,1.7952880859375,-155.2734375,262.0849609375,24.658203125
1.026611328125,-1.0140380859375,1.8612060546875,-97.10693359375,298.095703125,26.611328125
1.5380859375,-0.787841796875,1.5484619140625,-8.97216796875,324.8291015625,24.10888671875
1.7445068359375,-0.74853515625,1.7015380859375,75.1953125,344.05517578125,27.52685546875
2.200439453125,-0.671142578125,2.109375,129.21142578125,354.30908203125,32.04345703125
2.3834228515625,-0.3934326171875,1.6937255859375,143.98193359375,352.4169921875,36.07177734375
2.4793701171875,-0.7947998046875,1.146728515625,148.13232421875,351.4404296875,41.56494140625
2.468994140625,-1.704345703125,0.84326171875,131.2255859375,354.43115234375,56.7626953125
2.0316162109375,-2.1644287109375,0.567138671875,107.60498046875,366.76025390625,64.8193359375
1.467041015625,-2.115966796875,0.397216796875,78.06396484375,376.0986328125,73.73046875
2.0479736328125,-1.71630859375,0.3704833984375,51.1474609375,385.80322265625,83.80126953125
2.5035400390625,-1.02001953125,0.404052734375,26.91650390625,393.12744140625,92.46826171875
1.7647705078125,-0.45458984375,0.435302734375,28.01513671875,397.64404296875,99.54833984375
1.2357177734375,-0.103515625,0.494873046875,31.55517578125,396.78955078125,104.55322265625
0.940673828125,0.1376953125,0.593017578125,31.06689453125,392.9443359375,107.421875
0.637451171875,0.151123046875,0.62939453125,23.681640625,388.97705078125,109.4970703125
0.36328125,0.04443359375,0.6282958984375,12.39013671875,387.63427734375,113.09814453125
0.1947021484375,-0.082275390625,0.6287841796875,-0.1220703125,387.14599609375,118.5302734375
0.169189453125,-0.34521484375,0.655517578125,-9.3994140625,389.09912109375,126.64794921875
0.215576171875,-0.4053955078125,0.713134765625,-10.7421875,378.23486328125,119.81201171875
0.3193359375,-0.345703125,0.8370361328125,-6.591796875,371.15478515625,107.91015625
0.4813232421875,-0.2198486328125,1.0269775390625,-1.64794921875,347.5341796875,82.763671875
0.7095947265625,-0.1207275390625,1.2384033203125,-1.52587890625,311.70654296875,48.7060546875
0.7869873046875,-0.071044921875,1.4141845703125,-6.8359375,254.39453125,24.59716796875
0.85986328125,-0.0875244140625,1.5263671875,-18.98193359375,200.62255859375,31.8603515625
0.90771484375,-0.1834716796875,1.6702880859375,-16.845703125,154.11376953125,51.81884765625
0.963623046875,-0.2962646484375,1.64501953125,-17.88330078125,95.39794921875,45.59326171875
1.0423583984375,-0.365478515625,1.0274658203125,-50.84228515625,49.560546875,-12.02392578125
1.1644287109375,-0.34814453125,0.363037109375,-120.66650390625,-75.62255859375,-51.94091796875
1.37451171875,-0.2615966796875,-0.4423828125,-169.61669921875,-123.046875,-53.466796875
1.6368408203125,-0.2276611328125,-1.19140625,-168.15185546875,-115.8447265625,-35.94970703125
1.8668212890625,-0.529052734375,-1.751220703125,-1.46484375,-78.125,-33.5693359375
2.016357421875,-0.8243408203125,-2.1473388671875,62.98828125,-95.76416015625,-62.5
2.322265625,-0.4951171875,-2.28125,74.70703125,-140.0146484375,-36.56005859375
2.6658935546875,0.6221923828125,-1.3291015625,73.8525390625,-176.57470703125,-13.7939453125
3.04541015625,1.4810791015625,-0.8284912109375,78.43017578125,-252.8076171875,-51.513671875
2.8070068359375,1.2769775390625,0.263671875,107.11669921875,-221.6796875,-43.0908203125
2.6358642578125,0.30517578125,1.505615234375,103.69873046875,-184.9365234375,-25.2685546875
2.7032470703125,-0.7730712890625,1.5296630859375,19.10400390625,-178.03955078125,-25.7568359375
2.8271484375,-0.0662841796875,0.8157958984375,10.43701171875,-145.263671875,-37.90283203125
2.9498291015625,0.318359375,0.510986328125,16.54052734375,-91.30859375,-31.92138671875
2.9896240234375,-0.2501220703125,1.4300537109375,38.75732421875,-65.0634765625,-31.67724609375
2.252685546875,-1.0040283203125,1.8201904296875,34.0576171875,-43.8232421875,-36.9873046875
2.23974609375,-0.4970703125,1.3662109375,39.55078125,-15.44189453125,-25.87890625
1.293212890625,0.7127685546875,1.09716796875,29.84619140625,-4.5166015625,-20.69091796875
0.29638671875,1.164794921875,1.158447265625,43.0908203125,-8.97216796875,-13.48876953125
-0.1534423828125,1.0506591796875,1.0350341796875,46.5087890625,-12.51220703125,-7.32421875
-0.4251708984375,-1.7242431640625,0.8270263671875,37.841796875,-16.90673828125,-3.5400390625
0.0313720703125,-1.044189453125,0.93994140625,34.24072265625,-19.4091796875,-1.64794921875
1.500244140625,0.09375,0.9766845703125,25.146484375,-21.42333984375,-0.732421875
2.1529541015625,0.3428955078125,0.9541015625,15.625,-22.5830078125,-0.1220703125
1.951904296875,-0.145751953125,0.939697265625,7.62939453125,-22.4609375,-0.3662109375
1.420654296875,-0.3602294921875,0.9058837890625,3.84521484375,-20.56884765625,-0.79345703125
1.5450439453125,-0.0238037109375,0.8924560546875,0.9765625,-18.49365234375,-1.89208984375
1.3731689453125,-0.09130859375,0.8804931640625,-1.03759765625,-15.31982421875,-4.08935546875
0.71826171875,-0.0084228515625,0.8670654296875,-2.5634765625,-13.916015625,-4.7607421875
0.6923828125,0.0072021484375,0.858642578125,-3.173828125,-14.34326171875,-3.7841796875
0.8006591796875,-0.0367431640625,0.855224609375,-2.86865234375,-18.12744140625,-2.74658203125
0.6636962890625,-0.122802734375,0.8433837890625,0.48828125,-23.0712890625,-1.89208984375
0.6195068359375,-0.1568603515625,0.8330078125,3.173828125,-26.42822265625,-1.15966796875
0.572509765625,-0.1318359375,0.82666015625,3.60107421875,-27.587890625,-1.03759765625
0.5574951171875,-0.1280517578125,0.83251953125,0.67138671875,-27.16064453125,-1.64794921875
0.533935546875,-0.1612548828125,0.84521484375,-3.96728515625,-25.57373046875,-1.89208984375
0.531494140625,-0.20556640625,0.8646240234375,-7.568359375,-25.390625,-2.197265625
0.5274658203125,-0.209228515625,0.872314453125,-10.498046875,-27.83203125,-1.89208984375
0.5474853515625,-0.1678466796875,0.853515625,-14.0380859375,-29.35791015625,-2.685546875
0.540771484375,-0.1234130859375,0.835205078125,-14.7705078125,-32.5927734375,-2.44140625
0.5540771484375,-0.0950927734375,0.81591796875,-13.73291015625,-35.09521484375,-2.197265625
0.56005859375,-0.06396484375,0.8082275390625,-13.916015625,-37.04833984375,-1.953125
0.543212890625,-0.06494140625,0.8243408203125,-12.63427734375,-38.51318359375,-1.40380859375
0.5570068359375,-0.129150390625,0.8211669921875,-11.962890625,-41.1376953125,-1.15966796875
0.5504150390625,-0.1627197265625,0.8203125,-10.31494140625,-44.43359375,-1.8310546875
0.523681640625,-0.1470947265625,0.829345703125,-9.70458984375,-48.9501953125,-2.3193359375
0.532470703125,-0.1549072265625,0.8109130859375,-6.89697265625,-54.99267578125,-1.89208984375
0.5721435546875,-0.14013671875,0.7958984375,-4.150390625,-61.58447265625,-0.8544921875
0.5863037109375,-0.12939453125,0.7955322265625,-2.3193359375,-69.2138671875,-2.01416015625
0.5699462890625,-0.13525390625,0.7955322265625,-1.3427734375,-78.30810546875,-3.72314453125
0.5430908203125,-0.142578125,0.8028564453125,-0.1220703125,-89.05029296875,-2.99072265625
0.5711669921875,-0.135009765625,0.8143310546875,-0.3662109375,-113.46435546875,0.3662109375
0.576416015625,-0.147216796875,0.825927734375,0.67138671875,-125.8544921875,3.0517578125
0.5574951171875,-0.1517333984375,0.8358154296875,0.67138671875,-140.07568359375,3.173828125
0.58642578125,-0.1370849609375,0.8465576171875,-1.40380859375,-156.005859375,0.67138671875
0.6019287109375,-0.1455078125,0.86376953125,-4.33349609375,-173.88916015625,0.54931640625
0.5927734375,-0.1414794921875,0.878173828125,-8.30078125,-191.34521484375,0.06103515625
0.5865478515625,-0.1279296875,0.8687744140625,-10.8642578125,-213.623046875,-3.2958984375
0.580810546875,-0.146484375,0.8629150390625,-11.474609375,-239.501953125,-9.521484375
0.574951171875,-0.1795654296875,0.8721923828125,-17.88330078125,-268.37158203125,-18.24951171875
0.5791015625,-0.16845703125,0.9178466796875,-22.03369140625,-308.4716796875,-28.86962890625
0.5762939453125,-0.0552978515625,0.9351806640625,-22.88818359375,-364.8681640625,-36.68212890625
0.562744140625,-0.033447265625,0.915283203125,-24.658203125,-423.27880859375,-53.64990234375
0.5301513671875,-0.0770263671875,0.9354248046875,-24.10888671875,-437.56103515625,-93.994140625
0.516357421875,-0.1666259765625,0.9324951171875,-28.80859375,-422.91259765625,-116.69921875
0.5810546875,-0.1654052734375,0.9403076171875,-39.306640625,-377.86865234375,-120.66650390625
0.6123046875,-0.1337890625,1.0335693359375,-59.38720703125,-323.974609375,-86.48681640625
0.5963134765625,-0.2039794921875,1.0677490234375,-187.07275390625,-225.76904296875,-72.265625
0.5750732421875,-0.241943359375,1.0921630859375,-211.48681640625,-118.896484375,-22.15576171875
0.5831298828125,-0.231201171875,1.1959228515625,-185.546875,17.08984375,4.5166015625
0.5750732421875,-0.22265625,1.113037109375,-203.43017578125,137.20703125,5.67626953125
0.525390625,-0.2259521484375,1.5380859375,-161.2548828125,223.81591796875,-4.21142578125
0.44921875,-0.2889404296875,1.821533203125,-96.25244140625,272.705078125,-4.638671875
0.34228515625,-0.307861328125,1.86669921875,-16.11328125,295.654296875,-8.6669921875
0.2718505859375,-0.870361328125,1.6455078125,68.54248046875,303.64990234375,-3.5400390625
0.3974609375,-0.7677001953125,1.951904296875,132.9345703125,310.72998046875,6.2255859375
0.98193359375,-0.64306640625,2.02685546875,157.5927734375,309.75341796875,18.6767578125
1.486083984375,-0.5943603515625,1.329833984375,168.51806640625,312.6220703125,32.470703125
2.5592041015625,-1.4697265625,0.918701171875,160.2783203125,326.66015625,47.36328125
2.40478515625,-2.2816162109375,0.624267578125,143.37158203125,342.46826171875,59.2041015625
2.080078125,-2.1866455078125,0.4581298828125,117.49267578125,351.6845703125,70.12939453125
1.6661376953125,-1.87158203125,0.39892578125,91.12548828125,362.12158203125,93.68896484375
2.2406005859375,-1.2655029296875,0.43017578125,71.96044921875,362.548828125,90.6982421875
2.3961181640625,-0.6756591796875,0.463623046875,70.068359375,357.5439453125,84.89990234375
1.57373046875,-0.2996826171875,0.52001953125,71.71630859375,360.3515625,80.50537109375
1.0140380859375,-0.0447998046875,0.5836181640625,61.279296875,364.1357421875,79.2236328125
0.46240234375,0.028564453125,0.5557861328125,26.18408203125,368.34716796875,88.8671875
0.103515625,-0.0487060546875,0.4903564453125,11.41357421875,370.91064453125,95.21484375
-0.0296630859375,-0.206787109375,0.474609375,3.11279296875,365.1123046875,98.81591796875
0.0146484375,-0.3839111328125,0.708984375,2.3193359375,358.33740234375,99.365234375
0.1275634765625,-0.5020751953125,0.8519287109375,8.4228515625,350.2197265625,95.76416015625
0.31640625,-0.5130615234375,0.992919921875,8.36181640625,336.9140625,86.36474609375
0.5208740234375,-0.061767578125,1.1041259765625,3.2958984375,315.73486328125,70.12939453125
0.61767578125,-0.033447265625,1.2803955078125,-6.77490234375,287.7197265625,50.35400390625
0.6058349609375,-0.1368408203125,1.327392578125,-17.9443359375,255.0048828125,33.203125
0.5399169921875,-0.2684326171875,1.34814453125,-26.611328125,222.22900390625,23.3154296875
0.7408447265625,-0.3719482421875,1.2982177734375,-29.541015625,188.96484375,26.85546875
1.1470947265625,-0.43359375,1.187744140625,-33.02001953125,148.37646484375,29.78515625
1.363037109375,-0.3441162109375,1.052001953125,-51.81884765625,89.9658203125,19.34814453125
1.5538330078125,-0.222900390625,0.85693359375,-91.97998046875,37.841796875,-12.939453125
1.7078857421875,-0.1064453125,0.500732421875,-141.17431640625,-15.380859375,-57.7392578125
1.798828125,-0.096923828125,-0.0501708984375,-163.26904296875,-74.27978515625,-81.9091796875
1.9222412109375,-0.2406005859375,-0.7786865234375,-143.310546875,-103.6376953125,-80.4443359375
2.1114501953125,-0.4173583984375,-1.4971923828125,-78.0029296875,-100.5859375,-75.62255859375
2.2989501953125,-0.3406982421875,-1.9969482421875,2.8076171875,-87.21923828125,-80.56640625
2.410400390625,0.1400146484375,-2.1322021484375,48.76708984375,-97.83935546875,-77.2705078125
2.4515380859375,0.8192138671875,-1.771484375,60.11962890625,-123.59619140625,-32.1044921875
2.461181640625,1.1815185546875,-1.17138671875,79.1015625,-162.53662109375,-3.11279296875
2.53515625,0.892578125,-0.4320068359375,80.26123046875,-206.84814453125,-7.568359375
2.7454833984375,0.1591796875,0.6126708984375,94.05517578125,-244.2626953125,-28.50341796875
2.8651123046875,-0.437255859375,1.2657470703125,83.06884765625,-231.38427734375,-54.931640625
2.7525634765625,-0.3416748046875,1.281005859375,60.24169921875,-200.927734375,-53.89404296875
2.680908203125,0.13037109375,0.9283447265625,31.67724609375,-188.96484375,-39.36767578125
2.6083984375,0.171142578125,0.635009765625,4.0283203125,-180.23681640625,-40.10009765625
2.3018798828125,-0.3914794921875,0.8428955078125,0.8544921875,-135.498046875,-49.1943359375
2.098876953125,-0.8895263671875,1.2904052734375,21.30126953125,-57.6171875,-31.92138671875
1.6656494140625,-0.5006103515625,1.50537109375,49.37744140625,-35.400390625,-26.85546875
1.024169921875,0.14599609375,1.4796142578125,67.138671875,-22.705078125,-20.69091796875
0.6256103515625,0.4613037109375,1.34619140625,65.00244140625,-5.43212890625,-13.12255859375
0.069580078125,0.86279296875,1.1165771484375,37.78076171875,-9.521484375,-7.9345703125
-0.1070556640625,0.8814697265625,1.28271484375,40.22216796875,-12.3291015625,-2.74658203125
0.1593017578125,-0.0311279296875,1.2021484375,28.80859375,-15.80810546875,-2.8076171875
0.448486328125,-1.1461181640625,0.9453125,20.5078125,-19.47021484375,-4.08935546875
1.1685791015625,-1.011474609375,0.9500732421875,12.51220703125,-21.17919921875,-2.5634765625
1.8671875,0.0889892578125,0.9417724609375,5.67626953125,-22.27783203125,-0.18310546875
1.9691162109375,0.575927734375,0.92724609375,3.2958984375,-21.66748046875,1.77001953125
1.7509765625,0.01416015625,0.897705078125,2.38037109375,-20.01953125,1.46484375
1.4803466796875,-0.2271728515625,0.8870849609375,1.52587890625,-18.4326171875,-1.5869140625
2.007568359375,0.0025634765625,0.891845703125,-0.18310546875,-17.4560546875,-2.0751953125
1.6212158203125,-0.09033203125,0.8831787109375,-2.74658203125,-17.63916015625,-1.03759765625
0.6102294921875,0.0145263671875,0.8680419921875,-4.7607421875,-18.798828125,-0.30517578125
0.6600341796875,-0.03857421875,0.8565673828125,-3.662109375,-22.0947265625,-0.244140625
0.615966796875,-0.072021484375,0.845947265625,-4.638671875,-25.57373046875,0.18310546875
0.63427734375,-0.0723876953125,0.8460693359375,-7.2021484375,-28.74755859375,1.03759765625
0.60400390625,-0.068115234375,0.84423828125,-6.65283203125,-30.3955078125,0.8544921875
0.563232421875,-0.077880859375,0.8345947265625,-6.34765625,-29.9072265625,0.06103515625
0.542236328125,-0.1070556640625,0.8419189453125,-6.4697265625,-32.16552734375,-1.52587890625
0.5296630859375,-0.1661376953125,0.852783203125,-8.36181640625,-32.53173828125,-4.08935546875
0.53759765625,-0.202392578125,0.8538818359375,-10.8642578125,-32.958984375,-5.18798828125
0.549072265625,-0.1505126953125,0.8477783203125,-13.85498046875,-34.66796875,-6.04248046875
0.5496826171875,-0.0869140625,0.8355712890625,-14.58740234375,-36.376953125,-7.32421875
0.536865234375,-0.0631103515625,0.81787109375,-14.5263671875,-38.2080078125,-7.14111328125
0.5506591796875,-0.055419921875,0.8145751953125,-14.7705078125,-40.6494140625,-6.591796875
0.5528564453125,-0.0684814453125,0.8011474609375,-13.73291015625,-43.64013671875,-5.67626953125
0.5474853515625,-0.0899658203125,0.8017578125,-11.474609375,-47.79052734375,-3.2958984375
0.5426025390625,-0.0909423828125,0.790283203125,-8.4228515625,-53.77197265625,-1.40380859375
0.52587890625,-0.11279296875,0.781982421875,-5.7373046875,-61.4013671875,-1.89208984375
0.5341796875,-0.1341552734375,0.7855224609375,-3.2958984375,-83.31298828125,-2.62451171875
0.561279296875,-0.1484375,0.793212890625,-0.732421875,-96.25244140625,-1.220703125
0.577880859375,-0.144287109375,0.80712890625,1.3427734375,-108.88671875,2.13623046875
0.5611572265625,-0.1324462890625,0.822021484375,0.42724609375,-122.74169921875,4.82177734375
0.5810546875,-0.1170654296875,0.837890625,-0.42724609375,-135.92529296875,6.34765625
0.5760498046875,-0.109375,0.855224609375,-1.3427734375,-149.90234375,6.9580078125
0.5892333984375,-0.0938720703125,0.8975830078125,-2.50244140625,-165.22216796875,-10.68115234375
0.591552734375,-0.07763671875,0.8905029296875,-4.94384765625,-256.04248046875,-24.4140625
0.6011962890625,-0.069580078125,0.8946533203125,-6.7138671875,-294.25048828125,-36.43798828125
0.60302734375,-0.083251953125,0.8956298828125,-9.58251953125,-343.44482421875,-47.30224609375
0.591064453125,-0.1492919921875,0.8941650390625,-33.02001953125,-406.1279296875,-38.02490234375
0.5841064453125,-0.105224609375,0.9056396484375,-34.66796875,-448.30322265625,-46.69189453125
0.58203125,-0.040771484375,0.913818359375,-32.5927734375,-479.8583984375,-53.16162109375
0.5693359375,0.0074462890625,0.957275390625,-37.2314453125,-503.35693359375,-47.36328125
0.5328369140625,0.018310546875,1.005859375,-62.5,-488.4033203125,-81.11572265625
0.5545654296875,-0.019287109375,1.0947265625,-97.16796875,-471.8017578125,-87.0361328125
0.5699462890625,-0.0828857421875,1.051513671875,-124.57275390625,-437.68310546875,-108.88671875
0.5989990234375,-0.3470458984375,1.1376953125,-169.921875,-398.5595703125,-130.615234375
0.6236572265625,-0.2869873046875,1.1116943359375,-190.49072265625,-338.80615234375,-123.96240234375
0.601318359375,-0.125,0.8043212890625,-208.92333984375,-264.83154296875,-121.58203125
0.5826416015625,-0.0555419921875,0.755859375,-230.8349609375,-169.3115234375,-25.87890625
0.3797607421875,-0.2227783203125,0.8421630859375,-214.111328125,49.25537109375,4.45556640625
0.2906494140625,-0.2559814453125,1.03955078125,-198.486328125,175.10986328125,14.0380859375
0.23291015625,-0.191162109375,1.4404296875,-194.39697265625,238.4033203125,17.51708984375
0.6705322265625,-0.4827880859375,1.7864990234375,-73.8525390625,264.95361328125,23.62060546875
1.2515869140625,-0.908203125,1.850341796875,-4.638671875,282.2265625,27.34375
1.5364990234375,-0.8896484375,1.516357421875,61.58447265625,288.39111328125,38.63525390625
1.7987060546875,-0.8448486328125,1.9398193359375,105.16357421875,292.1142578125,49.072265625
2.164306640625,-0.8529052734375,1.57861328125,119.07958984375,289.61181640625,59.50927734375
2.540771484375,-0.595458984375,1.1243896484375,125.54931640625,295.83740234375,67.626953125
2.755126953125,-0.8984375,0.7777099609375,111.38916015625,308.53271484375,75.01220703125
2.636474609375,-1.952392578125,0.54296875,92.6513671875,323.18115234375,78.43017578125
2.07666015625,-1.8863525390625,0.4332275390625,68.4814453125,332.8857421875,81.35986328125
1.42138671875,-1.5289306640625,0.4320068359375,46.69189453125,344.78759765625,99.853515625
1.9493408203125,-0.92236328125,0.494873046875,31.06689453125,391.54052734375,102.05078125
1.89794921875,-0.460205078125,0.5406494140625,28.86962890625,392.08984375,101.13525390625
1.370361328125,-0.1473388671875,0.5831298828125,28.6865234375,389.404296875,100.5859375
0.79833984375,0.077392578125,0.62158203125,7.14111328125,385.43701171875,103.08837890625
0.2642822265625,0.1065673828125,0.6434326171875,-0.18310546875,382.75146484375,109.68017578125
-0.0255126953125,0.035400390625,0.6302490234375,-3.5400390625,381.9580078125,119.93408203125
-0.0682373046875,-0.0703125,0.6134033203125,-2.74658203125,381.34765625,130.126953125
0.00927734375,-0.1800537109375,0.6724853515625,1.28173828125,372.37548828125,131.89697265625
0.1370849609375,-0.2479248046875,0.802978515625,6.77490234375,360.04638671875,123.47412109375
0.323974609375,-0.23583984375,0.9810791015625,11.23046875,349.18212890625,104.67529296875
0.4908447265625,-0.043212890625,1.1834716796875,11.77978515625,337.09716796875,77.45361328125
0.5794677734375,-0.10009765625,1.340087890625,8.1787109375,311.1572265625,51.81884765625
0.630859375,-0.183837890625,1.43603515625,2.13623046875,270.08056640625,32.71484375
0.701904296875,-0.2626953125,1.510986328125,-4.33349609375,225.15869140625,33.14208984375
1.022705078125,-0.310546875,1.5380859375,-9.58251953125,180.72509765625,53.3447265625
1.0941162109375,-0.3238525390625,1.4388427734375,-22.76611328125,137.75634765625,61.09619140625
1.216064453125,-0.2906494140625,1.1494140625,-56.7626953125,45.95947265625,22.5830078125
1.4129638671875,-0.2388916015625,0.6312255859375,-119.384765625,-17.333984375,-41.07666015625
1.6630859375,-0.2235107421875,-0.044921875,-184.63134765625,-96.435546875,-72.998046875
1.91796875,-0.31396484375,-0.709228515625,-163.02490234375,-134.46044921875,-65.673828125
2.095458984375,-0.5701904296875,-1.2913818359375,-74.462890625,-126.89208984375,-45.95947265625
2.23974609375,-0.7652587890625,-1.703369140625,31.55517578125,-120.66650390625,-44.73876953125
2.5018310546875,-0.5450439453125,-2.01513671875,83.43505859375,-136.3525390625,-14.6484375
2.865478515625,0.215087890625,-1.6251220703125,96.6796875,-176.33056640625,-17.51708984375
3.072509765625,1.1593017578125,-1.0679931640625,113.34228515625,-218.56689453125,-41.80908203125
2.953857421875,1.365234375,-0.589111328125,118.34716796875,-226.50146484375,-50.96435546875
2.646728515625,-0.194580078125,0.55517578125,89.2333984375,-206.35986328125,-40.8935546875
2.40576171875,-0.8203125,1.3328857421875,49.9267578125,-216.4306640625,-17.4560546875
2.3687744140625,-0.4942626953125,0.909912109375,12.63427734375,-198.974609375,12.63427734375
2.5181884765625,0.2763671875,0.6253662109375,3.0517578125,-149.90234375,-19.83642578125
2.654541015625,0.172119140625,0.9794921875,-21.42333984375,-125.54931640625,-25.7568359375
2.057373046875,-0.2635498046875,1.309814453125,-22.27783203125,-79.833984375,-30.517578125
1.7655029296875,0.412353515625,1.3504638671875,22.39990234375,-44.43359375,-27.099609375
1.9039306640625,1.19873046875,1.1834716796875,63.8427734375,-36.31591796875,-18.00537109375
1.1165771484375,1.4130859375,1.2685546875,25.390625,-4.150390625,-14.46533203125
0.183837890625,1.200439453125,1.497314453125,25.81787109375,-2.8076171875,-9.09423828125
-0.09375,0.50244140625,1.223876953125,36.07177734375,-5.92041015625,-2.8076171875
0.138427734375,-0.4530029296875,0.915771484375,31.6162109375,-11.962890625,-0.06103515625
0.792724609375,-1.704345703125,0.8111572265625,26.85546875,-14.7705078125,2.74658203125
1.6160888671875,-1.8590087890625,0.85400390625,19.53125,-17.02880859375,5.79833984375
1.679931640625,0.2216796875,0.92236328125,7.568359375,-16.7236328125,9.27734375
1.2762451171875,0.9554443359375,0.8880615234375,1.46484375,-15.7470703125,11.1083984375
1.8775634765625,-0.2886962890625,0.8778076171875,-4.2724609375,-13.916015625,10.986328125
2.7335205078125,-0.50341796875,0.8658447265625,-9.521484375,-11.04736328125,8.4228515625
1.990478515625,-0.021240234375,0.863037109375,-14.6484375,-8.7890625,4.638671875
1.02294921875,0.0198974609375,0.8541259765625,-17.76123046875,-8.11767578125,0.67138671875
0.716796875,0.0234375,0.833740234375,-18.798828125,-7.6904296875,-2.3193359375
0.6322021484375,-0.0477294921875,0.8238525390625,-16.6015625,-7.99560546875,-2.62451171875
0.65673828125,-0.0430908203125,0.8104248046875,-11.53564453125,-9.82666015625,-0.9765625
0.641845703125,-0.063232421875,0.8001708984375,-4.39453125,-11.53564453125,0.54931640625
0.6434326171875,-0.0638427734375,0.8011474609375,2.685546875,-12.39013671875,1.52587890625
0.59130859375,-0.081298828125,0.7921142578125,5.4931640625,-13.24462890625,1.953125
0.586181640625,-0.1319580078125,0.7850341796875,5.615234375,-12.6953125,-0.79345703125
0.602294921875,-0.1973876953125,0.7947998046875,5.126953125,-10.009765625,-1.28173828125
0.607421875,-0.257568359375,0.8021240234375,3.72314453125,-9.27734375,-1.8310546875
0.599853515625,-0.2822265625,0.80126953125,1.46484375,-13.24462890625,-1.52587890625
0.6002197265625,-0.2662353515625,0.80419921875,0.244140625,-16.54052734375,-1.28173828125
0.5899658203125,-0.20556640625,0.8074951171875,-1.52587890625,-19.59228515625,-2.01416015625
0.5789794921875,-0.12939453125,0.8001708984375,-2.38037109375,-23.37646484375,-3.96728515625
0.5677490234375,-0.0970458984375,0.789306640625,-2.44140625,-26.30615234375,-5.55419921875
0.5589599609375,-0.1080322265625,0.78173828125,-2.197265625,-31.43310546875,-5.67626953125
0.5748291015625,-0.1322021484375,0.7977294921875,-2.0751953125,-39.9169921875,-4.0283203125
0.584228515625,-0.1600341796875,0.7919921875,-0.9765625,-56.15234375,-3.23486328125
0.5819091796875,-0.182373046875,0.8038330078125,0.30517578125,-68.05419921875,-0.30517578125
0.5831298828125,-0.185546875,0.8065185546875,1.3427734375,-94.17724609375,2.44140625
0.58837890625,-0.12841796875,0.819580078125,1.953125,-110.04638671875,5.67626953125
0.60009765625,-0.1171875,0.857421875,2.685546875,-125.79345703125,7.99560546875
0.5992431640625,-0.1387939453125,0.8614501953125,1.28173828125,-140.13671875,8.4228515625
0.5662841796875,-0.1640625,0.8570556640625,0.79345703125,-153.62548828125,6.4697265625
0.57373046875,-0.182373046875,0.91845703125,-2.01416015625,-169.73876953125,3.11279296875
0.589599609375,-0.180419921875,0.9183349609375,-6.7138671875,-187.31689453125,-7.75146484375
0.5814208984375,-0.1387939453125,0.9500732421875,-13.0615234375,-262.6953125,-14.892578125
0.5728759765625,-0.1080322265625,0.939697265625,-18.24951171875,-300.6591796875,-31.06689453125
0.5433349609375,-0.1329345703125,0.9251708984375,-23.4375,-412.7197265625,-23.4375
0.49658203125,-0.0982666015625,0.9232177734375,-32.28759765625,-438.90380859375,-47.54638671875
0.525390625,-0.036865234375,0.9210205078125,-37.41455078125,-463.80615234375,-65.85693359375
0.5474853515625,-0.0369873046875,0.92919921875,-71.8994140625,-486.87744140625,-82.275390625
0.4990234375,-0.0618896484375,1.0118408203125,-103.8818359375,-478.759765625,-121.76513671875
0.519287109375,-0.10888671875,1.0125732421875,-141.05224609375,-451.2939453125,-151.2451171875
0.5447998046875,-0.1566162109375,1.0113525390625,-155.76171875,-339.05029296875,-78.61328125
0.5643310546875,-0.189697265625,1.0767822265625,-182.6171875,-85.14404296875,-20.263671875
0.5618896484375,-0.2261962890625,1.0140380859375,-184.9365234375,62.6220703125,15.5029296875
0.5535888671875,-0.18310546875,0.693603515625,-180.35888671875,253.90625,13.97705078125
0.5595703125,-0.0958251953125,0.6861572265625,-137.20703125,295.5322265625,17.578125
0.546142578125,-0.3045654296875,0.918212890625,-86.85302734375,315.00244140625,19.8974609375
0.4140625,-0.5523681640625,1.6378173828125,68.4814453125,321.044921875,26.0009765625
0.319580078125,-0.64208984375,1.61181640625,116.943359375,318.54248046875,31.55517578125
0.7462158203125,-0.868896484375,2.10009765625,136.23046875,306.884765625,37.109375
1.258544921875,-1.096923828125,1.2225341796875,137.8173828125,299.62158203125,43.51806640625
1.53515625,-0.5855712890625,0.861083984375,126.5869140625,309.14306640625,58.4716796875
1.826416015625,-1.4462890625,0.555908203125,109.68017578125,335.87646484375,63.41552734375
2.2491455078125,-1.9844970703125,0.37158203125,87.58544921875,350.76904296875,70.4345703125
2.6483154296875,-1.6954345703125,0.3411865234375,64.208984375,367.12646484375,76.171875
1.6763916015625,-1.0859375,0.409912109375,37.78076171875,375.244140625,81.298828125
2.73193359375,-0.499755859375,0.4847412109375,39.00146484375,379.08935546875,83.92333984375
2.2786865234375,-0.0775146484375,0.571044921875,38.0859375,379.638671875,88.56201171875
0.9434814453125,0.0909423828125,0.69091796875,34.85107421875,378.60107421875,93.6279296875
0.3946533203125,0.0775146484375,0.6573486328125,26.67236328125,378.41796875,98.6328125
0.06103515625,0.000732421875,0.6143798828125,19.34814453125,380.859375,102.35595703125
-0.1368408203125,-0.0697021484375,0.6053466796875,11.04736328125,385.3759765625,105.89599609375
-0.18896484375,-0.2857666015625,0.622314453125,5.9814453125,384.3994140625,103.8818359375
-0.0797119140625,-0.316162109375,0.7008056640625,4.5166015625,375.18310546875,98.69384765625
0.1759033203125,-0.244873046875,0.8302001953125,5.37109375,361.2060546875,86.5478515625
0.4468994140625,-0.17041015625,0.990966796875,6.16455078125,348.69384765625,70.4345703125
0.663330078125,-0.149169921875,1.1632080078125,2.5634765625,336.669921875,51.94091796875
0.6551513671875,-0.1651611328125,1.3477783203125,-5.31005859375,318.115234375,37.841796875
0.645263671875,-0.2095947265625,1.600341796875,-11.962890625,278.01513671875,31.73828125
0.6580810546875,-0.274169921875,1.6822509765625,-17.08984375,222.47314453125,44.61669921875
0.7158203125,-0.318603515625,1.72412109375,-23.193359375,168.15185546875,67.07763671875
0.837646484375,-0.328369140625,1.659423828125,-38.6962890625,104.98046875,79.7119140625
1.025146484375,-0.2542724609375,1.3558349609375,-73.79150390625,41.9921875,78.06396484375
1.2587890625,-0.199951171875,0.7349853515625,-131.7138671875,-6.28662109375,23.25439453125
1.4898681640625,-0.1917724609375,-0.102294921875,-172.30224609375,-80.01708984375,-27.40478515625
1.6964111328125,-0.3067626953125,-0.9737548828125,-159.7900390625,-149.169921875,-47.607421875
1.9918212890625,-0.524658203125,-1.75732421875,-109.130859375,-170.34912109375,-15.44189453125
2.18408203125,-0.6444091796875,-2.3521728515625,-4.08935546875,-137.939453125,-0.1220703125
2.5213623046875,-0.375,-2.691650390625,69.9462890625,-95.64208984375,0.1220703125
2.9857177734375,0.47412109375,-2.452392578125,64.88037109375,-115.8447265625,30.517578125
3.35546875,1.33984375,-1.6727294921875,83.55712890625,-212.158203125,40.0390625
3.3272705078125,1.3590087890625,-0.878173828125,94.29931640625,-218.68896484375,9.8876953125
2.9649658203125,0.711669921875,0.00390625,73.2421875,-203.43017578125,-35.64453125
2.6964111328125,-0.3455810546875,1.2117919921875,57.7392578125,-182.18994140625,-36.68212890625
2.748291015625,-0.7650146484375,2.2286376953125,40.6494140625,-147.76611328125,-27.52685546875
3.0206298828125,0.00244140625,1.81396484375,28.01513671875,-131.591796875,-20.5078125
3.1661376953125,0.6104736328125,0.423583984375,48.2177734375,-121.4599609375,-26.4892578125
2.6787109375,0.08154296875,1.20263671875,51.6357421875,-76.59912109375,-30.57861328125
2.0030517578125,-0.629638671875,1.8280029296875,68.9697265625,-39.55078125,-25.08544921875
1.7913818359375,-0.5057373046875,1.6944580078125,65.00244140625,-20.69091796875,-21.91162109375
1.5921630859375,0.5086669921875,1.4061279296875,57.373046875,-14.16015625,-19.47021484375
0.538818359375,0.5867919921875,1.0750732421875,47.9736328125,-11.04736328125,-15.625
-0.0404052734375,0.5250244140625,0.9482421875,46.20361328125,-8.6669921875,-10.009765625
-0.147705078125,0.3927001953125,1.0596923828125,45.2880859375,-12.63427734375,-1.46484375
0.5531005859375,-0.404541015625,1.01123046875,39.4287109375,-17.7001953125,5.4931640625
1.732666015625,-0.845947265625,0.9046630859375,35.82763671875,-20.263671875,12.6953125
2.3687744140625,-0.21142578125,0.885009765625,28.1982421875,-24.2919921875,15.9912109375
2.4398193359375,0.322021484375,0.8834228515625,18.4326171875,-28.4423828125,11.474609375
2.0498046875,0.1654052734375,0.902587890625,8.1787109375,-27.89306640625,10.55908203125
1.299560546875,-0.1358642578125,0.9324951171875,-2.86865234375,-26.0009765625,9.27734375
0.9339599609375,-0.055908203125,0.925048828125,-9.1552734375,-29.052734375,10.6201171875
0.9344482421875,0.011962890625,0.9114990234375,-17.39501953125,-32.1044921875,11.474609375
0.858642578125,0.0648193359375,0.9027099609375,-18.73779296875,-32.8369140625,11.41357421875
0.7369384765625,0.1807861328125,0.900634765625,-13.85498046875,-33.14208984375,10.80322265625
0.646240234375,0.1866455078125,0.8499755859375,-13.73291015625,-32.958984375,10.19287109375
0.6859130859375,0.1483154296875,0.84423828125,-14.34326171875,-33.87451171875,9.27734375
0.66796875,0.078125,0.8582763671875,-14.7705078125,-34.0576171875,8.60595703125
0.6534423828125,-0.0101318359375,0.847900390625,-15.5029296875,-32.958984375,11.71875
0.62890625,-0.155029296875,0.8341064453125,-16.66259765625,-38.9404296875,6.7138671875
0.5733642578125,-0.140625,0.8212890625,-17.63916015625,-39.00146484375,2.197265625
0.527099609375,-0.0985107421875,0.8077392578125,-18.5546875,-33.38623046875,2.13623046875
0.529541015625,-0.085205078125,0.802490234375,-21.3623046875,-34.423828125,-1.03759765625
0.5667724609375,-0.09814453125,0.791015625,-20.01953125,-34.3017578125,-1.28173828125
0.570068359375,-0.121337890625,0.79345703125,-17.02880859375,-33.3251953125,-2.685546875
0.558837890625,-0.1192626953125,0.7977294921875,-17.51708984375,-32.89794921875,-4.57763671875
0.5631103515625,-0.124267578125,0.76708984375,-11.16943359375,-32.1044921875,-6.53076171875
0.566650390625,-0.13623046875,0.7484130859375,-9.27734375,-35.70556640625,-7.38525390625
0.58447265625,-0.125732421875,0.751953125,-5.92041015625,-38.2080078125,-5.4931640625
0.578125,-0.1519775390625,0.737548828125,-2.3193359375,-44.921875,-3.96728515625
0.5777587890625,-0.2110595703125,0.73291015625,0.48828125,-49.37744140625,-3.72314453125
0.6072998046875,-0.2017822265625,0.7393798828125,1.03759765625,-55.7861328125,1.77001953125
0.586181640625,-0.189697265625,0.7520751953125,1.708984375,-84.228515625,4.150390625
0.58837890625,-0.1943359375,0.76123046875,0.42724609375,-120.91064453125,2.25830078125
0.621337890625,-0.1768798828125,0.753173828125,-0.30517578125,-130.67626953125,-1.03759765625
0.607421875,-0.17724609375,0.7662353515625,-1.77001953125,-143.9208984375,-3.5400390625
0.619384765625,-0.1995849609375,0.796142578125,-13.18359375,-161.31591796875,-6.103515625
0.6319580078125,-0.2080078125,0.8218994140625,-19.4091796875,-184.26513671875,-9.70458984375
0.63427734375,-0.173828125,0.8524169921875,-25.45166015625,-209.9609375,-9.3994140625
0.6373291015625,-0.1202392578125,0.8516845703125,-31.1279296875,-241.455078125,-6.77490234375
0.61572265625,-0.1419677734375,0.8583984375,-32.1044921875,-279.78515625,-12.5732421875
0.6187744140625,-0.148681640625,0.8753662109375,-31.6162109375,-323.1201171875,-11.04736328125
0.6353759765625,-0.07177734375,0.9078369140625,-34.3017578125,-379.638671875,0.91552734375
0.62548828125,-0.1455078125,0.929443359375,-42.66357421875,-402.03857421875,-20.6298828125
0.610595703125,-0.1859130859375,0.9249267578125,-48.40087890625,-409.912109375,-42.17529296875
0.5902099609375,-0.17431640625,0.9476318359375,-79.40673828125,-424.560546875,-58.9599609375
0.5987548828125,-0.17138671875,0.9776611328125,-118.0419921875,-422.9736328125,-67.81005859375
0.60595703125,-0.205078125,1.016357421875,-143.798828125,-398.13232421875,-64.27001953125
0.6180419921875,-0.188720703125,0.965087890625,-153.38134765625,-363.525390625,-82.03125
0.600830078125,-0.0826416015625,0.96435546875,-171.875,-347.0458984375,-87.46337890625
0.572265625,-0.058349609375,0.9195556640625,-190.5517578125,-262.26806640625,-75.13427734375
0.551025390625,-0.093017578125,0.70166015625,-211.12060546875,-196.6552734375,-84.53369140625
0.5059814453125,-0.0655517578125,0.6591796875,-229.67529296875,-129.2724609375,-45.5322265625
0.4287109375,-0.279541015625,0.7935791015625,-237.85400390625,-18.24951171875,-17.88330078125
0.425048828125,-0.66064453125,0.900146484375,-257.2021484375,100.28076171875,-4.94384765625
0.5152587890625,-0.7412109375,1.0411376953125,-213.56201171875,174.86572265625,-6.77490234375
0.8837890625,-0.62060546875,1.1094970703125,-166.68701171875,230.28564453125,27.52685546875
1.3682861328125,-0.6324462890625,1.228271484375,-101.318359375,312.80517578125,38.51318359375
1.567626953125,-0.635498046875,1.1767578125,-25.32958984375,315.97900390625,50.537109375
1.7264404296875,-0.5416259765625,1.55712890625,50.6591796875,321.533203125,62.92724609375
2.01611328125,-0.28662109375,1.7811279296875,114.74609375,331.9091796875,72.75390625
2.3017578125,-0.5087890625,1.316162109375,98.0224609375,344.17724609375,79.345703125
2.097900390625,-1.0765380859375,0.968505859375,78.0029296875,355.65185546875,84.41162109375
1.8798828125,-1.5888671875,0.3935546875,60.48583984375,359.4970703125,86.12060546875
1.282958984375,-1.812255859375,0.4293212890625,50.59814453125,359.9853515625,89.7216796875
1.3406982421875,-1.7982177734375,0.4959716796875,46.20361328125,358.5205078125,93.07861328125
1.7724609375,-1.4095458984375,0.537841796875,44.25048828125,353.45458984375,96.13037109375
2.0545654296875,-0.06201171875,0.5408935546875,46.0205078125,348.388671875,96.86279296875
1.61376953125,-0.0189208984375,0.5166015625,44.43359375,344.78759765625,97.16796875
0.9906005859375,-0.03662109375,0.51513671875,36.92626953125,341.064453125,97.96142578125
0.572265625,-0.102783203125,0.518798828125,22.64404296875,332.33642578125,98.9990234375
0.0638427734375,-0.1953125,0.52880859375,9.09423828125,328.06396484375,102.96630859375
0.1654052734375,-0.243408203125,0.569580078125,0.8544921875,324.3408203125,107.97119140625
0.373046875,-0.261474609375,0.6524658203125,0.42724609375,315.4296875,107.0556640625
0.538818359375,-0.2222900390625,0.7965087890625,6.34765625,308.89892578125,98.81591796875
0.553466796875,-0.10205078125,0.97607421875,16.2353515625,302.91748046875,83.43505859375
0.488037109375,0.00634765625,1.1429443359375,22.3388671875,291.56494140625,67.9931640625
0.468017578125,0.0384521484375,1.272705078125,28.1982421875,275.0244140625,57.92236328125
0.5264892578125,-0.0159912109375,1.377197265625,28.4423828125,248.779296875,55.6640625
0.631591796875,-0.1240234375,1.4305419921875,24.71923828125,213.68408203125,65.85693359375
0.7623291015625,-0.2388916015625,1.3853759765625,12.939453125,172.30224609375,84.1064453125
0.92578125,-0.3223876953125,1.1898193359375,-6.65283203125,134.8876953125,92.71240234375
1.1246337890625,-0.354736328125,0.811767578125,-33.69140625,96.923828125,83.1298828125
1.3145751953125,-0.376708984375,0.327392578125,-73.73046875,59.2041015625,61.34033203125
1.5030517578125,-0.420654296875,-0.1710205078125,-119.2626953125,1.0986328125,7.87353515625
1.7744140625,-0.4930419921875,-0.61083984375,-137.6953125,-73.1201171875,-43.39599609375
2.0987548828125,-0.5716552734375,-0.9671630859375,-115.78369140625,-132.6904296875,-73.486328125
2.4053955078125,-0.5572509765625,-1.258544921875,-69.64111328125,-171.08154296875,-64.51416015625
2.73291015625,-0.3812255859375,-1.471923828125,6.04248046875,-124.0234375,-38.75732421875
3.0098876953125,0.0810546875,-1.556884765625,47.7294921875,-114.56298828125,-10.986328125
3.0506591796875,0.73974609375,-1.323974609375,74.15771484375,-123.6572265625,1.0986328125
2.830078125,0.986572265625,-0.889404296875,104.67529296875,-150.87890625,11.1083984375
2.4564208984375,0.6373291015625,-0.5274658203125,105.5908203125,-171.69189453125,-39.9169921875
2.0166015625,0.152587890625,-0.2601318359375,84.1064453125,-125.9765625,-51.7578125
1.81005859375,-0.322998046875,1.4566650390625,71.47216796875,-76.2939453125,-39.4287109375
1.9786376953125,-0.3590087890625,1.9412841796875,63.4765625,-50.59814453125,-13.3056640625
2.2657470703125,-0.0238037109375,1.440185546875,78.61328125,-39.97802734375,-2.50244140625
2.3568115234375,0.2210693359375,0.853515625,71.96044921875,-29.296875,-3.23486328125
1.9873046875,-0.3563232421875,0.911865234375,49.01123046875,-25.20751953125,1.52587890625
1.427001953125,-0.3035888671875,1.5711669921875,43.5791015625,-33.63037109375,0.8544921875
1.2684326171875,-0.2047119140625,1.325439453125,32.958984375,-30.2734375,4.2724609375
1.198974609375,-0.0621337890625,0.91943359375,23.193359375,-22.94921875,5.4931640625
0.6627197265625,0.117431640625,0.864501953125,19.95849609375,-17.578125,3.60107421875
0.4346923828125,0.6680908203125,1.0155029296875,12.87841796875,-12.14599609375,-1.52587890625
0.2330322265625,0.5687255859375,0.9114990234375,3.0517578125,-6.8359375,-4.150390625
0.2296142578125,-0.0557861328125,0.8936767578125,-0.67138671875,-3.90625,-5.06591796875
0.9447021484375,-0.4990234375,0.8251953125,-1.5869140625,-2.197265625,-5.859375
2.4012451171875,0.3570556640625,0.8082275390625,2.44140625,-2.86865234375,-6.16455078125
2.0281982421875,0.2501220703125,0.83203125,5.2490234375,-3.11279296875,-6.16455078125
0.9405517578125,-0.033447265625,0.8455810546875,5.4931640625,-4.150390625,-5.92041015625
0.23828125,0.0458984375,0.8568115234375,5.31005859375,-6.7138671875,-5.0048828125
0.83740234375,-0.0181884765625,0.85595703125,4.94384765625,-10.25390625,-3.96728515625
0.690185546875,-0.14111328125,0.872314453125,4.0283203125,-13.671875,-0.244140625
0.6102294921875,-0.152099609375,0.8802490234375,2.3193359375,-18.6767578125,0.6103515625
0.6607666015625,-0.0931396484375,0.8677978515625,0.18310546875,-19.47021484375,-0.244140625
0.6546630859375,-0.0872802734375,0.8685302734375,-2.3193359375,-19.04296875,-0.42724609375
0.6026611328125,-0.11181640625,0.8807373046875,-5.615234375,-18.9208984375,-0.3662109375
0.5987548828125,-0.1357421875,0.885986328125,-5.615234375,-18.5546875,-2.01416015625
0.6195068359375,-0.11279296875,0.8804931640625,-4.39453125,-18.73779296875,-2.9296875
0.597412109375,-0.0721435546875,0.857421875,-3.72314453125,-18.310546875,-4.39453125
0.553955078125,-0.04150390625,0.850341796875,-4.21142578125,-19.1650390625,-4.82177734375
0.5499267578125,-0.0467529296875,0.8448486328125,-3.5400390625,-20.08056640625,-4.5166015625
0.560546875,-0.0667724609375,0.8309326171875,-4.08935546875,-20.8740234375,-3.41796875
0.56103515625,-0.0687255859375,0.826171875,-3.72314453125,-20.56884765625,-1.77001953125
0.541748046875,-0.0875244140625,0.82421875,-3.47900390625,-19.95849609375,0.67138671875
0.527587890625,-0.1121826171875,0.8248291015625,-2.38037109375,-18.5546875,1.708984375
0.536865234375,-0.0966796875,0.8258056640625,-1.77001953125,-16.90673828125,1.89208984375
0.565185546875,-0.1156005859375,0.819580078125,-1.220703125,-15.93017578125,-0.244140625
0.556640625,-0.1353759765625,0.8123779296875,-1.0986328125,-13.916015625,-2.3193359375
0.5592041015625,-0.1400146484375,0.79931640625,-1.28173828125,-12.6953125,-3.72314453125
0.5697021484375,-0.1351318359375,0.78955078125,-1.40380859375,-11.1083984375,-5.43212890625
0.5712890625,-0.0960693359375,0.780517578125,0.0,-6.591796875,-5.92041015625
0.5604248046875,-0.0784912109375,0.78076171875,1.15966796875,-3.96728515625,-6.28662109375
0.556396484375,-0.0626220703125,0.787841796875,2.0751953125,-3.0517578125,-5.9814453125
0.567626953125,-0.0447998046875,0.779296875,5.0048828125,-3.96728515625,-5.126953125
0.5841064453125,-0.05224609375,0.775146484375,5.55419921875,-4.45556640625,-2.74658203125
0.59130859375,-0.0758056640625,0.7740478515625,5.31005859375,-5.2490234375,-0.732421875
0.604736328125,-0.0987548828125,0.76806640625,4.57763671875,-6.34765625,-0.244140625
0.60986328125,-0.125,0.783447265625,3.35693359375,-7.4462890625,0.1220703125
0.61083984375,-0.1214599609375,0.7982177734375,1.40380859375,-8.30078125,-0.79345703125
0.6085205078125,-0.1224365234375,0.8040771484375,-0.9765625,-8.85009765625,-3.72314453125
0.603271484375,-0.088623046875,0.8165283203125,-2.38037109375,-9.09423828125,-6.40869140625
0.6153564453125,-0.1121826171875,0.8289794921875,-3.0517578125,-10.009765625,-8.23974609375
0.623291015625,-0.119384765625,0.8341064453125,-3.7841796875,-12.02392578125,-12.8173828125
0.6424560546875,-0.087890625,0.82958984375,-3.96728515625,-19.95849609375,-16.845703125
0.6414794921875,-0.058349609375,0.8311767578125,-5.126953125,-40.6494140625,-19.10400390625
0.624267578125,-0.048583984375,0.8270263671875,-5.92041015625,-47.42431640625,-22.0947265625
0.6142578125,-0.064453125,0.8201904296875,-7.568359375,-53.16162109375,-25.69580078125
0.62255859375,-0.078857421875,0.8187255859375,-5.79833984375,-58.16650390625,-29.84619140625
0.64208984375,-0.0828857421875,0.8206787109375,-5.2490234375,-62.744140625,-34.912109375
0.63330078125,-0.115234375,0.856689453125,-7.38525390625,-65.91796875,-39.00146484375
0.6163330078125,-0.1239013671875,0.8675537109375,-10.7421875,-68.17626953125,-49.49951171875
0.6279296875,-0.1248779296875,0.8675537109375,-15.2587890625,-69.15283203125,-56.15234375
0.6353759765625,-0.1287841796875,0.8583984375,-19.8974609375,-69.27490234375,-74.89013671875
0.633056640625,-0.111328125,0.853271484375,-25.93994140625,-67.81005859375,-87.0361328125
0.60888671875,-0.12353515625,0.8460693359375,-44.677734375,-65.00244140625,-100.28076171875
0.5999755859375,-0.1217041015625,0.7957763671875,-55.7861328125,-60.72998046875,-124.57275390625
0.5906982421875,-0.1002197265625,0.7286376953125,-81.54296875,-45.0439453125,-134.94873046875
0.555419921875,-0.094970703125,0.68896484375,-95.52001953125,-33.5693359375,-143.98193359375
0.568359375,-0.0887451171875,0.6552734375,-110.107421875,-19.1650390625,-153.86962890625
0.5684814453125,-0.0826416015625,0.641845703125,-146.97265625,-3.173828125,-163.330078125
0.6025390625,-0.0660400390625,0.6370849609375,-163.02490234375,12.20703125,-174.74365234375
0.610107421875,-0.0645751953125,0.599365234375,-175.84228515625,30.1513671875,-191.34521484375
0.601806640625,-0.12646484375,0.5172119140625,-185.48583984375,49.1943359375,-211.85302734375
0.6451416015625,-0.1497802734375,0.4886474609375,-193.84765625,65.61279296875,-233.2763671875
0.712646484375,-0.2540283203125,0.471435546875,-205.56640625,79.16259765625,-249.0234375
0.7490234375,-0.2703857421875,0.44482421875,-219.17724609375,86.36474609375,-251.8310546875
0.7862548828125,-0.314208984375,0.386962890625,-238.6474609375,85.9375,-248.35205078125
0.8173828125,-0.3564453125,0.36767578125,-255.06591796875,82.3974609375,-241.0888671875
0.8603515625,-0.3634033203125,0.366943359375,-265.2587890625,75.98876953125,-232.5439453125
