0.4154052734375,-0.1248779296875,0.91552734375,-0.244140625,-0.3662109375,0.06103515625
0.4151611328125,-0.125,0.915283203125,-0.30517578125,-0.3662109375,0.1220703125
0.414794921875,-0.125,0.9151611328125,-0.244140625,-0.3662109375,0.1220703125
0.4156494140625,-0.125,0.9151611328125,-0.30517578125,-0.42724609375,0.1220703125
0.41552734375,-0.12548828125,0.9149169921875,-0.244140625,-0.3662109375,0.1220703125
0.4149169921875,-0.1248779296875,0.91455078125,-0.30517578125,-0.30517578125,0.18310546875
0.4154052734375,-0.123779296875,0.91455078125,-0.30517578125,-0.18310546875,0.18310546875
0.4161376953125,-0.123779296875,0.9140625,-0.3662109375,-0.18310546875,0.18310546875
0.414794921875,-0.1251220703125,0.914794921875,-0.244140625,-0.30517578125,0.18310546875
0.4150390625,-0.125732421875,0.9151611328125,-0.244140625,-0.244140625,0.18310546875
0.416015625,-0.125,0.9150390625,-0.244140625,-0.244140625,0.1220703125
0.4154052734375,-0.124755859375,0.9139404296875,-0.244140625,-0.18310546875,0.1220703125
0.415771484375,-0.1256103515625,0.9150390625,-0.244140625,-0.18310546875,0.06103515625
0.416748046875,-0.12548828125,0.9154052734375,-0.18310546875,-0.18310546875,0.06103515625
0.41650390625,-0.1248779296875,0.9150390625,-0.1220703125,-0.18310546875,0.1220703125
0.416259765625,-0.1251220703125,0.9146728515625,-0.1220703125,-0.18310546875,0.1220703125
0.4171142578125,-0.125244140625,0.914306640625,-0.18310546875,-0.18310546875,0.06103515625
0.416259765625,-0.1241455078125,0.9140625,-0.18310546875,-0.244140625,0.06103515625
0.4163818359375,-0.12451171875,0.914794921875,-0.18310546875,-0.30517578125,0.1220703125
0.4149169921875,-0.126220703125,0.9150390625,-0.18310546875,-0.244140625,0.1220703125
0.416259765625,-0.127197265625,0.9150390625,-0.18310546875,-0.244140625,0.06103515625
0.416015625,-0.126708984375,0.9139404296875,-0.18310546875,-0.30517578125,0.06103515625
0.4150390625,-0.1260986328125,0.91455078125,-0.18310546875,-0.244140625,0.06103515625
0.4149169921875,-0.124267578125,0.914306640625,-0.244140625,-0.30517578125,0.06103515625
0.4154052734375,-0.1241455078125,0.9144287109375,-0.18310546875,-0.3662109375,0.1220703125
0.414794921875,-0.1251220703125,0.9149169921875,-0.18310546875,-0.3662109375,0.1220703125
0.4150390625,-0.1258544921875,0.914794921875,-0.18310546875,-0.244140625,0.1220703125
0.4150390625,-0.125,0.915283203125,-0.244140625,-0.18310546875,0.06103515625
0.4151611328125,-0.1248779296875,0.9154052734375,-0.244140625,-0.244140625,0.06103515625
0.4144287109375,-0.125244140625,0.914794921875,-0.244140625,-0.244140625,0.1220703125
0.4150390625,-0.125732421875,0.9150390625,-0.244140625,-0.30517578125,0.06103515625
0.414794921875,-0.1251220703125,0.9136962890625,-0.18310546875,-0.3662109375,0.1220703125
0.4151611328125,-0.1243896484375,0.9140625,-0.244140625,-0.3662109375,0.1220703125
0.415283203125,-0.1243896484375,0.914306640625,-0.244140625,-0.42724609375,0.06103515625
0.414306640625,-0.124755859375,0.91455078125,-0.244140625,-0.3662109375,0.06103515625
0.41455078125,-0.1253662109375,0.9149169921875,-0.3662109375,-0.3662109375,0.06103515625
0.415283203125,-0.1253662109375,0.9149169921875,-0.30517578125,-0.3662109375,0.1220703125
0.416748046875,-0.1256103515625,0.9150390625,-0.244140625,-0.3662109375,0.06103515625
0.415771484375,-0.1259765625,0.9146728515625,-0.244140625,-0.42724609375,0.06103515625
0.414794921875,-0.12548828125,0.914794921875,-0.30517578125,-0.3662109375,0.1220703125
0.4140625,-0.1259765625,0.914794921875,-0.244140625,-0.244140625,0.1220703125
0.4146728515625,-0.124267578125,0.9150390625,-0.244140625,-0.244140625,0.1220703125
0.415771484375,-0.1246337890625,0.9150390625,-0.244140625,-0.18310546875,0.1220703125
0.41455078125,-0.1253662109375,0.9141845703125,-0.18310546875,-0.1220703125,0.1220703125
0.4144287109375,-0.125732421875,0.9151611328125,-0.18310546875,-0.1220703125,0.06103515625
0.414306640625,-0.1256103515625,0.9139404296875,-0.18310546875,-0.1220703125,0.06103515625
0.4150390625,-0.1253662109375,0.9140625,-0.1220703125,-0.18310546875,0.06103515625
0.4150390625,-0.1258544921875,0.914794921875,-0.18310546875,-0.18310546875,0.06103515625
0.4144287109375,-0.124755859375,0.9150390625,-0.18310546875,-0.244140625,0.06103515625
0.4151611328125,-0.125,0.915283203125,-0.18310546875,-0.30517578125,0.06103515625
0.4154052734375,-0.1258544921875,0.915283203125,-0.18310546875,-0.244140625,0.1220703125
0.41552734375,-0.1260986328125,0.9150390625,-0.244140625,-0.30517578125,0.1220703125
0.4156494140625,-0.1259765625,0.9149169921875,-0.244140625,-0.18310546875,0.1220703125
0.415771484375,-0.1258544921875,0.9149169921875,-0.244140625,-0.18310546875,0.1220703125
0.415283203125,-0.125,0.9156494140625,-0.18310546875,-0.18310546875,0.1220703125
0.41455078125,-0.124267578125,0.91552734375,-0.18310546875,-0.244140625,0.1220703125
0.4144287109375,-0.124755859375,0.9151611328125,-0.18310546875,-0.244140625,0.1220703125
0.41552734375,-0.125,0.914794921875,-0.18310546875,-0.18310546875,0.1220703125
0.4161376953125,-0.1248779296875,0.9146728515625,-0.244140625,-0.18310546875,0.18310546875
0.415283203125,-0.1248779296875,0.914794921875,-0.244140625,-0.1220703125,0.06103515625
0.4146728515625,-0.1251220703125,0.9154052734375,-0.244140625,-0.1220703125,0.06103515625
0.4156494140625,-0.12548828125,0.915771484375,-0.18310546875,-0.1220703125,0.1220703125
0.4149169921875,-0.1260986328125,0.9151611328125,-0.1220703125,-0.06103515625,0.0
0.4151611328125,-0.1259765625,0.9150390625,-0.1220703125,-0.06103515625,-1.03759765625
0.416015625,-0.1253662109375,0.9158935546875,-0.1220703125,-0.9765625,-2.01416015625
0.4158935546875,-0.125244140625,0.915771484375,-0.1220703125,-0.91552734375,-3.47900390625
0.4151611328125,-0.1251220703125,0.9146728515625,0.0,-2.5634765625,-4.5166015625
0.4150390625,-0.1256103515625,0.9141845703125,-0.06103515625,-5.43212890625,-3.90625
0.415771484375,-0.12646484375,0.916259765625,-0.18310546875,-3.96728515625,-1.89208984375
0.4161376953125,-0.1256103515625,0.9228515625,-0.8544921875,-1.64794921875,-2.0751953125
0.41552734375,-0.1251220703125,0.926513671875,-2.5634765625,-2.0751953125,-2.25830078125
0.4154052734375,-0.1259765625,0.9375,-2.50244140625,-3.173828125,-2.685546875
0.4146728515625,-0.126953125,0.9281005859375,-2.3193359375,-4.57763671875,-2.25830078125
0.4151611328125,-0.1304931640625,0.9122314453125,-2.38037109375,-4.5166015625,0.54931640625
0.4141845703125,-0.1405029296875,0.927001953125,-2.86865234375,-0.30517578125,2.13623046875
0.41162109375,-0.136962890625,0.9375,-4.45556640625,2.74658203125,0.732421875
0.409423828125,-0.1331787109375,0.9354248046875,-7.38525390625,8.97216796875,1.5869140625
0.4102783203125,-0.1361083984375,0.9332275390625,-8.4228515625,12.8173828125,5.37109375
0.410400390625,-0.14111328125,0.9215087890625,-10.009765625,15.07568359375,7.14111328125
0.4302978515625,-0.1513671875,0.91552734375,-9.21630859375,14.58740234375,6.65283203125
0.443115234375,-0.13671875,0.919921875,-9.21630859375,14.404296875,6.2255859375
0.42333984375,-0.1300048828125,0.923583984375,-9.21630859375,13.85498046875,6.77490234375
0.4024658203125,-0.1158447265625,0.94287109375,-9.1552734375,13.18359375,7.4462890625
0.4078369140625,-0.0860595703125,0.906982421875,-8.9111328125,12.14599609375,8.72802734375
0.400390625,-0.093994140625,0.89013671875,-8.36181640625,11.90185546875,8.97216796875
0.4334716796875,-0.09130859375,0.908935546875,-8.30078125,10.8642578125,9.58251953125
0.4676513671875,-0.1312255859375,0.912109375,-8.7890625,9.3994140625,9.3994140625
0.490234375,-0.1773681640625,0.898681640625,-8.72802734375,8.6669921875,8.60595703125
0.4906005859375,-0.158203125,0.89599609375,-9.521484375,8.30078125,8.23974609375
0.47509765625,-0.1298828125,0.8916015625,-10.07080078125,7.87353515625,6.9580078125
0.438232421875,-0.1424560546875,0.8756103515625,-10.80322265625,5.43212890625,6.77490234375
0.39453125,-0.1612548828125,0.885498046875,-11.474609375,4.94384765625,6.34765625
0.385498046875,-0.1578369140625,0.8955078125,-11.23046875,4.0283203125,3.7841796875
0.390380859375,-0.138427734375,0.9022216796875,-8.6669921875,-0.54931640625,3.41796875
0.382080078125,-0.135986328125,0.896484375,-6.7138671875,-1.5869140625,3.5400390625
0.37353515625,-0.12451171875,0.8809814453125,0.0,-1.89208984375,3.41796875
0.3916015625,-0.1060791015625,0.86767578125,0.54931640625,-1.40380859375,2.50244140625
0.3489990234375,-0.10009765625,0.8734130859375,0.3662109375,-2.50244140625,2.13623046875
0.350341796875,-0.12060546875,0.9561767578125,-0.18310546875,-2.99072265625,1.40380859375
0.3707275390625,-0.1607666015625,0.95849609375,-4.45556640625,-3.35693359375,1.28173828125
0.374267578125,-0.1915283203125,0.95556640625,-5.92041015625,-4.45556640625,0.30517578125
0.3651123046875,-0.1990966796875,0.956298828125,-6.9580078125,-6.103515625,-1.40380859375
0.354248046875,-0.2086181640625,0.9593505859375,-7.50732421875,-10.498046875,-1.40380859375
0.3536376953125,-0.20068359375,0.95166015625,-6.89697265625,-9.765625,-1.220703125
0.3525390625,-0.18701171875,0.936767578125,-6.103515625,-8.85009765625,-1.220703125
0.3853759765625,-0.1776123046875,0.9150390625,-5.615234375,-8.30078125,-1.46484375
0.38818359375,-0.1451416015625,0.8970947265625,-5.43212890625,-7.568359375,-2.685546875
0.3897705078125,-0.1434326171875,0.90478515625,-4.7607421875,-8.544921875,-3.23486328125
0.394775390625,-0.1524658203125,0.911865234375,-3.35693359375,-9.82666015625,-4.45556640625
0.3814697265625,-0.166015625,0.9078369140625,-1.77001953125,-12.51220703125,-5.92041015625
0.3800048828125,-0.171875,0.9044189453125,-0.244140625,-15.7470703125,-7.14111328125
0.3720703125,-0.1981201171875,0.902099609375,2.13623046875,-19.34814453125,-9.21630859375
0.3656005859375,-0.198486328125,0.89306640625,4.638671875,-23.01025390625,-9.8876953125
0.3465576171875,-0.195068359375,0.878662109375,7.4462890625,-25.146484375,-9.765625
0.3560791015625,-0.204345703125,0.8709716796875,11.71875,-25.57373046875,-7.6904296875
0.389404296875,-0.19189453125,0.8690185546875,16.66259765625,-23.5595703125,-6.591796875
0.388916015625,-0.1861572265625,0.8695068359375,18.9208984375,-26.3671875,-7.8125
0.388427734375,-0.2095947265625,0.8800048828125,16.357421875,-27.587890625,-8.6669921875
0.389892578125,-0.212890625,0.89306640625,13.12255859375,-29.9072265625,-8.48388671875
0.369140625,-0.197509765625,0.936279296875,12.5732421875,-32.470703125,-9.58251953125
0.3536376953125,-0.18212890625,0.9603271484375,11.65771484375,-38.57421875,-10.07080078125
0.33984375,-0.1966552734375,0.93310546875,10.3759765625,-42.29736328125,-11.04736328125
0.3333740234375,-0.193603515625,0.9349365234375,7.75146484375,-46.56982421875,-11.41357421875
0.33154296875,-0.2012939453125,0.93310546875,6.103515625,-52.6123046875,-12.87841796875
0.3414306640625,-0.19775390625,0.925048828125,4.94384765625,-74.8291015625,-11.5966796875
0.36865234375,-0.1728515625,0.9307861328125,4.57763671875,-84.89990234375,-6.28662109375
0.4029541015625,-0.14306640625,0.9364013671875,-0.06103515625,-104.55322265625,-5.06591796875
0.475830078125,-0.1568603515625,0.931640625,0.30517578125,-114.990234375,-4.82177734375
0.407470703125,-0.1636962890625,0.95166015625,-4.150390625,-127.50244140625,-5.55419921875
0.4300537109375,-0.1591796875,0.9661865234375,-10.80322265625,-141.90673828125,-6.28662109375
0.412353515625,-0.1533203125,0.992431640625,-13.36669921875,-153.076171875,-19.4091796875
0.416748046875,-0.1544189453125,1.0001220703125,-15.31982421875,-191.7724609375,-27.89306640625
0.417236328125,-0.159912109375,1.0059814453125,-16.6015625,-211.669921875,-49.6826171875
0.4246826171875,-0.1168212890625,1.0235595703125,-17.39501953125,-273.49853515625,-62.744140625
0.4013671875,-0.0699462890625,1.02734375,-24.169921875,-323.91357421875,-75.62255859375
0.40087890625,-0.0491943359375,1.03369140625,-20.69091796875,-361.75537109375,-82.8857421875
0.39892578125,-0.0595703125,1.0638427734375,-13.00048828125,-380.4931640625,-117.12646484375
0.4188232421875,-0.100341796875,1.05810546875,-12.5732421875,-403.86962890625,-144.34814453125
0.4256591796875,-0.1014404296875,0.9873046875,-11.5966796875,-399.23095703125,-145.1416015625
0.401123046875,-0.149169921875,0.966552734375,-72.44873046875,-374.8779296875,-164.85595703125
0.3975830078125,-0.25439453125,1.074951171875,-68.66455078125,-345.947265625,-158.0810546875
0.406982421875,-0.2591552734375,1.317138671875,-86.9140625,-248.84033203125,-155.2734375
0.4066162109375,-0.4056396484375,1.350830078125,-77.63671875,-160.7666015625,-119.44580078125
0.412841796875,-0.3741455078125,1.282958984375,-58.53271484375,-97.0458984375,-44.3115234375
0.406494140625,-0.2965087890625,1.3985595703125,-19.10400390625,51.1474609375,21.484375
0.2991943359375,-0.226318359375,1.6888427734375,-11.962890625,208.43505859375,32.2265625
0.3521728515625,-0.825927734375,2.1065673828125,-18.00537109375,227.11181640625,39.97802734375
0.7509765625,-0.8836669921875,1.6348876953125,30.6396484375,223.69384765625,60.05859375
1.18603515625,-0.8980712890625,1.90478515625,48.88916015625,215.39306640625,102.294921875
1.517333984375,-1.0360107421875,2.41259765625,57.4951171875,257.4462890625,114.6240234375
1.8414306640625,-1.1400146484375,1.49462890625,47.91259765625,263.85498046875,124.51171875
2.015625,-0.7120361328125,0.9957275390625,22.216796875,267.822265625,135.07080078125
2.018310546875,-0.78466796875,0.718505859375,10.80322265625,275.08544921875,155.82275390625
1.0770263671875,-1.2816162109375,0.5870361328125,6.89697265625,310.4248046875,155.029296875
0.5870361328125,-1.0821533203125,0.630126953125,6.28662109375,317.93212890625,150.87890625
1.85888671875,-0.717041015625,0.65869140625,21.6064453125,323.2421875,128.5400390625
2.2156982421875,-0.417236328125,0.7169189453125,23.3154296875,333.31298828125,113.95263671875
0.492919921875,-0.2421875,0.8026123046875,20.81298828125,339.90478515625,108.642578125
-0.111572265625,-0.2017822265625,0.976806640625,15.0146484375,339.17236328125,93.6279296875
-0.3887939453125,-0.2032470703125,1.0057373046875,21.1181640625,323.42529296875,82.763671875
-0.2213134765625,-0.2564697265625,1.0447998046875,24.5361328125,313.90380859375,72.021484375
0.036376953125,-0.311767578125,1.369873046875,22.94921875,306.94580078125,62.68310546875
0.04931640625,-0.21044921875,1.6431884765625,15.80810546875,303.89404296875,48.27880859375
0.1502685546875,-0.111328125,1.7322998046875,5.18798828125,281.67724609375,46.20361328125
0.3170166015625,-0.0374755859375,1.8524169921875,-6.4697265625,252.99072265625,46.7529296875
0.6607666015625,-0.0684814453125,1.8961181640625,-28.4423828125,215.39306640625,51.8798828125
0.7215576171875,-0.1854248046875,1.8687744140625,-47.7294921875,169.98291015625,58.9599609375
0.7696533203125,-0.2198486328125,1.69287109375,-80.01708984375,121.64306640625,51.6357421875
1.078857421875,-0.2777099609375,1.3157958984375,-117.85888671875,67.7490234375,26.7333984375
1.314453125,-0.3714599609375,0.2554931640625,-139.95361328125,11.41357421875,-10.43701171875
1.396240234375,-0.521484375,-0.2550048828125,-116.943359375,-46.56982421875,-41.80908203125
1.61279296875,-0.6839599609375,-0.73779296875,-63.17138671875,-93.505859375,-57.4951171875
1.8924560546875,-0.7513427734375,-1.07861328125,0.48828125,-116.5771484375,-49.37744140625
2.2576904296875,-0.259765625,-1.2271728515625,41.1376953125,-137.6953125,-25.146484375
2.5654296875,0.224365234375,-1.2060546875,54.931640625,-122.86376953125,-20.20263671875
2.6763916015625,0.5157470703125,-0.9637451171875,79.65087890625,-128.60107421875,-13.97705078125
2.490966796875,0.3790283203125,-0.5361328125,64.3310546875,-170.7763671875,8.23974609375
2.533935546875,-0.0570068359375,0.152099609375,47.42431640625,-202.392578125,12.451171875
2.6981201171875,-0.3870849609375,1.2158203125,45.10498046875,-205.38330078125,-23.74267578125
2.9102783203125,-0.37548828125,1.6624755859375,12.451171875,-196.533203125,-46.38671875
2.977294921875,-0.1815185546875,1.2154541015625,-13.916015625,-149.4140625,-26.67236328125
2.7554931640625,-0.1768798828125,0.7564697265625,-15.0146484375,-132.75146484375,-17.88330078125
2.414794921875,-0.3363037109375,0.8271484375,-16.4794921875,-119.7509765625,-23.74267578125
2.2320556640625,-0.677978515625,1.3604736328125,0.42724609375,-95.703125,-29.84619140625
1.239501953125,-0.7569580078125,1.7244873046875,19.8974609375,-77.81982421875,-16.6015625
0.2943115234375,-0.0440673828125,1.5252685546875,38.57421875,-64.94140625,-19.4091796875
0.220458984375,0.555419921875,1.3238525390625,42.236328125,-57.18994140625,-20.01953125
-0.1341552734375,0.5911865234375,1.28515625,44.86083984375,-42.41943359375,-14.6484375
-0.0682373046875,0.599853515625,1.341552734375,42.236328125,-31.005859375,-5.31005859375
0.5250244140625,-0.6173095703125,1.2081298828125,28.50341796875,-17.63916015625,-1.28173828125
0.9156494140625,-1.0811767578125,1.0811767578125,23.0712890625,-17.15087890625,1.03759765625
1.171875,-0.7286376953125,1.1292724609375,7.2021484375,-18.98193359375,3.35693359375
1.299560546875,-0.1353759765625,1.1141357421875,-1.953125,-21.728515625,3.173828125
1.047607421875,0.0262451171875,1.07275390625,-9.82666015625,-22.64404296875,2.3193359375
0.9920654296875,-0.416748046875,1.004638671875,-14.7705078125,-23.37646484375,0.244140625
1.030029296875,-0.0406494140625,0.9962158203125,-14.2822265625,-23.86474609375,-12.63427734375
0.77685546875,-0.0462646484375,0.9818115234375,-13.671875,-25.146484375,-13.427734375
0.6202392578125,-0.199462890625,0.9427490234375,-11.962890625,-25.87890625,-11.53564453125
0.6673583984375,-0.1048583984375,0.9442138671875,19.95849609375,-30.6396484375,-11.29150390625
0.548828125,-0.07861328125,0.934814453125,18.9208984375,-33.14208984375,-13.5498046875
0.4056396484375,-0.1083984375,0.9219970703125,13.36669921875,-33.14208984375,-16.7236328125
0.41650390625,-0.2049560546875,0.8804931640625,9.82666015625,-32.2265625,-17.39501953125
0.3914794921875,-0.2181396484375,0.89599609375,7.50732421875,-34.66796875,-14.58740234375
0.37646484375,-0.2320556640625,0.9071044921875,5.9814453125,-45.47119140625,-11.65771484375
0.3779296875,-0.279296875,0.9151611328125,9.94873046875,-48.9501953125,-8.9111328125
0.378662109375,-0.2396240234375,0.9044189453125,4.45556640625,-52.18505859375,-5.9814453125
0.372314453125,-0.1756591796875,0.8929443359375,-0.48828125,-59.9365234375,-3.84521484375
0.3785400390625,-0.1671142578125,0.8797607421875,-6.65283203125,-66.34521484375,-2.86865234375
0.387451171875,-0.2464599609375,0.9095458984375,-7.9345703125,-76.5380859375,-1.28173828125
0.3880615234375,-0.2392578125,0.9068603515625,-12.26806640625,-89.7216796875,-2.99072265625
0.383544921875,-0.2432861328125,0.9241943359375,-11.16943359375,-105.95703125,-5.9814453125
0.3966064453125,-0.2025146484375,0.9366455078125,-11.29150390625,-124.57275390625,-4.57763671875
0.4356689453125,-0.115478515625,0.9365234375,-11.8408203125,-143.37158203125,-1.5869140625
0.43115234375,-0.0556640625,0.96240234375,-12.3291015625,-160.09521484375,-0.6103515625
0.428955078125,-0.0701904296875,0.988525390625,-14.83154296875,-190.3076171875,-1.77001953125
0.426513671875,-0.0902099609375,0.99609375,-20.08056640625,-208.740234375,-7.2021484375
0.4927978515625,-0.11474609375,1.0047607421875,-34.97314453125,-233.7646484375,-17.02880859375
0.455322265625,-0.139404296875,1.0020751953125,-43.9453125,-269.287109375,-32.958984375
0.4254150390625,-0.1383056640625,0.9921875,-51.1474609375,-318.05419921875,-49.62158203125
0.4354248046875,-0.1844482421875,1.0267333984375,-48.095703125,-383.30078125,-47.66845703125
0.388916015625,-0.1275634765625,1.099853515625,-38.0859375,-449.64599609375,-53.89404296875
0.3663330078125,-0.0284423828125,1.0938720703125,-31.73828125,-505.43212890625,-77.63671875
0.358642578125,-0.0069580078125,1.0447998046875,-39.9169921875,-510.43701171875,-104.00390625
0.3802490234375,-0.115234375,1.09326171875,-95.947265625,-516.2353515625,-122.6806640625
0.4228515625,-0.1875,1.2115478515625,-149.7802734375,-495.361328125,-182.80029296875
0.428955078125,-0.3092041015625,1.458984375,-171.0205078125,-486.51123046875,-212.2802734375
0.3914794921875,-0.435546875,1.5989990234375,-214.84375,-447.265625,-206.23779296875
0.374267578125,-0.47265625,1.4451904296875,-201.11083984375,-374.1455078125,-183.16650390625
0.2672119140625,-0.375244140625,1.365478515625,-167.8466796875,-294.00634765625,-159.11865234375
0.1307373046875,-0.1593017578125,1.2891845703125,-161.7431640625,-181.5185546875,-133.9111328125
0.0709228515625,-0.2139892578125,1.2796630859375,-173.2177734375,-79.89501953125,-47.7294921875
0.4547119140625,-0.5101318359375,1.8013916015625,-155.45654296875,70.4345703125,7.26318359375
0.9434814453125,-0.6143798828125,2.31396484375,-151.67236328125,214.9658203125,30.1513671875
0.768798828125,-1.008056640625,2.5029296875,-91.30859375,282.04345703125,39.85595703125
0.9161376953125,-1.5333251953125,2.284912109375,-33.935546875,311.09619140625,79.65087890625
1.580322265625,-1.34423828125,2.2327880859375,54.19921875,323.91357421875,94.6044921875
2.0108642578125,-1.0311279296875,2.4376220703125,111.4501953125,349.609375,105.52978515625
2.2935791015625,-1.0875244140625,2.1671142578125,105.89599609375,367.49267578125,111.26708984375
2.7734375,-0.6756591796875,1.6658935546875,25.69580078125,378.2958984375,116.455078125
2.5390625,-1.3902587890625,1.200927734375,14.58740234375,383.72802734375,122.13134765625
1.6671142578125,-2.4205322265625,0.5738525390625,12.0849609375,377.13623046875,128.0517578125
0.9075927734375,-2.2469482421875,0.5806884765625,15.07568359375,363.037109375,135.31494140625
1.956787109375,-1.9288330078125,0.64599609375,23.74267578125,350.341796875,139.0380859375
2.2266845703125,-1.2542724609375,0.622802734375,28.50341796875,345.64208984375,139.83154296875
0.803466796875,0.0177001953125,0.5516357421875,25.57373046875,350.341796875,132.6904296875
0.468017578125,-0.0509033203125,0.5152587890625,21.240234375,372.98583984375,131.28662109375
0.1868896484375,-0.23681640625,0.552978515625,15.13671875,373.84033203125,126.77001953125
-0.106689453125,-0.3907470703125,0.6624755859375,13.5498046875,342.6513671875,114.92919921875
0.251708984375,-0.4315185546875,0.8201904296875,24.90234375,322.32666015625,97.5341796875
0.38134765625,-0.3658447265625,1.02978515625,34.48486328125,301.08642578125,77.880859375
0.3936767578125,-0.2509765625,1.5003662109375,35.46142578125,265.13671875,61.8896484375
0.31201171875,-0.1553955078125,1.7667236328125,32.3486328125,261.8408203125,36.43798828125
0.22900390625,-0.1295166015625,1.684326171875,24.90234375,255.79833984375,11.29150390625
0.27783203125,-0.1534423828125,1.6553955078125,-0.9765625,225.7080078125,-5.4931640625
0.439208984375,-0.3175048828125,1.4735107421875,-34.423828125,176.025390625,-15.44189453125
0.642822265625,-0.5201416015625,1.15380859375,-98.6328125,132.568359375,-29.96826171875
0.867431640625,-0.634765625,0.9049072265625,-170.7763671875,76.35498046875,-50.96435546875
1.301513671875,-0.71142578125,0.4853515625,-204.65087890625,14.95361328125,-70.12939453125
1.74462890625,-0.74755859375,-0.2777099609375,-162.109375,-59.326171875,-73.1201171875
2.067626953125,-0.7545166015625,-1.0133056640625,-67.07763671875,-164.97802734375,-69.4580078125
2.3134765625,-0.51123046875,-1.2684326171875,43.5791015625,-198.54736328125,-22.94921875
2.430419921875,0.064697265625,-1.1990966796875,127.62451171875,-186.767578125,19.22607421875
2.5626220703125,0.704345703125,-1.103759765625,155.517578125,-239.990234375,11.04736328125
2.90625,0.97509765625,-0.8177490234375,118.95751953125,-323.8525390625,12.51220703125
3.068603515625,0.5462646484375,-0.8536376953125,87.2802734375,-326.904296875,-28.076171875
3.03955078125,-0.2606201171875,-0.330078125,71.1669921875,-276.30615234375,-71.59423828125
2.9942626953125,-0.7586669921875,1.193359375,20.69091796875,-226.37939453125,-49.01123046875
3.1160888671875,-0.9122314453125,1.4105224609375,-6.9580078125,-201.171875,-19.22607421875
3.2962646484375,-0.4422607421875,0.9649658203125,-5.0048828125,-161.2548828125,-21.91162109375
2.982421875,0.293701171875,1.569091796875,5.67626953125,-120.60546875,-31.25
2.1658935546875,0.1646728515625,2.284423828125,38.26904296875,-87.646484375,-27.587890625
1.3055419921875,-0.1719970703125,2.1494140625,68.90869140625,-54.62646484375,-28.13720703125
0.945556640625,0.572265625,1.6429443359375,68.54248046875,-54.0771484375,-21.54541015625
0.2139892578125,1.452392578125,1.4959716796875,60.1806640625,-50.59814453125,-11.90185546875
-0.4892578125,1.3868408203125,1.5694580078125,52.79541015625,-33.8134765625,-0.30517578125
0.4273681640625,0.34033203125,1.4852294921875,33.75244140625,-25.146484375,2.5634765625
1.835693359375,-1.1873779296875,1.2239990234375,14.7705078125,-26.06201171875,2.9296875
2.4542236328125,-1.305908203125,1.087890625,-9.765625,-27.77099609375,3.35693359375
2.24267578125,-0.192626953125,1.034423828125,-13.7939453125,-29.11376953125,4.0283203125
1.8009033203125,0.20703125,1.0438232421875,-14.58740234375,-30.33447265625,1.8310546875
1.5614013671875,-0.217041015625,0.9906005859375,-15.19775390625,-32.65380859375,-2.3193359375
1.427734375,-0.232177734375,0.9764404296875,-15.9912109375,-33.935546875,-7.01904296875
1.30908203125,-0.005126953125,0.955078125,-14.16015625,-33.50830078125,-10.07080078125
0.732177734375,0.0242919921875,0.94384765625,-8.23974609375,-33.3251953125,-9.94873046875
0.404541015625,-0.029541015625,0.94140625,-0.67138671875,-33.63037109375,-11.5966796875
0.4912109375,-0.0728759765625,0.930908203125,3.35693359375,-36.31591796875,-14.46533203125
0.5128173828125,-0.15771484375,0.90283203125,6.4697265625,-38.6962890625,-13.671875
0.48095703125,-0.177490234375,0.889892578125,9.8876953125,-45.0439453125,-10.43701171875
0.439697265625,-0.213623046875,0.890869140625,8.60595703125,-46.630859375,-11.23046875
0.4146728515625,-0.2705078125,0.90966796875,12.26806640625,-53.8330078125,-7.75146484375
0.408447265625,-0.340576171875,0.92919921875,1.40380859375,-50.96435546875,-7.99560546875
0.3995361328125,-0.3734130859375,0.93310546875,1.03759765625,-51.94091796875,-9.6435546875
0.3863525390625,-0.3095703125,0.927734375,-2.9296875,-52.91748046875,-7.26318359375
0.381591796875,-0.242919921875,0.910888671875,-4.0283203125,-54.3212890625,-3.41796875
0.3626708984375,-0.2254638671875,0.90869140625,-6.16455078125,-55.60302734375,0.42724609375
0.3907470703125,-0.2342529296875,0.8560791015625,-9.1552734375,-55.72509765625,2.99072265625
0.419677734375,-0.13037109375,0.85205078125,-11.65771484375,-55.35888671875,1.46484375
0.4044189453125,-0.1519775390625,0.8365478515625,-14.58740234375,-59.26513671875,-2.38037109375
0.3594970703125,-0.1837158203125,0.813232421875,-16.4794921875,-62.98828125,-6.65283203125
0.4173583984375,-0.1029052734375,0.7926025390625,-14.0380859375,-68.115234375,-9.94873046875
0.458984375,-0.1549072265625,0.77392578125,-13.73291015625,-75.98876953125,-10.3759765625
0.462890625,-0.1219482421875,0.7803955078125,-11.41357421875,-84.3505859375,-10.55908203125
0.517333984375,-0.0997314453125,0.8072509765625,-8.72802734375,-108.70361328125,-11.90185546875
0.47998046875,-0.0985107421875,0.8170166015625,-9.8876953125,-122.9248046875,-9.46044921875
0.4920654296875,-0.1038818359375,0.822021484375,-14.0380859375,-135.92529296875,-3.41796875
0.5159912109375,-0.1143798828125,0.8255615234375,-16.78466796875,-149.71923828125,-1.40380859375
0.5347900390625,-0.2392578125,0.858154296875,-22.27783203125,-212.34130859375,-6.9580078125
0.5465087890625,-0.2720947265625,0.946533203125,-27.52685546875,-244.32373046875,-23.86474609375
0.5567626953125,-0.2633056640625,0.9515380859375,-38.02490234375,-343.3837890625,-32.04345703125
0.5286865234375,-0.2086181640625,0.9556884765625,-34.912109375,-473.08349609375,-68.78662109375
0.5098876953125,-0.1455078125,0.952880859375,-30.1513671875,-475.2197265625,-95.76416015625
0.502197265625,-0.1585693359375,0.9105224609375,-140.31982421875,-468.20068359375,-130.55419921875
0.5135498046875,-0.118896484375,0.94189453125,-157.16552734375,-461.60888671875,-172.8515625
0.5333251953125,-0.04736328125,1.18896484375,-177.490234375,-441.5283203125,-180.60302734375
0.4937744140625,-0.042724609375,1.33203125,-202.1484375,-373.22998046875,-187.01171875
0.49365234375,-0.2188720703125,1.2869873046875,-191.650390625,-302.24609375,-160.82763671875
0.52490234375,-0.2733154296875,1.2283935546875,-162.65869140625,-204.52880859375,-158.38623046875
0.5093994140625,-0.260986328125,1.189453125,-144.287109375,-90.39306640625,-116.0888671875
0.3599853515625,-0.498779296875,1.51611328125,-122.4365234375,-25.08544921875,-52.42919921875
0.318603515625,-0.7757568359375,1.9078369140625,-132.26318359375,207.763671875,-34.0576171875
0.7564697265625,-0.7523193359375,2.224853515625,-127.99072265625,242.49267578125,-15.2587890625
0.822021484375,-1.0218505859375,2.25244140625,-35.5224609375,262.02392578125,8.4228515625
1.4857177734375,-1.3682861328125,1.7161865234375,21.8505859375,269.47021484375,54.74853515625
1.919189453125,-1.26708984375,2.0321044921875,58.28857421875,277.34375,77.33154296875
2.122314453125,-1.14501953125,1.6187744140625,83.43505859375,284.7900390625,113.1591796875
2.9013671875,-0.7821044921875,1.1778564453125,85.8154296875,318.29833984375,126.46484375
2.9678955078125,-0.6297607421875,0.928955078125,67.93212890625,336.669921875,135.92529296875
2.2979736328125,-1.2586669921875,0.7467041015625,64.0869140625,351.13525390625,141.845703125
1.4617919921875,-1.63623046875,0.539794921875,65.85693359375,361.75537109375,146.484375
1.478759765625,-1.390380859375,0.53759765625,63.4765625,368.22509765625,149.59716796875
2.1612548828125,-1.0390625,0.6187744140625,65.61279296875,374.32861328125,146.8505859375
0.738525390625,-0.734619140625,0.655517578125,61.8896484375,375.1220703125,138.36669921875
0.3282470703125,-0.3173828125,0.66552734375,54.6875,371.15478515625,127.3193359375
0.0657958984375,-0.2579345703125,0.6490478515625,48.7060546875,368.46923828125,116.14990234375
-0.12744140625,-0.35107421875,0.6611328125,41.015625,367.73681640625,106.75048828125
-0.1192626953125,-0.35791015625,0.6864013671875,33.3251953125,370.4833984375,100.830078125
0.017822265625,-0.3453369140625,0.716796875,26.67236328125,375.8544921875,97.96142578125
0.3287353515625,-0.28271484375,0.7740478515625,22.76611328125,378.23486328125,97.2900390625
0.4661865234375,-0.16650390625,0.8912353515625,21.54541015625,377.44140625,96.00830078125
0.5272216796875,-0.0845947265625,1.056396484375,23.37646484375,373.96240234375,90.51513671875
0.5308837890625,-0.0399169921875,1.2127685546875,25.08544921875,366.39404296875,77.81982421875
0.583984375,-0.02880859375,1.356201171875,24.23095703125,354.91943359375,58.16650390625
0.681640625,-0.053466796875,1.4918212890625,20.56884765625,342.28515625,34.1796875
0.74755859375,-0.1044921875,1.6168212890625,14.46533203125,329.16259765625,11.962890625
0.8045654296875,-0.1910400390625,1.7205810546875,3.7841796875,314.27001953125,-3.41796875
0.9483642578125,-0.283203125,1.77001953125,-10.6201171875,292.29736328125,-15.80810546875
1.131103515625,-0.351318359375,1.7265625,-28.076171875,220.703125,-4.08935546875
1.2711181640625,-0.380859375,1.6197509765625,-51.20849609375,174.072265625,9.46044921875
1.3829345703125,-0.3900146484375,1.5003662109375,-112.60986328125,122.00927734375,13.7939453125
1.45263671875,-0.385498046875,1.2977294921875,-143.73779296875,64.63623046875,-0.54931640625
1.538330078125,-0.380126953125,0.926513671875,-149.90234375,9.521484375,-25.634765625
1.677978515625,-0.4241943359375,-0.143798828125,-121.52099609375,-46.142578125,-40.58837890625
1.82080078125,-0.5206298828125,-0.68115234375,-64.8193359375,-89.7216796875,-31.005859375
1.916259765625,-0.507080078125,-1.0819091796875,-1.220703125,-114.44091796875,-1.8310546875
1.9974365234375,-0.2994384765625,-1.2796630859375,36.9873046875,-141.11328125,24.47509765625
2.1336669921875,0.2418212890625,-1.2218017578125,60.85205078125,-127.74658203125,23.49853515625
2.2872314453125,0.3802490234375,-0.880615234375,94.8486328125,-163.330078125,33.99658203125
2.4429931640625,0.229248046875,-0.4068603515625,68.29833984375,-216.30859375,53.28369140625
2.7635498046875,-0.1029052734375,0.3271484375,65.7958984375,-243.408203125,25.45166015625
2.943359375,-0.35205078125,1.2003173828125,56.82373046875,-251.28173828125,-30.6396484375
3.151611328125,-0.299560546875,1.51953125,14.22119140625,-228.82080078125,-56.396484375
3.2293701171875,-0.1304931640625,1.0577392578125,-3.96728515625,-191.10107421875,-46.5087890625
2.9814453125,-0.4429931640625,0.692626953125,-10.7421875,-170.95947265625,-27.16064453125
2.64453125,-0.5115966796875,0.9342041015625,-17.15087890625,-152.9541015625,-25.69580078125
2.4456787109375,-0.527099609375,1.439208984375,-9.33837890625,-126.953125,-29.4189453125
1.30078125,-0.5927734375,1.8848876953125,12.14599609375,-82.94677734375,-28.9306640625
0.157470703125,0.259765625,1.8184814453125,39.85595703125,-73.73046875,-34.24072265625
-0.101318359375,0.8544921875,1.4967041015625,55.96923828125,-55.0537109375,-34.1796875
-0.3309326171875,1.00146484375,1.4302978515625,61.4013671875,-40.83251953125,-29.47998046875
-0.0009765625,1.017333984375,1.4715576171875,64.63623046875,-31.982421875,-23.86474609375
0.6246337890625,0.2431640625,1.1597900390625,55.6640625,-29.72412109375,-6.53076171875
1.082275390625,-0.8553466796875,1.08056640625,43.8232421875,-28.86962890625,-4.94384765625
1.5267333984375,-1.1092529296875,1.1883544921875,34.3017578125,-28.80859375,-3.7841796875
1.6044921875,-0.4134521484375,1.1258544921875,19.59228515625,-28.50341796875,-5.37109375
1.3101806640625,-0.3006591796875,1.021484375,14.404296875,-28.6865234375,-5.7373046875
1.2589111328125,-0.380615234375,1.0255126953125,7.26318359375,-28.13720703125,-4.39453125
1.3199462890625,-0.1600341796875,0.97705078125,6.591796875,-28.13720703125,-4.21142578125
0.74169921875,-0.09130859375,0.973876953125,6.04248046875,-29.47998046875,-4.69970703125
0.61474609375,-0.2117919921875,0.9195556640625,5.9814453125,-32.53173828125,-6.65283203125
0.6676025390625,-0.2000732421875,0.906982421875,5.859375,-39.48974609375,-7.8125
0.5716552734375,-0.1080322265625,0.9100341796875,6.77490234375,-37.841796875,-10.3759765625
0.487060546875,-0.0904541015625,0.9176025390625,5.79833984375,-38.87939453125,-9.8876953125
0.44091796875,-0.2213134765625,0.9227294921875,2.9296875,-41.1376953125,-11.41357421875
0.4033203125,-0.2149658203125,0.9306640625,-2.50244140625,-48.4619140625,-9.70458984375
0.447021484375,-0.1910400390625,0.9134521484375,-2.5634765625,-51.57470703125,-9.21630859375
0.3719482421875,-0.1798095703125,0.8985595703125,-8.60595703125,-54.443359375,-9.82666015625
0.3775634765625,-0.1544189453125,0.9017333984375,-7.50732421875,-59.02099609375,-9.765625
0.3763427734375,-0.151123046875,0.89599609375,-7.99560546875,-64.697265625,-9.521484375
0.3792724609375,-0.1622314453125,0.9007568359375,-8.48388671875,-71.71630859375,-12.26806640625
0.3963623046875,-0.1749267578125,0.8748779296875,-7.9345703125,-88.80615234375,-14.83154296875
0.391357421875,-0.1416015625,0.881103515625,-6.53076171875,-98.7548828125,-16.17431640625
0.409423828125,-0.1065673828125,0.8974609375,-8.4228515625,-110.65673828125,-17.27294921875
0.423095703125,-0.1263427734375,0.8997802734375,-8.30078125,-140.80810546875,-14.83154296875
0.4129638671875,-0.1265869140625,0.896240234375,-8.1787109375,-155.517578125,-10.80322265625
0.4461669921875,-0.1402587890625,0.9195556640625,-12.02392578125,-167.90771484375,-10.3759765625
0.4471435546875,-0.147216796875,0.919921875,-16.41845703125,-187.56103515625,-10.31494140625
0.4737548828125,-0.1380615234375,0.93359375,-24.169921875,-211.42578125,-14.892578125
0.4544677734375,-0.134765625,0.968017578125,-26.42822265625,-240.3564453125,-24.23095703125
0.458984375,-0.185302734375,0.9637451171875,-32.3486328125,-283.447265625,-42.3583984375
0.4661865234375,-0.187744140625,0.9927978515625,-34.66796875,-343.3837890625,-44.7998046875
0.459716796875,-0.14892578125,1.031494140625,-27.587890625,-415.22216796875,-54.0771484375
0.4296875,-0.0374755859375,1.0377197265625,-19.34814453125,-480.28564453125,-65.673828125
0.447021484375,0.0408935546875,1.0413818359375,-22.8271484375,-526.611328125,-80.50537109375
0.4434814453125,0.017578125,1.075927734375,-87.58544921875,-540.83251953125,-90.14892578125
0.4459228515625,-0.0406494140625,1.1685791015625,-151.42822265625,-533.0810546875,-116.02783203125
0.4661865234375,-0.102294921875,1.4239501953125,-184.99755859375,-511.3525390625,-173.9501953125
0.4656982421875,-0.212890625,1.5211181640625,-217.10205078125,-486.75537109375,-210.14404296875
0.4417724609375,-0.298583984375,1.4395751953125,-274.4140625,-410.2783203125,-226.5625
0.35888671875,-0.2962646484375,1.3494873046875,-276.42822265625,-326.96533203125,-195.73974609375
0.259765625,-0.1539306640625,1.1612548828125,-230.5908203125,-212.7685546875,-198.974609375
0.155517578125,-0.111572265625,1.178466796875,-195.4345703125,-82.51953125,-101.318359375
0.1912841796875,-0.274169921875,1.6417236328125,-138.3056640625,-9.21630859375,-34.1796875
0.819580078125,-0.4542236328125,2.211669921875,-88.7451171875,147.39990234375,4.94384765625
0.8331298828125,-0.4561767578125,2.7218017578125,-72.57080078125,233.7646484375,22.64404296875
0.5057373046875,-0.906982421875,2.690185546875,-36.80419921875,268.37158203125,38.51318359375
1.2093505859375,-1.5753173828125,1.904296875,18.5546875,280.57861328125,58.41064453125
1.9913330078125,-1.59765625,2.0947265625,66.650390625,283.5693359375,77.57568359375
2.319580078125,-1.5770263671875,2.32421875,87.70751953125,280.57861328125,92.95654296875
2.9522705078125,-1.340087890625,1.5653076171875,90.4541015625,281.43310546875,107.0556640625
3.1878662109375,-1.2529296875,1.0535888671875,85.9375,291.56494140625,122.4365234375
2.6773681640625,-1.662841796875,0.8018798828125,76.416015625,313.78173828125,135.68115234375
1.6217041015625,-1.8466796875,0.6661376953125,64.8193359375,342.8955078125,143.1884765625
1.3359375,-1.71923828125,0.5751953125,50.29296875,363.22021484375,143.798828125
1.937255859375,-1.28271484375,0.5263671875,40.46630859375,378.47900390625,141.66259765625
1.406005859375,-0.76611328125,0.5601806640625,37.59765625,376.77001953125,139.7705078125
0.50146484375,-0.4232177734375,0.6370849609375,46.0205078125,373.47412109375,137.26806640625
0.06396484375,-0.2637939453125,0.6756591796875,37.4755859375,370.9716796875,132.32421875
-0.0391845703125,-0.2276611328125,0.6585693359375,21.78955078125,367.85888671875,123.291015625
-0.1134033203125,-0.2276611328125,0.5745849609375,5.126953125,380.126953125,121.9482421875
-0.1690673828125,-0.233642578125,0.604248046875,-3.23486328125,388.3056640625,124.32861328125
-0.126220703125,-0.262451171875,0.688232421875,-1.77001953125,394.1650390625,131.53076171875
0.0767822265625,-0.2823486328125,0.8104248046875,4.08935546875,397.4609375,143.12744140625
0.35009765625,-0.135986328125,0.9713134765625,9.09423828125,398.98681640625,168.39599609375
0.4930419921875,0.0126953125,1.356201171875,11.474609375,389.09912109375,168.64013671875
0.4974365234375,0.093017578125,1.5318603515625,11.1083984375,373.9013671875,153.13720703125
0.3814697265625,0.0594482421875,1.70458984375,5.55419921875,350.2197265625,122.0703125
0.4136962890625,-0.06884765625,1.85986328125,12.14599609375,318.17626953125,27.9541015625
0.4842529296875,-0.3699951171875,1.964111328125,22.27783203125,246.27685546875,-18.06640625
0.5906982421875,-0.466552734375,2.02734375,26.0009765625,202.2705078125,-95.15380859375
0.75244140625,-0.5262451171875,1.962890625,-50.6591796875,-23.8037109375,-40.6494140625
1.16357421875,-0.5753173828125,1.6781005859375,-133.544921875,-95.03173828125,-12.0849609375
1.3084716796875,-0.6156005859375,1.095703125,12.87841796875,-96.00830078125,-1.15966796875
1.4732666015625,-0.8387451171875,-0.3040771484375,130.67626953125,-256.53076171875,35.21728515625
1.688720703125,-0.99755859375,-1.0006103515625,95.703125,-307.43408203125,22.94921875
1.9095458984375,-1.088134765625,-0.9556884765625,86.669921875,-305.419921875,-35.09521484375
2.3548583984375,-0.8809814453125,1.2593994140625,37.109375,-272.8271484375,-61.09619140625
2.5916748046875,0.78271484375,1.2855224609375,2.0751953125,-242.7978515625,-31.31103515625
2.83154296875,1.402587890625,0.3677978515625,6.8359375,-215.6982421875,-17.02880859375
2.9564208984375,-0.900146484375,0.6273193359375,3.11279296875,-179.931640625,-26.9775390625
3.3814697265625,0.123779296875,1.6663818359375,0.8544921875,-139.95361328125,-32.71484375
3.44677734375,-0.655517578125,2.1632080078125,31.8603515625,-76.84326171875,-29.60205078125
2.95068359375,0.15234375,1.814453125,54.931640625,-65.185546875,-22.39990234375
0.275634765625,0.91845703125,1.529541015625,59.4482421875,-46.9970703125,-17.822265625
-0.5655517578125,1.088623046875,1.6702880859375,51.08642578125,-42.724609375,-11.5966796875
-0.4786376953125,1.07080078125,1.7396240234375,34.97314453125,-32.71484375,-2.9296875
0.646484375,0.0865478515625,1.2745361328125,22.64404296875,-27.7099609375,-0.42724609375
1.5704345703125,-1.1346435546875,1.10986328125,14.892578125,-28.38134765625,2.86865234375
2.026123046875,-0.8707275390625,1.001708984375,1.03759765625,-32.2265625,1.708984375
1.8052978515625,0.1329345703125,1.0399169921875,-3.2958984375,-36.0107421875,-1.28173828125
1.6044921875,-0.2979736328125,1.017822265625,-12.14599609375,-37.04833984375,-5.4931640625
1.8304443359375,-0.4288330078125,0.9959716796875,-12.87841796875,-37.841796875,-6.89697265625
1.843994140625,-0.1634521484375,0.97265625,-9.46044921875,-37.04833984375,-8.6669921875
0.7099609375,-0.0943603515625,0.9683837890625,-5.67626953125,-37.59765625,-10.1318359375
0.4080810546875,-0.101806640625,0.94921875,-4.39453125,-37.53662109375,-9.3994140625
0.441650390625,-0.038818359375,0.921630859375,-3.11279296875,-41.6259765625,-5.9814453125
0.637451171875,-0.0552978515625,0.902587890625,-5.43212890625,-43.5791015625,-5.2490234375
0.5865478515625,-0.1661376953125,0.9111328125,-0.79345703125,-44.3115234375,-6.77490234375
0.4871826171875,-0.2755126953125,0.9227294921875,-0.91552734375,-45.47119140625,-6.65283203125
0.4537353515625,-0.33154296875,0.91943359375,-4.0283203125,-50.29296875,-4.7607421875
0.401123046875,-0.288330078125,0.9117431640625,-8.60595703125,-50.59814453125,-4.7607421875
0.3834228515625,-0.240478515625,0.904296875,-3.90625,-51.513671875,-7.62939453125
0.3804931640625,-0.193115234375,0.9039306640625,-5.7373046875,-53.5888671875,-11.04736328125
0.4112548828125,-0.1875,0.897216796875,-5.9814453125,-51.69677734375,-12.3291015625
0.4337158203125,-0.1309814453125,0.884521484375,-5.4931640625,-48.64501953125,-13.427734375
0.447509765625,-0.1224365234375,0.8636474609375,-5.9814453125,-47.119140625,-14.95361328125
0.4073486328125,-0.151123046875,0.851318359375,-6.28662109375,-46.0205078125,-16.41845703125
0.434326171875,-0.204345703125,0.841064453125,-6.04248046875,-45.59326171875,-18.73779296875
0.48828125,-0.189208984375,0.7515869140625,-5.0048828125,-48.64501953125,-19.6533203125
0.4649658203125,-0.1387939453125,0.739990234375,-2.3193359375,-55.17578125,-18.6767578125
0.45703125,-0.2022705078125,0.7427978515625,2.62451171875,-63.232421875,-19.6533203125
0.478271484375,-0.204345703125,0.75,4.08935546875,-86.24267578125,-14.16015625
0.493408203125,-0.2076416015625,0.7664794921875,2.01416015625,-113.037109375,-7.32421875
0.476318359375,-0.225341796875,0.7952880859375,0.8544921875,-130.0048828125,-3.35693359375
0.489013671875,-0.2401123046875,0.8253173828125,-2.44140625,-147.27783203125,-0.9765625
0.5526123046875,-0.23828125,0.867919921875,-7.38525390625,-161.2548828125,1.46484375
0.550048828125,-0.234130859375,0.9295654296875,-15.31982421875,-175.9033203125,-7.8125
0.5355224609375,-0.2177734375,0.97314453125,-23.62060546875,-229.67529296875,-23.86474609375
0.5272216796875,-0.1846923828125,0.991943359375,-32.958984375,-268.798828125,-48.2177734375
0.5299072265625,-0.1629638671875,0.974853515625,-39.85595703125,-405.029296875,-178.7109375
0.5323486328125,-0.1617431640625,0.97802734375,-30.6396484375,-460.26611328125,-185.36376953125
0.519775390625,0.0357666015625,0.9893798828125,-19.83642578125,-222.22900390625,-103.6376953125
0.5032958984375,0.0596923828125,1.03369140625,-217.22412109375,0.6103515625,-45.654296875
0.470703125,0.0205078125,1.0462646484375,-137.20703125,145.32470703125,15.56396484375
0.5455322265625,-0.030517578125,1.413330078125,-85.14404296875,288.330078125,51.08642578125
0.5296630859375,-0.1083984375,1.635986328125,-46.81396484375,303.89404296875,121.09375
0.5010986328125,-0.3023681640625,2.5782470703125,58.4716796875,350.89111328125,125.91552734375
0.47900390625,-0.3834228515625,2.2423095703125,78.30810546875,356.0791015625,148.3154296875
0.425537109375,-0.187255859375,2.3956298828125,41.07666015625,353.21044921875,153.564453125
0.3006591796875,-1.46875,1.194091796875,48.095703125,355.04150390625,155.45654296875
0.19140625,-1.1043701171875,0.6552734375,33.447265625,357.48291015625,155.21240234375
0.8660888671875,-1.53955078125,0.5552978515625,20.01953125,358.88671875,148.8037109375
2.85205078125,-1.8653564453125,0.573974609375,10.92529296875,365.29541015625,141.7236328125
1.583984375,-1.322509765625,0.6807861328125,6.591796875,375.9765625,138.36669921875
2.0531005859375,-0.4075927734375,0.7471923828125,6.591796875,376.77001953125,125.30517578125
1.5718994140625,-0.402099609375,0.865478515625,6.8359375,367.61474609375,110.90087890625
0.306396484375,-0.3773193359375,1.0445556640625,4.45556640625,354.248046875,92.041015625
0.02880859375,-0.1082763671875,1.447021484375,7.568359375,334.16748046875,73.486328125
0.3880615234375,-0.1185302734375,1.7166748046875,15.13671875,307.4951171875,58.16650390625
0.37939453125,-0.157958984375,1.8370361328125,18.06640625,278.076171875,39.48974609375
0.5552978515625,-0.2010498046875,1.954833984375,10.92529296875,251.46484375,20.32470703125
0.66455078125,-0.2508544921875,1.8509521484375,-10.8642578125,213.92822265625,9.3994140625
0.7861328125,-0.2698974609375,1.6534423828125,-45.59326171875,169.86083984375,4.7607421875
0.9281005859375,-0.3704833984375,1.343994140625,-89.78271484375,125.244140625,-8.11767578125
1.2777099609375,-0.69189453125,0.9124755859375,-146.05712890625,73.05908203125,-39.4287109375
1.5863037109375,-0.7960205078125,0.3494873046875,-185.1806640625,9.765625,-72.265625
1.7210693359375,-0.853271484375,-0.3275146484375,-164.73388671875,-55.48095703125,-81.6650390625
1.9290771484375,-0.7835693359375,-0.9884033203125,-81.6650390625,-95.76416015625,-59.14306640625
2.2869873046875,-0.501220703125,-1.3641357421875,13.5498046875,-115.478515625,-31.494140625
2.4129638671875,-0.07666015625,-1.3551025390625,69.091796875,-121.09375,-9.3994140625
2.5301513671875,0.5413818359375,-1.1732177734375,106.38427734375,-112.85400390625,0.54931640625
2.748291015625,0.977783203125,-0.8399658203125,117.7978515625,-238.83056640625,20.93505859375
3.039794921875,0.728271484375,-0.3046875,82.51953125,-267.2119140625,-38.2080078125
3.1595458984375,-0.0325927734375,0.755859375,60.791015625,-237.24365234375,-48.33984375
3.1119384765625,-0.619873046875,1.3831787109375,8.72802734375,-206.84814453125,-22.88818359375
3.17822265625,-0.5167236328125,1.2947998046875,-8.72802734375,-151.123046875,-27.89306640625
3.288330078125,-0.138427734375,0.5364990234375,-0.6103515625,-66.95556640625,-22.03369140625
3.03125,-0.270263671875,0.9013671875,51.57470703125,-51.3916015625,-19.1650390625
2.6419677734375,-0.451416015625,1.944580078125,62.80517578125,-42.236328125,-13.916015625
2.414794921875,-0.5531005859375,1.65478515625,52.6123046875,-33.50830078125,-6.2255859375
1.1959228515625,0.681884765625,1.57275390625,33.5693359375,-29.11376953125,-4.5166015625
-0.0042724609375,0.8836669921875,1.2784423828125,16.845703125,-22.8271484375,0.8544921875
-0.504638671875,0.41796875,1.1949462890625,6.28662109375,-20.5078125,5.615234375
-0.013427734375,-0.3914794921875,1.087890625,-1.52587890625,-24.84130859375,0.42724609375
0.613525390625,-0.65185546875,1.0540771484375,-11.5966796875,-25.87890625,-2.685546875
1.7664794921875,-0.148681640625,1.01513671875,-22.52197265625,-24.35302734375,-4.5166015625
1.656005859375,-0.0750732421875,1.0111083984375,-16.78466796875,-23.3154296875,-4.8828125
1.6138916015625,0.0068359375,0.9930419921875,-12.02392578125,-23.3154296875,-6.7138671875
0.8748779296875,-0.1241455078125,0.9505615234375,-9.1552734375,-27.2216796875,-7.01904296875
0.5926513671875,-0.119140625,0.8858642578125,-7.01904296875,-27.89306640625,-8.544921875
0.458984375,-0.0341796875,0.876953125,-4.21142578125,-26.9775390625,-10.80322265625
0.541015625,-0.04736328125,0.881591796875,-5.79833984375,-28.1982421875,-11.962890625
0.4732666015625,-0.08837890625,0.8887939453125,-8.85009765625,-31.73828125,-11.23046875
0.4613037109375,-0.374755859375,0.890625,-10.6201171875,-31.3720703125,-12.39013671875
0.43359375,-0.3543701171875,0.8922119140625,-7.9345703125,-32.2265625,-13.18359375
0.3934326171875,-0.283203125,0.8873291015625,-9.521484375,-32.89794921875,-12.939453125
0.3697509765625,-0.229248046875,0.89013671875,-9.94873046875,-30.8837890625,-15.68603515625
0.3707275390625,-0.2022705078125,0.8909912109375,-6.9580078125,-38.9404296875,-13.73291015625
0.4000244140625,-0.1768798828125,0.881103515625,-3.173828125,-55.17578125,-9.82666015625
0.4027099609375,-0.196044921875,0.8565673828125,7.8125,-74.64599609375,-11.3525390625
0.4068603515625,-0.243896484375,0.804443359375,9.033203125,-90.02685546875,-13.0615234375
0.425537109375,-0.235107421875,0.8056640625,5.43212890625,-105.5908203125,-2.01416015625
0.42236328125,-0.246826171875,0.8773193359375,3.60107421875,-171.44775390625,-1.953125
0.3973388671875,-0.265380859375,0.88720703125,1.03759765625,-187.68310546875,-18.85986328125
0.418701171875,-0.245849609375,0.9422607421875,-17.63916015625,-270.08056640625,-30.1513671875
0.4317626953125,-0.250732421875,1.0166015625,-21.728515625,-324.8291015625,-46.9970703125
0.4251708984375,-0.2425537109375,1.019287109375,-48.40087890625,-395.8740234375,-132.8125
0.46484375,-0.177978515625,1.0045166015625,-35.70556640625,-496.826171875,-195.73974609375
0.458251953125,-0.1505126953125,1.046142578125,-34.72900390625,-471.19140625,-199.64599609375
0.4151611328125,-0.1839599609375,1.080810546875,-186.70654296875,-420.22705078125,-193.7255859375
0.448486328125,-0.130615234375,1.15087890625,-203.18603515625,-267.7001953125,-123.6572265625
0.42236328125,-0.1195068359375,1.33056640625,-184.5703125,-57.31201171875,-58.59375
0.3756103515625,-0.1600341796875,1.254638671875,-180.48095703125,85.0830078125,-7.26318359375
0.4002685546875,-0.3643798828125,1.3438720703125,-147.3388671875,214.78271484375,16.845703125
0.4261474609375,-0.3692626953125,1.730712890625,-87.82958984375,278.564453125,31.1279296875
