0.2945556640625,-0.26318359375,0.948486328125,4.94384765625,-36.31591796875,-37.2314453125
0.2969970703125,-0.259765625,0.953369140625,2.44140625,-43.212890625,-36.376953125
0.2869873046875,-0.255126953125,0.9608154296875,-0.3662109375,-71.77734375,-43.27392578125
0.2760009765625,-0.2486572265625,0.9715576171875,-3.5400390625,-80.50537109375,-51.7578125
0.2908935546875,-0.2457275390625,0.989990234375,-6.34765625,-132.568359375,-60.546875
0.3072509765625,-0.2449951171875,1.0030517578125,-6.28662109375,-192.19970703125,-68.115234375
0.3056640625,-0.2406005859375,1.0115966796875,-3.7841796875,-233.154296875,-103.94287109375
0.309326171875,-0.22314453125,1.0218505859375,-10.19287109375,-253.35693359375,-116.02783203125
0.3243408203125,-0.2005615234375,1.0279541015625,-23.74267578125,-305.48095703125,-114.6240234375
0.3272705078125,-0.205322265625,1.067138671875,-34.36279296875,-350.76904296875,-105.712890625
0.314697265625,-0.237060546875,1.0618896484375,-29.9072265625,-378.84521484375,-55.23681640625
0.294921875,-0.241455078125,1.241455078125,-26.123046875,-371.15478515625,28.25927734375
0.2760009765625,-0.2584228515625,1.2691650390625,-46.0205078125,-323.66943359375,7.4462890625
0.3123779296875,-0.2471923828125,1.1658935546875,-67.68798828125,-255.67626953125,-10.25390625
0.3074951171875,-0.204345703125,1.2955322265625,-86.48681640625,-123.96240234375,-19.10400390625
0.1251220703125,-0.3216552734375,1.5338134765625,-81.48193359375,-19.1650390625,-24.5361328125
0.15087890625,-0.384033203125,1.7762451171875,-20.751953125,33.203125,-31.55517578125
0.146240234375,-0.3017578125,1.9525146484375,24.658203125,54.6875,-28.4423828125
0.3941650390625,-0.10205078125,1.89111328125,118.59130859375,78.61328125,-14.404296875
0.582763671875,-0.3558349609375,2.17529296875,54.3212890625,115.29541015625,-16.4794921875
0.0020751953125,-0.845703125,2.5452880859375,45.2880859375,145.8740234375,-20.69091796875
-0.015380859375,-0.6922607421875,3.212646484375,69.15283203125,182.67822265625,-19.83642578125
0.4849853515625,-0.6837158203125,3.91943359375,71.4111328125,238.09814453125,-15.5029296875
0.501220703125,-0.919677734375,3.197265625,63.90380859375,243.10302734375,4.39453125
0.40673828125,-1.2659912109375,1.8914794921875,52.06298828125,244.07958984375,41.50390625
0.465576171875,-1.606201171875,1.36083984375,37.53662109375,238.28125,47.7294921875
0.458740234375,-1.120849609375,1.3475341796875,33.8134765625,234.7412109375,51.7578125
-1.036865234375,-0.580078125,1.3505859375,26.18408203125,232.97119140625,53.16162109375
-0.5504150390625,-0.3585205078125,1.3228759765625,14.16015625,245.91064453125,51.81884765625
-0.2347412109375,-0.202392578125,1.0411376953125,8.60595703125,238.1591796875,48.4619140625
-1.79541015625,-0.25146484375,0.9776611328125,0.0,210.51025390625,40.95458984375
-1.6812744140625,-0.348388671875,1.0382080078125,-38.2080078125,203.2470703125,19.10400390625
-1.4423828125,-0.3333740234375,1.1796875,-40.58837890625,191.650390625,11.04736328125
-1.299560546875,-0.2445068359375,1.3076171875,-36.56005859375,185.36376953125,10.6201171875
-1.06787109375,-0.1561279296875,1.42236328125,-27.099609375,100.5859375,26.55029296875
-0.4969482421875,-0.1605224609375,1.54248046875,-16.78466796875,79.7119140625,49.62158203125
-0.32373046875,-0.1585693359375,1.5125732421875,-6.65283203125,167.8466796875,50.96435546875
-0.041259765625,-0.1407470703125,1.5650634765625,33.69140625,179.26025390625,49.25537109375
0.0333251953125,-0.102783203125,1.7720947265625,69.3359375,171.69189453125,46.5087890625
0.0843505859375,-0.02978515625,1.950927734375,23.92578125,120.66650390625,44.73876953125
0.1470947265625,0.037841796875,2.0338134765625,-70.73974609375,105.28564453125,46.32568359375
0.25732421875,0.0123291015625,2.253662109375,-56.21337890625,103.3935546875,45.7763671875
0.2125244140625,0.012451171875,1.950439453125,-9.58251953125,82.45849609375,24.658203125
0.2880859375,0.0499267578125,1.44140625,-4.0283203125,35.46142578125,10.6201171875
0.327392578125,0.1083984375,1.76513671875,-14.58740234375,-11.90185546875,-56.396484375
0.3841552734375,-0.0228271484375,1.0738525390625,-22.76611328125,-35.33935546875,-61.767578125
0.4927978515625,0.244384765625,0.10791015625,-25.87890625,-62.68310546875,-34.11865234375
0.5626220703125,-0.1402587890625,-0.0045166015625,-18.61572265625,-104.736328125,-32.8369140625
1.03662109375,-0.3651123046875,0.0345458984375,-8.23974609375,-95.3369140625,-11.90185546875
1.341064453125,-0.3570556640625,0.0054931640625,-1.220703125,-217.46826171875,10.7421875
1.9661865234375,-0.1318359375,-0.0677490234375,2.9296875,-286.865234375,14.09912109375
2.0635986328125,0.005615234375,-0.0714111328125,6.591796875,-140.2587890625,14.5263671875
2.2088623046875,-0.0015869140625,-0.00634765625,-4.150390625,-203.9794921875,17.2119140625
2.393310546875,-0.076171875,-0.2310791015625,-14.0380859375,-184.50927734375,0.8544921875
2.5172119140625,-0.1644287109375,0.0037841796875,-4.8828125,-144.04296875,4.0283203125
2.4698486328125,-0.1783447265625,1.0101318359375,-3.2958984375,-111.9384765625,7.50732421875
2.325927734375,0.0194091796875,0.0638427734375,4.0283203125,-108.5205078125,11.29150390625
2.21728515625,-0.0672607421875,0.390380859375,-3.96728515625,-71.044921875,14.83154296875
2.23583984375,0.1934814453125,2.59130859375,-11.5966796875,-84.228515625,15.68603515625
2.11962890625,0.2088623046875,2.0242919921875,-6.103515625,-88.134765625,14.7705078125
1.947509765625,0.1556396484375,1.73046875,-24.23095703125,-91.73583984375,13.427734375
-1.16650390625,-0.029052734375,1.485107421875,-32.5927734375,-85.14404296875,10.498046875
-1.111083984375,-0.5438232421875,1.510498046875,-48.33984375,-75.439453125,2.5634765625
0.4588623046875,-0.4345703125,1.5238037109375,-61.34033203125,-71.71630859375,0.30517578125
0.8797607421875,-0.024658203125,1.1685791015625,-65.0634765625,-61.03515625,-0.8544921875
0.4400634765625,0.0291748046875,1.0888671875,-59.814453125,-42.8466796875,-2.197265625
0.6513671875,-0.234130859375,1.016357421875,-50.78125,-20.8740234375,-3.11279296875
0.4403076171875,-0.158447265625,1.065185546875,-34.3017578125,-15.07568359375,-3.2958984375
0.1707763671875,-0.1051025390625,1.1768798828125,-17.08984375,-10.6201171875,-2.99072265625
0.2216796875,-0.0711669921875,1.1834716796875,2.3193359375,-5.859375,-1.5869140625
0.1396484375,-0.0802001953125,1.1302490234375,4.94384765625,-2.74658203125,-2.197265625
0.1435546875,-0.1146240234375,1.1025390625,5.2490234375,-3.5400390625,-1.953125
0.1412353515625,-0.1766357421875,1.049072265625,2.25830078125,-8.11767578125,-1.220703125
0.1279296875,-0.22705078125,0.98388671875,-1.5869140625,-16.41845703125,-0.732421875
0.1796875,-0.234130859375,0.961669921875,-5.4931640625,-19.775390625,-1.220703125
0.2171630859375,-0.2427978515625,0.911865234375,-9.765625,-20.08056640625,-4.8828125
0.198486328125,-0.2586669921875,0.877685546875,-14.34326171875,-24.5361328125,-4.7607421875
0.2235107421875,-0.2708740234375,0.88720703125,-11.71875,-30.3955078125,-3.72314453125
0.2557373046875,-0.281005859375,0.9193115234375,-6.89697265625,-29.6630859375,-2.8076171875
0.243408203125,-0.262451171875,0.9547119140625,-4.2724609375,-20.99609375,-1.708984375
0.23095703125,-0.2537841796875,0.984619140625,-4.39453125,-20.81298828125,-0.91552734375
0.199462890625,-0.2445068359375,0.994140625,-3.72314453125,-19.775390625,-0.79345703125
0.18212890625,-0.2393798828125,0.994140625,9.70458984375,-15.7470703125,-0.9765625
0.18994140625,-0.235595703125,0.9755859375,9.765625,-12.39013671875,-2.0751953125
0.193115234375,-0.2440185546875,0.950439453125,4.82177734375,-12.75634765625,-4.2724609375
0.18505859375,-0.254638671875,0.946044921875,-0.48828125,-15.19775390625,-4.45556640625
0.2242431640625,-0.2635498046875,0.97412109375,-3.35693359375,-15.625,-4.0283203125
0.2310791015625,-0.2574462890625,0.9727783203125,-4.638671875,-14.16015625,-4.57763671875
0.2286376953125,-0.2587890625,0.9510498046875,-5.31005859375,-12.51220703125,-5.615234375
0.2030029296875,-0.2442626953125,0.938720703125,-4.94384765625,-13.0615234375,-5.9814453125
0.202880859375,-0.2237548828125,0.9473876953125,-4.2724609375,-13.7939453125,-5.18798828125
0.232177734375,-0.218994140625,0.9615478515625,-5.615234375,-15.19775390625,-3.662109375
0.2666015625,-0.2237548828125,0.9693603515625,-5.37109375,-17.27294921875,-3.47900390625
0.261474609375,-0.2275390625,0.9569091796875,-3.72314453125,-19.47021484375,-4.5166015625
0.25830078125,-0.233154296875,0.939697265625,-1.40380859375,-21.97265625,-9.58251953125
0.2685546875,-0.237548828125,0.9373779296875,1.89208984375,-24.47509765625,-15.13671875
0.2723388671875,-0.24560546875,0.9451904296875,4.638671875,-27.77099609375,-20.263671875
0.262939453125,-0.2535400390625,0.9471435546875,6.34765625,-31.8603515625,-22.3388671875
0.271240234375,-0.2557373046875,0.95751953125,4.150390625,-42.05322265625,-27.7099609375
0.2808837890625,-0.26123046875,0.9700927734375,-0.1220703125,-48.52294921875,-33.8134765625
0.2740478515625,-0.25927734375,0.9764404296875,-4.33349609375,-58.28857421875,-38.26904296875
0.2694091796875,-0.2698974609375,0.98095703125,-7.50732421875,-70.1904296875,-33.50830078125
0.2813720703125,-0.27392578125,0.9898681640625,-10.80322265625,-83.984375,-25.20751953125
0.2821044921875,-0.2586669921875,0.9986572265625,-10.55908203125,-99.7314453125,-22.52197265625
0.285400390625,-0.23095703125,1.005859375,-9.3994140625,-114.07470703125,-21.484375
0.3017578125,-0.2293701171875,1.005126953125,-11.474609375,-133.7890625,-26.7333984375
0.30224609375,-0.2430419921875,1.021484375,-13.48876953125,-168.3349609375,-40.10009765625
0.3017578125,-0.23828125,1.0467529296875,-13.24462890625,-214.7216796875,-62.744140625
0.3262939453125,-0.27685546875,1.0601806640625,-14.70947265625,-258.48388671875,-83.19091796875
0.3184814453125,-0.291015625,1.0758056640625,-22.216796875,-295.7763671875,-87.890625
0.280517578125,-0.2662353515625,1.07666015625,-24.96337890625,-339.17236328125,-83.31298828125
0.3017578125,-0.2601318359375,1.08203125,-32.71484375,-377.197265625,-75.86669921875
0.285400390625,-0.2813720703125,1.138427734375,-39.4287109375,-399.169921875,-57.06787109375
0.230712890625,-0.26806640625,1.2274169921875,-50.537109375,-363.34228515625,-20.3857421875
0.228515625,-0.233642578125,1.2763671875,-69.03076171875,-293.9453125,-60.1806640625
0.265380859375,-0.2003173828125,1.2733154296875,-83.0078125,-220.52001953125,-72.32666015625
0.2486572265625,-0.2108154296875,1.312744140625,-82.82470703125,-61.03515625,-59.814453125
0.1531982421875,-0.241943359375,1.49951171875,-54.8095703125,15.5029296875,-44.37255859375
0.0987548828125,-0.244873046875,1.8197021484375,-12.51220703125,24.4140625,-27.9541015625
0.001220703125,-0.26611328125,1.9979248046875,78.55224609375,49.560546875,-9.765625
0.1119384765625,-0.1396484375,2.0255126953125,96.0693359375,74.15771484375,7.8125
0.0784912109375,-0.290283203125,2.0244140625,8.48388671875,100.7080078125,21.97265625
0.0721435546875,-0.65771484375,2.4327392578125,-10.92529296875,123.47412109375,-14.6484375
0.5152587890625,-0.6640625,3.42138671875,-3.23486328125,147.4609375,-25.634765625
0.7701416015625,-0.717041015625,3.96630859375,17.7001953125,168.9453125,-31.982421875
0.57177734375,-0.6090087890625,3.17724609375,31.67724609375,211.60888671875,21.78955078125
0.3580322265625,-0.326904296875,1.8914794921875,45.83740234375,244.07958984375,29.35791015625
0.4813232421875,-0.536376953125,1.477783203125,61.4013671875,249.93896484375,34.66796875
0.1279296875,-0.6270751953125,1.4796142578125,73.8525390625,250.06103515625,38.2080078125
-0.854248046875,-0.49755859375,1.3111572265625,53.89404296875,235.2294921875,39.9169921875
0.28515625,-0.6810302734375,1.1854248046875,41.32080078125,231.26220703125,41.07666015625
0.348876953125,-0.8154296875,1.119140625,32.470703125,230.77392578125,41.44287109375
-1.453125,-0.80615234375,1.081787109375,-47.607421875,233.642578125,40.95458984375
-1.372802734375,-0.76513671875,0.96044921875,-52.001953125,233.70361328125,44.921875
-1.129150390625,-0.6463623046875,0.9576416015625,-42.96875,225.89111328125,32.77587890625
-1.0826416015625,-0.485107421875,0.987548828125,-26.67236328125,220.3369140625,37.841796875
-0.9796142578125,-0.0418701171875,1.327392578125,-9.033203125,231.8115234375,49.49951171875
-0.845703125,-0.0780029296875,1.371826171875,4.2724609375,190.5517578125,52.3681640625
-0.677978515625,-0.169921875,1.5799560546875,11.04736328125,178.3447265625,58.28857421875
-0.086669921875,-0.1524658203125,1.8642578125,10.43701171875,261.16943359375,65.4296875
-0.0133056640625,-0.1624755859375,2.17236328125,21.728515625,316.0400390625,61.6455078125
0.0208740234375,-0.187255859375,2.3826904296875,46.2646484375,291.56494140625,45.7763671875
0.224609375,-0.244140625,2.443115234375,7.50732421875,238.70849609375,21.3623046875
0.2547607421875,-0.2872314453125,2.6090087890625,-34.7900390625,183.10546875,-0.6103515625
0.3021240234375,-0.2625732421875,2.859130859375,-65.3076171875,144.59228515625,-7.14111328125
0.355224609375,-0.1881103515625,2.5360107421875,-84.41162109375,99.12109375,-0.3662109375
0.41064453125,-0.1009521484375,1.9412841796875,-34.36279296875,63.04931640625,14.95361328125
0.4910888671875,-0.3035888671875,1.8389892578125,5.2490234375,30.3955078125,30.2734375
0.6051025390625,-0.4949951171875,1.875732421875,23.74267578125,1.03759765625,35.7666015625
0.7044677734375,-0.431884765625,1.695556640625,10.43701171875,-26.91650390625,28.62548828125
0.819580078125,-0.235107421875,1.012939453125,-14.6484375,-44.25048828125,2.3193359375
1.1180419921875,0.1170654296875,0.5830078125,-32.2265625,-49.6826171875,-62.98828125
1.3797607421875,0.1497802734375,0.2021484375,-27.7099609375,-49.62158203125,-37.59765625
1.4365234375,-0.356201171875,-0.082763671875,-11.04736328125,-36.376953125,-15.7470703125
1.4854736328125,-0.2239990234375,-0.2637939453125,11.90185546875,-6.7138671875,-45.59326171875
1.6751708984375,0.1666259765625,-0.313232421875,27.7099609375,-129.638671875,-48.4619140625
2.2083740234375,0.454833984375,-0.22119140625,34.11865234375,-190.00244140625,-19.53125
2.4527587890625,0.4097900390625,-0.0157470703125,27.34375,-217.4072265625,14.404296875
2.7659912109375,0.06298828125,0.267333984375,11.8408203125,-176.33056640625,3.41796875
3.0504150390625,-0.3436279296875,0.5010986328125,-8.97216796875,-176.8798828125,3.90625
3.15087890625,-0.5799560546875,1.1552734375,-23.193359375,-201.72119140625,10.92529296875
3.002685546875,-0.580078125,1.503173828125,-32.5927734375,-130.79833984375,12.5732421875
2.74755859375,-0.266357421875,0.4366455078125,-29.60205078125,-121.64306640625,6.53076171875
2.5128173828125,0.03466796875,0.3037109375,-26.79443359375,-102.47802734375,10.6201171875
2.259033203125,0.144287109375,0.5760498046875,-34.60693359375,-72.3876953125,11.3525390625
1.6312255859375,0.423095703125,2.34814453125,-29.541015625,-50.4150390625,11.04736328125
-0.125,0.1517333984375,2.4344482421875,-12.02392578125,-47.4853515625,11.65771484375
-1.5726318359375,0.1339111328125,2.1416015625,5.18798828125,-51.26953125,10.92529296875
-1.2064208984375,0.2574462890625,1.43603515625,10.80322265625,-41.07666015625,10.07080078125
-0.0311279296875,-0.1556396484375,1.369384765625,6.4697265625,-42.48046875,7.2021484375
0.5552978515625,-0.646240234375,1.34521484375,-16.78466796875,-55.96923828125,4.7607421875
0.4302978515625,0.302978515625,1.37109375,-28.564453125,-70.12939453125,-3.2958984375
0.6417236328125,0.03125,1.31591796875,-38.4521484375,-70.1904296875,-6.591796875
0.4810791015625,-0.5225830078125,1.300048828125,-45.2880859375,-58.10546875,-7.14111328125
0.1602783203125,-0.660888671875,1.089111328125,-46.2646484375,-49.49951171875,-5.7373046875
0.08056640625,-0.2559814453125,1.03662109375,-36.0107421875,-29.84619140625,-4.45556640625
0.2210693359375,0.072021484375,1.0146484375,-21.66748046875,-21.30126953125,-1.953125
0.3609619140625,-0.1839599609375,1.015869140625,-10.3759765625,-16.7236328125,-0.42724609375
0.287353515625,-0.0819091796875,1.0526123046875,3.47900390625,-19.95849609375,0.1220703125
0.1649169921875,-0.109130859375,1.129150390625,0.8544921875,-26.06201171875,-1.46484375
0.1597900390625,-0.1617431640625,1.11279296875,-4.39453125,-33.203125,-3.11279296875
0.1458740234375,-0.158935546875,1.0745849609375,-14.22119140625,-42.29736328125,-3.662109375
0.0723876953125,-0.1790771484375,1.01416015625,-18.24951171875,-47.66845703125,0.79345703125
0.0338134765625,-0.2396240234375,0.930419921875,-20.69091796875,-50.10986328125,2.5634765625
0.0537109375,-0.2464599609375,0.920654296875,-22.39990234375,-46.875,1.8310546875
0.1156005859375,-0.2059326171875,0.957275390625,-20.6298828125,-39.1845703125,0.1220703125
0.1734619140625,-0.216552734375,0.95263671875,-16.66259765625,-41.50390625,-3.23486328125
0.167236328125,-0.2078857421875,0.9661865234375,-10.8642578125,-49.86572265625,-4.150390625
0.152099609375,-0.2208251953125,0.980712890625,-9.8876953125,-46.0205078125,-3.5400390625
0.1417236328125,-0.2359619140625,1.00048828125,-14.22119140625,-35.21728515625,-2.74658203125
0.134033203125,-0.2430419921875,1.03125,-16.4794921875,-27.64892578125,-1.708984375
0.1212158203125,-0.2515869140625,1.017333984375,-10.1318359375,-24.23095703125,-0.79345703125
0.1177978515625,-0.2503662109375,0.977783203125,-3.0517578125,-24.35302734375,0.06103515625
0.1292724609375,-0.2442626953125,1.0003662109375,1.89208984375,-23.37646484375,0.1220703125
0.1416015625,-0.242431640625,1.0086669921875,0.8544921875,-21.30126953125,-0.48828125
0.1627197265625,-0.2222900390625,0.9473876953125,-0.91552734375,-21.17919921875,-0.732421875
0.18310546875,-0.207275390625,0.916015625,-2.8076171875,-22.4609375,-1.5869140625
0.2188720703125,-0.2353515625,0.94677734375,-4.69970703125,-24.59716796875,-3.72314453125
0.2137451171875,-0.2633056640625,0.97705078125,-4.94384765625,-25.0244140625,-5.7373046875
0.1531982421875,-0.2716064453125,0.9864501953125,-4.69970703125,-23.681640625,-7.080078125
0.1678466796875,-0.2716064453125,0.9775390625,-3.35693359375,-22.0947265625,-8.60595703125
0.2244873046875,-0.260009765625,0.9658203125,-2.197265625,-22.4609375,-8.4228515625
0.240966796875,-0.2347412109375,0.971923828125,-1.708984375,-22.8271484375,-10.31494140625
0.25439453125,-0.212158203125,0.97998046875,-1.89208984375,-22.216796875,-12.939453125
0.2554931640625,-0.2247314453125,0.967041015625,-1.220703125,-21.97265625,-14.7705078125
0.2374267578125,-0.23779296875,0.95068359375,0.91552734375,-23.4375,-19.34814453125
0.25341796875,-0.240234375,0.951171875,4.21142578125,-27.52685546875,-27.52685546875
0.261474609375,-0.246826171875,0.9476318359375,6.53076171875,-33.3251953125,-36.1328125
0.2554931640625,-0.2523193359375,0.943359375,0.48828125,-39.36767578125,-44.73876953125
0.2503662109375,-0.249267578125,0.95654296875,-5.0048828125,-48.2177734375,-53.955078125
0.2447509765625,-0.2506103515625,0.96533203125,-7.8125,-59.87548828125,-53.77197265625
0.2596435546875,-0.263671875,0.9814453125,-9.765625,-74.40185546875,-61.82861328125
0.28271484375,-0.2725830078125,1.0028076171875,-11.1083984375,-89.78271484375,-65.85693359375
0.272216796875,-0.26904296875,1.0172119140625,-12.3291015625,-106.14013671875,-79.9560546875
0.2491455078125,-0.2496337890625,1.0240478515625,-13.24462890625,-272.39990234375,-98.6328125
0.2822265625,-0.230712890625,1.0316162109375,-15.0146484375,-312.3779296875,-95.0927734375
0.3157958984375,-0.252685546875,1.05078125,-15.625,-346.19140625,-76.35498046875
0.334716796875,-0.2486572265625,1.0701904296875,-24.10888671875,-380.31005859375,-50.048828125
0.3148193359375,-0.242431640625,1.0789794921875,-27.2216796875,-388.0615234375,-26.0009765625
0.29541015625,-0.2874755859375,1.077880859375,-27.89306640625,-322.08251953125,-65.97900390625
0.296142578125,-0.2999267578125,1.0867919921875,-39.36767578125,-253.41796875,-63.1103515625
0.282470703125,-0.298828125,1.271484375,-25.57373046875,-169.12841796875,-50.29296875
0.2568359375,-0.30126953125,1.3985595703125,6.16455078125,-6.40869140625,-31.06689453125
0.2032470703125,-0.2969970703125,1.630615234375,40.8935546875,26.30615234375,-9.3994140625
0.22998046875,-0.305419921875,2.0362548828125,116.943359375,49.9267578125,13.12255859375
0.2869873046875,-0.2098388671875,2.3929443359375,165.4052734375,70.4345703125,30.517578125
0.2467041015625,-0.1837158203125,2.3009033203125,-12.0849609375,82.33642578125,44.25048828125
0.24853515625,-0.549072265625,2.1383056640625,-16.41845703125,104.248046875,51.025390625
-0.000244140625,-0.8404541015625,2.7420654296875,5.37109375,124.93896484375,20.99609375
0.299560546875,-0.658935546875,3.6365966796875,18.4326171875,145.44677734375,1.28173828125
0.674072265625,-0.796875,2.2171630859375,26.2451171875,166.6259765625,-17.27294921875
0.679443359375,-0.5211181640625,1.291015625,34.66796875,183.53271484375,-31.25
0.3912353515625,-0.033935546875,1.21826171875,38.9404296875,224.54833984375,-38.6962890625
0.2838134765625,-0.4345703125,1.10107421875,41.748046875,232.666015625,-40.771484375
-0.4942626953125,-0.6470947265625,1.0301513671875,42.29736328125,236.99951171875,-38.51318359375
-0.395263671875,-0.88525390625,1.005126953125,35.21728515625,239.6240234375,-33.69140625
0.2083740234375,-0.8232421875,0.9927978515625,31.982421875,245.05615234375,-26.30615234375
-1.45751953125,-0.768310546875,1.00927734375,29.60205078125,250.54931640625,-25.0244140625
-1.237060546875,-0.6844482421875,1.06201171875,27.9541015625,255.92041015625,-23.193359375
-1.22119140625,-0.568359375,1.124755859375,25.08544921875,258.6669921875,-19.04296875
-1.0682373046875,-0.484130859375,1.1748046875,17.08984375,253.0517578125,-12.39013671875
-0.939697265625,-0.383056640625,1.225830078125,4.69970703125,247.00927734375,-4.0283203125
-0.7979736328125,0.068359375,1.25537109375,-11.962890625,236.26708984375,6.53076171875
-0.6434326171875,0.1090087890625,1.2667236328125,-36.31591796875,231.14013671875,19.83642578125
-0.467041015625,0.0882568359375,1.2744140625,-41.3818359375,232.11669921875,34.72900390625
-0.0164794921875,0.036376953125,1.295166015625,-41.56494140625,229.6142578125,49.74365234375
0.0660400390625,-0.0091552734375,1.3453369140625,-35.82763671875,227.1728515625,80.74951171875
0.110107421875,-0.0250244140625,1.44775390625,-29.052734375,231.87255859375,93.75
0.1468505859375,-0.017578125,1.441162109375,-23.49853515625,240.478515625,103.6376953125
0.186767578125,-0.0142822265625,1.5003662109375,-23.3154296875,219.482421875,107.48291015625
0.224365234375,-0.08544921875,1.7105712890625,-26.9775390625,263.5498046875,105.28564453125
0.25732421875,-0.1334228515625,2.0469970703125,-29.6630859375,269.22607421875,89.29443359375
0.27294921875,-0.183349609375,2.348388671875,-19.10400390625,246.09375,58.349609375
0.281494140625,-0.2364501953125,2.4600830078125,-51.81884765625,210.9375,17.88330078125
0.2529296875,-0.302734375,2.4410400390625,-81.9091796875,173.52294921875,-15.56396484375
0.268310546875,-0.359619140625,2.5238037109375,-109.68017578125,138.85498046875,-32.16552734375
0.3428955078125,-0.3751220703125,2.46435546875,-101.13525390625,113.6474609375,-33.447265625
0.4151611328125,-0.422607421875,2.0137939453125,-62.80517578125,85.02197265625,-19.4091796875
0.4864501953125,-0.5147705078125,1.83349609375,-29.6630859375,46.32568359375,-1.220703125
0.5626220703125,-0.6527099609375,1.618408203125,-20.08056640625,5.859375,13.97705078125
0.62548828125,-0.6973876953125,1.355712890625,-27.099609375,-25.5126953125,23.86474609375
0.702880859375,-0.075927734375,1.037841796875,-38.51318359375,-39.48974609375,38.26904296875
0.881591796875,0.1943359375,0.7060546875,-37.109375,-48.64501953125,79.65087890625
1.111328125,-0.0963134765625,0.4605712890625,-21.6064453125,-61.03515625,57.373046875
1.448486328125,-0.202392578125,0.258056640625,-2.74658203125,-72.93701171875,17.15087890625
1.5767822265625,0.18896484375,0.05859375,14.34326171875,-73.3642578125,6.4697265625
1.7769775390625,0.6737060546875,-0.0123291015625,21.3623046875,-17.08984375,13.18359375
2.0604248046875,0.8602294921875,0.0714111328125,19.34814453125,-12.63427734375,-16.41845703125
2.3740234375,0.7205810546875,0.209716796875,17.2119140625,-79.89501953125,-45.22705078125
2.6732177734375,0.356689453125,0.344970703125,41.93115234375,-172.119140625,-14.95361328125
2.869873046875,-0.05126953125,0.5089111328125,1.89208984375,-147.8271484375,10.07080078125
2.9083251953125,-0.3592529296875,0.7203369140625,5.67626953125,-169.5556640625,22.705078125
2.7464599609375,-0.478271484375,1.180908203125,-5.0048828125,-216.796875,-8.4228515625
2.5205078125,-0.466552734375,1.76220703125,9.8876953125,-177.67333984375,-7.9345703125
2.291259765625,-0.4783935546875,1.508056640625,10.986328125,-158.99658203125,2.9296875
2.010986328125,-0.5711669921875,0.4713134765625,-21.3623046875,-158.8134765625,13.18359375
1.7474365234375,-0.607666015625,0.325439453125,-57.861328125,-109.0087890625,10.986328125
1.5133056640625,-0.1373291015625,0.708740234375,-52.734375,-96.86279296875,4.2724609375
0.033447265625,0.321044921875,1.036376953125,-23.193359375,-107.666015625,4.21142578125
-1.4696044921875,0.596923828125,1.607177734375,0.54931640625,-110.9619140625,8.6669921875
-2.044921875,0.452880859375,1.938720703125,-9.3994140625,-98.9990234375,8.97216796875
-2.060791015625,0.8555908203125,2.239501953125,-0.67138671875,-82.58056640625,7.2021484375
0.552978515625,0.776611328125,2.06884765625,10.986328125,-70.4345703125,7.6904296875
0.6649169921875,0.070556640625,1.14111328125,14.6484375,-62.01171875,7.38525390625
-0.1629638671875,-0.90283203125,1.1964111328125,8.1787109375,-54.87060546875,5.4931640625
-0.216064453125,-0.463623046875,1.4039306640625,-2.9296875,-53.466796875,6.2255859375
0.499267578125,0.1378173828125,1.4246826171875,-13.0615234375,-58.7158203125,3.84521484375
0.421630859375,-0.25341796875,1.3330078125,-25.0244140625,-72.08251953125,-1.3427734375
0.447998046875,-0.59521484375,1.20654296875,-35.82763671875,-89.41650390625,-5.615234375
0.119140625,-0.4383544921875,1.0926513671875,-42.96875,-101.74560546875,-8.544921875
0.0606689453125,-0.078857421875,1.0350341796875,-47.4853515625,-89.2333984375,-10.3759765625
0.1417236328125,0.0054931640625,1.0167236328125,-46.81396484375,-65.97900390625,-9.09423828125
0.2313232421875,-0.1890869140625,1.0709228515625,-37.9638671875,-48.2177734375,-7.568359375
0.2462158203125,-0.279541015625,1.1055908203125,-15.625,-35.64453125,-6.591796875
0.1827392578125,-0.1556396484375,1.059814453125,-0.9765625,-29.9072265625,-5.37109375
0.151123046875,-0.08251953125,0.9998779296875,7.8125,-28.1982421875,-4.7607421875
0.1732177734375,-0.12890625,1.0911865234375,10.43701171875,-30.76171875,-3.662109375
0.163818359375,-0.15625,1.2640380859375,6.34765625,-34.912109375,-3.72314453125
0.121337890625,-0.1708984375,1.2235107421875,1.46484375,-37.841796875,-4.7607421875
0.11181640625,-0.218505859375,1.0836181640625,-3.0517578125,-40.0390625,-7.8125
0.1015625,-0.2413330078125,0.9951171875,-6.77490234375,-42.66357421875,-3.47900390625
0.08056640625,-0.2322998046875,0.9556884765625,-9.58251953125,-42.8466796875,-2.25830078125
0.1287841796875,-0.225830078125,0.954345703125,-13.5498046875,-40.4052734375,-0.8544921875
0.262451171875,-0.2271728515625,0.9498291015625,-15.93017578125,-31.06689453125,-2.197265625
0.316650390625,-0.236083984375,0.9578857421875,-15.625,-29.541015625,-4.08935546875
0.2471923828125,-0.2362060546875,0.96484375,-13.5498046875,-32.53173828125,-4.8828125
0.2099609375,-0.228515625,0.96435546875,-5.31005859375,-29.296875,-3.96728515625
0.18505859375,-0.2266845703125,0.9783935546875,-7.568359375,-23.74267578125,-3.662109375
0.1607666015625,-0.223876953125,1.0054931640625,-13.36669921875,-18.06640625,-2.62451171875
0.1744384765625,-0.2222900390625,1.009033203125,-16.78466796875,-14.16015625,-1.64794921875
0.18310546875,-0.224853515625,0.9788818359375,-11.16943359375,-16.17431640625,-0.3662109375
0.18701171875,-0.2271728515625,0.9833984375,-4.8828125,-19.1650390625,0.244140625
0.1900634765625,-0.221435546875,0.9642333984375,-4.2724609375,-17.4560546875,-0.54931640625
0.210693359375,-0.227294921875,0.938720703125,-6.16455078125,-16.41845703125,-2.9296875
0.233642578125,-0.2064208984375,0.9471435546875,-6.04248046875,-17.08984375,-4.39453125
0.2373046875,-0.2197265625,0.935546875,-6.65283203125,-18.61572265625,-5.67626953125
0.2811279296875,-0.23193359375,0.9295654296875,-7.14111328125,-19.10400390625,-6.53076171875
0.25439453125,-0.2579345703125,0.9693603515625,-6.53076171875,-17.39501953125,-6.77490234375
0.2349853515625,-0.2530517578125,0.9730224609375,-5.79833984375,-15.0146484375,-7.568359375
0.2568359375,-0.2420654296875,0.9588623046875,-4.8828125,-15.0146484375,-8.4228515625
0.28369140625,-0.236083984375,0.951416015625,-4.33349609375,-16.17431640625,-9.6435546875
0.2833251953125,-0.220458984375,0.95166015625,-3.84521484375,-16.78466796875,-12.6953125
0.27197265625,-0.2198486328125,0.9427490234375,-2.25830078125,-17.51708984375,-18.98193359375
0.2630615234375,-0.2366943359375,0.930419921875,-0.48828125,-19.287109375,-25.5126953125
0.2862548828125,-0.244873046875,0.925537109375,0.6103515625,-23.3154296875,-33.5693359375
0.300537109375,-0.251220703125,0.936767578125,-0.18310546875,-29.60205078125,-43.5791015625
0.303466796875,-0.2745361328125,0.949462890625,-2.685546875,-44.7998046875,-54.50439453125
0.3028564453125,-0.276611328125,0.957275390625,-6.34765625,-56.33544921875,-60.24169921875
0.284423828125,-0.269775390625,0.9669189453125,-8.23974609375,-71.71630859375,-53.8330078125
0.2904052734375,-0.275146484375,0.979736328125,-11.29150390625,-90.27099609375,-54.19921875
0.3067626953125,-0.2625732421875,0.993408203125,-14.0380859375,-122.00927734375,-64.75830078125
0.31591796875,-0.255615234375,1.011474609375,-16.357421875,-146.05712890625,-68.359375
0.3314208984375,-0.2467041015625,1.016845703125,-14.95361328125,-190.673828125,-75.50048828125
0.336181640625,-0.230712890625,1.0406494140625,-12.20703125,-245.54443359375,-96.3134765625
0.3275146484375,-0.2486572265625,1.0675048828125,-11.29150390625,-294.12841796875,-101.86767578125
0.314208984375,-0.2607421875,1.08251953125,-9.21630859375,-330.74951171875,-93.56689453125
0.3087158203125,-0.282958984375,1.08056640625,-15.31982421875,-365.29541015625,-56.5185546875
0.296875,-0.3123779296875,1.0855712890625,-24.0478515625,-382.6904296875,-28.13720703125
0.3037109375,-0.314208984375,1.21435546875,-21.8505859375,-340.2099609375,-42.17529296875
0.263671875,-0.2945556640625,1.3282470703125,-36.92626953125,-281.43310546875,-67.81005859375
0.250732421875,-0.270751953125,1.3231201171875,-23.98681640625,-244.873046875,-94.8486328125
0.263427734375,-0.2691650390625,1.3514404296875,11.29150390625,-119.5068359375,-94.8486328125
0.2598876953125,-0.2606201171875,1.5023193359375,42.724609375,-18.310546875,-82.6416015625
0.1939697265625,-0.3544921875,1.8955078125,117.919921875,28.74755859375,-63.4765625
-0.0693359375,-0.324462890625,2.3734130859375,213.134765625,67.9931640625,-43.0908203125
-0.155029296875,-0.121826171875,2.3477783203125,146.97265625,103.69873046875,-25.634765625
0.1903076171875,-0.4344482421875,2.140625,13.3056640625,118.408203125,-12.3291015625
0.200927734375,-0.9166259765625,1.9552001953125,-17.76123046875,144.22607421875,-3.60107421875
0.3023681640625,-0.7403564453125,2.857666015625,-10.80322265625,169.921875,-2.685546875
0.7021484375,-0.6431884765625,3.9600830078125,-9.27734375,192.2607421875,-4.69970703125
0.6695556640625,-0.852294921875,3.2410888671875,-8.1787109375,211.7919921875,-8.7890625
0.3551025390625,-0.2802734375,1.82666015625,-7.26318359375,227.84423828125,-15.44189453125
0.222900390625,0.11083984375,1.0701904296875,-10.92529296875,236.9384765625,-22.216796875
0.2451171875,-0.134521484375,1.046630859375,-14.83154296875,243.22509765625,-25.20751953125
-0.5693359375,-0.2230224609375,1.14501953125,-19.1650390625,245.1171875,-25.32958984375
0.0107421875,-0.5654296875,1.1517333984375,-20.81298828125,243.1640625,-20.5078125
0.0570068359375,-0.5740966796875,1.06201171875,-20.6298828125,238.525390625,-8.36181640625
-1.3426513671875,-0.6229248046875,0.9971923828125,-17.63916015625,234.86328125,2.38037109375
-1.3602294921875,-0.6112060546875,0.9959716796875,-11.962890625,236.51123046875,10.68115234375
-1.2139892578125,-0.534912109375,1.0350341796875,-5.79833984375,245.9716796875,16.845703125
-1.04443359375,-0.4267578125,1.087890625,-4.45556640625,255.67626953125,21.8505859375
-0.9095458984375,-0.3079833984375,1.1373291015625,-9.33837890625,253.90625,26.611328125
-0.773681640625,-0.2149658203125,1.181396484375,-22.5830078125,244.93408203125,32.470703125
-0.6048583984375,-0.1427001953125,1.2349853515625,-41.8701171875,234.2529296875,38.51318359375
-0.4498291015625,-0.08984375,1.3018798828125,-57.0068359375,228.45458984375,44.61669921875
-0.3226318359375,-0.05517578125,1.3809814453125,-66.95556640625,227.783203125,50.59814453125
-0.2047119140625,-0.021484375,1.4610595703125,-72.57080078125,226.50146484375,57.861328125
-0.120361328125,0.01123046875,1.545654296875,-69.3359375,214.05029296875,63.8427734375
-0.0625,0.0426025390625,1.5810546875,-59.08203125,201.11083984375,72.509765625
-0.010986328125,0.0928955078125,1.5079345703125,-46.20361328125,202.880859375,75.98876953125
0.0390625,0.10302734375,1.4239501953125,-34.97314453125,153.62548828125,85.14404296875
0.1011962890625,0.0687255859375,1.5186767578125,-31.25,270.6298828125,92.46826171875
0.1541748046875,0.0595703125,1.8048095703125,-36.68212890625,306.2744140625,95.39794921875
0.1680908203125,0.0587158203125,2.1234130859375,-13.85498046875,270.93505859375,85.14404296875
0.177001953125,0.0181884765625,2.335693359375,-31.55517578125,222.0458984375,60.85205078125
0.1842041015625,-0.0751953125,2.387939453125,-56.09130859375,193.603515625,31.1279296875
0.19970703125,-0.1571044921875,2.58740234375,-77.880859375,173.88916015625,14.6484375
0.257568359375,-0.15185546875,2.7127685546875,-91.73583984375,142.7001953125,11.77978515625
0.317138671875,-0.092529296875,2.1324462890625,-74.15771484375,105.46875,22.64404296875
0.3697509765625,-0.037353515625,2.156494140625,-42.3583984375,66.95556640625,40.95458984375
0.4503173828125,-0.246826171875,2.0775146484375,-18.37158203125,33.14208984375,55.96923828125
0.57177734375,-0.37646484375,1.78125,-16.2353515625,-4.39453125,54.3212890625
0.6783447265625,-0.16943359375,1.354736328125,-31.55517578125,-36.80419921875,43.8232421875
0.84814453125,0.117431640625,0.8753662109375,-48.64501953125,-54.50439453125,-24.23095703125
1.3897705078125,-0.048828125,0.43310546875,-43.5791015625,-58.41064453125,-44.98291015625
1.4715576171875,-0.38671875,0.1341552734375,-25.87890625,-57.92236328125,-32.1044921875
1.5618896484375,-0.3948974609375,-0.0982666015625,-0.8544921875,-38.6962890625,-20.5078125
1.765869140625,-0.0506591796875,-0.2578125,22.5830078125,-83.55712890625,-28.86962890625
2.076904296875,0.3272705078125,-0.287353515625,28.80859375,-165.46630859375,-41.07666015625
2.358154296875,0.4796142578125,-0.2093505859375,20.1416015625,-207.03125,-9.521484375
2.6529541015625,0.2957763671875,-0.0009765625,24.71923828125,-222.65625,15.80810546875
2.957763671875,-0.10302734375,0.3070068359375,16.4794921875,-201.66015625,15.2587890625
3.14404296875,-0.425537109375,0.6087646484375,5.4931640625,-204.2236328125,4.82177734375
3.119140625,-0.56005859375,1.3175048828125,-6.8359375,-202.08740234375,13.7939453125
2.9046630859375,-0.4664306640625,0.875,-14.46533203125,-175.4150390625,2.8076171875
2.637451171875,-0.0667724609375,0.317138671875,2.50244140625,-150.634765625,-5.31005859375
2.409912109375,0.0740966796875,0.0640869140625,2.44140625,-133.60595703125,1.8310546875
2.17333984375,0.58056640625,0.5655517578125,5.18798828125,-116.39404296875,5.2490234375
1.293212890625,0.641357421875,1.874755859375,-3.35693359375,-67.3828125,11.41357421875
-0.3062744140625,0.4476318359375,2.308837890625,-22.216796875,-64.8193359375,12.63427734375
-1.776611328125,0.327880859375,2.1353759765625,-6.7138671875,-87.46337890625,6.89697265625
-0.9041748046875,0.11767578125,1.843505859375,10.6201171875,-80.26123046875,4.57763671875
0.06591796875,-0.5394287109375,1.6002197265625,-4.2724609375,-42.05322265625,-1.0986328125
0.4700927734375,-0.723876953125,1.4696044921875,-33.75244140625,-35.21728515625,-4.5166015625
0.3333740234375,-0.348388671875,1.3135986328125,-55.11474609375,-31.982421875,-6.34765625
0.706787109375,0.2158203125,1.272216796875,-56.640625,-22.5830078125,-8.056640625
0.5992431640625,0.2750244140625,1.2371826171875,-41.8701171875,-15.44189453125,-10.07080078125
0.622314453125,-0.6263427734375,1.0850830078125,-23.86474609375,-14.16015625,-9.6435546875
0.419189453125,-0.066162109375,1.069091796875,-18.4326171875,-14.22119140625,-5.67626953125
0.1397705078125,-0.0604248046875,1.2757568359375,-4.69970703125,-14.22119140625,-4.94384765625
0.211669921875,-0.175537109375,1.197509765625,-0.48828125,-16.6015625,-4.5166015625
0.3668212890625,-0.0670166015625,1.0633544921875,1.03759765625,-21.1181640625,-6.103515625
0.2730712890625,-0.2315673828125,1.021484375,-0.9765625,-31.494140625,-9.1552734375
0.16748046875,-0.2418212890625,0.9635009765625,-5.0048828125,-42.1142578125,-10.31494140625
0.1923828125,-0.1761474609375,0.915771484375,-8.544921875,-50.9033203125,-10.8642578125
0.238037109375,-0.2137451171875,0.8743896484375,-12.26806640625,-55.72509765625,-12.20703125
0.1744384765625,-0.2442626953125,0.8614501953125,-17.27294921875,-48.33984375,-9.8876953125
0.16552734375,-0.265625,0.8912353515625,-20.81298828125,-45.10498046875,-5.31005859375
0.177001953125,-0.286376953125,0.928955078125,-21.240234375,-39.85595703125,0.732421875
0.13720703125,-0.2679443359375,0.953857421875,-7.9345703125,-33.14208984375,-1.03759765625
0.12353515625,-0.2532958984375,0.958740234375,-1.0986328125,-29.35791015625,-1.89208984375
0.1080322265625,-0.2698974609375,0.972412109375,2.0751953125,-27.7099609375,-2.197265625
0.118896484375,-0.270751953125,0.998046875,5.06591796875,-28.38134765625,-2.9296875
0.12744140625,-0.255859375,1.0196533203125,12.75634765625,-16.90673828125,-2.3193359375
0.135498046875,-0.25634765625,0.993896484375,4.57763671875,-13.48876953125,-1.3427734375
0.1343994140625,-0.263427734375,0.9906005859375,-11.04736328125,-15.19775390625,-3.96728515625
0.1414794921875,-0.2646484375,0.988037109375,-2.13623046875,-19.775390625,-7.32421875
0.151611328125,-0.2579345703125,1.001708984375,0.06103515625,-21.3623046875,-7.01904296875
0.173095703125,-0.2437744140625,0.958740234375,0.67138671875,-20.751953125,-6.28662109375
0.2305908203125,-0.2681884765625,0.9254150390625,0.9765625,-22.216796875,-5.18798828125
0.2340087890625,-0.269287109375,0.9390869140625,-0.6103515625,-22.39990234375,-6.7138671875
0.2469482421875,-0.218994140625,0.9542236328125,-2.685546875,-22.52197265625,-8.23974609375
0.259521484375,-0.2178955078125,0.9725341796875,0.9765625,-23.92578125,-10.498046875
0.2724609375,-0.2724609375,0.9644775390625,3.5400390625,-26.2451171875,-15.869140625
0.2528076171875,-0.255859375,0.9453125,4.08935546875,-30.70068359375,-21.42333984375
0.236328125,-0.2606201171875,0.948486328125,4.57763671875,-36.62109375,-28.1982421875
0.26806640625,-0.2615966796875,0.94970703125,2.3193359375,-43.64013671875,-33.447265625
0.2723388671875,-0.250732421875,0.952392578125,-1.953125,-53.16162109375,-45.10498046875
0.251953125,-0.245849609375,0.9700927734375,-5.37109375,-64.39208984375,-39.24560546875
0.2489013671875,-0.2813720703125,0.9866943359375,-8.7890625,-79.58984375,-33.63037109375
0.269775390625,-0.286376953125,1.007080078125,-9.8876953125,-96.00830078125,-38.75732421875
0.2930908203125,-0.2694091796875,1.0233154296875,-13.5498046875,-128.72314453125,-51.1474609375
0.2830810546875,-0.237548828125,1.0240478515625,-14.34326171875,-163.330078125,-67.0166015625
0.3033447265625,-0.2249755859375,1.031494140625,-13.916015625,-213.07373046875,-75.98876953125
0.3505859375,-0.2520751953125,1.048583984375,-12.8173828125,-257.568359375,-87.646484375
0.3214111328125,-0.2542724609375,1.068115234375,-15.07568359375,-292.41943359375,-96.8017578125
0.2978515625,-0.2598876953125,1.0748291015625,-18.06640625,-335.44921875,-103.94287109375
0.30224609375,-0.2811279296875,1.0662841796875,-27.40478515625,-382.568359375,-102.60009765625
0.309326171875,-0.2974853515625,1.111328125,-32.40966796875,-418.27392578125,-76.0498046875
0.295166015625,-0.2916259765625,1.29638671875,-41.748046875,-409.85107421875,-51.8798828125
0.271484375,-0.2935791015625,1.3277587890625,-51.33056640625,-359.375,-37.841796875
0.2698974609375,-0.2327880859375,1.2705078125,-55.11474609375,-317.19970703125,-58.41064453125
0.249267578125,-0.1982421875,1.3157958984375,-57.4951171875,-252.62451171875,-58.16650390625
0.251708984375,-0.2672119140625,1.3477783203125,-61.5234375,-109.4970703125,-48.4619140625
0.0928955078125,-0.3240966796875,1.65283203125,1.64794921875,-14.46533203125,-47.30224609375
-0.2347412109375,-0.3310546875,1.953125,81.60400390625,44.677734375,-42.17529296875
-0.0003662109375,-0.1856689453125,1.935302734375,150.32958984375,87.95166015625,-34.3017578125
0.0731201171875,-0.2259521484375,2.00341796875,87.40234375,110.83984375,-23.5595703125
0.016357421875,-0.662109375,1.931884765625,2.25830078125,140.56396484375,-12.6953125
0.4530029296875,-0.724365234375,2.251220703125,-23.4375,154.35791015625,-4.2724609375
0.76171875,-0.64306640625,3.380126953125,-12.87841796875,162.90283203125,0.3662109375
0.7166748046875,-0.8038330078125,3.9940185546875,3.72314453125,183.77685546875,4.08935546875
0.3331298828125,-0.7052001953125,3.4727783203125,20.56884765625,201.7822265625,7.8125
0.43017578125,-0.3416748046875,2.2833251953125,24.7802734375,215.9423828125,11.962890625
0.7198486328125,-0.4962158203125,1.4278564453125,20.20263671875,228.33251953125,13.916015625
0.0662841796875,-0.6551513671875,1.1527099609375,15.07568359375,240.17333984375,13.671875
-0.4232177734375,-0.459228515625,0.9984130859375,9.1552734375,248.779296875,16.4794921875
0.6815185546875,-0.5169677734375,0.9178466796875,4.21142578125,256.2255859375,16.11328125
0.242431640625,-0.5640869140625,0.92138671875,1.15966796875,265.31982421875,21.6064453125
-1.348388671875,-0.5198974609375,0.9178466796875,3.47900390625,263.97705078125,37.53662109375
-1.2427978515625,-0.4761962890625,0.8931884765625,8.36181640625,257.080078125,49.072265625
-0.983642578125,-0.447021484375,0.9066162109375,13.671875,257.75146484375,58.89892578125
-0.9583740234375,-0.410888671875,0.9864501953125,20.08056640625,269.8974609375,64.02587890625
-0.838134765625,-0.37548828125,1.086181640625,17.4560546875,277.4658203125,64.453125
-0.681640625,-0.341796875,1.1533203125,12.5732421875,277.52685546875,65.7958984375
-0.5743408203125,-0.32666015625,1.1890869140625,3.173828125,274.4140625,64.94140625
-0.45654296875,-0.3282470703125,1.242919921875,-15.13671875,268.37158203125,61.5234375
-0.3287353515625,-0.3367919921875,1.2911376953125,-27.28271484375,247.55859375,62.01171875
-0.201416015625,-0.3251953125,1.3074951171875,-34.60693359375,243.65234375,52.55126953125
-0.0882568359375,-0.2620849609375,1.35498046875,-34.36279296875,231.5673828125,47.9736328125
0.00146484375,-0.1959228515625,1.4552001953125,-20.6298828125,228.94287109375,48.4619140625
0.072021484375,-0.1761474609375,1.52783203125,-2.25830078125,224.7314453125,52.1240234375
0.1175537109375,-0.110107421875,1.53076171875,7.01904296875,180.60302734375,66.22314453125
0.163818359375,-0.0655517578125,1.4925537109375,9.521484375,298.15673828125,78.79638671875
0.239990234375,-0.0853271484375,1.693603515625,7.14111328125,299.8046875,87.46337890625
0.2799072265625,-0.0863037109375,1.9989013671875,32.5927734375,267.822265625,79.52880859375
0.3114013671875,-0.0858154296875,2.2666015625,28.25927734375,240.3564453125,53.40576171875
0.3653564453125,-0.145263671875,2.4144287109375,-22.8271484375,217.28515625,15.80810546875
0.3865966796875,-0.234619140625,2.8238525390625,-73.6083984375,185.11962890625,-10.8642578125
0.3775634765625,-0.26806640625,2.836181640625,-102.60009765625,143.37158203125,-17.88330078125
0.4080810546875,-0.2606201171875,2.4241943359375,-85.99853515625,94.8486328125,-8.6669921875
0.50146484375,-0.309814453125,2.1868896484375,-40.283203125,34.66796875,-1.953125
0.606201171875,-0.4805908203125,1.7880859375,-0.06103515625,-18.73779296875,15.625
0.7586669921875,-0.659423828125,1.3951416015625,20.69091796875,-52.001953125,1.28173828125
0.8428955078125,-0.390625,1.1337890625,14.22119140625,-65.673828125,-19.287109375
1.0609130859375,0.1298828125,0.808349609375,1.46484375,-88.56201171875,-52.490234375
1.3985595703125,-0.0614013671875,0.39453125,0.54931640625,-106.75048828125,-31.79931640625
1.731689453125,-0.572998046875,-0.067626953125,12.63427734375,-26.91650390625,0.48828125
1.8648681640625,-0.6590576171875,-0.49560546875,23.5595703125,-25.87890625,-0.732421875
2.0234375,-0.2120361328125,-0.6251220703125,52.734375,-117.85888671875,-45.95947265625
2.285888671875,0.341064453125,-0.4456787109375,47.18017578125,-216.6748046875,-73.91357421875
2.5526123046875,0.608154296875,-0.206298828125,23.92578125,-245.4833984375,-8.30078125
2.936279296875,0.426513671875,-0.3687744140625,4.5166015625,-186.58447265625,19.8974609375
3.3360595703125,-0.054443359375,0.6082763671875,-13.97705078125,-151.7333984375,19.04296875
3.536376953125,-0.5008544921875,1.7481689453125,-30.33447265625,-171.142578125,5.0048828125
3.435546875,-0.5928955078125,1.333251953125,-29.6630859375,-214.35546875,9.6435546875
3.13623046875,-0.369873046875,0.54443359375,-29.35791015625,-188.90380859375,16.11328125
2.78857421875,-0.0618896484375,0.1927490234375,-39.61181640625,-132.9345703125,9.3994140625
2.150390625,0.112060546875,0.86962890625,-25.87890625,-108.642578125,-4.2724609375
1.100830078125,0.1572265625,1.8731689453125,-1.15966796875,-103.6376953125,-9.21630859375
-0.7664794921875,0.171142578125,2.2705078125,-6.2255859375,-88.37890625,0.9765625
-2.0909423828125,0.2979736328125,2.175537109375,-10.3759765625,-62.01171875,3.5400390625
-1.5362548828125,0.5584716796875,1.8807373046875,0.8544921875,-43.51806640625,6.77490234375
-0.25634765625,0.642578125,1.490234375,21.78955078125,-44.677734375,10.25390625
0.82373046875,0.0289306640625,1.405029296875,26.42822265625,-46.69189453125,11.41357421875
0.9036865234375,-1.1973876953125,1.5350341796875,20.5078125,-44.25048828125,4.8828125
0.4945068359375,-0.548095703125,1.5399169921875,10.07080078125,-48.52294921875,0.67138671875
0.4090576171875,0.2515869140625,1.4112548828125,-15.31982421875,-61.09619140625,-6.77490234375
0.45556640625,0.1893310546875,1.315185546875,-34.423828125,-73.91357421875,-10.55908203125
0.4932861328125,-0.4581298828125,1.2513427734375,-47.4853515625,-69.091796875,-11.1083984375
0.3338623046875,-0.6214599609375,1.2203369140625,-50.96435546875,-46.38671875,-9.21630859375
0.0848388671875,-0.0992431640625,1.08984375,-50.72021484375,-34.7900390625,-6.04248046875
0.2301025390625,0.1748046875,1.060302734375,-32.2265625,-28.076171875,-6.16455078125
0.4046630859375,-0.031005859375,1.059326171875,-10.986328125,-26.4892578125,-5.43212890625
0.36328125,-0.0582275390625,1.0120849609375,21.78955078125,-34.72900390625,-6.4697265625
0.2796630859375,-0.0238037109375,0.9273681640625,24.71923828125,-34.912109375,-9.21630859375
0.1473388671875,-0.1357421875,0.9351806640625,20.99609375,-31.8603515625,-10.80322265625
0.1356201171875,-0.22607421875,1.0625,0.3662109375,-31.18896484375,-6.28662109375
0.108154296875,-0.199462890625,0.8719482421875,-16.845703125,-30.8837890625,-3.173828125
0.0806884765625,-0.2269287109375,0.911376953125,-18.9208984375,-29.78515625,-4.7607421875
0.0592041015625,-0.3558349609375,0.982177734375,-17.27294921875,-27.9541015625,-7.32421875
0.0623779296875,-0.2325439453125,1.0531005859375,-12.51220703125,-26.611328125,-9.3994140625
0.091796875,-0.220703125,1.0584716796875,-7.14111328125,-36.7431640625,-7.8125
0.255615234375,-0.2294921875,1.0269775390625,-1.46484375,-35.21728515625,-6.2255859375
0.1300048828125,-0.17236328125,1.001708984375,-8.30078125,-23.74267578125,-5.67626953125
0.169921875,-0.16552734375,0.994384765625,-13.671875,-14.83154296875,-4.08935546875
0.1900634765625,-0.1865234375,0.9857177734375,-9.27734375,-14.83154296875,-2.62451171875
0.21875,-0.2176513671875,0.973388671875,-2.99072265625,-19.6533203125,-3.35693359375
0.2322998046875,-0.22705078125,0.95556640625,0.79345703125,-21.1181640625,-5.126953125
0.236083984375,-0.2332763671875,0.9730224609375,0.3662109375,-17.7001953125,-7.568359375
0.2232666015625,-0.2288818359375,0.943359375,-0.67138671875,-14.7705078125,-10.19287109375
0.243408203125,-0.2120361328125,0.9359130859375,-2.74658203125,-15.869140625,-11.29150390625
0.246337890625,-0.2281494140625,0.9764404296875,-5.37109375,-18.4326171875,-10.80322265625
0.25146484375,-0.2413330078125,1.0064697265625,-7.26318359375,-18.798828125,-10.80322265625
0.2039794921875,-0.2310791015625,0.9901123046875,-7.2021484375,-17.7001953125,-12.5732421875
0.2115478515625,-0.1982421875,0.9534912109375,-6.89697265625,-16.9677734375,-17.27294921875
0.2545166015625,-0.185302734375,0.9398193359375,-6.16455078125,-21.78955078125,-25.81787109375
0.277099609375,-0.203369140625,0.9490966796875,-5.37109375,-27.52685546875,-30.57861328125
0.2979736328125,-0.21337890625,0.9632568359375,-3.5400390625,-34.7900390625,-34.60693359375
0.2991943359375,-0.211669921875,0.959228515625,-2.62451171875,-42.96875,-40.95458984375
0.2728271484375,-0.228515625,0.9403076171875,-5.615234375,-53.466796875,-50.72021484375
0.2861328125,-0.2467041015625,0.9432373046875,-10.6201171875,-65.673828125,-60.9130859375
0.3118896484375,-0.2542724609375,0.961181640625,-13.916015625,-81.4208984375,-59.814453125
0.3089599609375,-0.2738037109375,1.0194091796875,-14.7705078125,-101.5625,-62.92724609375
0.2899169921875,-0.26806640625,1.0396728515625,-14.22119140625,-120.91064453125,-81.54296875
0.27880859375,-0.245361328125,1.04736328125,-13.85498046875,-141.9677734375,-94.3603515625
0.298828125,-0.1943359375,1.053955078125,-12.0849609375,-185.60791015625,-96.61865234375
0.3192138671875,-0.204345703125,1.0662841796875,-11.41357421875,-246.2158203125,-108.5205078125
0.3226318359375,-0.2420654296875,1.08984375,-8.48388671875,-294.0673828125,-120.54443359375
0.30029296875,-0.27880859375,1.1036376953125,-6.77490234375,-328.7353515625,-119.873046875
0.30126953125,-0.2806396484375,1.10986328125,-7.62939453125,-363.58642578125,-101.50146484375
0.3070068359375,-0.2581787109375,1.1334228515625,-11.41357421875,-384.6435546875,-54.3212890625
0.266357421875,-0.2412109375,1.164794921875,-6.103515625,-360.7177734375,-50.1708984375
0.228271484375,-0.2626953125,1.3055419921875,0.1220703125,-302.55126953125,-69.580078125
0.263916015625,-0.282470703125,1.39599609375,8.4228515625,-265.2587890625,-75.0732421875
0.25634765625,-0.272216796875,1.4000244140625,35.0341796875,-184.6923828125,-74.52392578125
0.2362060546875,-0.3067626953125,1.4556884765625,69.3359375,-83.0078125,-66.162109375
0.1539306640625,-0.456298828125,1.781494140625,125.1220703125,-27.77099609375,-54.6875
0.01318359375,-0.4732666015625,2.3023681640625,189.453125,19.10400390625,-41.80908203125
-0.0150146484375,-0.24755859375,2.3680419921875,204.7119140625,51.6357421875,-26.123046875
0.114990234375,-0.318603515625,2.27783203125,49.8046875,88.07373046875,-10.80322265625
0.0284423828125,-0.843505859375,1.9185791015625,-23.8037109375,101.37939453125,1.3427734375
0.1162109375,-0.9658203125,2.40966796875,-45.34912109375,119.0185546875,9.82666015625
0.5831298828125,-0.7548828125,3.6524658203125,-45.10498046875,140.2587890625,16.41845703125
0.7513427734375,-0.8795166015625,3.7559814453125,-39.794921875,162.59765625,21.728515625
0.575439453125,-0.762451171875,2.64208984375,-36.1328125,178.955078125,24.2919921875
0.4345703125,-0.1217041015625,1.50341796875,-31.18896484375,192.2607421875,25.634765625
0.343505859375,-0.148193359375,1.197021484375,-33.447265625,205.62744140625,24.23095703125
-0.2550048828125,-0.521240234375,1.0509033203125,-36.62109375,218.26171875,23.49853515625
-0.1873779296875,-0.64697265625,0.9794921875,-37.4755859375,227.4169921875,24.59716796875
0.096435546875,-0.7774658203125,0.9747314453125,-37.353515625,238.4033203125,24.2919921875
-0.832763671875,-0.708984375,0.92041015625,-35.7666015625,246.4599609375,36.31591796875
-1.3447265625,-0.68310546875,0.8880615234375,-33.38623046875,236.63330078125,47.119140625
-1.216552734375,-0.641357421875,0.9046630859375,-32.40966796875,234.619140625,57.2509765625
-1.187255859375,-0.564208984375,0.9686279296875,-31.25,242.12646484375,63.78173828125
-1.0501708984375,-0.5157470703125,1.0601806640625,-31.67724609375,252.74658203125,66.58935546875
-0.8804931640625,-0.462890625,1.128662109375,-37.841796875,254.0283203125,63.720703125
-0.763671875,-0.404296875,1.160400390625,-39.306640625,253.90625,63.4765625
-0.6610107421875,-0.349365234375,1.2564697265625,-54.19921875,253.96728515625,64.51416015625
-0.524169921875,-0.28125,1.3157958984375,-66.40625,251.0986328125,67.44384765625
-0.373046875,-0.2127685546875,1.322265625,-73.05908203125,244.07958984375,74.27978515625
-0.2490234375,-0.1697998046875,1.3768310546875,-73.79150390625,240.8447265625,56.7626953125
-0.1580810546875,-0.09912109375,1.4715576171875,-70.12939453125,233.642578125,58.2275390625
-0.0692138671875,-0.055419921875,1.592529296875,-47.2412109375,232.84912109375,62.744140625
-0.004150390625,-0.0008544921875,1.6568603515625,-30.70068359375,186.1572265625,57.92236328125
0.0306396484375,0.0467529296875,1.6470947265625,-14.2822265625,167.05322265625,61.09619140625
0.0947265625,0.0179443359375,1.608642578125,3.5400390625,265.380859375,35.33935546875
0.1632080078125,0.009521484375,1.9110107421875,31.31103515625,336.9140625,28.38134765625
0.1898193359375,0.0322265625,2.209228515625,64.5751953125,316.7724609375,29.6630859375
0.2318115234375,0.073486328125,2.451171875,27.40478515625,252.01416015625,31.31103515625
0.2979736328125,0.0711669921875,2.6561279296875,-12.8173828125,130.18798828125,35.2783203125
0.323486328125,-0.031494140625,2.897216796875,-24.4140625,82.70263671875,36.80419921875
0.30322265625,-0.13623046875,2.536865234375,-40.46630859375,30.57861328125,36.92626953125
0.3646240234375,-0.1134033203125,2.0230712890625,-19.10400390625,-16.7236328125,9.09423828125
0.4569091796875,-0.1812744140625,2.1976318359375,-16.6015625,-41.56494140625,-22.216796875
0.550537109375,-0.13671875,2.3377685546875,-10.92529296875,-48.33984375,-56.45751953125
0.641357421875,0.0450439453125,1.9945068359375,0.6103515625,-51.6357421875,-47.79052734375
0.72607421875,-0.0726318359375,0.265625,13.0615234375,-8.36181640625,-1.15966796875
0.976806640625,-0.153564453125,0.0181884765625,24.4140625,-64.0869140625,25.2685546875
1.2103271484375,-0.144287109375,-0.2802734375,31.43310546875,-152.16064453125,3.662109375
1.2364501953125,0.1475830078125,-0.4136962890625,15.625,-202.33154296875,-39.24560546875
1.278564453125,0.2080078125,-0.2935791015625,10.19287109375,-198.6083984375,-48.4619140625
1.4468994140625,0.212646484375,0.047119140625,11.474609375,-203.55224609375,-17.27294921875
3.10888671875,0.119140625,0.537841796875,-6.591796875,-212.09716796875,8.23974609375
3.353759765625,-0.0281982421875,1.8621826171875,-23.5595703125,-209.53369140625,17.51708984375
3.363037109375,-0.1405029296875,1.342041015625,-3.2958984375,-184.814453125,6.7138671875
3.1829833984375,-0.139404296875,0.2156982421875,-3.173828125,-159.0576171875,-2.5634765625
2.9332275390625,0.1083984375,-0.2171630859375,0.1220703125,-162.65869140625,9.70458984375
2.592529296875,-0.11767578125,0.1839599609375,-7.14111328125,-146.66748046875,15.31982421875
2.121337890625,-0.041259765625,1.2857666015625,-24.47509765625,-122.49755859375,7.080078125
-1.4769287109375,-0.1942138671875,2.2540283203125,-8.11767578125,-123.046875,-8.97216796875
-2.2342529296875,-0.3424072265625,2.2574462890625,-8.7890625,-122.0703125,-9.09423828125
-1.9246826171875,-0.0098876953125,2.0989990234375,-28.4423828125,-96.435546875,-0.30517578125
-0.321533203125,0.557861328125,2.1097412109375,-41.07666015625,-72.8759765625,5.615234375
0.7001953125,0.527099609375,1.8956298828125,-29.47998046875,-64.8193359375,9.765625
0.41162109375,-0.111572265625,1.58203125,-6.77490234375,-76.35498046875,10.19287109375
0.162353515625,-0.7447509765625,1.380615234375,5.92041015625,-81.0546875,12.14599609375
0.582763671875,-0.6097412109375,1.3504638671875,1.220703125,-67.68798828125,12.20703125
0.7640380859375,0.1146240234375,1.3966064453125,-9.8876953125,-54.87060546875,9.6435546875
0.4752197265625,0.461669921875,1.2864990234375,-17.578125,-52.978515625,5.67626953125
0.40869140625,0.0059814453125,1.2005615234375,-30.517578125,-61.34033203125,1.220703125
0.43359375,-0.6448974609375,1.2159423828125,-49.560546875,-69.7021484375,-2.50244140625
0.1630859375,-0.6341552734375,1.1976318359375,-62.5,-65.36865234375,-5.4931640625
-0.0360107421875,-0.092529296875,1.1976318359375,-62.92724609375,-58.53271484375,-6.8359375
0.1546630859375,0.0811767578125,1.1209716796875,-56.33544921875,-55.35888671875,-8.72802734375
0.327392578125,-0.2275390625,1.0430908203125,-37.7197265625,-52.42919921875,-8.97216796875
0.2659912109375,-0.3421630859375,1.0594482421875,-26.79443359375,-49.072265625,-10.3759765625
0.19384765625,-0.1368408203125,1.0919189453125,-17.2119140625,-45.166015625,-10.43701171875
0.1591796875,-0.0491943359375,1.121826171875,-9.27734375,-43.45703125,-8.4228515625
0.1922607421875,-0.1392822265625,1.0726318359375,-5.126953125,-49.13330078125,-7.01904296875
0.2381591796875,-0.2103271484375,1.013916015625,-6.28662109375,-47.7294921875,-6.89697265625
0.1580810546875,-0.208984375,0.9580078125,-9.58251953125,-39.794921875,-7.50732421875
0.1021728515625,-0.237548828125,0.923095703125,-15.31982421875,-38.02490234375,-7.87353515625
0.0882568359375,-0.2401123046875,0.8948974609375,-17.39501953125,-34.1796875,-8.60595703125
0.110107421875,-0.2559814453125,0.920654296875,-14.70947265625,-29.72412109375,-9.21630859375
0.1636962890625,-0.2879638671875,0.9451904296875,-10.3759765625,-25.5126953125,-10.1318359375
0.1531982421875,-0.296142578125,0.9674072265625,-5.4931640625,-22.0947265625,-10.7421875
0.1500244140625,-0.28369140625,1.00390625,-0.79345703125,-18.98193359375,-7.6904296875
0.14697265625,-0.2841796875,1.005126953125,3.2958984375,-18.12744140625,-3.47900390625
0.1622314453125,-0.2679443359375,1.0247802734375,6.103515625,-19.1650390625,-1.708984375
0.1885986328125,-0.260986328125,1.0233154296875,7.75146484375,-23.681640625,-2.62451171875
0.1849365234375,-0.2740478515625,0.98828125,9.21630859375,-19.10400390625,-4.33349609375
0.1864013671875,-0.2928466796875,0.9493408203125,9.27734375,-17.4560546875,-4.638671875
0.19140625,-0.2799072265625,0.9443359375,12.5732421875,-21.8505859375,-4.150390625
0.26171875,-0.27734375,0.9534912109375,5.55419921875,-21.66748046875,-3.72314453125
0.2772216796875,-0.287109375,0.955322265625,-9.765625,-15.44189453125,-3.72314453125
0.308349609375,-0.287841796875,0.9722900390625,-16.11328125,-11.29150390625,-4.33349609375
0.29638671875,-0.2725830078125,0.9627685546875,-11.474609375,-13.61083984375,-5.0048828125
0.2679443359375,-0.254638671875,0.907470703125,-4.0283203125,-18.6767578125,-4.0283203125
0.270263671875,-0.2611083984375,0.9083251953125,-1.220703125,-20.56884765625,-3.0517578125
0.263916015625,-0.2611083984375,0.958740234375,-0.244140625,-19.4091796875,-3.662109375
0.2554931640625,-0.2257080078125,0.95263671875,-0.244140625,-19.287109375,-4.5166015625
0.2548828125,-0.22314453125,0.9246826171875,-1.5869140625,-21.240234375,-6.77490234375
0.2838134765625,-0.2578125,0.93115234375,-2.9296875,-25.7568359375,-10.6201171875
0.3087158203125,-0.2847900390625,0.9500732421875,-1.77001953125,-32.65380859375,-17.15087890625
0.28564453125,-0.281494140625,0.951416015625,-0.1220703125,-39.61181640625,-22.5830078125
0.287353515625,-0.2696533203125,0.936767578125,-0.48828125,-47.79052734375,-28.13720703125
0.309326171875,-0.2696533203125,0.9443359375,-3.23486328125,-56.2744140625,-35.70556640625
0.315673828125,-0.2735595703125,0.9595947265625,-8.9111328125,-66.46728515625,-29.78515625
0.30810546875,-0.2833251953125,0.97412109375,-12.87841796875,-80.87158203125,-21.728515625
0.2911376953125,-0.2901611328125,0.99951171875,-16.29638671875,-97.83935546875,-27.77099609375
0.28466796875,-0.2744140625,1.011962890625,-17.76123046875,-115.3564453125,-37.53662109375
0.3074951171875,-0.242431640625,1.015380859375,-15.31982421875,-162.29248046875,-47.7294921875
0.3365478515625,-0.2470703125,1.0213623046875,-16.29638671875,-214.4775390625,-59.38720703125
0.332763671875,-0.259521484375,1.0338134765625,-16.11328125,-261.16943359375,-102.4169921875
0.3216552734375,-0.2550048828125,1.052490234375,-17.39501953125,-292.3583984375,-109.86328125
0.310546875,-0.2625732421875,1.0736083984375,-25.2685546875,-343.56689453125,-110.2294921875
0.3199462890625,-0.2933349609375,1.095947265625,-32.8369140625,-406.3720703125,-75.25634765625
0.3006591796875,-0.31201171875,1.094482421875,-38.4521484375,-431.57958984375,-37.17041015625
0.26171875,-0.2886962890625,1.2872314453125,-53.5888671875,-369.07958984375,14.6484375
0.2994384765625,-0.3060302734375,1.3272705078125,-83.251953125,-302.6123046875,-6.591796875
0.292236328125,-0.3023681640625,1.2945556640625,-98.81591796875,-181.09130859375,5.67626953125
0.2418212890625,-0.1942138671875,1.3245849609375,-95.0927734375,29.052734375,17.9443359375
0.2344970703125,-0.2747802734375,1.318603515625,-16.78466796875,88.68408203125,25.5126953125
0.2406005859375,-0.291748046875,1.684326171875,48.7060546875,113.4033203125,33.63037109375
-0.23681640625,-0.255859375,2.0540771484375,112.79296875,121.58203125,36.68212890625
-0.02685546875,-0.0675048828125,2.30126953125,25.93994140625,140.625,34.1796875
-0.0400390625,-0.2314453125,2.213623046875,-38.39111328125,150.0244140625,25.2685546875
-0.0479736328125,-0.760986328125,2.7628173828125,-38.02490234375,152.89306640625,10.009765625
0.639892578125,-0.753662109375,3.8416748046875,-17.02880859375,170.2880859375,-9.033203125
0.937744140625,-0.831298828125,3.8919677734375,1.5869140625,189.8193359375,-27.16064453125
0.692626953125,-0.6219482421875,2.8446044921875,15.5029296875,210.0830078125,-41.07666015625
0.412109375,-0.847412109375,1.4124755859375,22.03369140625,227.23388671875,-49.072265625
0.7008056640625,-1.1976318359375,0.8988037109375,32.71484375,240.78369140625,-50.23193359375
-0.279296875,-0.960693359375,0.834716796875,41.80908203125,250.48828125,-40.0390625
-0.06201171875,-0.625732421875,0.8253173828125,49.072265625,258.1787109375,-28.80859375
0.6915283203125,-0.5474853515625,0.9287109375,56.0302734375,265.625,-17.76123046875
-0.8077392578125,-0.4677734375,1.030517578125,60.11962890625,262.0849609375,5.126953125
-1.7181396484375,-0.313720703125,1.0589599609375,65.4296875,257.8125,23.49853515625
-1.30810546875,-0.2030029296875,1.04638671875,68.2373046875,255.2490234375,37.109375
-1.190185546875,-0.0986328125,1.0546875,69.9462890625,263.427734375,44.00634765625
-1.045166015625,0.005859375,1.084716796875,66.2841796875,273.01025390625,45.10498046875
-0.8343505859375,0.0721435546875,1.1156005859375,61.1572265625,275.0244140625,44.73876953125
-0.65771484375,0.077392578125,1.1572265625,52.1240234375,275.146484375,51.3916015625
-0.489990234375,0.00830078125,1.1771240234375,27.16064453125,270.751953125,57.67822265625
-0.3526611328125,-0.123779296875,1.2081298828125,-0.06103515625,260.68115234375,66.7724609375
-0.215087890625,-0.298095703125,1.2591552734375,-25.390625,245.1171875,63.96484375
-0.0877685546875,-0.4608154296875,1.2928466796875,-38.63525390625,238.95263671875,75.01220703125
0.0050048828125,-0.5821533203125,1.3602294921875,-40.8935546875,239.8681640625,79.833984375
0.0467529296875,-0.659912109375,1.4351806640625,-14.83154296875,200.3173828125,75.8056640625
0.0628662109375,-0.5791015625,1.4677734375,15.869140625,227.294921875,70.6787109375
0.08837890625,-0.42822265625,1.4708251953125,22.64404296875,292.236328125,67.0166015625
0.1697998046875,-0.3409423828125,1.4886474609375,38.0859375,317.2607421875,63.04931640625
0.24365234375,-0.301513671875,1.895751953125,47.8515625,293.02978515625,48.095703125
0.2642822265625,-0.293212890625,2.510009765625,12.51220703125,254.39453125,19.4091796875
0.31396484375,-0.2916259765625,2.80810546875,-22.0947265625,217.28515625,-12.20703125
0.357177734375,-0.389892578125,2.91552734375,-64.27001953125,175.96435546875,0.244140625
0.3485107421875,-0.527587890625,2.6497802734375,-84.716796875,134.27734375,41.6259765625
0.3262939453125,-0.5419921875,2.350341796875,-67.81005859375,96.37451171875,60.05859375
0.4334716796875,-0.7413330078125,2.1705322265625,-30.517578125,55.60302734375,32.5927734375
0.611328125,-0.901611328125,1.916748046875,0.732421875,-74.40185546875,-7.26318359375
0.6832275390625,-0.824462890625,1.5325927734375,12.5732421875,-81.60400390625,-28.9306640625
0.87060546875,-0.40966796875,1.1500244140625,-0.6103515625,-44.921875,-9.27734375
1.2022705078125,0.052001953125,0.805419921875,0.0,-4.33349609375,-22.03369140625
1.4620361328125,-0.0040283203125,0.5509033203125,33.87451171875,-59.38720703125,-62.19482421875
1.6549072265625,-0.29833984375,0.2874755859375,44.25048828125,-168.88427734375,-83.740234375
1.8304443359375,-0.382568359375,-0.091552734375,30.70068359375,-246.52099609375,-62.6220703125
2.0447998046875,-0.1142578125,-0.239990234375,31.25,-257.9345703125,-2.8076171875
2.30908203125,0.2799072265625,0.2996826171875,19.34814453125,-191.46728515625,23.86474609375
2.585205078125,0.4791259765625,1.174072265625,-2.685546875,-187.5,12.451171875
2.957763671875,-0.732666015625,1.534912109375,-29.11376953125,-201.11083984375,-1.52587890625
3.348388671875,-0.7532958984375,0.659912109375,-55.23681640625,-199.03564453125,8.6669921875
3.5648193359375,-0.448486328125,0.11767578125,-42.1142578125,-203.4912109375,24.96337890625
2.7659912109375,0.003662109375,0.1549072265625,-33.5693359375,-178.03955078125,16.66259765625
1.51611328125,0.5296630859375,1.154541015625,-25.08544921875,-140.07568359375,-1.953125
-0.1153564453125,0.899169921875,2.5552978515625,13.61083984375,-127.13623046875,-5.92041015625
-1.7828369140625,0.9893798828125,2.6387939453125,16.7236328125,-118.2861328125,-2.197265625
-2.2130126953125,1.1021728515625,2.185791015625,-9.09423828125,-107.2998046875,0.6103515625
-0.9815673828125,0.845458984375,2.0546875,-16.66259765625,-84.8388671875,3.90625
0.3721923828125,-0.0909423828125,1.779541015625,10.68115234375,-79.40673828125,13.85498046875
0.92578125,-1.1505126953125,1.462646484375,33.935546875,-93.017578125,20.8740234375
0.73876953125,-1.4327392578125,1.3076171875,23.0712890625,-107.97119140625,22.3388671875
0.624267578125,-0.4993896484375,1.4600830078125,0.91552734375,-114.92919921875,20.01953125
0.58984375,0.4921875,1.5269775390625,-10.8642578125,-117.7978515625,17.02880859375
0.4854736328125,0.3880615234375,1.339599609375,-30.57861328125,-120.2392578125,11.3525390625
0.425537109375,-0.4847412109375,1.1044921875,-55.6640625,-117.37060546875,4.69970703125
0.3487548828125,-0.7943115234375,1.067138671875,-75.37841796875,-108.0322265625,-0.06103515625
0.1348876953125,-0.198974609375,1.121826171875,-84.8388671875,-87.7685546875,-4.21142578125
-0.0089111328125,0.1856689453125,1.0777587890625,-84.04541015625,-64.697265625,-7.62939453125
0.170654296875,-0.118408203125,1.0445556640625,-72.509765625,-45.7763671875,-8.6669921875
0.3665771484375,-0.27392578125,1.090087890625,-50.47607421875,-27.587890625,-9.09423828125
0.2962646484375,-0.0750732421875,1.164306640625,-28.38134765625,-14.83154296875,-8.72802734375
0.2310791015625,-0.0406494140625,1.16748046875,-10.498046875,-8.36181640625,-8.85009765625
0.2724609375,-0.1597900390625,1.1966552734375,5.37109375,-5.06591796875,-9.33837890625
0.210205078125,-0.2047119140625,1.2032470703125,14.0380859375,-6.04248046875,-9.70458984375
0.12744140625,-0.2071533203125,1.08349609375,13.916015625,-6.34765625,-10.3759765625
0.1259765625,-0.220947265625,0.98046875,10.25390625,-5.9814453125,-10.986328125
0.15625,-0.254150390625,0.945068359375,6.77490234375,-5.67626953125,-12.0849609375
0.2073974609375,-0.280029296875,0.9271240234375,2.3193359375,-5.92041015625,-13.916015625
0.264404296875,-0.2945556640625,0.947998046875,-3.0517578125,-9.765625,-14.6484375
0.3009033203125,-0.31005859375,0.9764404296875,-6.591796875,-14.16015625,-13.671875
0.3006591796875,-0.2918701171875,0.9827880859375,-8.85009765625,-17.88330078125,-12.3291015625
0.2926025390625,-0.2607421875,0.9700927734375,-8.544921875,-19.4091796875,-10.80322265625
0.2840576171875,-0.257080078125,0.9556884765625,-5.7373046875,-18.1884765625,-7.99560546875
0.251953125,-0.2532958984375,0.955322265625,0.06103515625,-14.34326171875,-5.9814453125
0.246337890625,-0.2442626953125,0.96826171875,5.9814453125,-13.24462890625,-2.5634765625
0.2518310546875,-0.2471923828125,0.982177734375,10.009765625,-13.427734375,-0.8544921875
0.2431640625,-0.2471923828125,0.9771728515625,11.23046875,-12.20703125,-0.79345703125
0.245849609375,-0.244140625,0.96240234375,11.65771484375,-14.2822265625,-3.35693359375
0.2435302734375,-0.2449951171875,0.94580078125,10.43701171875,-8.48388671875,-5.615234375
0.2431640625,-0.2603759765625,0.947509765625,5.67626953125,-10.498046875,-7.4462890625
0.2406005859375,-0.278076171875,0.955322265625,7.32421875,-15.380859375,-8.36181640625
0.23974609375,-0.276611328125,0.957275390625,-8.97216796875,-13.18359375,-8.30078125
0.249755859375,-0.2452392578125,0.9598388671875,-23.74267578125,-4.8828125,-6.9580078125
0.2598876953125,-0.2239990234375,0.941650390625,-25.146484375,-2.9296875,-5.31005859375
0.2642822265625,-0.2178955078125,0.94677734375,-16.2353515625,-8.97216796875,-2.99072265625
0.2864990234375,-0.2064208984375,0.89990234375,-8.85009765625,-16.11328125,-2.3193359375
0.2972412109375,-0.1964111328125,0.927001953125,-5.18798828125,-19.59228515625,-6.591796875
0.27490234375,-0.218017578125,0.9586181640625,-2.9296875,-21.240234375,-11.8408203125
0.264892578125,-0.1998291015625,0.935546875,-1.52587890625,-25.146484375,-18.4326171875
0.271484375,-0.2230224609375,0.9166259765625,-2.86865234375,-32.53173828125,-24.23095703125
0.2979736328125,-0.263427734375,0.95068359375,-5.92041015625,-42.6025390625,-27.4658203125
0.2923583984375,-0.2828369140625,0.9903564453125,-7.99560546875,-53.28369140625,-33.0810546875
0.268310546875,-0.2772216796875,0.993896484375,-10.7421875,-64.8193359375,-39.97802734375
0.283203125,-0.26611328125,0.9808349609375,-12.0849609375,-78.4912109375,-48.33984375
0.3096923828125,-0.255615234375,0.9962158203125,-12.3291015625,-95.15380859375,-42.66357421875
0.3072509765625,-0.2508544921875,1.020751953125,-12.63427734375,-112.4267578125,-41.56494140625
0.2799072265625,-0.2352294921875,1.039306640625,-12.3291015625,-130.2490234375,-49.98779296875
0.2763671875,-0.2080078125,1.0506591796875,-11.16943359375,-150.390625,-71.10595703125
0.297607421875,-0.19140625,1.055419921875,-11.474609375,-187.56103515625,-87.0361328125
0.317138671875,-0.251953125,1.066650390625,-14.09912109375,-241.5771484375,-101.1962890625
0.3074951171875,-0.2847900390625,1.06591796875,-15.625,-284.5458984375,-111.99951171875
0.2698974609375,-0.27294921875,1.0716552734375,-14.6484375,-319.76318359375,-112.48779296875
0.2869873046875,-0.3065185546875,1.085205078125,-20.263671875,-412.04833984375,-80.38330078125
0.2904052734375,-0.28076171875,1.0921630859375,-24.10888671875,-418.5791015625,-67.5048828125
0.233154296875,-0.2647705078125,1.1591796875,-33.447265625,-369.0185546875,-73.974609375
0.266357421875,-0.2830810546875,1.279296875,-40.10009765625,-297.91259765625,-93.07861328125
0.258056640625,-0.2642822265625,1.3016357421875,-26.91650390625,-249.81689453125,-84.65576171875
0.271240234375,-0.2105712890625,1.3104248046875,-8.7890625,-72.20458984375,-64.0869140625
0.302734375,-0.2315673828125,1.36083984375,32.28759765625,47.7294921875,-43.02978515625
0.220458984375,-0.34716796875,2.0225830078125,114.68505859375,87.46337890625,-21.8505859375
-0.0555419921875,-0.33544921875,2.1824951171875,176.20849609375,170.5322265625,-4.39453125
-0.07861328125,-0.3043212890625,2.35693359375,120.2392578125,172.05810546875,7.50732421875
0.02490234375,-0.4962158203125,2.3533935546875,2.8076171875,189.63623046875,10.009765625
-0.1424560546875,-0.8775634765625,2.26025390625,-6.4697265625,207.94677734375,10.80322265625
0.2149658203125,-0.8072509765625,3.168701171875,11.962890625,226.5625,11.04736328125
0.7724609375,-0.8603515625,3.990234375,19.59228515625,254.21142578125,8.7890625
0.472900390625,-0.7423095703125,3.3984375,16.6015625,262.5732421875,1.8310546875
0.43798828125,0.0196533203125,1.04248046875,5.7373046875,271.1181640625,6.4697265625
0.5260009765625,0.1031494140625,1.0667724609375,-13.61083984375,277.9541015625,19.10400390625
0.069091796875,-0.3267822265625,1.053466796875,-17.2119140625,253.84521484375,34.5458984375
-0.80615234375,-0.8897705078125,1.0185546875,-14.892578125,247.25341796875,40.83251953125
0.12353515625,-0.8853759765625,0.9412841796875,-10.25390625,251.52587890625,44.921875
0.011474609375,-0.822021484375,0.9674072265625,0.91552734375,252.25830078125,45.2880859375
-1.3028564453125,-0.658935546875,1.052734375,2.86865234375,251.708984375,43.02978515625
-1.2781982421875,-0.5003662109375,1.1217041015625,-5.92041015625,239.8681640625,43.76220703125
-1.0611572265625,-0.318603515625,1.2181396484375,-31.982421875,235.107421875,46.56982421875
-0.86474609375,-0.296630859375,1.322509765625,-61.95068359375,248.10791015625,51.08642578125
-0.6563720703125,-0.3001708984375,1.4033203125,-73.05908203125,263.73291015625,47.54638671875
-0.3013916015625,-0.2984619140625,1.4136962890625,-72.8759765625,269.53125,37.90283203125
-0.1695556640625,-0.2423095703125,1.4200439453125,-63.04931640625,257.8125,50.537109375
-0.0411376953125,-0.109375,1.403076171875,-58.7158203125,243.71337890625,51.025390625
0.0474853515625,-0.0159912109375,1.439453125,-57.861328125,163.6962890625,49.98779296875
0.1046142578125,0.04345703125,1.6431884765625,-50.35400390625,202.7587890625,54.0771484375
0.25537109375,0.010986328125,2.0020751953125,-34.1796875,299.49951171875,56.94580078125
0.3031005859375,-0.0137939453125,2.368896484375,17.2119140625,326.59912109375,56.70166015625
0.3282470703125,-0.0035400390625,2.576904296875,30.21240234375,280.21240234375,46.9970703125
0.3638916015625,-0.016845703125,2.500732421875,-9.765625,229.18701171875,31.25
0.3724365234375,-0.038818359375,2.6090087890625,-24.169921875,204.1015625,15.44189453125
0.4324951171875,-0.0604248046875,2.4716796875,-29.296875,189.3310546875,2.44140625
0.513916015625,-0.1092529296875,1.8572998046875,-41.44287109375,166.8701171875,-2.25830078125
0.6033935546875,-0.157470703125,1.70947265625,-49.74365234375,137.20703125,3.47900390625
0.6785888671875,-0.27490234375,1.984130859375,-45.0439453125,103.82080078125,9.58251953125
0.734130859375,-0.2667236328125,2.1204833984375,-34.97314453125,56.15234375,15.93017578125
0.7518310546875,-0.209228515625,1.8974609375,-25.7568359375,1.89208984375,39.4287109375
0.8956298828125,-0.275390625,1.510009765625,-21.240234375,-30.3955078125,84.228515625
1.1636962890625,-0.22900390625,1.16552734375,-17.4560546875,-36.07177734375,59.50927734375
1.2159423828125,-0.146728515625,0.9083251953125,-5.55419921875,-25.69580078125,28.3203125
1.1221923828125,-0.14013671875,0.6732177734375,6.89697265625,-37.7197265625,0.1220703125
1.16015625,-0.13916015625,0.39599609375,19.8974609375,-20.93505859375,0.06103515625
1.387939453125,-0.0126953125,0.10791015625,26.2451171875,-27.099609375,9.58251953125
1.6885986328125,0.1885986328125,-0.186767578125,13.427734375,-91.36962890625,-25.7568359375
1.9949951171875,0.292724609375,-0.316650390625,44.61669921875,-172.4853515625,-59.75341796875
2.31103515625,0.2239990234375,-0.1729736328125,25.93994140625,-201.23291015625,-57.0068359375
2.6334228515625,0.0948486328125,0.1064453125,14.58740234375,-204.52880859375,21.78955078125
2.8985595703125,-0.073974609375,0.9052734375,13.427734375,-216.30859375,22.03369140625
3.0169677734375,-0.2723388671875,1.5386962890625,-6.65283203125,-209.5947265625,4.69970703125
3.0084228515625,-0.39501953125,1.59423828125,-12.8173828125,-208.55712890625,-3.173828125
2.91845703125,-0.6318359375,0.832763671875,-18.310546875,-183.10546875,4.638671875
2.7724609375,-0.5560302734375,0.1549072265625,-36.62109375,-160.46142578125,11.90185546875
2.5582275390625,0.189697265625,0.113525390625,-44.37255859375,-134.765625,-2.99072265625
0.9974365234375,0.6763916015625,0.5601806640625,-21.6064453125,-125.79345703125,2.685546875
-0.6392822265625,0.9217529296875,1.466064453125,-3.35693359375,-115.78369140625,6.53076171875
-1.7464599609375,1.06298828125,2.183837890625,-9.46044921875,-62.8662109375,7.50732421875
-2.04931640625,1.06640625,2.0941162109375,-19.22607421875,-70.1904296875,13.427734375
-1.015625,1.056396484375,2.0545654296875,-4.5166015625,-84.41162109375,18.4326171875
0.357177734375,0.33837890625,1.6728515625,17.7001953125,-92.34619140625,17.88330078125
0.72119140625,-0.7305908203125,1.4539794921875,7.50732421875,-98.20556640625,14.7705078125
0.2623291015625,-0.93115234375,1.40087890625,-1.52587890625,-110.90087890625,8.30078125
0.241455078125,0.029296875,1.40234375,-16.78466796875,-129.33349609375,4.39453125
0.5343017578125,0.4818115234375,1.3392333984375,-37.53662109375,-136.77978515625,-2.5634765625
0.5291748046875,0.01708984375,1.302978515625,-53.89404296875,-133.60595703125,-7.080078125
0.4920654296875,-0.6346435546875,1.128662109375,-61.82861328125,-97.0458984375,-8.7890625
0.255126953125,-0.128662109375,1.02783203125,-62.01171875,-76.47705078125,-9.70458984375
0.03076171875,0.10986328125,0.998046875,-60.4248046875,-58.10546875,-10.498046875
0.09521484375,-0.2109375,0.974365234375,-39.9169921875,-37.7197265625,-10.1318359375
0.33154296875,-0.036376953125,1.0218505859375,-20.20263671875,-20.1416015625,-9.33837890625
0.15380859375,0.0263671875,1.1187744140625,-4.21142578125,-11.474609375,-8.544921875
0.1441650390625,-0.1058349609375,1.127685546875,5.9814453125,-7.9345703125,-8.23974609375
0.103271484375,-0.1837158203125,1.1552734375,8.6669921875,-7.26318359375,-8.30078125
0.061279296875,-0.1767578125,1.0914306640625,5.7373046875,-7.6904296875,-8.60595703125
0.0819091796875,-0.202392578125,1.0377197265625,-0.79345703125,-7.14111328125,-9.58251953125
0.1201171875,-0.2626953125,1.01953125,-8.056640625,-7.6904296875,-14.0380859375
0.17724609375,-0.2525634765625,0.998291015625,-15.2587890625,-9.8876953125,-13.916015625
0.2362060546875,-0.23486328125,0.9608154296875,-19.287109375,-12.3291015625,-13.85498046875
0.306884765625,-0.245361328125,0.9693603515625,-20.93505859375,-14.34326171875,-11.71875
0.2762451171875,-0.24658203125,0.974365234375,-19.775390625,-14.95361328125,-7.87353515625
0.265625,-0.23095703125,0.96923828125,-16.05224609375,-14.95361328125,-2.99072265625
0.301513671875,-0.21630859375,0.970947265625,-9.521484375,-14.2822265625,-0.06103515625
0.30615234375,-0.21923828125,0.9820556640625,6.16455078125,-15.56396484375,0.732421875
0.2650146484375,-0.21826171875,0.98779296875,7.080078125,-11.41357421875,-0.54931640625
0.256591796875,-0.2176513671875,0.9869384765625,6.7138671875,-11.41357421875,-2.99072265625
0.253662109375,-0.22802734375,0.9786376953125,8.11767578125,-16.11328125,-4.33349609375
0.2440185546875,-0.23046875,0.9478759765625,-0.18310546875,-15.44189453125,-5.7373046875
0.2503662109375,-0.23388671875,0.9429931640625,-14.2822265625,-9.033203125,-6.89697265625
0.2509765625,-0.24462890625,0.956298828125,-21.240234375,-5.9814453125,-7.6904296875
0.2535400390625,-0.2415771484375,0.9569091796875,-16.4794921875,-6.8359375,-7.32421875
0.2613525390625,-0.234619140625,0.9254150390625,-10.009765625,-9.8876953125,-7.4462890625
0.26806640625,-0.22314453125,0.9306640625,-7.38525390625,-12.75634765625,-5.79833984375
0.276123046875,-0.2047119140625,0.959228515625,-6.34765625,-14.0380859375,-9.6435546875
0.2728271484375,-0.18505859375,0.9482421875,-5.92041015625,-14.0380859375,-14.95361328125
0.2742919921875,-0.1827392578125,0.9254150390625,-7.62939453125,-15.9912109375,-22.0947265625
0.2808837890625,-0.2169189453125,0.9298095703125,-8.23974609375,-38.330078125,-30.70068359375
0.2796630859375,-0.2540283203125,0.944580078125,-7.4462890625,-49.8046875,-36.4990234375
0.271728515625,-0.271240234375,0.9520263671875,-5.4931640625,-62.19482421875,-34.24072265625
0.2879638671875,-0.2696533203125,0.951904296875,-12.451171875,-75.98876953125,-26.0009765625
0.3089599609375,-0.2685546875,0.959716796875,-14.58740234375,-112.1826171875,-28.076171875
0.3060302734375,-0.26708984375,0.97216796875,-16.17431640625,-131.34765625,-41.56494140625
0.2921142578125,-0.26416015625,0.9947509765625,-16.4794921875,-167.05322265625,-67.07763671875
0.2867431640625,-0.2572021484375,1.0596923828125,-13.5498046875,-222.47314453125,-74.0966796875
0.277099609375,-0.2510986328125,1.0703125,-13.671875,-274.84130859375,-86.12060546875
0.28173828125,-0.23193359375,1.082275390625,-13.427734375,-314.0869140625,-96.49658203125
0.302001953125,-0.2366943359375,1.0859375,-13.0615234375,-333.3740234375,-110.53466796875
0.312744140625,-0.2630615234375,1.0933837890625,-28.01513671875,-370.30029296875,-103.69873046875
0.30517578125,-0.298828125,1.1156005859375,-36.1328125,-412.7197265625,-85.14404296875
0.2845458984375,-0.2823486328125,1.296142578125,-38.02490234375,-406.494140625,-87.95166015625
0.23974609375,-0.26123046875,1.3406982421875,-51.26953125,-345.39794921875,-83.19091796875
0.2568359375,-0.238037109375,1.231201171875,-59.63134765625,-275.390625,-87.7685546875
0.245849609375,-0.1702880859375,1.31005859375,-54.38232421875,-219.482421875,-75.0732421875
0.2742919921875,-0.2506103515625,1.315185546875,-36.1328125,-52.06298828125,-55.419921875
0.1588134765625,-0.373291015625,1.6397705078125,31.18896484375,18.61572265625,-37.9638671875
-0.165771484375,-0.321044921875,2.1578369140625,148.49853515625,49.98779296875,-22.216796875
0.02294921875,-0.22314453125,2.2589111328125,181.45751953125,89.53857421875,-13.916015625
0.252685546875,-0.219482421875,2.2901611328125,64.3310546875,113.83056640625,-11.29150390625
-0.2916259765625,-0.6207275390625,2.1285400390625,-32.5927734375,124.20654296875,-13.85498046875
0.0638427734375,-0.8099365234375,2.34912109375,-53.5888671875,133.23974609375,-22.216796875
0.91748046875,-0.7352294921875,3.38671875,-34.11865234375,155.3955078125,-33.0810546875
0.845947265625,-0.9931640625,3.9859619140625,-7.99560546875,179.62646484375,-41.50390625
0.38525390625,-0.45458984375,3.1639404296875,9.09423828125,202.94189453125,-46.08154296875
0.409912109375,0.184814453125,1.852783203125,17.27294921875,223.81591796875,-46.38671875
0.5579833984375,-0.110595703125,1.24658203125,13.18359375,237.9150390625,-43.27392578125
-0.1417236328125,-0.439697265625,1.02392578125,2.13623046875,245.1171875,-37.2314453125
