0.27978515625,-0.1953125,0.961181640625,0.1220703125,1.03759765625,1.03759765625
0.2789306640625,-0.195068359375,0.961181640625,0.0,1.03759765625,0.79345703125
0.27734375,-0.1944580078125,0.96142578125,0.06103515625,0.9765625,0.6103515625
0.278076171875,-0.19482421875,0.9598388671875,0.42724609375,0.54931640625,0.3662109375
0.2779541015625,-0.194580078125,0.95947265625,0.3662109375,0.30517578125,0.18310546875
0.2777099609375,-0.1939697265625,0.960693359375,0.3662109375,0.0,0.0
0.279052734375,-0.1937255859375,0.9617919921875,0.42724609375,0.0,-0.06103515625
0.2784423828125,-0.1932373046875,0.9595947265625,0.42724609375,0.06103515625,-0.1220703125
0.27783203125,-0.192138671875,0.9605712890625,0.54931640625,0.1220703125,-0.18310546875
0.2786865234375,-0.19384765625,0.961669921875,0.67138671875,0.18310546875,-0.1220703125
0.2779541015625,-0.1884765625,0.962890625,0.6103515625,0.18310546875,-0.1220703125
0.2755126953125,-0.191162109375,0.9617919921875,0.48828125,0.0,0.0
0.2760009765625,-0.1922607421875,0.961181640625,0.42724609375,-0.244140625,-0.06103515625
0.2744140625,-0.1915283203125,0.961181640625,0.30517578125,-0.48828125,0.06103515625
0.2698974609375,-0.1932373046875,0.9625244140625,0.1220703125,-0.67138671875,0.1220703125
0.2691650390625,-0.1961669921875,0.9613037109375,0.0,-0.91552734375,0.244140625
0.264892578125,-0.1943359375,0.9605712890625,-0.06103515625,-1.03759765625,0.244140625
0.26806640625,-0.19140625,0.9617919921875,-0.244140625,-1.03759765625,0.244140625
0.27392578125,-0.19189453125,0.9619140625,-0.48828125,-1.0986328125,0.18310546875
0.27294921875,-0.191162109375,0.9615478515625,-0.54931640625,-1.220703125,0.0
0.270751953125,-0.1898193359375,0.961669921875,-0.6103515625,-1.28173828125,-0.1220703125
0.271240234375,-0.189208984375,0.9620361328125,-0.67138671875,-1.40380859375,-0.1220703125
0.2706298828125,-0.1904296875,0.9610595703125,-0.54931640625,-1.46484375,-0.1220703125
0.2686767578125,-0.189697265625,0.961181640625,-0.48828125,-1.52587890625,-0.1220703125
0.2694091796875,-0.1873779296875,0.962158203125,-0.3662109375,-1.52587890625,-0.1220703125
0.270751953125,-0.1884765625,0.96142578125,-0.30517578125,-1.46484375,-0.06103515625
0.2705078125,-0.1910400390625,0.9613037109375,-0.30517578125,-1.28173828125,-0.1220703125
0.2713623046875,-0.191162109375,0.9617919921875,-0.30517578125,-1.220703125,0.0
0.2730712890625,-0.1915283203125,0.9615478515625,-0.3662109375,-1.220703125,0.0
0.272705078125,-0.192626953125,0.9625244140625,-0.42724609375,-1.15966796875,-0.06103515625
0.27197265625,-0.1923828125,0.963134765625,-0.42724609375,-1.03759765625,0.06103515625
0.27294921875,-0.192626953125,0.9619140625,-0.54931640625,-0.8544921875,0.244140625
0.27197265625,-0.1905517578125,0.9608154296875,-0.6103515625,-0.79345703125,0.244140625
0.2713623046875,-0.1895751953125,0.961181640625,-0.67138671875,-0.79345703125,0.1220703125
0.27294921875,-0.191650390625,0.96240234375,-0.732421875,-0.79345703125,0.18310546875
0.2742919921875,-0.1907958984375,0.9615478515625,-0.732421875,-0.732421875,0.1220703125
0.27587890625,-0.19091796875,0.959716796875,-0.67138671875,-0.67138671875,-4.21142578125
0.27685546875,-0.19189453125,0.962646484375,-0.48828125,0.1220703125,-3.11279296875
0.275634765625,-0.192138671875,0.9638671875,-0.6103515625,0.3662109375,3.11279296875
0.27490234375,-0.193359375,0.962890625,0.06103515625,0.91552734375,4.8828125
0.2757568359375,-0.19091796875,0.9598388671875,-3.11279296875,4.45556640625,5.859375
0.278564453125,-0.189453125,0.9620361328125,-5.18798828125,13.7939453125,1.52587890625
0.2774658203125,-0.1925048828125,0.95947265625,-8.544921875,23.8037109375,-2.50244140625
0.2747802734375,-0.192626953125,0.971923828125,-8.11767578125,50.72021484375,-5.859375
0.2767333984375,-0.192626953125,0.9921875,-3.60107421875,67.19970703125,-7.50732421875
0.2786865234375,-0.189208984375,1.001220703125,2.0751953125,74.8291015625,-9.27734375
0.27734375,-0.196533203125,1.0555419921875,4.82177734375,73.66943359375,-8.9111328125
0.27490234375,-0.1864013671875,1.07958984375,12.39013671875,70.9228515625,-9.09423828125
0.27783203125,-0.1666259765625,1.15478515625,15.19775390625,56.21337890625,-8.85009765625
0.2806396484375,-0.1761474609375,1.102294921875,15.19775390625,51.3916015625,-8.48388671875
0.2783203125,-0.192626953125,1.010498046875,12.451171875,45.5322265625,-7.9345703125
0.299072265625,-0.2286376953125,1.0318603515625,10.31494140625,41.50390625,-7.080078125
0.340087890625,-0.2550048828125,0.9532470703125,9.09423828125,38.02490234375,-6.2255859375
0.3734130859375,-0.2666015625,0.91162109375,11.77978515625,33.3251953125,-5.55419921875
0.356689453125,-0.2099609375,0.8985595703125,14.0380859375,29.541015625,-3.5400390625
0.385009765625,-0.1939697265625,0.8931884765625,13.671875,26.2451171875,-0.79345703125
0.370361328125,-0.1156005859375,0.920166015625,12.6953125,17.76123046875,0.732421875
0.235595703125,-0.1231689453125,0.933837890625,12.451171875,8.11767578125,1.64794921875
0.2537841796875,-0.12451171875,0.9468994140625,11.3525390625,3.5400390625,2.8076171875
0.194580078125,-0.138671875,0.9599609375,10.009765625,-1.3427734375,3.662109375
0.111083984375,-0.1710205078125,0.946044921875,11.16943359375,-6.103515625,4.0283203125
0.104248046875,-0.1968994140625,0.9234619140625,14.46533203125,-10.498046875,0.30517578125
0.089599609375,-0.197998046875,0.9166259765625,18.85986328125,-15.07568359375,-1.15966796875
0.08349609375,-0.1846923828125,0.906005859375,23.49853515625,-34.423828125,-2.5634765625
0.085693359375,-0.175048828125,0.891845703125,27.64892578125,-38.75732421875,-1.220703125
0.080322265625,-0.190185546875,0.89111328125,42.1142578125,-51.08642578125,17.15087890625
0.075927734375,-0.2086181640625,0.8927001953125,42.17529296875,-80.13916015625,53.3447265625
0.06982421875,-0.2088623046875,0.88720703125,34.0576171875,-70.9228515625,62.1337890625
0.0328369140625,-0.2041015625,1.001708984375,41.748046875,-63.3544921875,62.1337890625
0.030029296875,-0.1988525390625,1.0198974609375,14.70947265625,-54.5654296875,54.99267578125
0.025634765625,-0.18115234375,1.16015625,11.53564453125,-47.91259765625,47.119140625
0.0126953125,-0.170166015625,1.54931640625,2.62451171875,-40.83251953125,39.73388671875
0.014404296875,-0.2158203125,1.50244140625,-11.29150390625,-24.90234375,31.43310546875
0.018798828125,-0.238525390625,1.185791015625,-24.71923828125,-1.3427734375,24.59716796875
0.021240234375,-0.1441650390625,1.084228515625,-32.04345703125,26.123046875,12.451171875
0.0166015625,-0.604248046875,1.0145263671875,-38.57421875,53.22265625,-2.5634765625
-0.002197265625,-0.6544189453125,1.070556640625,-44.3115234375,89.78271484375,-6.9580078125
-0.0218505859375,-0.705810546875,1.205810546875,-43.9453125,109.619140625,-8.544921875
-0.2694091796875,-0.4892578125,1.357666015625,-34.1796875,103.45458984375,-9.033203125
-0.5770263671875,-0.3463134765625,1.4852294921875,-23.193359375,91.36962890625,-3.35693359375
-1.0050048828125,-0.255126953125,1.50244140625,-14.22119140625,75.62255859375,3.7841796875
-1.0751953125,-0.16552734375,1.2591552734375,-9.58251953125,49.13330078125,31.43310546875
-1.184814453125,-0.0721435546875,1.1240234375,-7.87353515625,45.2880859375,41.9921875
-1.2120361328125,-0.03125,0.96142578125,-9.94873046875,61.34033203125,50.59814453125
-1.1407470703125,-0.0345458984375,0.8687744140625,-8.056640625,71.83837890625,56.5185546875
-1.0767822265625,0.0316162109375,0.8399658203125,-15.0146484375,81.1767578125,59.87548828125
-1.015380859375,0.0289306640625,1.0693359375,-25.32958984375,88.5009765625,60.72998046875
-0.9404296875,-0.041015625,1.2802734375,-35.2783203125,93.56689453125,57.4951171875
-0.7840576171875,-0.0660400390625,1.5843505859375,-41.80908203125,96.37451171875,50.72021484375
-0.485107421875,-0.0823974609375,1.60205078125,-43.0908203125,97.2900390625,41.19873046875
-0.4053955078125,-0.164794921875,1.5194091796875,-34.24072265625,97.10693359375,30.1513671875
-0.3875732421875,-0.2198486328125,1.4317626953125,-18.310546875,94.970703125,18.73779296875
-0.3671875,-0.232177734375,1.3692626953125,0.91552734375,90.39306640625,7.99560546875
-0.2122802734375,-0.0906982421875,1.332763671875,16.41845703125,84.41162109375,-0.9765625
-0.1148681640625,-0.013671875,1.297119140625,25.634765625,77.94189453125,-13.12255859375
0.0465087890625,0.0311279296875,1.2393798828125,30.82275390625,71.8994140625,-15.19775390625
0.2076416015625,0.032470703125,1.144775390625,32.89794921875,64.51416015625,-14.70947265625
0.2744140625,0.0089111328125,1.029296875,33.87451171875,62.744140625,-5.4931640625
0.3411865234375,-0.0010986328125,0.9332275390625,27.77099609375,59.63134765625,1.03759765625
0.3995361328125,0.0179443359375,0.8785400390625,21.484375,42.66357421875,7.2021484375
0.4627685546875,0.0631103515625,0.864013671875,13.61083984375,30.517578125,13.24462890625
0.5181884765625,0.100341796875,0.8314208984375,6.103515625,17.02880859375,19.34814453125
0.558349609375,0.0985107421875,0.7750244140625,9.58251953125,3.60107421875,13.18359375
0.576171875,0.0555419921875,0.6766357421875,15.68603515625,-23.4375,13.671875
0.5775146484375,-0.004638671875,0.510986328125,21.05712890625,-62.56103515625,-18.9208984375
0.5882568359375,-0.0841064453125,0.4888916015625,26.06201171875,-94.78759765625,-20.6298828125
0.6221923828125,-0.1036376953125,0.4761962890625,36.07177734375,-131.89697265625,-20.08056640625
0.68310546875,-0.1314697265625,0.4710693359375,58.53271484375,-147.94921875,-22.4609375
0.7611083984375,-0.2462158203125,0.4788818359375,9.46044921875,-145.08056640625,-7.14111328125
0.9144287109375,-0.3115234375,0.047119140625,-25.5126953125,-133.72802734375,8.11767578125
0.95068359375,-0.3370361328125,0.1798095703125,-33.02001953125,-115.41748046875,6.53076171875
1.0191650390625,-0.3277587890625,0.6593017578125,-41.19873046875,-109.43603515625,-4.69970703125
1.0797119140625,-0.3167724609375,1.1234130859375,-48.88916015625,-102.84423828125,-10.3759765625
1.1309814453125,-0.296875,1.5406494140625,-50.23193359375,-95.5810546875,-4.08935546875
1.1744384765625,-0.20556640625,1.5977783203125,-36.9873046875,-87.5244140625,2.3193359375
1.2110595703125,0.5986328125,1.378173828125,-22.5830078125,-81.4208984375,-1.8310546875
1.2906494140625,0.539306640625,1.3145751953125,-14.0380859375,-75.25634765625,-7.32421875
1.2373046875,0.33740234375,1.2523193359375,-5.126953125,-69.03076171875,-0.67138671875
-0.2205810546875,0.1287841796875,1.2838134765625,0.06103515625,-55.35888671875,3.2958984375
0.220458984375,-0.5162353515625,1.3165283203125,-3.2958984375,-47.30224609375,1.953125
0.3863525390625,-0.5115966796875,1.271728515625,-12.6953125,-44.0673828125,5.37109375
0.3919677734375,0.0784912109375,1.232666015625,-12.939453125,-38.9404296875,6.8359375
0.2037353515625,0.083984375,1.341552734375,-12.20703125,-39.36767578125,7.01904296875
0.211181640625,-0.234375,1.2799072265625,-17.02880859375,-37.109375,7.50732421875
0.294677734375,-0.4447021484375,1.1517333984375,-21.97265625,-33.02001953125,6.16455078125
0.4473876953125,-0.190185546875,1.13818359375,-22.4609375,-31.494140625,4.150390625
0.4271240234375,0.1380615234375,1.08935546875,-22.39990234375,-37.04833984375,1.46484375
0.320068359375,0.0350341796875,1.0252685546875,-22.8271484375,-27.83203125,0.0
0.30810546875,-0.212158203125,1.0333251953125,-29.78515625,-22.76611328125,-1.89208984375
0.3375244140625,-0.1474609375,1.021240234375,-15.31982421875,-19.53125,-4.2724609375
0.3675537109375,-0.0311279296875,0.983642578125,-10.31494140625,-16.54052734375,-4.69970703125
0.2646484375,-0.154296875,0.9788818359375,-8.48388671875,-8.48388671875,-5.55419921875
0.2344970703125,-0.1497802734375,0.9964599609375,-6.9580078125,-7.87353515625,-8.72802734375
0.2257080078125,-0.1771240234375,0.990966796875,-5.67626953125,-7.14111328125,-9.8876953125
0.190673828125,-0.2109375,0.9835205078125,-4.69970703125,-7.4462890625,-7.50732421875
0.2149658203125,-0.1839599609375,0.979736328125,-3.23486328125,-7.99560546875,-4.0283203125
0.2213134765625,-0.2347412109375,0.9632568359375,-0.30517578125,-8.7890625,-3.23486328125
0.2073974609375,-0.233154296875,0.9566650390625,0.91552734375,-11.90185546875,-1.28173828125
0.2137451171875,-0.2294921875,0.950439453125,1.46484375,-14.22119140625,0.91552734375
0.2296142578125,-0.2197265625,0.9468994140625,2.685546875,-15.5029296875,3.60107421875
0.2476806640625,-0.199951171875,0.954833984375,1.64794921875,-17.333984375,4.57763671875
0.253662109375,-0.213134765625,0.957763671875,-0.1220703125,-22.94921875,4.45556640625
0.2569580078125,-0.225341796875,0.949951171875,-1.15966796875,-24.90234375,5.4931640625
0.2601318359375,-0.22705078125,0.9461669921875,-3.84521484375,-27.28271484375,7.75146484375
0.2672119140625,-0.219970703125,0.94775390625,-4.5166015625,-28.25927734375,3.662109375
0.2686767578125,-0.1754150390625,0.9501953125,-5.859375,-35.46142578125,-0.9765625
0.251953125,-0.2030029296875,0.9532470703125,-9.27734375,-71.83837890625,-5.859375
0.2640380859375,-0.1912841796875,0.9697265625,-16.11328125,-95.703125,-10.31494140625
0.27392578125,-0.1824951171875,0.978271484375,-15.31982421875,-118.71337890625,-13.48876953125
0.2596435546875,-0.177978515625,0.9993896484375,-16.6015625,-142.822265625,-11.90185546875
0.2762451171875,-0.1715087890625,1.07080078125,-15.31982421875,-164.97802734375,-10.92529296875
0.280029296875,-0.2017822265625,1.14990234375,-9.033203125,-194.15283203125,-18.5546875
0.2440185546875,-0.2054443359375,1.1544189453125,-6.9580078125,-226.50146484375,-31.25
0.2335205078125,-0.1837158203125,1.157958984375,-13.427734375,-245.9716796875,-47.4853515625
0.2196044921875,-0.1981201171875,1.1527099609375,-13.12255859375,-315.3076171875,-60.36376953125
0.2039794921875,-0.2713623046875,1.126220703125,-4.150390625,-354.67529296875,-105.5908203125
0.235107421875,-0.2557373046875,1.163330078125,-23.13232421875,-425.537109375,-115.29541015625
0.235107421875,-0.255615234375,1.1295166015625,-32.71484375,-418.9453125,-85.51025390625
0.284423828125,-0.252197265625,1.0506591796875,-68.54248046875,-371.58203125,-100.40283203125
0.326904296875,-0.2186279296875,1.5047607421875,-41.1376953125,-317.3828125,-77.94189453125
0.259765625,-0.2257080078125,1.6546630859375,50.59814453125,-210.75439453125,-85.99853515625
0.2142333984375,-0.254638671875,1.844482421875,133.48388671875,-38.39111328125,-92.28515625
0.3211669921875,-0.2376708984375,2.6396484375,179.443359375,72.998046875,-83.3740234375
0.2520751953125,-0.4095458984375,2.3359375,75.62255859375,108.82568359375,-69.2138671875
-0.0888671875,-0.3641357421875,2.521240234375,-20.751953125,133.48388671875,-41.68701171875
-0.45654296875,-0.004150390625,3.4212646484375,-35.70556640625,150.0244140625,-20.5078125
0.313720703125,-0.983642578125,3.9954833984375,-6.34765625,170.0439453125,-13.5498046875
0.674072265625,-0.7607421875,3.568115234375,17.76123046875,216.61376953125,-8.60595703125
1.0408935546875,-0.4708251953125,2.4771728515625,24.10888671875,237.73193359375,-3.0517578125
0.4766845703125,0.0106201171875,1.5894775390625,9.521484375,253.11279296875,5.0048828125
0.5767822265625,0.1378173828125,1.176025390625,4.57763671875,263.427734375,6.2255859375
0.1146240234375,-0.1500244140625,0.9111328125,4.45556640625,278.62548828125,17.08984375
0.6500244140625,-0.4388427734375,1.0697021484375,5.0048828125,284.423828125,20.93505859375
1.2314453125,-0.589599609375,1.070556640625,2.74658203125,303.1005859375,24.90234375
0.0775146484375,-0.5615234375,1.0247802734375,-1.40380859375,305.5419921875,29.23583984375
-1.0887451171875,-0.3955078125,0.9654541015625,-16.05224609375,305.17578125,33.75244140625
-1.2607421875,-0.29443359375,1.0880126953125,-20.44677734375,302.001953125,38.51318359375
-1.1629638671875,-0.3140869140625,1.189208984375,-26.67236328125,296.630859375,42.78564453125
-0.8544921875,-0.3184814453125,1.55126953125,-31.982421875,290.34423828125,42.05322265625
-0.487548828125,-0.2989501953125,1.6175537109375,-34.5458984375,285.94970703125,36.68212890625
-0.384033203125,-0.162353515625,1.6878662109375,-32.65380859375,285.0341796875,13.24462890625
-0.2969970703125,-0.154052734375,1.7630615234375,-22.64404296875,286.62109375,5.615234375
-0.2144775390625,-0.0927734375,1.8460693359375,-12.26806640625,301.3916015625,-1.0986328125
0.072998046875,-0.0623779296875,1.9771728515625,-4.39453125,307.92236328125,-1.5869140625
0.146728515625,-0.044921875,2.1917724609375,2.38037109375,303.77197265625,39.73388671875
0.351318359375,-0.04296875,2.433349609375,-14.404296875,287.4755859375,44.73876953125
0.398681640625,-0.04541015625,2.6510009765625,-28.01513671875,198.54736328125,35.7666015625
0.4197998046875,-0.05517578125,2.651123046875,-35.0341796875,165.46630859375,21.97265625
0.4425048828125,-0.0506591796875,2.4014892578125,-28.25927734375,140.13671875,16.11328125
0.4842529296875,-0.0260009765625,2.0714111328125,-17.333984375,103.33251953125,49.072265625
0.5321044921875,-0.020263671875,1.69873046875,-22.76611328125,50.47607421875,83.8623046875
0.6141357421875,0.01708984375,0.5487060546875,-35.70556640625,-49.560546875,79.40673828125
0.7535400390625,0.0648193359375,0.38623046875,-40.1611328125,-113.525390625,43.3349609375
0.9183349609375,-0.055908203125,0.1549072265625,-14.22119140625,-106.26220703125,-22.52197265625
1.6473388671875,-0.220458984375,-0.2919921875,27.4658203125,-127.5634765625,-37.90283203125
1.9144287109375,-0.5882568359375,-0.512451171875,41.8701171875,-213.19580078125,-25.0244140625
2.0933837890625,-0.322998046875,-0.0042724609375,9.33837890625,-324.951171875,-47.8515625
2.30126953125,0.052001953125,0.5306396484375,5.67626953125,-323.1201171875,-77.1484375
3.1297607421875,0.2017822265625,1.4534912109375,5.06591796875,-277.7099609375,-32.40966796875
3.487060546875,0.0557861328125,1.037841796875,-29.60205078125,-260.986328125,25.81787109375
3.85791015625,-0.4891357421875,-0.6583251953125,-30.2734375,-229.67529296875,37.841796875
3.9376220703125,-0.3631591796875,-0.38720703125,-33.935546875,-207.58056640625,7.4462890625
3.71484375,0.3912353515625,2.35986328125,-37.9638671875,-189.453125,-10.1318359375
3.03662109375,0.6900634765625,3.31494140625,-29.72412109375,-177.6123046875,10.3759765625
1.731689453125,0.7860107421875,2.511962890625,-11.962890625,-166.07666015625,39.794921875
-0.6016845703125,1.241943359375,2.0478515625,-12.75634765625,-138.36669921875,27.52685546875
-2.6658935546875,1.204345703125,1.6534423828125,-20.81298828125,-114.80712890625,3.41796875
-2.39697265625,0.83251953125,1.6405029296875,-8.7890625,-99.79248046875,9.8876953125
0.0223388671875,-0.25244140625,1.6416015625,1.89208984375,-94.29931640625,14.0380859375
1.9776611328125,-1.4957275390625,1.7432861328125,-11.41357421875,-90.9423828125,8.7890625
1.772216796875,-1.3653564453125,1.8544921875,-28.01513671875,-83.43505859375,4.21142578125
0.5999755859375,-0.09619140625,1.6748046875,-19.4091796875,-83.31298828125,5.4931640625
0.3052978515625,0.714599609375,1.51318359375,-16.11328125,-87.5244140625,5.37109375
0.383056640625,0.041259765625,1.2879638671875,-28.01513671875,-86.60888671875,5.37109375
0.47119140625,-0.955322265625,1.1917724609375,-38.4521484375,-82.09228515625,5.55419921875
0.4892578125,-0.5169677734375,1.2115478515625,-42.17529296875,-77.63671875,5.67626953125
0.4775390625,0.4019775390625,1.1424560546875,-46.69189453125,-67.0166015625,5.31005859375
0.64306640625,0.152587890625,1.0986328125,-49.37744140625,-54.74853515625,4.7607421875
0.6470947265625,-0.34033203125,1.0694580078125,-50.47607421875,-43.02978515625,5.0048828125
0.4482421875,-0.0762939453125,1.038818359375,-49.9267578125,-32.77587890625,1.220703125
0.2447509765625,0.177001953125,1.016357421875,-50.84228515625,-27.64892578125,-0.91552734375
0.163818359375,0.0107421875,1.0050048828125,-51.08642578125,-18.73779296875,-3.60107421875
0.231689453125,-0.12890625,0.9798583984375,-46.44775390625,-14.70947265625,-6.8359375
0.18408203125,-0.137939453125,0.9495849609375,-20.20263671875,-12.26806640625,-9.765625
0.15380859375,-0.1719970703125,0.9306640625,-9.8876953125,-9.521484375,-11.474609375
0.1689453125,-0.2073974609375,0.9393310546875,-5.615234375,-9.46044921875,-12.39013671875
0.1915283203125,-0.201171875,1.0001220703125,-4.7607421875,-10.6201171875,-12.63427734375
0.1971435546875,-0.2113037109375,1.0306396484375,-5.37109375,-9.70458984375,-14.09912109375
0.199462890625,-0.250244140625,1.0284423828125,-7.01904296875,-7.26318359375,-16.357421875
0.20751953125,-0.2666015625,1.0159912109375,-10.07080078125,-5.79833984375,-14.5263671875
0.1947021484375,-0.2867431640625,1.0081787109375,-10.009765625,-8.30078125,-12.8173828125
0.1646728515625,-0.2625732421875,1.002685546875,-6.2255859375,-7.6904296875,-5.859375
0.16259765625,-0.2576904296875,0.98291015625,-0.3662109375,-8.23974609375,-1.708984375
0.22265625,-0.25390625,0.949951171875,-0.54931640625,-19.287109375,-0.30517578125
0.23583984375,-0.228759765625,0.9366455078125,1.52587890625,-16.29638671875,1.0986328125
0.2586669921875,-0.2081298828125,0.959716796875,0.732421875,-19.1650390625,1.708984375
0.257568359375,-0.2156982421875,0.9598388671875,1.8310546875,-21.1181640625,2.13623046875
0.2406005859375,-0.248779296875,0.952392578125,0.18310546875,-23.5595703125,-2.3193359375
0.234130859375,-0.2666015625,0.9176025390625,-3.23486328125,-25.08544921875,-8.72802734375
0.24853515625,-0.224365234375,0.9462890625,-5.43212890625,-64.39208984375,-9.33837890625
0.2554931640625,-0.2239990234375,0.9615478515625,-6.65283203125,-94.7265625,-10.7421875
0.2008056640625,-0.2320556640625,0.9678955078125,-18.61572265625,-148.13232421875,-13.671875
0.2568359375,-0.22998046875,0.9803466796875,-18.12744140625,-171.7529296875,-17.9443359375
0.28125,-0.234375,0.9974365234375,-20.69091796875,-261.04736328125,-29.11376953125
0.2593994140625,-0.2181396484375,1.1334228515625,-22.64404296875,-304.931640625,-49.74365234375
0.2611083984375,-0.2252197265625,1.16455078125,-21.91162109375,-342.4072265625,-94.3603515625
0.2767333984375,-0.2332763671875,1.173095703125,-31.73828125,-412.841796875,-124.51171875
0.2327880859375,-0.22509765625,1.16845703125,-45.34912109375,-486.38916015625,-114.3798828125
0.2125244140625,-0.2674560546875,1.0556640625,-86.97509765625,-462.2802734375,-152.587890625
0.2132568359375,-0.2808837890625,1.3353271484375,-124.51171875,-340.9423828125,-113.83056640625
0.2352294921875,-0.242919921875,1.628662109375,-73.30322265625,-246.337890625,-132.26318359375
0.3087158203125,-0.25,1.8131103515625,126.89208984375,-72.44873046875,-110.107421875
0.2081298828125,-0.1837158203125,2.8509521484375,189.208984375,121.64306640625,-84.28955078125
0.25,-0.3466796875,2.869873046875,99.79248046875,136.474609375,-59.14306640625
0.161865234375,-0.388427734375,2.681640625,-9.033203125,140.13671875,-39.00146484375
-0.653564453125,-0.0819091796875,3.5548095703125,26.123046875,153.86962890625,-26.2451171875
0.0113525390625,-1.018798828125,3.9970703125,47.66845703125,177.8564453125,-19.22607421875
0.3465576171875,-1.091064453125,2.568359375,53.7109375,206.4208984375,-16.41845703125
0.927490234375,-0.38525390625,1.099853515625,42.78564453125,232.11669921875,-10.7421875
0.475830078125,0.195556640625,0.84716796875,19.83642578125,250.1220703125,-8.72802734375
0.5496826171875,0.435791015625,0.8475341796875,-2.13623046875,270.93505859375,-7.38525390625
0.141357421875,-0.3875732421875,0.9500732421875,-13.916015625,276.67236328125,-6.103515625
0.803955078125,-0.8709716796875,1.006103515625,-16.05224609375,283.14208984375,-4.5166015625
1.428466796875,-0.80859375,0.9920654296875,-8.11767578125,291.1376953125,-2.197265625
-1.101318359375,-0.6309814453125,0.9508056640625,-1.5869140625,299.74365234375,1.220703125
-1.32470703125,-0.39697265625,0.9090576171875,2.197265625,307.7392578125,6.16455078125
-1.2255859375,-0.224365234375,0.9581298828125,3.72314453125,313.96484375,13.0615234375
-1.0089111328125,-0.168701171875,1.052978515625,2.74658203125,319.7021484375,21.66748046875
-0.7667236328125,-0.1666259765625,1.17041015625,-1.0986328125,323.05908203125,30.1513671875
-0.587646484375,-0.1798095703125,1.2979736328125,-6.16455078125,321.533203125,39.48974609375
-0.46826171875,-0.1622314453125,1.4111328125,-13.671875,313.29345703125,49.560546875
-0.37890625,-0.1282958984375,1.4976806640625,-22.0947265625,302.8564453125,53.7109375
-0.2060546875,-0.10546875,1.5631103515625,-32.5927734375,295.654296875,42.78564453125
-0.107666015625,-0.101806640625,1.6070556640625,-39.73388671875,294.49462890625,33.5693359375
-0.0115966796875,-0.102783203125,1.6234130859375,-35.2783203125,300.6591796875,25.7568359375
0.071044921875,-0.090576171875,1.6400146484375,-23.74267578125,304.74853515625,20.69091796875
0.1380615234375,-0.0714111328125,1.7689208984375,5.126953125,323.3642578125,13.5498046875
0.183837890625,-0.061279296875,2.086669921875,22.4609375,331.48193359375,14.22119140625
0.223876953125,-0.056396484375,2.5030517578125,8.6669921875,326.7822265625,28.076171875
0.2752685546875,-0.041015625,3.106201171875,-34.7900390625,305.96923828125,47.4853515625
0.3199462890625,-0.0338134765625,3.166015625,-72.20458984375,268.98193359375,59.38720703125
0.342041015625,-0.0462646484375,2.5679931640625,-85.87646484375,218.994140625,49.25537109375
0.364990234375,-0.0479736328125,2.1519775390625,-76.47705078125,166.80908203125,26.79443359375
0.443115234375,-0.1942138671875,1.830810546875,-42.66357421875,132.99560546875,15.0146484375
0.5679931640625,-0.3919677734375,1.4464111328125,3.0517578125,102.11181640625,26.3671875
0.7000732421875,-0.260498046875,0.9732666015625,9.3994140625,54.87060546875,54.87060546875
1.0731201171875,0.0438232421875,0.5863037109375,-28.01513671875,-0.67138671875,108.82568359375
1.3233642578125,0.0472412109375,0.4132080078125,-64.3310546875,-51.57470703125,104.248046875
2.1083984375,-0.1453857421875,0.251708984375,-68.603515625,-113.46435546875,53.1005859375
2.3533935546875,-0.4166259765625,-0.224609375,-42.6025390625,-106.50634765625,-16.78466796875
2.5447998046875,-0.72412109375,-0.6007080078125,15.80810546875,-119.44580078125,-50.72021484375
2.7066650390625,-0.675537109375,-0.33935546875,52.1240234375,-190.49072265625,-15.68603515625
2.8203125,-0.126220703125,0.0941162109375,1.15966796875,-297.4853515625,-84.65576171875
3.00244140625,0.2655029296875,0.749755859375,-2.25830078125,-320.80078125,-75.3173828125
3.371337890625,0.1058349609375,1.6046142578125,-28.564453125,-284.66796875,22.76611328125
3.8055419921875,-0.41845703125,1.2537841796875,-58.9599609375,-260.19287109375,15.869140625
3.9957275390625,-0.8807373046875,-0.289794921875,-75.25634765625,-220.39794921875,-6.40869140625
3.9010009765625,-0.7012939453125,-0.808349609375,-70.556640625,-203.06396484375,-1.220703125
3.578125,0.5301513671875,1.3770751953125,-52.91748046875,-178.64990234375,24.7802734375
3.0570068359375,1.03955078125,2.5692138671875,-40.71044921875,-151.7333984375,28.4423828125
1.736572265625,0.935302734375,2.1495361328125,-39.36767578125,-122.49755859375,6.7138671875
-0.357177734375,1.1221923828125,1.7615966796875,-34.1796875,-98.08349609375,-3.173828125
-2.4952392578125,0.74658203125,1.8521728515625,-13.36669921875,-83.740234375,4.08935546875
-2.54736328125,0.3575439453125,1.8173828125,-10.80322265625,-78.0029296875,5.67626953125
-0.2401123046875,-0.73486328125,1.8013916015625,-22.5830078125,-72.69287109375,3.72314453125
1.7125244140625,-0.759033203125,1.6407470703125,-27.28271484375,-67.5048828125,4.82177734375
0.63623046875,0.1983642578125,1.4271240234375,-18.49365234375,-72.1435546875,3.662109375
0.5716552734375,0.2841796875,1.36376953125,-14.95361328125,-76.66015625,2.38037109375
0.51904296875,-0.585693359375,1.2718505859375,-16.845703125,-80.2001953125,0.30517578125
0.5203857421875,-0.8197021484375,1.205810546875,-16.845703125,-75.8056640625,-0.18310546875
0.6502685546875,-0.068603515625,1.1732177734375,-12.939453125,-54.74853515625,0.18310546875
0.7113037109375,0.238037109375,1.041748046875,-13.12255859375,-40.34423828125,0.0
0.552001953125,-0.1673583984375,0.99267578125,-16.2353515625,-21.728515625,-2.01416015625
0.3663330078125,-0.3338623046875,0.9647216796875,-18.310546875,-15.2587890625,-6.8359375
0.31787109375,-0.10595703125,0.9666748046875,-20.263671875,-11.474609375,-8.97216796875
0.23095703125,-0.1875,1.020751953125,-21.17919921875,-10.07080078125,-10.6201171875
0.1912841796875,-0.2135009765625,1.0150146484375,-22.39990234375,-6.28662109375,-13.5498046875
0.20458984375,-0.2462158203125,1.0174560546875,-14.34326171875,-6.34765625,-11.41357421875
0.1240234375,-0.2138671875,1.0225830078125,-6.16455078125,-12.3291015625,-10.3759765625
0.125244140625,-0.2276611328125,1.0223388671875,-3.41796875,-11.5966796875,-10.3759765625
0.1663818359375,-0.21240234375,0.9644775390625,3.2958984375,-12.87841796875,-4.94384765625
0.189697265625,-0.240478515625,0.9320068359375,4.5166015625,-15.93017578125,-1.5869140625
0.234619140625,-0.23095703125,0.932861328125,7.75146484375,-20.3857421875,-0.3662109375
0.244873046875,-0.22509765625,0.954833984375,8.1787109375,-25.634765625,0.1220703125
0.2757568359375,-0.24853515625,0.9569091796875,3.84521484375,-27.40478515625,2.01416015625
0.276123046875,-0.2811279296875,0.9508056640625,-3.47900390625,-28.50341796875,-4.638671875
0.276123046875,-0.279296875,0.939208984375,-3.84521484375,-32.3486328125,-9.58251953125
0.2447509765625,-0.2537841796875,0.9334716796875,-8.48388671875,-85.38818359375,-9.09423828125
0.232666015625,-0.224609375,0.952392578125,-9.82666015625,-152.099609375,-8.9111328125
0.228271484375,-0.2303466796875,0.983642578125,-18.06640625,-177.6123046875,-9.82666015625
0.260009765625,-0.23095703125,1.01025390625,-18.12744140625,-207.82470703125,-18.24951171875
0.2908935546875,-0.20556640625,1.038818359375,-20.8740234375,-237.3046875,-29.1748046875
0.24755859375,-0.2115478515625,1.1634521484375,-25.32958984375,-260.009765625,-48.52294921875
0.2410888671875,-0.241943359375,1.1453857421875,-24.47509765625,-304.74853515625,-72.998046875
0.26806640625,-0.21826171875,1.1422119140625,-15.93017578125,-345.39794921875,-101.25732421875
0.2427978515625,-0.21240234375,1.169189453125,-26.611328125,-421.81396484375,-136.65771484375
0.2486572265625,-0.2799072265625,1.0872802734375,-44.921875,-481.62841796875,-155.70068359375
0.27783203125,-0.2568359375,1.03759765625,-88.37890625,-459.28955078125,-139.6484375
0.297119140625,-0.2462158203125,1.446044921875,-119.32373046875,-402.77099609375,-118.83544921875
0.2908935546875,-0.239990234375,1.69580078125,-92.4072265625,-340.75927734375,-100.9521484375
0.259765625,-0.1973876953125,1.712158203125,-8.9111328125,131.65283203125,-78.43017578125
0.2344970703125,-0.2447509765625,2.6717529296875,92.4072265625,149.10888671875,-52.734375
0.0740966796875,-0.3978271484375,2.6241455078125,16.90673828125,157.89794921875,-29.4189453125
-0.6187744140625,-0.4771728515625,2.338623046875,45.47119140625,178.40576171875,12.39013671875
-0.52685546875,-0.157958984375,2.528076171875,55.48095703125,206.72607421875,24.5361328125
0.2322998046875,-0.9617919921875,2.581787109375,54.99267578125,267.08984375,27.83203125
0.4852294921875,-1.0029296875,1.1981201171875,43.212890625,282.2265625,31.79931640625
0.97900390625,-0.82958984375,1.0130615234375,-3.23486328125,290.1611328125,31.8603515625
0.413330078125,-0.5546875,1.0062255859375,9.521484375,298.095703125,31.18896484375
0.4595947265625,-0.57275390625,1.0167236328125,15.625,309.5703125,31.494140625
0.48291015625,-0.8011474609375,0.8179931640625,16.845703125,312.31689453125,33.447265625
0.3665771484375,-0.7349853515625,0.980224609375,8.72802734375,310.97412109375,36.376953125
-1.0911865234375,-0.6158447265625,1.259521484375,0.732421875,306.21337890625,44.25048828125
-1.1380615234375,-0.4732666015625,1.3544921875,-6.34765625,299.1943359375,46.56982421875
-1.0147705078125,-0.298828125,1.4473876953125,-10.25390625,292.48046875,38.57421875
-0.8292236328125,-0.283935546875,1.46484375,-13.427734375,297.36328125,29.296875
-0.63916015625,-0.2701416015625,1.5018310546875,-13.916015625,314.208984375,33.69140625
-0.2283935546875,-0.2369384765625,1.58056640625,-11.16943359375,325.25634765625,28.01513671875
-0.0238037109375,-0.099609375,1.7176513671875,-9.1552734375,329.1015625,20.99609375
0.15869140625,-0.0653076171875,2.187255859375,-5.43212890625,323.6083984375,27.89306640625
0.22119140625,-0.0797119140625,2.4732666015625,-12.75634765625,301.7578125,29.11376953125
0.3216552734375,-0.1109619140625,2.837646484375,-69.76318359375,232.91015625,15.80810546875
0.3621826171875,-0.1373291015625,2.7752685546875,-83.3740234375,190.91796875,-6.34765625
0.3914794921875,-0.119873046875,2.5172119140625,-52.30712890625,149.0478515625,-19.1650390625
0.4144287109375,-0.0849609375,1.86083984375,-13.7939453125,107.0556640625,-10.92529296875
0.446044921875,-0.129638671875,1.59814453125,6.77490234375,58.89892578125,12.63427734375
0.592041015625,-0.546630859375,0.87109375,-2.99072265625,5.0048828125,86.5478515625
0.7054443359375,-0.4862060546875,0.5479736328125,-23.193359375,-49.49951171875,43.88427734375
0.9693603515625,0.0322265625,0.2684326171875,-30.3955078125,-118.896484375,-48.33984375
1.4080810546875,-0.0836181640625,-0.091552734375,-24.0478515625,-128.84521484375,-22.705078125
1.7379150390625,-0.416259765625,-0.432861328125,84.1064453125,-321.10595703125,-34.11865234375
2.2421875,-0.3568115234375,-0.3568115234375,15.07568359375,-328.857421875,-78.43017578125
2.4912109375,-0.0367431640625,-0.146484375,2.9296875,-278.9306640625,-45.22705078125
3.06494140625,0.239990234375,1.533203125,-44.98291015625,-265.44189453125,15.31982421875
3.4591064453125,0.1915283203125,1.397705078125,-43.0908203125,-232.48291015625,37.78076171875
3.8282470703125,-0.129638671875,-0.6947021484375,-37.04833984375,-204.58984375,9.8876953125
3.984375,-0.5960693359375,1.871826171875,-39.6728515625,-188.232421875,-14.22119140625
3.96923828125,0.3748779296875,3.4669189453125,-34.423828125,-174.9267578125,-3.90625
3.736328125,0.964599609375,2.706298828125,-18.9208984375,-157.28759765625,24.5361328125
3.2222900390625,1.132080078125,2.093994140625,-16.11328125,-130.859375,3.11279296875
-0.0469970703125,0.9791259765625,1.7113037109375,-18.98193359375,-91.6748046875,-2.5634765625
-2.52587890625,0.6361083984375,1.6337890625,-16.05224609375,-89.35546875,8.4228515625
-0.1971435546875,0.0294189453125,1.6424560546875,-8.1787109375,-85.14404296875,2.99072265625
2.014892578125,-1.12109375,1.6541748046875,-22.705078125,-84.28955078125,5.06591796875
1.8839111328125,-1.310302734375,1.82275390625,-26.9775390625,-91.796875,9.27734375
0.6690673828125,-0.3077392578125,1.3355712890625,-23.8037109375,-95.3369140625,3.47900390625
0.4100341796875,0.560302734375,1.299072265625,-36.0107421875,-96.3134765625,5.126953125
0.5213623046875,0.27685546875,1.24267578125,-35.7666015625,-63.65966796875,3.23486328125
0.454833984375,-0.6456298828125,1.1529541015625,-34.7900390625,-48.7060546875,3.35693359375
0.4361572265625,0.110107421875,1.1116943359375,-33.935546875,-34.912109375,2.685546875
0.471435546875,0.2447509765625,1.038818359375,-35.94970703125,-24.47509765625,1.77001953125
0.5035400390625,-0.172607421875,1.0234375,-37.04833984375,-16.66259765625,0.54931640625
0.336669921875,-0.2342529296875,1.0386962890625,-30.3955078125,-9.21630859375,-1.953125
0.218994140625,-0.001708984375,1.03662109375,-29.35791015625,-7.8125,-6.9580078125
0.171142578125,-0.187744140625,1.0411376953125,-23.74267578125,-9.521484375,-8.72802734375
0.139892578125,-0.2220458984375,1.0364990234375,-19.775390625,-12.14599609375,-14.5263671875
0.1317138671875,-0.191650390625,1.0560302734375,-16.05224609375,-11.8408203125,-16.54052734375
0.1204833984375,-0.1771240234375,1.033203125,-11.474609375,-10.009765625,-17.822265625
0.1380615234375,-0.200927734375,0.9691162109375,-10.25390625,-12.3291015625,-16.66259765625
0.2274169921875,-0.24072265625,0.9638671875,-1.40380859375,-10.92529296875,-12.87841796875
0.2353515625,-0.244140625,0.96240234375,1.89208984375,-11.16943359375,-10.31494140625
0.23583984375,-0.2593994140625,0.9583740234375,4.33349609375,-13.427734375,-9.09423828125
0.23291015625,-0.2633056640625,0.9437255859375,6.40869140625,-14.7705078125,-7.01904296875
0.267822265625,-0.2623291015625,0.938720703125,7.8125,-19.59228515625,-2.5634765625
0.271240234375,-0.2454833984375,0.9647216796875,8.11767578125,-20.01953125,1.52587890625
0.2249755859375,-0.2491455078125,0.956787109375,3.47900390625,-22.705078125,0.9765625
0.2073974609375,-0.2681884765625,0.9486083984375,1.5869140625,-28.25927734375,0.48828125
0.2235107421875,-0.2659912109375,0.9490966796875,-5.2490234375,-27.28271484375,-2.3193359375
0.2271728515625,-0.235107421875,0.955078125,-14.22119140625,-32.8369140625,-2.5634765625
0.2081298828125,-0.2471923828125,0.967041015625,-12.39013671875,-43.701171875,-3.5400390625
0.219482421875,-0.2252197265625,0.9461669921875,-13.7939453125,-65.12451171875,-5.43212890625
0.289794921875,-0.225830078125,0.9840087890625,-12.451171875,-88.43994140625,-6.591796875
0.2581787109375,-0.2071533203125,1.039306640625,-15.0146484375,-111.14501953125,-6.40869140625
0.281982421875,-0.1947021484375,1.069091796875,-17.7001953125,-135.6201171875,-5.4931640625
0.25634765625,-0.1898193359375,1.104736328125,-19.47021484375,-157.71484375,-3.84521484375
0.2607421875,-0.2266845703125,1.123046875,-18.85986328125,-181.70166015625,-5.79833984375
0.239013671875,-0.2506103515625,1.1580810546875,-19.95849609375,-214.111328125,-81.1767578125
0.1942138671875,-0.2347412109375,1.1639404296875,-20.99609375,-238.6474609375,-133.48388671875
0.2259521484375,-0.24072265625,1.1478271484375,-25.81787109375,-480.712890625,-166.68701171875
0.288818359375,-0.2330322265625,1.13232421875,-20.44677734375,-309.814453125,-142.63916015625
0.298095703125,-0.2333984375,1.1456298828125,-118.46923828125,-186.34033203125,-44.43359375
0.2769775390625,-0.2513427734375,1.1727294921875,114.3798828125,98.5107421875,3.60107421875
0.257080078125,-0.2396240234375,1.03173828125,183.837890625,152.7099609375,7.9345703125
0.2635498046875,-0.2208251953125,1.8087158203125,1.40380859375,222.900390625,11.16943359375
0.2698974609375,-0.2230224609375,2.8773193359375,57.7392578125,239.1357421875,12.6953125
0.2454833984375,-0.204345703125,3.6739501953125,-19.775390625,252.74658203125,10.55908203125
0.2315673828125,-0.17529296875,1.414794921875,-31.79931640625,263.48876953125,7.14111328125
0.2015380859375,-0.2947998046875,0.9774169921875,-35.64453125,281.18896484375,0.3662109375
-0.009521484375,-0.298828125,0.816650390625,-31.79931640625,290.71044921875,-0.1220703125
-0.6090087890625,0.3685302734375,0.8763427734375,-16.6015625,321.22802734375,0.8544921875
0.98486328125,-1.0089111328125,0.941162109375,-13.85498046875,329.04052734375,4.5166015625
0.1651611328125,-0.7095947265625,0.99560546875,-9.6435546875,333.0078125,34.36279296875
0.941650390625,-0.1505126953125,1.0540771484375,-9.765625,331.9091796875,46.38671875
-1.309814453125,-0.1334228515625,1.2373046875,-13.7939453125,298.828125,44.86083984375
-0.8958740234375,-0.11181640625,1.616455078125,-19.10400390625,304.0771484375,45.71533203125
-0.4674072265625,-0.07568359375,1.668701171875,-28.9306640625,331.787109375,51.26953125
-0.3428955078125,0.004638671875,1.663330078125,-10.3759765625,341.30859375,56.82373046875
-0.2398681640625,0.15625,1.6519775390625,13.7939453125,342.46826171875,56.2744140625
-0.156982421875,0.156982421875,2.085205078125,18.85986328125,336.36474609375,56.7626953125
-0.0811767578125,0.15478515625,3.0111083984375,6.53076171875,322.32666015625,65.61279296875
0.09228515625,0.1441650390625,3.3985595703125,-27.83203125,295.22705078125,75.86669921875
0.2513427734375,0.1142578125,3.0828857421875,-67.19970703125,255.18798828125,69.51904296875
0.3065185546875,-0.0579833984375,2.4971923828125,-86.12060546875,205.50537109375,41.8701171875
0.3358154296875,-0.1292724609375,1.921875,-78.30810546875,156.982421875,1.15966796875
0.3477783203125,-0.459228515625,1.5894775390625,-48.76708984375,118.896484375,-22.03369140625
0.4910888671875,-0.6668701171875,1.3623046875,-14.95361328125,88.8671875,-17.822265625
0.8935546875,-0.632080078125,1.00341796875,-7.8125,49.1943359375,15.68603515625
1.40771484375,-0.2403564453125,0.6312255859375,-39.97802734375,1.220703125,72.021484375
1.6719970703125,0.015869140625,0.404296875,-75.74462890625,-43.212890625,26.06201171875
1.947998046875,-0.1737060546875,0.2296142578125,-93.26171875,-132.6904296875,8.4228515625
2.2332763671875,-0.4803466796875,-0.1761474609375,-70.068359375,-192.2607421875,27.099609375
2.4490966796875,-0.6153564453125,-0.5699462890625,22.216796875,-267.9443359375,-11.474609375
2.6005859375,-0.4544677734375,-0.3603515625,24.2919921875,-297.607421875,-82.82470703125
2.7320556640625,-0.00830078125,0.2529296875,-36.7431640625,-277.03857421875,-78.79638671875
2.978759765625,0.289306640625,1.5440673828125,-58.28857421875,-267.822265625,-13.24462890625
3.4005126953125,0.1480712890625,-0.14013671875,-44.25048828125,-250.18310546875,26.30615234375
3.8077392578125,-0.39697265625,-0.4354248046875,-47.79052734375,-225.09765625,-10.1318359375
3.9920654296875,-1.0225830078125,1.193359375,-46.0205078125,-194.03076171875,-13.12255859375
3.8594970703125,-0.0703125,2.771484375,-41.748046875,-182.06787109375,19.22607421875
3.453369140625,0.784912109375,2.556396484375,-11.29150390625,-163.26904296875,19.775390625
2.9129638671875,1.5123291015625,2.04931640625,-24.658203125,-143.98193359375,-4.5166015625
-1.586669921875,1.2855224609375,1.88134765625,-24.2919921875,-125.30517578125,5.859375
-1.6328125,1.4388427734375,1.7364501953125,-2.13623046875,-115.6005859375,-4.0283203125
0.2393798828125,0.895751953125,1.66796875,0.67138671875,-106.201171875,-2.3193359375
1.4810791015625,-0.7181396484375,1.614501953125,-24.169921875,-42.8466796875,-0.732421875
1.39306640625,-1.62255859375,1.6240234375,-20.3857421875,-32.958984375,-4.8828125
0.8050537109375,0.4473876953125,1.538330078125,-15.625,-4.8828125,-9.70458984375
0.5985107421875,0.5654296875,1.376220703125,-16.2353515625,-7.9345703125,-10.68115234375
0.45947265625,-0.5589599609375,1.225341796875,-21.54541015625,-6.7138671875,-11.90185546875
0.5419921875,-0.9755859375,1.05615234375,-14.404296875,-6.04248046875,-11.71875
0.512451171875,-0.0107421875,1.0107421875,-11.77978515625,-1.46484375,-12.8173828125
0.45458984375,0.26806640625,0.9599609375,-10.8642578125,-1.708984375,-7.4462890625
0.44921875,-0.247802734375,0.9541015625,-8.056640625,-2.197265625,0.67138671875
0.5052490234375,-0.1585693359375,0.9564208984375,-6.04248046875,-7.4462890625,3.5400390625
0.3306884765625,-0.1500244140625,0.955322265625,-4.150390625,-18.61572265625,5.7373046875
0.279052734375,-0.2559814453125,0.951416015625,2.38037109375,-18.798828125,7.26318359375
0.2745361328125,-0.251953125,0.94873046875,-7.26318359375,-20.01953125,7.6904296875
0.2818603515625,-0.2335205078125,0.9453125,-7.50732421875,-21.728515625,7.75146484375
0.2421875,-0.225341796875,0.9481201171875,-8.48388671875,-23.25439453125,-2.50244140625
0.2452392578125,-0.233642578125,0.9520263671875,-8.97216796875,-24.5361328125,-7.2021484375
0.2513427734375,-0.2288818359375,0.9664306640625,-9.70458984375,-69.3359375,-10.31494140625
0.258544921875,-0.24755859375,0.96240234375,-10.009765625,-88.0126953125,-8.48388671875
0.274658203125,-0.203857421875,0.9708251953125,-15.7470703125,-129.69970703125,-16.4794921875
0.25927734375,-0.18212890625,0.9847412109375,-16.9677734375,-215.63720703125,-28.9306640625
0.248046875,-0.1898193359375,0.99658203125,-18.310546875,-272.705078125,-47.2412109375
0.279296875,-0.20361328125,1.1219482421875,-27.34375,-307.373046875,-61.58447265625
0.244873046875,-0.2313232421875,1.1207275390625,-28.86962890625,-346.8017578125,-116.5771484375
0.2476806640625,-0.2431640625,1.1151123046875,-38.2080078125,-406.67724609375,-151.42822265625
0.2293701171875,-0.233642578125,1.115234375,-57.31201171875,-395.751953125,-147.216796875
0.222412109375,-0.2811279296875,1.096923828125,-100.15869140625,-148.8037109375,-183.9599609375
0.2376708984375,-0.273681640625,1.4935302734375,-48.9501953125,-29.23583984375,-190.12451171875
0.2513427734375,-0.2294921875,1.677734375,166.07666015625,48.7060546875,-149.0478515625
0.2767333984375,-0.182861328125,1.82080078125,52.1240234375,56.09130859375,-112.97607421875
0.2816162109375,-0.2779541015625,2.46240234375,-37.04833984375,83.06884765625,-74.76806640625
0.23876953125,-0.3939208984375,3.73779296875,-48.33984375,87.646484375,9.46044921875
-0.1490478515625,-0.3018798828125,3.8726806640625,27.7099609375,100.830078125,20.8740234375
-0.173828125,-0.126953125,2.8970947265625,59.814453125,209.9609375,18.00537109375
0.2935791015625,-0.843994140625,1.6578369140625,74.89013671875,256.40869140625,6.65283203125
0.6044921875,0.7354736328125,0.92236328125,-24.658203125,268.798828125,-2.01416015625
1.021484375,0.6312255859375,0.8031005859375,-27.40478515625,294.3115234375,6.89697265625
0.5247802734375,0.126708984375,0.84375,-20.1416015625,321.2890625,15.7470703125
0.9718017578125,-0.4681396484375,0.9747314453125,-19.4091796875,316.0400390625,24.658203125
1.68017578125,-1.0626220703125,1.074462890625,-34.1796875,306.396484375,35.15625
0.3350830078125,-1.108154296875,1.1524658203125,-38.26904296875,291.93115234375,28.25927734375
-0.8480224609375,-0.9595947265625,1.303466796875,-36.9873046875,281.43310546875,17.63916015625
-0.951171875,-0.208984375,1.377685546875,-38.51318359375,286.80419921875,10.3759765625
-0.95068359375,-0.106201171875,1.3118896484375,-17.15087890625,285.400390625,10.31494140625
-0.8248291015625,-0.008056640625,1.348876953125,-12.39013671875,283.87451171875,17.39501953125
-0.3270263671875,0.1610107421875,1.427001953125,-5.615234375,286.07177734375,31.18896484375
-0.084716796875,0.1119384765625,2.7462158203125,2.9296875,286.376953125,48.583984375
0.0205078125,0.0341796875,2.7010498046875,6.89697265625,282.1044921875,75.3173828125
0.187744140625,0.0205078125,2.6260986328125,-1.40380859375,277.34375,85.693359375
0.298828125,0.0087890625,2.63671875,-20.69091796875,243.408203125,41.259765625
0.3076171875,0.0828857421875,2.55419921875,-58.41064453125,200.50048828125,59.2041015625
0.3050537109375,0.0943603515625,2.295654296875,-68.9697265625,-57.6171875,72.8759765625
0.3223876953125,-0.0145263671875,1.9627685546875,-12.63427734375,-89.4775390625,56.45751953125
0.9569091796875,-0.2506103515625,1.648193359375,44.73876953125,-105.28564453125,-56.21337890625
1.0079345703125,-0.45263671875,1.281005859375,57.9833984375,-89.9658203125,12.6953125
1.0758056640625,-0.5540771484375,0.9400634765625,59.5703125,-130.92041015625,21.240234375
