0.2308349609375,-0.20654296875,0.970458984375,-1.708984375,-4.21142578125,-1.953125
0.2286376953125,-0.202880859375,0.9696044921875,-2.01416015625,-4.150390625,-1.5869140625
0.229248046875,-0.194091796875,0.96875,-2.50244140625,-4.2724609375,-1.46484375
0.2288818359375,-0.1912841796875,0.96826171875,-2.9296875,-4.57763671875,-1.3427734375
0.2301025390625,-0.1988525390625,0.9686279296875,-2.99072265625,-4.8828125,-1.03759765625
0.233154296875,-0.2039794921875,0.969482421875,-2.86865234375,-4.82177734375,-0.67138671875
0.235595703125,-0.202880859375,0.9696044921875,-2.62451171875,-4.21142578125,-0.42724609375
0.2379150390625,-0.2081298828125,0.96923828125,-2.3193359375,-3.173828125,-0.3662109375
0.2410888671875,-0.208251953125,0.9698486328125,-2.01416015625,-2.44140625,-0.3662109375
0.242919921875,-0.2034912109375,0.9718017578125,-1.64794921875,-2.44140625,-0.42724609375
0.2393798828125,-0.204345703125,0.971923828125,-1.0986328125,-2.62451171875,-0.30517578125
0.239501953125,-0.20458984375,0.97265625,-0.91552734375,-2.685546875,-0.1220703125
0.2431640625,-0.2061767578125,0.9749755859375,-0.8544921875,-2.5634765625,0.1220703125
0.2457275390625,-0.2064208984375,0.9735107421875,-0.67138671875,-1.8310546875,0.48828125
0.24560546875,-0.2066650390625,0.9718017578125,-0.48828125,-1.3427734375,0.79345703125
0.2435302734375,-0.205322265625,0.9697265625,-0.18310546875,-1.0986328125,0.732421875
0.2451171875,-0.205078125,0.96728515625,-0.3662109375,-0.8544921875,0.3662109375
0.2490234375,-0.2066650390625,0.9671630859375,-0.67138671875,-0.8544921875,0.30517578125
0.252685546875,-0.20703125,0.9666748046875,-0.6103515625,-0.91552734375,0.30517578125
0.2581787109375,-0.207275390625,0.96484375,-0.42724609375,-0.6103515625,0.244140625
0.2567138671875,-0.20556640625,0.9647216796875,-0.3662109375,-0.48828125,0.30517578125
0.24951171875,-0.2056884765625,0.9649658203125,-0.18310546875,-0.3662109375,0.1220703125
0.247802734375,-0.2080078125,0.9644775390625,-0.06103515625,-0.42724609375,0.0
0.2484130859375,-0.2061767578125,0.9642333984375,-0.06103515625,-0.30517578125,0.0
0.2491455078125,-0.2049560546875,0.9637451171875,-0.18310546875,0.18310546875,0.18310546875
0.2552490234375,-0.205810546875,0.963134765625,-0.06103515625,0.3662109375,-0.06103515625
0.253173828125,-0.2105712890625,0.9659423828125,0.244140625,0.3662109375,-0.18310546875
0.2528076171875,-0.211669921875,0.9683837890625,0.30517578125,-0.06103515625,-0.18310546875
0.251220703125,-0.2113037109375,0.9671630859375,-0.30517578125,-0.91552734375,-0.06103515625
0.248046875,-0.211181640625,0.9664306640625,-0.48828125,-0.79345703125,0.0
0.2493896484375,-0.2091064453125,0.966796875,-0.54931640625,-0.67138671875,0.06103515625
0.252197265625,-0.208740234375,0.966552734375,-0.6103515625,-0.6103515625,-0.244140625
0.2506103515625,-0.212646484375,0.9637451171875,-0.91552734375,-0.79345703125,-0.3662109375
0.2501220703125,-0.21044921875,0.965576171875,-1.3427734375,-2.01416015625,-0.54931640625
0.2510986328125,-0.208740234375,0.96240234375,-1.46484375,-2.44140625,-0.6103515625
0.253173828125,-0.20751953125,0.9647216796875,-1.220703125,-2.62451171875,-0.54931640625
0.251953125,-0.2083740234375,0.9654541015625,-1.03759765625,-2.50244140625,-0.48828125
0.251708984375,-0.206787109375,0.9625244140625,-1.0986328125,-2.3193359375,-0.42724609375
0.2506103515625,-0.209716796875,0.963134765625,-1.15966796875,-2.197265625,-0.3662109375
0.2408447265625,-0.208740234375,0.967041015625,-1.28173828125,-2.3193359375,-0.1220703125
0.2420654296875,-0.2061767578125,0.9681396484375,-1.3427734375,-1.953125,-0.06103515625
0.25146484375,-0.2054443359375,0.9676513671875,-1.15966796875,-1.28173828125,-0.06103515625
0.2501220703125,-0.2073974609375,0.9696044921875,-0.91552734375,-0.91552734375,-0.1220703125
0.2496337890625,-0.21044921875,0.970458984375,-0.79345703125,-0.732421875,-0.1220703125
0.2457275390625,-0.212158203125,0.9674072265625,-0.8544921875,-0.8544921875,0.06103515625
0.2425537109375,-0.2113037109375,0.9639892578125,-1.15966796875,-0.48828125,0.18310546875
0.2496337890625,-0.208984375,0.9620361328125,-1.40380859375,-0.48828125,0.30517578125
0.2528076171875,-0.2093505859375,0.962646484375,-1.220703125,-0.42724609375,0.3662109375
0.2550048828125,-0.209716796875,0.96533203125,-0.79345703125,-0.42724609375,0.54931640625
0.2559814453125,-0.208984375,0.962646484375,-0.48828125,-0.06103515625,0.8544921875
0.2542724609375,-0.208984375,0.96484375,-0.06103515625,0.3662109375,1.0986328125
0.2532958984375,-0.2091064453125,0.970703125,0.1220703125,0.42724609375,1.3427734375
0.254638671875,-0.2100830078125,0.9691162109375,0.244140625,0.6103515625,1.5869140625
0.2548828125,-0.211669921875,0.9669189453125,0.06103515625,0.79345703125,2.13623046875
0.25244140625,-0.2108154296875,0.9639892578125,-0.30517578125,0.67138671875,2.50244140625
0.2501220703125,-0.2109375,0.9632568359375,-0.732421875,0.9765625,2.86865234375
0.25390625,-0.2137451171875,0.9622802734375,-1.03759765625,1.28173828125,2.8076171875
0.2572021484375,-0.212158203125,0.9617919921875,-1.46484375,1.953125,2.25830078125
0.2576904296875,-0.2093505859375,0.9625244140625,-1.77001953125,2.86865234375,1.0986328125
0.2559814453125,-0.2093505859375,0.9647216796875,-1.77001953125,3.173828125,0.0
0.254638671875,-0.2095947265625,0.9669189453125,-1.220703125,2.197265625,-0.18310546875
0.2554931640625,-0.21044921875,0.970703125,-0.54931640625,1.220703125,-0.06103515625
0.2542724609375,-0.211181640625,0.9764404296875,-0.244140625,0.3662109375,-0.18310546875
0.2545166015625,-0.2103271484375,0.9747314453125,-0.18310546875,-0.42724609375,-0.30517578125
0.2557373046875,-0.211669921875,0.95654296875,0.18310546875,-0.67138671875,-0.18310546875
0.255859375,-0.2109375,0.947998046875,0.54931640625,-0.79345703125,0.1220703125
0.256103515625,-0.2117919921875,0.9591064453125,0.30517578125,-0.8544921875,0.3662109375
0.2579345703125,-0.2196044921875,0.96630859375,-0.06103515625,-0.91552734375,0.6103515625
0.262451171875,-0.21875,0.9654541015625,-0.3662109375,-0.732421875,0.79345703125
0.2652587890625,-0.212158203125,0.9637451171875,-0.54931640625,-0.244140625,0.8544921875
0.2611083984375,-0.2117919921875,0.9656982421875,-0.8544921875,-0.244140625,0.54931640625
0.240234375,-0.2095947265625,0.966796875,-1.0986328125,-0.42724609375,0.30517578125
0.218994140625,-0.211181640625,0.96484375,-1.28173828125,-0.6103515625,0.30517578125
0.2303466796875,-0.2144775390625,0.965087890625,-1.46484375,-0.3662109375,0.3662109375
0.248291015625,-0.2135009765625,0.967041015625,-0.30517578125,-0.244140625,0.3662109375
0.2469482421875,-0.2098388671875,0.967529296875,-0.1220703125,-0.06103515625,0.48828125
0.2454833984375,-0.2076416015625,0.966796875,-0.3662109375,-0.1220703125,0.6103515625
0.2496337890625,-0.2103271484375,0.9627685546875,-0.54931640625,-0.1220703125,0.6103515625
0.2513427734375,-0.2130126953125,0.9649658203125,-0.3662109375,-0.1220703125,0.79345703125
0.2501220703125,-0.212646484375,0.9644775390625,-0.18310546875,0.0,0.79345703125
0.2510986328125,-0.21240234375,0.965087890625,-0.67138671875,0.3662109375,0.91552734375
0.252685546875,-0.2171630859375,0.9666748046875,-1.0986328125,0.42724609375,1.03759765625
0.2506103515625,-0.214111328125,0.9661865234375,-1.46484375,0.42724609375,1.0986328125
0.2491455078125,-0.2161865234375,0.9637451171875,-1.40380859375,0.54931640625,1.0986328125
0.2474365234375,-0.217529296875,0.965087890625,-1.3427734375,0.67138671875,1.0986328125
0.25146484375,-0.2154541015625,0.967041015625,-1.28173828125,0.79345703125,0.9765625
0.252197265625,-0.214599609375,0.967529296875,-1.220703125,0.79345703125,0.54931640625
0.25048828125,-0.2142333984375,0.96826171875,-1.0986328125,0.3662109375,0.3662109375
0.2496337890625,-0.2139892578125,0.9677734375,-0.91552734375,0.06103515625,0.42724609375
0.2501220703125,-0.2152099609375,0.966552734375,-0.54931640625,0.0,0.42724609375
0.2489013671875,-0.216064453125,0.9664306640625,-0.30517578125,-0.1220703125,0.3662109375
0.2506103515625,-0.2166748046875,0.96337890625,-0.1220703125,-0.244140625,0.30517578125
0.251220703125,-0.2178955078125,0.9600830078125,-0.1220703125,-0.1220703125,0.18310546875
0.253173828125,-0.2176513671875,0.960693359375,-0.3662109375,-0.18310546875,0.1220703125
0.253173828125,-0.21728515625,0.9627685546875,-0.79345703125,-0.42724609375,0.0
0.251708984375,-0.2161865234375,0.9638671875,-1.03759765625,-0.6103515625,0.06103515625
0.2501220703125,-0.2164306640625,0.963134765625,-0.8544921875,-0.6103515625,0.1220703125
0.248779296875,-0.21923828125,0.963134765625,-0.732421875,-0.54931640625,0.244140625
0.24462890625,-0.2174072265625,0.9638671875,-0.42724609375,-0.48828125,0.48828125
0.2386474609375,-0.2159423828125,0.9637451171875,-0.42724609375,-0.54931640625,0.67138671875
0.2401123046875,-0.216796875,0.9644775390625,-0.54931640625,-0.79345703125,0.79345703125
0.245849609375,-0.2171630859375,0.9656982421875,-0.6103515625,-0.8544921875,1.3427734375
0.2462158203125,-0.2183837890625,0.966064453125,-0.54931640625,-0.30517578125,2.13623046875
0.245849609375,-0.219482421875,0.966552734375,-0.67138671875,0.67138671875,2.9296875
0.2467041015625,-0.2196044921875,0.9674072265625,-1.28173828125,2.01416015625,4.2724609375
0.246337890625,-0.21875,0.969482421875,-1.8310546875,5.43212890625,4.82177734375
0.244140625,-0.2181396484375,0.97314453125,-2.13623046875,7.8125,5.126953125
0.2440185546875,-0.217041015625,0.982666015625,-2.13623046875,13.48876953125,4.21142578125
0.2481689453125,-0.21728515625,0.983642578125,-0.54931640625,22.39990234375,1.953125
0.248046875,-0.2166748046875,0.99560546875,3.173828125,31.67724609375,0.54931640625
0.2484130859375,-0.216796875,1.0072021484375,10.43701171875,42.6025390625,-1.52587890625
0.2491455078125,-0.219482421875,1.0125732421875,18.24951171875,54.26025390625,-4.2724609375
0.249755859375,-0.2161865234375,1.0452880859375,24.35302734375,62.3779296875,-7.01904296875
0.253662109375,-0.2232666015625,1.061279296875,30.2734375,64.5751953125,-7.32421875
0.2657470703125,-0.244384765625,1.05322265625,33.14208984375,62.8662109375,-5.2490234375
0.2730712890625,-0.26220703125,1.0826416015625,32.77587890625,60.97412109375,-3.96728515625
0.2818603515625,-0.2789306640625,1.0615234375,30.1513671875,55.908203125,-3.41796875
0.2908935546875,-0.279541015625,1.0313720703125,27.7099609375,51.33056640625,-7.99560546875
0.2906494140625,-0.2462158203125,1.026611328125,25.69580078125,41.19873046875,-13.00048828125
0.3052978515625,-0.2117919921875,0.9931640625,24.2919921875,30.70068359375,-21.42333984375
0.3076171875,-0.2236328125,0.9625244140625,19.71435546875,22.0947265625,-27.2216796875
0.2806396484375,-0.22314453125,0.9368896484375,18.00537109375,17.88330078125,-23.3154296875
0.2696533203125,-0.1806640625,0.9384765625,16.17431640625,11.71875,-17.39501953125
0.3099365234375,-0.169921875,0.968994140625,11.53564453125,12.63427734375,-9.033203125
0.3133544921875,-0.2066650390625,0.957763671875,-5.4931640625,16.54052734375,0.54931640625
0.2679443359375,-0.2286376953125,0.9219970703125,-6.103515625,18.4326171875,10.009765625
0.2093505859375,-0.195068359375,0.8980712890625,-5.126953125,16.6015625,18.12744140625
0.1494140625,-0.0723876953125,0.9217529296875,-4.69970703125,15.2587890625,25.57373046875
0.1241455078125,-0.014404296875,0.9024658203125,-3.0517578125,18.37158203125,1.15966796875
0.09912109375,0.0174560546875,0.9300537109375,-2.44140625,24.90234375,2.3193359375
0.0853271484375,0.011962890625,0.9581298828125,-7.50732421875,8.6669921875,7.38525390625
0.091064453125,-0.16845703125,0.9744873046875,-29.6630859375,10.009765625,9.8876953125
0.0992431640625,-0.223876953125,0.96533203125,-31.43310546875,15.869140625,7.568359375
0.097412109375,-0.2545166015625,1.0006103515625,-23.74267578125,22.64404296875,5.37109375
0.154296875,-0.2679443359375,0.9107666015625,-14.404296875,19.4091796875,4.94384765625
0.1611328125,-0.25439453125,0.9578857421875,-10.7421875,6.28662109375,6.2255859375
0.1695556640625,-0.2169189453125,1.1065673828125,-14.16015625,0.48828125,7.01904296875
0.173095703125,-0.1807861328125,1.19873046875,-13.48876953125,0.8544921875,6.28662109375
0.154296875,-0.051513671875,1.165771484375,-13.73291015625,-3.662109375,5.0048828125
0.0823974609375,-0.19140625,0.9530029296875,-10.498046875,-5.18798828125,4.7607421875
-0.0587158203125,-0.4654541015625,0.8092041015625,-9.033203125,-0.91552734375,6.40869140625
-0.1170654296875,-0.5433349609375,0.8946533203125,-13.36669921875,-15.2587890625,7.38525390625
0.060302734375,-0.297119140625,0.998779296875,-17.333984375,-21.17919921875,6.591796875
0.190185546875,-0.0548095703125,1.029541015625,-22.52197265625,-29.1748046875,5.06591796875
0.19091796875,-0.045654296875,1.072998046875,-20.263671875,-40.83251953125,4.33349609375
0.0677490234375,-0.1552734375,1.09716796875,-20.01953125,-60.546875,-0.8544921875
-0.0670166015625,-0.180908203125,0.9254150390625,-20.6298828125,-80.99365234375,-6.40869140625
-0.1259765625,-0.1029052734375,0.9007568359375,-18.310546875,-83.0078125,1.15966796875
-0.029052734375,-0.0557861328125,0.8873291015625,-12.26806640625,-58.53271484375,5.79833984375
0.0814208984375,-0.09912109375,0.8443603515625,-15.5029296875,-23.01025390625,0.42724609375
0.091796875,-0.225830078125,0.7525634765625,-29.296875,-11.5966796875,0.91552734375
0.1541748046875,-0.3157958984375,0.762451171875,-25.0244140625,-0.48828125,1.52587890625
0.1995849609375,-0.330078125,1.0396728515625,-19.10400390625,3.84521484375,0.8544921875
0.0413818359375,-0.2958984375,1.469970703125,-24.658203125,0.06103515625,0.06103515625
0.0294189453125,-0.255615234375,1.4859619140625,-26.55029296875,-8.11767578125,-0.67138671875
0.0423583984375,-0.1871337890625,1.1116943359375,-21.97265625,-15.07568359375,-3.2958984375
0.0340576171875,-0.104248046875,0.8948974609375,-11.8408203125,-16.90673828125,-4.8828125
-0.01953125,-0.1495361328125,0.894775390625,-1.220703125,-14.6484375,-0.6103515625
-0.0643310546875,-0.303466796875,0.9283447265625,2.685546875,-5.4931640625,-0.67138671875
0.0540771484375,-0.292236328125,0.8848876953125,-8.48388671875,-12.39013671875,-2.8076171875
0.380615234375,-0.1942138671875,0.7950439453125,-20.8740234375,-15.9912109375,-3.173828125
0.4722900390625,-0.2528076171875,0.7965087890625,-14.404296875,-12.39013671875,-2.8076171875
0.219970703125,-0.2686767578125,1.079833984375,-13.7939453125,-21.97265625,-3.662109375
0.1300048828125,-0.288818359375,1.2763671875,-16.90673828125,-32.5927734375,-4.2724609375
0.1226806640625,-0.315673828125,1.091796875,-9.3994140625,-34.0576171875,-5.31005859375
0.094970703125,-0.3109130859375,0.888916015625,-1.953125,-32.8369140625,-7.2021484375
0.069580078125,-0.28369140625,0.8389892578125,2.9296875,-35.400390625,-7.38525390625
0.04296875,-0.278076171875,0.992919921875,3.173828125,-36.92626953125,-4.33349609375
0.0484619140625,-0.283447265625,0.9451904296875,3.47900390625,-33.5693359375,-1.89208984375
0.1639404296875,-0.2506103515625,0.8687744140625,5.06591796875,-27.16064453125,-0.42724609375
0.3223876953125,-0.23974609375,0.8336181640625,5.0048828125,-24.7802734375,0.06103515625
0.2313232421875,-0.3380126953125,0.871826171875,3.35693359375,-24.5361328125,0.18310546875
0.0810546875,-0.347900390625,0.946533203125,2.5634765625,-22.3388671875,-0.732421875
0.0810546875,-0.32080078125,0.998291015625,1.89208984375,-20.8740234375,-2.0751953125
0.1505126953125,-0.2978515625,1.0084228515625,0.91552734375,-20.263671875,-3.7841796875
0.1339111328125,-0.31005859375,0.989501953125,0.79345703125,-20.32470703125,-6.7138671875
0.134765625,-0.324951171875,0.9677734375,1.89208984375,-21.8505859375,-9.82666015625
0.1318359375,-0.275390625,0.9532470703125,3.41796875,-23.13232421875,-13.61083984375
0.1143798828125,-0.251220703125,0.9552001953125,4.94384765625,-23.5595703125,-17.51708984375
0.1402587890625,-0.291015625,0.9625244140625,6.2255859375,-25.0244140625,-20.32470703125
0.228271484375,-0.29443359375,0.961181640625,7.32421875,-25.08544921875,-21.6064453125
0.2725830078125,-0.2891845703125,0.9637451171875,8.9111328125,-23.86474609375,-21.484375
0.2412109375,-0.309326171875,0.970947265625,9.33837890625,-21.91162109375,-20.81298828125
0.2159423828125,-0.315673828125,0.97705078125,7.14111328125,-21.3623046875,-19.47021484375
0.220458984375,-0.306640625,0.980224609375,2.3193359375,-22.216796875,-20.08056640625
0.2191162109375,-0.294921875,0.9754638671875,-2.62451171875,-25.634765625,-21.1181640625
0.2086181640625,-0.2928466796875,0.9742431640625,-5.55419921875,-32.2265625,-23.681640625
0.1937255859375,-0.2945556640625,0.9913330078125,-9.09423828125,-42.48046875,-27.7099609375
0.181640625,-0.2921142578125,1.0181884765625,-13.0615234375,-55.2978515625,-35.33935546875
0.2012939453125,-0.29052734375,1.0428466796875,-17.02880859375,-72.81494140625,-36.56005859375
0.2147216796875,-0.2808837890625,1.067138671875,-20.751953125,-91.064453125,-23.25439453125
0.2095947265625,-0.2620849609375,1.0889892578125,-22.94921875,-111.2060546875,-16.6015625
0.225830078125,-0.268798828125,1.096923828125,-25.81787109375,-156.55517578125,-17.63916015625
0.248779296875,-0.2659912109375,1.107421875,-25.146484375,-196.1669921875,-12.0849609375
0.257080078125,-0.25390625,1.1273193359375,-23.25439453125,-213.80615234375,-13.18359375
0.2889404296875,-0.2523193359375,1.118896484375,-21.91162109375,-241.14990234375,-46.5087890625
0.30322265625,-0.256103515625,1.16748046875,-22.76611328125,-283.75244140625,-76.72119140625
0.2860107421875,-0.2667236328125,1.27294921875,-24.71923828125,-327.69775390625,-71.533203125
0.256103515625,-0.3084716796875,1.2213134765625,-52.91748046875,-352.35595703125,-59.6923828125
0.2625732421875,-0.33349609375,1.1552734375,-87.40234375,-278.4423828125,-47.30224609375
0.253173828125,-0.2274169921875,1.285888671875,-112.548828125,-223.2666015625,-65.49072265625
0.2138671875,-0.1748046875,1.5103759765625,-49.31640625,-118.7744140625,-88.92822265625
0.1845703125,-0.21630859375,1.829833984375,1.5869140625,31.43310546875,-97.2900390625
-0.027587890625,-0.1529541015625,1.9549560546875,59.87548828125,58.837890625,-100.7080078125
-0.128662109375,-0.0299072265625,1.8841552734375,-0.9765625,70.49560546875,-93.56689453125
-0.0909423828125,-0.2349853515625,2.0972900390625,-1.77001953125,82.6416015625,-80.26123046875
-0.10302734375,-0.6583251953125,3.043701171875,24.169921875,101.13525390625,-64.51416015625
0.108154296875,-0.6463623046875,2.763427734375,47.36328125,127.25830078125,-48.583984375
0.4017333984375,-0.5130615234375,1.620361328125,61.70654296875,157.5927734375,-35.2783203125
0.53564453125,-0.5340576171875,1.202392578125,69.7021484375,182.2509765625,-25.5126953125
0.3280029296875,-0.43798828125,1.2276611328125,70.37353515625,200.5615234375,-19.22607421875
0.1673583984375,-0.0521240234375,1.2518310546875,65.85693359375,212.5244140625,-13.427734375
-0.017333984375,-0.0867919921875,1.2987060546875,57.373046875,219.54345703125,-8.72802734375
-0.227783203125,-0.274658203125,1.2884521484375,45.5322265625,225.09765625,-5.126953125
-0.131591796875,-0.366943359375,1.152587890625,34.66796875,229.4921875,-3.173828125
-1.0081787109375,-0.45849609375,0.980224609375,27.83203125,236.2060546875,-1.708984375
-1.09814453125,-0.5245361328125,0.858642578125,25.634765625,242.24853515625,1.8310546875
-0.9423828125,-0.521484375,0.8009033203125,26.18408203125,241.76025390625,5.615234375
-0.835693359375,-0.477783203125,0.8275146484375,26.2451171875,240.66162109375,10.1318359375
-0.728759765625,-0.420654296875,0.9320068359375,25.634765625,242.3095703125,14.892578125
-0.6427001953125,-0.36865234375,1.0352783203125,18.1884765625,243.10302734375,19.59228515625
-0.5863037109375,-0.33349609375,1.12451171875,4.2724609375,240.966796875,25.57373046875
-0.5125732421875,-0.3223876953125,1.2021484375,-10.68115234375,238.09814453125,30.70068359375
-0.42236328125,-0.337158203125,1.2259521484375,-24.59716796875,235.77880859375,34.5458984375
-0.322021484375,-0.3585205078125,1.2474365234375,-32.16552734375,232.11669921875,37.353515625
-0.22265625,-0.37158203125,1.2874755859375,-33.63037109375,232.177734375,59.6923828125
-0.1385498046875,-0.3372802734375,1.3477783203125,-29.296875,231.4453125,74.951171875
-0.067138671875,-0.261474609375,1.464599609375,-22.39990234375,204.1015625,83.740234375
-0.0191650390625,-0.1966552734375,1.6112060546875,-19.53125,195.3125,67.7490234375
0.009033203125,-0.1644287109375,1.74658203125,-1.28173828125,101.806640625,85.5712890625
0.048828125,-0.170654296875,1.844482421875,2.99072265625,90.39306640625,101.5625
0.0926513671875,-0.1951904296875,1.9207763671875,36.19384765625,225.2197265625,115.1123046875
0.1033935546875,-0.2225341796875,2.10302734375,37.90283203125,267.76123046875,120.42236328125
0.0997314453125,-0.2513427734375,2.2640380859375,-43.15185546875,170.7763671875,35.400390625
0.1336669921875,-0.2742919921875,2.3826904296875,-59.326171875,11.16943359375,28.564453125
0.1734619140625,-0.3095703125,1.770751953125,-50.84228515625,-2.8076171875,40.34423828125
0.211181640625,-0.719970703125,1.271484375,3.60107421875,-40.58837890625,108.88671875
0.2515869140625,-0.6954345703125,2.15771484375,-16.66259765625,-106.38427734375,22.27783203125
0.2724609375,-0.5811767578125,1.3887939453125,-40.283203125,-157.65380859375,-30.09033203125
0.5684814453125,-0.292724609375,-0.3565673828125,-51.81884765625,31.67724609375,-54.87060546875
0.770751953125,-0.0631103515625,-0.3668212890625,8.9111328125,16.90673828125,-44.73876953125
1.1060791015625,-0.6138916015625,-0.3731689453125,17.333984375,-92.10205078125,-29.84619140625
1.6397705078125,-0.6072998046875,-0.7427978515625,-8.544921875,-174.98779296875,-33.75244140625
2.1116943359375,-0.5404052734375,-0.0030517578125,3.41796875,-181.57958984375,-43.64013671875
2.3375244140625,0.1090087890625,1.4598388671875,-20.751953125,-156.18896484375,0.6103515625
2.390380859375,-0.1597900390625,1.0177001953125,-45.34912109375,-153.25927734375,10.55908203125
2.9942626953125,-0.602294921875,0.1134033203125,-65.5517578125,-174.62158203125,3.90625
3.18310546875,-0.83935546875,0.24951171875,-74.52392578125,-169.73876953125,-8.544921875
2.759521484375,-0.060791015625,1.213623046875,-46.630859375,-150.08544921875,-13.7939453125
2.19873046875,0.955322265625,2.0853271484375,-21.78955078125,-127.38037109375,-5.67626953125
1.42919921875,0.8299560546875,2.1575927734375,-14.404296875,-119.81201171875,-6.77490234375
0.422119140625,0.699951171875,1.973388671875,-13.3056640625,-128.84521484375,-2.197265625
-1.5411376953125,0.328125,1.73291015625,-4.39453125,-106.201171875,7.9345703125
-0.7628173828125,0.0029296875,1.604736328125,17.9443359375,-76.416015625,8.7890625
0.15771484375,-0.4345703125,1.578369140625,-1.953125,-67.138671875,7.568359375
0.732177734375,-0.8509521484375,1.4698486328125,-26.611328125,-68.7255859375,8.9111328125
0.6156005859375,-0.4541015625,1.2894287109375,-36.9873046875,-62.98828125,8.23974609375
0.4840087890625,0.0057373046875,1.1248779296875,-35.94970703125,-54.13818359375,7.6904296875
0.3861083984375,-0.077392578125,1.068115234375,-38.9404296875,-49.6826171875,7.4462890625
0.533935546875,-0.406982421875,1.1552734375,-43.3349609375,-46.81396484375,7.01904296875
0.5771484375,-0.14892578125,1.1717529296875,-43.76220703125,-45.0439453125,4.57763671875
0.4464111328125,-0.0250244140625,1.1083984375,-36.80419921875,-44.921875,2.8076171875
0.3564453125,-0.1873779296875,1.0577392578125,-26.85546875,-19.6533203125,1.0986328125
0.2193603515625,-0.19287109375,1.055419921875,-20.99609375,-6.28662109375,-0.3662109375
0.3001708984375,-0.096923828125,1.10498046875,-8.6669921875,-3.35693359375,-0.8544921875
0.231201171875,-0.1302490234375,1.112548828125,-2.99072265625,-3.47900390625,-0.9765625
0.1705322265625,-0.17529296875,1.033447265625,-0.48828125,-3.60107421875,-1.5869140625
0.2257080078125,-0.1761474609375,0.98095703125,-2.5634765625,-6.4697265625,-1.953125
0.24365234375,-0.2005615234375,0.964111328125,-6.89697265625,-9.58251953125,-2.86865234375
0.214599609375,-0.2275390625,0.939453125,-9.21630859375,-12.02392578125,-3.60107421875
0.2064208984375,-0.2371826171875,0.931640625,-12.02392578125,-13.85498046875,-4.39453125
0.215576171875,-0.271484375,0.9354248046875,-13.671875,-16.357421875,-5.31005859375
0.2200927734375,-0.2703857421875,0.9320068359375,-14.5263671875,-20.751953125,-6.9580078125
0.2239990234375,-0.245361328125,0.9356689453125,-14.70947265625,-19.53125,-8.7890625
0.274658203125,-0.2296142578125,0.944091796875,-12.26806640625,-15.380859375,-6.9580078125
0.2568359375,-0.2445068359375,0.9532470703125,-7.50732421875,-15.0146484375,-5.7373046875
0.2005615234375,-0.2530517578125,0.969482421875,3.90625,-13.85498046875,-4.57763671875
0.1895751953125,-0.252197265625,0.973876953125,7.99560546875,-13.12255859375,-4.0283203125
0.19482421875,-0.255126953125,0.964599609375,9.09423828125,-12.26806640625,-3.11279296875
0.1815185546875,-0.252197265625,0.95654296875,8.30078125,-11.5966796875,-2.0751953125
0.18017578125,-0.2479248046875,0.965087890625,7.32421875,-9.82666015625,-1.46484375
0.194580078125,-0.2735595703125,0.962158203125,6.53076171875,-8.48388671875,-1.708984375
0.2020263671875,-0.2880859375,0.960205078125,4.69970703125,-7.9345703125,-2.0751953125
0.21044921875,-0.275390625,0.9544677734375,2.99072265625,-7.75146484375,-3.23486328125
0.2449951171875,-0.250732421875,0.9521484375,0.67138671875,-7.38525390625,-4.69970703125
0.2587890625,-0.23974609375,0.953369140625,-1.220703125,-7.6904296875,-5.43212890625
0.2431640625,-0.2403564453125,0.9522705078125,-2.8076171875,-7.87353515625,-5.615234375
0.246337890625,-0.245849609375,0.9498291015625,-3.0517578125,-7.62939453125,-6.40869140625
0.2730712890625,-0.2423095703125,0.9454345703125,-3.0517578125,-8.11767578125,-7.14111328125
0.271240234375,-0.2352294921875,0.9422607421875,-1.708984375,-9.82666015625,-6.40869140625
0.2711181640625,-0.235107421875,0.9429931640625,-0.42724609375,-11.77978515625,-6.8359375
0.271240234375,-0.2391357421875,0.943115234375,0.9765625,-12.26806640625,-8.544921875
0.28076171875,-0.2427978515625,0.9478759765625,2.01416015625,-13.427734375,-10.3759765625
0.278076171875,-0.2509765625,0.9556884765625,2.0751953125,-15.9912109375,-11.962890625
0.2666015625,-0.2584228515625,0.953125,1.3427734375,-19.775390625,-12.939453125
0.263916015625,-0.2679443359375,0.9510498046875,-0.54931640625,-24.7802734375,-14.70947265625
0.2596435546875,-0.26611328125,0.959228515625,-3.35693359375,-31.79931640625,-23.62060546875
0.251220703125,-0.2564697265625,0.974853515625,-5.79833984375,-49.6826171875,-37.78076171875
0.2611083984375,-0.2655029296875,0.9932861328125,-9.1552734375,-62.3779296875,-42.48046875
0.2750244140625,-0.2437744140625,1.0135498046875,-18.5546875,-93.44482421875,-42.1142578125
0.2686767578125,-0.2347412109375,1.03173828125,-23.01025390625,-110.65673828125,-49.8046875
0.2626953125,-0.251220703125,1.040771484375,-25.20751953125,-194.9462890625,-58.04443359375
0.2664794921875,-0.2479248046875,1.064453125,-26.4892578125,-231.75048828125,-62.1337890625
0.280517578125,-0.2525634765625,1.0863037109375,-20.751953125,-250.732421875,-58.7158203125
0.2845458984375,-0.2374267578125,1.0970458984375,-17.15087890625,-278.076171875,-91.97998046875
0.2720947265625,-0.2156982421875,1.1004638671875,-5.0048828125,-315.673828125,-110.16845703125
0.2841796875,-0.27783203125,1.29345703125,-0.06103515625,-358.5205078125,-106.01806640625
0.2811279296875,-0.3050537109375,1.1917724609375,-13.12255859375,-361.87744140625,-93.3837890625
0.2733154296875,-0.2784423828125,1.256591796875,-31.79931640625,-320.98388671875,-61.5234375
0.26611328125,-0.283203125,1.3331298828125,-19.10400390625,-279.84619140625,-28.99169921875
0.1868896484375,-0.3265380859375,1.5999755859375,16.05224609375,-241.3330078125,-38.14697265625
0.29638671875,-0.422119140625,2.0667724609375,64.51416015625,-130.18798828125,-49.9267578125
0.260498046875,-0.3173828125,2.3785400390625,131.8359375,-46.08154296875,-59.99755859375
-0.0770263671875,-0.058837890625,2.3624267578125,202.33154296875,1.5869140625,-68.42041015625
-0.04736328125,-0.305908203125,2.020263671875,119.62890625,31.25,-65.97900390625
-0.1046142578125,-0.918701171875,2.257568359375,19.1650390625,55.11474609375,-57.9833984375
0.1976318359375,-0.9659423828125,3.339111328125,-8.30078125,65.7958984375,-46.44775390625
0.48583984375,-0.650146484375,3.778564453125,0.48828125,79.7119140625,-33.3251953125
0.6494140625,-0.8192138671875,2.7054443359375,15.56396484375,101.4404296875,-11.23046875
0.669921875,-0.9080810546875,1.3951416015625,18.73779296875,125.1220703125,-5.615234375
0.4771728515625,-0.3836669921875,1.0157470703125,22.64404296875,170.166015625,-2.99072265625
0.2838134765625,-0.2322998046875,0.99609375,21.97265625,185.9130859375,-1.28173828125
-0.04541015625,-0.2852783203125,0.9342041015625,10.43701171875,198.79150390625,4.69970703125
-0.4354248046875,-0.3043212890625,0.9776611328125,1.953125,209.89990234375,6.89697265625
0.124755859375,-0.532958984375,1.0048828125,-9.1552734375,227.294921875,8.9111328125
-0.2061767578125,-0.565185546875,0.950927734375,-18.5546875,232.666015625,10.68115234375
-1.1798095703125,-0.5340576171875,0.9283447265625,-22.76611328125,245.7275390625,17.88330078125
-1.074462890625,-0.5653076171875,0.9063720703125,-18.1884765625,243.0419921875,23.49853515625
-1.0526123046875,-0.531494140625,0.909912109375,-12.5732421875,248.1689453125,31.18896484375
-0.9935302734375,-0.40576171875,0.970458984375,-19.287109375,249.81689453125,48.52294921875
-0.8673095703125,-0.3365478515625,1.1767578125,-34.85107421875,251.52587890625,53.955078125
-0.748046875,-0.2823486328125,1.3399658203125,-49.13330078125,256.77490234375,58.89892578125
-0.527587890625,-0.2476806640625,1.37060546875,-58.7158203125,254.2724609375,61.279296875
-0.41748046875,-0.2340087890625,1.37060546875,-59.38720703125,254.0283203125,62.3779296875
-0.3167724609375,-0.2540283203125,1.4154052734375,-51.8798828125,248.96240234375,64.94140625
-0.23291015625,-0.1678466796875,1.5035400390625,-39.24560546875,243.2861328125,71.59423828125
-0.1693115234375,-0.0750732421875,1.8731689453125,-26.06201171875,249.08447265625,37.78076171875
-0.048828125,-0.004150390625,2.0048828125,-16.29638671875,186.5234375,33.99658203125
0.0311279296875,0.000244140625,2.0916748046875,-7.6904296875,105.04150390625,60.72998046875
0.070068359375,0.0013427734375,2.171875,23.193359375,215.8203125,49.1943359375
0.1055908203125,-0.058837890625,2.219482421875,88.37890625,359.31396484375,50.35400390625
0.128662109375,-0.1002197265625,2.329833984375,42.54150390625,356.3232421875,59.08203125
0.1619873046875,-0.126953125,2.914306640625,-30.94482421875,267.88330078125,63.90380859375
0.250732421875,-0.1500244140625,2.769287109375,-46.38671875,191.5283203125,54.0771484375
0.29736328125,-0.150634765625,1.849853515625,-58.16650390625,143.12744140625,36.80419921875
0.3294677734375,-0.07421875,1.9132080078125,-59.4482421875,120.2392578125,6.89697265625
0.4044189453125,-0.3271484375,2.3052978515625,-39.61181640625,102.05078125,9.521484375
0.5081787109375,-0.456787109375,2.0693359375,-13.12255859375,43.64013671875,20.5078125
0.60302734375,-0.03857421875,1.490478515625,-5.06591796875,0.30517578125,30.57861328125
0.6798095703125,0.03662109375,0.8758544921875,-28.9306640625,-38.2080078125,44.49462890625
1.0079345703125,-0.0399169921875,0.3447265625,-32.65380859375,-61.1572265625,18.61572265625
1.4290771484375,-0.0657958984375,-0.026123046875,-20.3857421875,-70.73974609375,-48.4619140625
1.5135498046875,-0.2652587890625,-0.4368896484375,1.28173828125,-0.8544921875,-23.8037109375
1.5067138671875,-0.3507080078125,-0.4376220703125,46.630859375,-107.5439453125,-0.30517578125
1.69140625,-0.17236328125,-0.2901611328125,32.71484375,-190.91796875,-40.0390625
2.0147705078125,0.1058349609375,-0.0718994140625,11.1083984375,-221.19140625,-46.81396484375
2.386474609375,0.201171875,-0.0687255859375,-8.60595703125,-184.75341796875,-15.5029296875
2.8070068359375,-0.033203125,1.7333984375,-21.30126953125,-189.39208984375,18.61572265625
3.15966796875,-0.3046875,0.4637451171875,-40.4052734375,-180.6640625,26.42822265625
3.3970947265625,-0.4517822265625,0.180419921875,-33.935546875,-169.12841796875,7.14111328125
3.2149658203125,-0.302734375,0.8873291015625,-32.53173828125,-162.2314453125,-15.380859375
2.9151611328125,0.1209716796875,2.1279296875,-24.2919921875,-157.470703125,-16.29638671875
2.6341552734375,0.37744140625,1.8848876953125,-7.2021484375,-166.44287109375,-2.197265625
1.7779541015625,0.4241943359375,1.8035888671875,-4.0283203125,-172.119140625,-6.28662109375
-1.2763671875,0.4539794921875,1.735595703125,-5.7373046875,-156.982421875,-19.6533203125
-0.9901123046875,0.4189453125,1.630859375,-2.197265625,-142.27294921875,-9.33837890625
0.0103759765625,-0.4691162109375,1.542236328125,2.74658203125,-141.05224609375,7.9345703125
0.6536865234375,-1.15283203125,1.5162353515625,-10.80322265625,-117.37060546875,7.50732421875
0.38330078125,-0.9969482421875,1.526123046875,-21.484375,-87.82958984375,7.14111328125
0.4349365234375,-0.1552734375,1.351806640625,-44.73876953125,-77.81982421875,9.521484375
0.2847900390625,0.4073486328125,1.3173828125,-67.93212890625,-81.60400390625,7.38525390625
0.3565673828125,0.0682373046875,1.2646484375,-70.61767578125,-71.22802734375,4.5166015625
0.505126953125,-0.5391845703125,1.0545654296875,-62.07275390625,-52.978515625,3.41796875
0.406494140625,-0.476806640625,1.133056640625,-50.29296875,-41.93115234375,3.23486328125
0.2366943359375,0.010986328125,1.2578125,-38.6962890625,-39.4287109375,3.11279296875
0.2890625,0.02490234375,1.210205078125,-24.35302734375,-39.97802734375,3.2958984375
0.4609375,-0.2283935546875,1.1358642578125,-11.90185546875,-37.78076171875,2.5634765625
0.39501953125,-0.1949462890625,1.0830078125,-6.77490234375,-31.31103515625,1.220703125
0.2685546875,-0.105712890625,1.060791015625,-6.77490234375,-22.76611328125,0.06103515625
0.260009765625,-0.2001953125,1.06689453125,-7.26318359375,-16.7236328125,-0.54931640625
0.2509765625,-0.2559814453125,1.034912109375,-7.4462890625,-11.962890625,-1.3427734375
0.2254638671875,-0.2265625,0.9866943359375,-7.2021484375,-7.568359375,-1.77001953125
0.24755859375,-0.2470703125,0.9478759765625,-7.4462890625,-5.31005859375,-1.77001953125
0.25830078125,-0.25341796875,0.9368896484375,-7.4462890625,-4.5166015625,-1.40380859375
0.2523193359375,-0.23681640625,0.9361572265625,-7.38525390625,-4.150390625,-1.220703125
0.243896484375,-0.2520751953125,0.937255859375,-8.7890625,-4.638671875,-1.03759765625
0.2447509765625,-0.26171875,0.9456787109375,-11.65771484375,-5.37109375,-3.23486328125
0.245361328125,-0.2647705078125,0.9490966796875,-15.19775390625,-6.4697265625,-5.0048828125
0.2506103515625,-0.2755126953125,0.954345703125,-15.93017578125,-8.30078125,-7.568359375
0.254638671875,-0.275634765625,0.9625244140625,-14.16015625,-9.033203125,-7.87353515625
0.2530517578125,-0.2762451171875,0.9527587890625,0.0,-10.68115234375,-7.4462890625
0.244873046875,-0.2752685546875,0.9539794921875,4.638671875,-10.92529296875,-6.34765625
0.2449951171875,-0.266357421875,0.9549560546875,7.87353515625,-10.92529296875,-5.06591796875
0.2509765625,-0.264404296875,0.9447021484375,8.9111328125,-11.53564453125,-3.84521484375
0.2451171875,-0.2587890625,0.9390869140625,9.46044921875,-11.962890625,-2.9296875
0.244873046875,-0.2655029296875,0.9366455078125,8.7890625,-11.23046875,-2.01416015625
0.2574462890625,-0.26806640625,0.9447021484375,7.50732421875,-10.07080078125,-1.3427734375
0.2471923828125,-0.27001953125,0.949951171875,5.79833984375,-8.7890625,-0.91552734375
0.2496337890625,-0.301513671875,0.9515380859375,3.41796875,-8.4228515625,-0.8544921875
0.25341796875,-0.290283203125,0.9525146484375,1.15966796875,-8.48388671875,-2.01416015625
0.23583984375,-0.2703857421875,0.9437255859375,-0.8544921875,-8.85009765625,-3.2958984375
0.253173828125,-0.251220703125,0.9342041015625,-2.25830078125,-9.82666015625,-3.84521484375
0.247314453125,-0.24755859375,0.932373046875,-2.25830078125,-10.25390625,-4.08935546875
0.2576904296875,-0.2493896484375,0.935302734375,-1.8310546875,-11.1083984375,-6.89697265625
0.2652587890625,-0.2490234375,0.9404296875,-1.3427734375,-12.26806640625,-8.23974609375
0.2694091796875,-0.253173828125,0.9359130859375,0.18310546875,-18.5546875,-10.80322265625
0.2779541015625,-0.2596435546875,0.930419921875,1.77001953125,-23.13232421875,-9.09423828125
0.28173828125,-0.2607421875,0.9339599609375,-1.64794921875,-34.72900390625,-12.0849609375
0.27880859375,-0.2630615234375,0.94287109375,-5.126953125,-40.83251953125,-18.9208984375
0.2764892578125,-0.275390625,0.9547119140625,-11.77978515625,-50.9033203125,-26.4892578125
0.27392578125,-0.2789306640625,1.013427734375,-15.380859375,-65.12451171875,-34.60693359375
0.27734375,-0.2757568359375,1.019775390625,-19.1650390625,-81.84814453125,-31.73828125
0.268310546875,-0.271728515625,1.020751953125,-21.91162109375,-137.451171875,-35.82763671875
0.253173828125,-0.266357421875,1.032958984375,-24.10888671875,-176.025390625,-43.3349609375
0.2606201171875,-0.2625732421875,1.052490234375,-25.7568359375,-200.927734375,-54.01611328125
0.2747802734375,-0.2470703125,1.07275390625,-20.8740234375,-218.07861328125,-59.38720703125
0.2847900390625,-0.2518310546875,1.0831298828125,-15.9912109375,-251.953125,-67.7490234375
0.3045654296875,-0.2427978515625,1.1883544921875,-13.73291015625,-293.39599609375,-93.26171875
0.2763671875,-0.2783203125,1.2347412109375,-22.0947265625,-344.78759765625,-105.95703125
0.2906494140625,-0.31640625,1.1513671875,-27.52685546875,-391.29638671875,-102.6611328125
0.2938232421875,-0.315673828125,1.16357421875,-55.48095703125,-391.7236328125,-91.064453125
0.251953125,-0.2457275390625,1.220458984375,-68.17626953125,-342.4072265625,-70.1904296875
0.2132568359375,-0.2769775390625,1.3106689453125,-63.4765625,-295.2880859375,-54.5654296875
0.269287109375,-0.33203125,1.6746826171875,-43.212890625,-214.599609375,-73.79150390625
-0.033447265625,-0.359130859375,2.1163330078125,26.85546875,-87.21923828125,-93.1396484375
-0.163818359375,-0.2811279296875,2.2235107421875,113.1591796875,-11.3525390625,-108.09326171875
-0.16943359375,-0.0987548828125,2.123779296875,176.7578125,41.50390625,-103.82080078125
-0.0347900390625,-0.3895263671875,1.78759765625,79.04052734375,72.69287109375,-98.6328125
0.240234375,-0.85986328125,2.2330322265625,11.16943359375,90.2099609375,-84.53369140625
0.47998046875,-0.6868896484375,3.46728515625,-17.2119140625,102.783203125,-65.00244140625
0.7835693359375,-0.5782470703125,3.9412841796875,-3.96728515625,106.5673828125,-47.119140625
0.7381591796875,-0.81201171875,3.050048828125,19.34814453125,121.337890625,-27.7099609375
0.4583740234375,-0.4991455078125,1.5745849609375,33.203125,144.47021484375,-11.04736328125
0.3687744140625,0.107421875,0.92236328125,36.68212890625,165.83251953125,1.64794921875
0.5772705078125,-0.0673828125,0.8538818359375,32.958984375,182.55615234375,11.16943359375
-0.0067138671875,-0.297607421875,0.782958984375,25.2685546875,194.39697265625,19.10400390625
-0.263916015625,-0.22705078125,0.8011474609375,13.7939453125,203.2470703125,28.564453125
0.8367919921875,-0.4825439453125,0.8592529296875,2.685546875,211.7919921875,25.08544921875
0.25439453125,-0.65771484375,0.8441162109375,-5.615234375,244.93408203125,21.484375
-1.144287109375,-0.673095703125,0.81005859375,-11.16943359375,256.591796875,17.578125
-1.074462890625,-0.68115234375,0.8028564453125,-2.685546875,266.78466796875,14.83154296875
-0.860595703125,-0.654052734375,0.8494873046875,4.39453125,260.92529296875,18.37158203125
-0.887939453125,-0.573486328125,0.950439453125,3.173828125,255.7373046875,26.4892578125
-0.795654296875,-0.50146484375,1.2899169921875,-4.33349609375,264.58740234375,33.14208984375
-0.6846923828125,-0.447509765625,1.3172607421875,-13.3056640625,265.380859375,38.26904296875
-0.6041259765625,-0.400146484375,1.3236083984375,-23.8037109375,260.6201171875,40.71044921875
-0.5225830078125,-0.35107421875,1.37451171875,-33.26416015625,252.3193359375,38.818359375
-0.4361572265625,-0.188232421875,1.3812255859375,-38.0859375,234.55810546875,37.41455078125
-0.3389892578125,-0.1043701171875,1.37646484375,-38.75732421875,238.28125,34.7900390625
-0.234375,-0.0147705078125,1.4468994140625,-20.1416015625,238.525390625,41.68701171875
0.0299072265625,0.03076171875,1.5159912109375,-8.056640625,246.4599609375,6.04248046875
0.0845947265625,0.0302734375,1.5980224609375,-1.15966796875,197.8759765625,5.43212890625
0.120849609375,0.0126953125,1.897216796875,1.64794921875,105.3466796875,45.83740234375
0.1541748046875,-0.019775390625,2.1287841796875,20.6298828125,205.2001953125,43.5791015625
0.2056884765625,-0.0499267578125,2.3787841796875,85.99853515625,353.08837890625,52.18505859375
0.2298583984375,-0.0634765625,2.5078125,38.02490234375,364.19677734375,67.81005859375
0.2298583984375,-0.1187744140625,3.016845703125,-36.0107421875,284.0576171875,86.42578125
0.25244140625,-0.1470947265625,2.80078125,-59.99755859375,210.14404296875,93.44482421875
0.2772216796875,-0.1585693359375,1.683349609375,-87.890625,158.75244140625,85.14404296875
0.41162109375,-0.1099853515625,1.6240234375,-91.9189453125,123.96240234375,61.70654296875
0.4735107421875,-0.412109375,2.06591796875,-58.837890625,95.15380859375,39.61181640625
0.5736083984375,-0.6204833984375,1.9971923828125,-12.5732421875,73.05908203125,30.3955078125
0.71240234375,-0.294189453125,1.6328125,12.939453125,50.4150390625,36.7431640625
0.7823486328125,-0.1981201171875,1.0870361328125,0.67138671875,19.83642578125,53.03955078125
1.0384521484375,0.013671875,0.4864501953125,-36.92626953125,-11.962890625,72.265625
1.3785400390625,0.120361328125,0.0391845703125,-69.64111328125,-39.85595703125,86.5478515625
1.4970703125,-0.3226318359375,-0.237548828125,-79.77294921875,-59.2041015625,92.041015625
1.5084228515625,-0.6705322265625,-0.36572265625,-69.2138671875,-69.091796875,52.91748046875
1.59228515625,-0.5849609375,-0.3516845703125,-49.74365234375,-38.330078125,-1.46484375
1.8492431640625,-0.1475830078125,-0.2314453125,-32.16552734375,3.35693359375,-38.87939453125
2.1597900390625,0.24755859375,-0.0753173828125,-9.33837890625,-37.59765625,-39.9169921875
2.4608154296875,0.309326171875,0.148681640625,-5.79833984375,-121.64306640625,-39.4287109375
2.8240966796875,0.037109375,0.4842529296875,12.14599609375,-173.583984375,-48.52294921875
3.135498046875,-0.3935546875,1.3551025390625,15.5029296875,-189.8193359375,-58.2275390625
3.2000732421875,-0.759765625,1.6854248046875,-2.50244140625,-184.9365234375,-48.583984375
3.03515625,-0.8702392578125,0.9215087890625,-15.13671875,-178.89404296875,-13.18359375
2.7401123046875,-0.621826171875,0.3255615234375,-28.80859375,-172.7294921875,17.822265625
2.40966796875,-0.2464599609375,0.37158203125,-39.306640625,-168.39599609375,18.4326171875
2.1282958984375,0.200927734375,0.8450927734375,-31.005859375,-162.17041015625,-13.18359375
1.2001953125,0.7972412109375,1.441162109375,-16.2353515625,-151.55029296875,-3.7841796875
-0.199462890625,1.159423828125,1.982177734375,-5.859375,-147.3388671875,5.9814453125
-1.2362060546875,0.914306640625,2.1077880859375,3.84521484375,-152.28271484375,-1.52587890625
-1.4578857421875,0.6436767578125,1.954833984375,5.126953125,-135.1318359375,-11.53564453125
-0.79833984375,0.46923828125,1.8076171875,10.009765625,-110.2294921875,-9.8876953125
0.0130615234375,-0.183349609375,1.68212890625,14.95361328125,-107.2998046875,-6.7138671875
0.418212890625,-0.9473876953125,1.5677490234375,6.9580078125,-112.12158203125,-2.74658203125
0.2882080078125,-1.215087890625,1.37158203125,-9.94873046875,-114.2578125,-1.708984375
0.25,-0.746826171875,1.346435546875,-25.87890625,-104.4921875,4.638671875
0.443115234375,0.06298828125,1.1971435546875,-32.53173828125,-102.35595703125,8.4228515625
0.4144287109375,0.3721923828125,1.0894775390625,-54.01611328125,-110.65673828125,5.615234375
0.3314208984375,-0.572265625,1.1561279296875,-65.61279296875,-109.130859375,3.7841796875
0.38671875,-0.434326171875,1.0958251953125,-60.302734375,-90.75927734375,2.13623046875
0.3310546875,-0.039306640625,1.0452880859375,-52.734375,-65.0634765625,0.30517578125
0.1961669921875,-0.0477294921875,1.1446533203125,-45.41015625,-49.6826171875,-1.15966796875
0.29638671875,-0.2633056640625,1.232421875,-29.9072265625,-45.0439453125,-1.5869140625
0.223388671875,-0.2392578125,1.192138671875,-16.41845703125,-43.8232421875,-1.28173828125
0.0780029296875,-0.12451171875,1.1497802734375,-7.14111328125,-37.2314453125,-0.732421875
0.1524658203125,-0.1572265625,1.134033203125,-1.708984375,-25.57373046875,-0.244140625
0.2777099609375,-0.2127685546875,1.083740234375,-2.0751953125,-15.44189453125,-0.18310546875
0.2314453125,-0.1832275390625,1.0557861328125,-6.40869140625,-10.009765625,-0.732421875
0.1629638671875,-0.1781005859375,1.0147705078125,-10.498046875,-8.4228515625,-1.5869140625
0.1572265625,-0.2218017578125,0.9666748046875,-13.5498046875,-8.1787109375,-2.5634765625
0.2176513671875,-0.22412109375,0.9381103515625,-14.83154296875,-6.89697265625,-2.685546875
0.2813720703125,-0.2322998046875,0.9405517578125,-14.7705078125,-5.92041015625,-2.38037109375
0.2769775390625,-0.24853515625,0.9539794921875,-15.19775390625,-8.7890625,-2.50244140625
0.26513671875,-0.2496337890625,0.9603271484375,-14.892578125,-11.16943359375,-2.685546875
0.24853515625,-0.25830078125,0.94921875,-13.24462890625,-11.65771484375,-3.23486328125
0.235107421875,-0.270751953125,0.9405517578125,-12.75634765625,-11.77978515625,-4.0283203125
0.246826171875,-0.277099609375,0.9443359375,-11.474609375,-12.39013671875,-5.0048828125
0.2603759765625,-0.287841796875,0.958251953125,-8.544921875,-12.51220703125,-6.16455078125
0.2569580078125,-0.294189453125,0.9658203125,-4.0283203125,-11.8408203125,-7.38525390625
0.251953125,-0.295166015625,0.955322265625,0.3662109375,-11.1083984375,-8.30078125
0.247314453125,-0.29052734375,0.9500732421875,3.72314453125,-10.43701171875,-7.8125
0.240966796875,-0.2711181640625,0.94921875,6.103515625,-9.94873046875,-6.2255859375
0.23974609375,-0.253662109375,0.9454345703125,6.9580078125,-10.1318359375,-4.8828125
0.2415771484375,-0.2576904296875,0.93701171875,6.8359375,-10.7421875,-3.60107421875
0.2457275390625,-0.2689208984375,0.9317626953125,6.77490234375,-9.33837890625,-2.44140625
0.2509765625,-0.2818603515625,0.935546875,5.2490234375,-8.48388671875,-1.5869140625
0.2535400390625,-0.2862548828125,0.9412841796875,3.90625,-8.30078125,-1.46484375
0.2542724609375,-0.287109375,0.94580078125,2.9296875,-8.056640625,-1.15966796875
0.25732421875,-0.2847900390625,0.94580078125,1.52587890625,-7.8125,-1.953125
0.261962890625,-0.275390625,0.9417724609375,0.1220703125,-7.4462890625,-3.0517578125
0.258056640625,-0.2650146484375,0.9404296875,-1.0986328125,-8.9111328125,-3.96728515625
0.2449951171875,-0.256591796875,0.936279296875,-1.8310546875,-11.04736328125,-4.82177734375
0.2418212890625,-0.2537841796875,0.932373046875,-1.708984375,-12.26806640625,-8.544921875
0.256591796875,-0.247314453125,0.930908203125,-0.8544921875,-13.427734375,-10.55908203125
0.2667236328125,-0.2501220703125,0.9305419921875,0.6103515625,-17.76123046875,-10.3759765625
0.2833251953125,-0.2593994140625,0.9398193359375,1.64794921875,-26.18408203125,-9.21630859375
0.285400390625,-0.2713623046875,0.94677734375,0.8544921875,-31.73828125,-21.1181640625
0.2835693359375,-0.26953125,0.9466552734375,-8.11767578125,-39.0625,-28.4423828125
0.2869873046875,-0.2738037109375,0.95654296875,-11.8408203125,-65.85693359375,-34.24072265625
0.2833251953125,-0.28271484375,1.00390625,-16.9677734375,-83.1298828125,-34.0576171875
0.2774658203125,-0.28662109375,1.0306396484375,-21.66748046875,-101.1962890625,-25.45166015625
0.272216796875,-0.2833251953125,1.0335693359375,-23.25439453125,-119.873046875,-26.18408203125
0.2584228515625,-0.27392578125,1.0545654296875,-25.0244140625,-157.16552734375,-28.86962890625
0.2745361328125,-0.26806640625,1.083251953125,-28.86962890625,-194.64111328125,-34.423828125
0.283203125,-0.2396240234375,1.0965576171875,-31.3720703125,-217.8955078125,-44.921875
0.2855224609375,-0.2335205078125,1.07763671875,-29.1748046875,-237.9150390625,-49.560546875
0.2886962890625,-0.2490234375,1.1317138671875,-25.93994140625,-273.86474609375,-79.28466796875
0.2696533203125,-0.318603515625,1.25244140625,-29.9072265625,-322.998046875,-109.619140625
0.282958984375,-0.3074951171875,1.2255859375,-39.85595703125,-382.99560546875,-110.595703125
0.288818359375,-0.2694091796875,1.1766357421875,-65.73486328125,-405.517578125,-111.81640625
0.2120361328125,-0.1904296875,1.20556640625,-102.72216796875,-380.55419921875,-100.40283203125
0.2423095703125,-0.22412109375,1.2017822265625,-119.44580078125,-329.4677734375,-89.599609375
0.2896728515625,-0.3138427734375,1.4769287109375,-111.6943359375,-281.3720703125,-63.29345703125
0.0943603515625,-0.2991943359375,1.91162109375,-57.67822265625,-132.568359375,-70.00732421875
-0.13818359375,-0.289306640625,2.1395263671875,32.470703125,-32.470703125,-94.3603515625
-0.17138671875,-0.1033935546875,2.0711669921875,124.3896484375,21.6064453125,-96.37451171875
-0.234130859375,-0.20361328125,1.75439453125,117.431640625,70.556640625,-94.6044921875
-0.0531005859375,-0.73193359375,1.8309326171875,33.0810546875,82.09228515625,-95.76416015625
0.3748779296875,-0.71435546875,2.992919921875,9.33837890625,107.5439453125,-86.85302734375
0.764404296875,-0.54345703125,3.949462890625,18.00537109375,120.2392578125,-70.00732421875
0.820556640625,-0.733642578125,3.6669921875,42.41943359375,116.8212890625,-52.1240234375
0.474365234375,-0.704833984375,2.4593505859375,58.89892578125,134.58251953125,-31.8603515625
0.36328125,-0.2957763671875,1.2667236328125,66.22314453125,154.84619140625,-13.48876953125
0.4462890625,-0.4005126953125,0.8795166015625,63.5986328125,171.38671875,13.73291015625
0.4498291015625,-0.5390625,0.748291015625,59.814453125,187.5,23.5595703125
-0.27490234375,-0.29736328125,0.69775390625,52.67333984375,210.205078125,30.09033203125
0.444091796875,-0.331787109375,0.7562255859375,42.66357421875,220.5810546875,33.935546875
0.91796875,-0.4561767578125,0.8360595703125,19.47021484375,230.712890625,34.85107421875
-0.7694091796875,-0.520263671875,0.8668212890625,9.33837890625,240.72265625,32.71484375
-1.2037353515625,-0.5147705078125,0.861083984375,3.90625,247.98583984375,31.005859375
-0.8853759765625,-0.5804443359375,0.9134521484375,3.84521484375,255.615234375,29.9072265625
-0.88623046875,-0.625244140625,0.994140625,9.27734375,259.70458984375,30.517578125
-0.864990234375,-0.61572265625,1.08203125,17.27294921875,247.49755859375,39.794921875
-0.7342529296875,-0.5799560546875,1.1602783203125,19.83642578125,256.103515625,47.2412109375
-0.669677734375,-0.45458984375,1.2125244140625,18.4326171875,266.357421875,54.01611328125
-0.609375,-0.4034423828125,1.2423095703125,9.3994140625,266.9677734375,59.14306640625
-0.5213623046875,-0.3712158203125,1.344970703125,-6.53076171875,263.85498046875,62.744140625
-0.29150390625,-0.35009765625,1.3779296875,-16.357421875,258.97216796875,64.94140625
-0.1754150390625,-0.3314208984375,1.353271484375,-24.96337890625,250.18310546875,64.8193359375
-0.074462890625,-0.2982177734375,1.43994140625,-31.1279296875,240.78369140625,63.232421875
-0.0015869140625,-0.2650146484375,1.53173828125,-33.3251953125,239.07470703125,60.60791015625
0.06640625,-0.250732421875,1.5811767578125,-26.79443359375,244.44580078125,60.1806640625
0.120849609375,-0.2169189453125,1.62060546875,-15.19775390625,245.05615234375,46.56982421875
0.1307373046875,-0.230224609375,1.705078125,-6.4697265625,237.6708984375,22.03369140625
0.1990966796875,-0.2799072265625,1.84326171875,-2.3193359375,131.89697265625,38.63525390625
0.27197265625,-0.2833251953125,2.00244140625,1.77001953125,161.9873046875,47.54638671875
0.2747802734375,-0.2706298828125,2.1629638671875,52.001953125,300.78125,41.07666015625
0.2884521484375,-0.2872314453125,2.317138671875,59.02099609375,360.29052734375,53.1005859375
0.30029296875,-0.3504638671875,2.8021240234375,-12.3291015625,311.58447265625,67.32177734375
0.3209228515625,-0.40576171875,2.9217529296875,-54.6875,238.28125,66.34521484375
0.35009765625,-0.415283203125,2.253662109375,-95.3369140625,188.5986328125,47.91259765625
0.3961181640625,-0.41064453125,1.93115234375,-137.02392578125,145.20263671875,13.916015625
0.464599609375,-0.447021484375,2.0469970703125,-116.51611328125,104.30908203125,-22.216796875
0.52294921875,-0.6630859375,1.9183349609375,-62.8662109375,66.89453125,-37.59765625
0.5809326171875,-0.72119140625,1.5196533203125,-18.49365234375,33.50830078125,-32.89794921875
0.6732177734375,-0.5941162109375,1.1275634765625,-6.28662109375,2.685546875,-18.85986328125
0.92431640625,-0.1890869140625,0.6553955078125,-28.076171875,-23.98681640625,8.544921875
1.2967529296875,0.4154052734375,0.1663818359375,-56.70166015625,-42.78564453125,92.34619140625
1.4876708984375,0.21875,-0.180908203125,-66.0400390625,-59.14306640625,47.7294921875
1.604248046875,-0.4681396484375,-0.4046630859375,-48.88916015625,-60.85205078125,20.8740234375
1.6988525390625,-0.5965576171875,-0.4669189453125,-28.3203125,-20.263671875,-10.19287109375
1.89453125,-0.1297607421875,-0.3543701171875,68.84765625,-24.0478515625,-14.7705078125
2.270263671875,0.3631591796875,-0.085693359375,62.19482421875,-113.037109375,-16.54052734375
2.636474609375,0.506103515625,0.229248046875,15.56396484375,-203.79638671875,-37.2314453125
3.02294921875,0.242431640625,1.0770263671875,35.15625,-235.29052734375,-77.7587890625
3.381103515625,-0.2645263671875,1.513671875,3.173828125,-200.0732421875,-59.08203125
3.553466796875,-0.6873779296875,0.88330078125,-32.3486328125,-177.18505859375,4.45556640625
3.39599609375,-1.2744140625,0.06689453125,-36.43798828125,-185.24169921875,52.3681640625
3.0531005859375,-1.109130859375,-0.1256103515625,-55.23681640625,-191.40625,39.0625
2.664306640625,0.16015625,0.85888671875,-43.45703125,-181.2744140625,-4.638671875
1.650390625,0.4783935546875,2.19970703125,-28.38134765625,-162.353515625,-29.72412109375
0.06884765625,0.8397216796875,2.65283203125,-0.732421875,-155.3955078125,-12.02392578125
-1.3260498046875,1.5364990234375,2.2406005859375,22.94921875,-179.26025390625,2.0751953125
-2.0858154296875,1.411865234375,1.94091796875,21.97265625,-189.453125,-12.6953125
-1.5189208984375,1.1883544921875,1.7286376953125,25.57373046875,-168.0908203125,-25.81787109375
0.007568359375,0.2423095703125,1.477294921875,44.49462890625,-132.75146484375,-2.86865234375
1.0770263671875,-1.38818359375,1.388671875,50.47607421875,-99.54833984375,2.197265625
0.9371337890625,-2.0921630859375,1.4664306640625,20.751953125,-106.38427734375,6.591796875
0.5438232421875,-1.11376953125,1.61669921875,-23.62060546875,-102.05078125,9.58251953125
0.441650390625,0.416259765625,1.40478515625,-60.72998046875,-88.37890625,10.80322265625
0.328857421875,0.736083984375,1.0673828125,-64.14794921875,-77.0263671875,8.85009765625
0.363525390625,-0.233154296875,1.068115234375,-65.85693359375,-70.49560546875,6.591796875
0.3961181640625,-0.8499755859375,1.2088623046875,-63.17138671875,-66.22314453125,4.08935546875
0.2928466796875,-0.278076171875,1.16943359375,-49.37744140625,-58.04443359375,0.244140625
0.1192626953125,0.3265380859375,1.1356201171875,-33.447265625,-49.13330078125,-3.11279296875
0.1439208984375,0.0579833984375,1.1265869140625,-21.8505859375,-38.6962890625,-4.33349609375
0.3486328125,-0.0572509765625,1.1561279296875,-12.75634765625,-20.08056640625,-4.2724609375
0.281982421875,-0.1558837890625,1.146484375,-5.92041015625,-12.39013671875,-4.45556640625
0.1153564453125,-0.2005615234375,1.064697265625,-0.3662109375,-5.7373046875,-3.662109375
0.1806640625,-0.21240234375,0.9793701171875,-2.01416015625,-3.23486328125,-3.60107421875
0.1719970703125,-0.228515625,0.9404296875,-5.0048828125,-2.685546875,-3.2958984375
0.2275390625,-0.251220703125,0.926025390625,-6.34765625,-3.47900390625,-2.74658203125
0.2203369140625,-0.2735595703125,0.936767578125,-9.1552734375,-5.7373046875,-1.89208984375
0.233154296875,-0.2845458984375,0.94921875,-12.51220703125,-6.77490234375,-1.708984375
0.263671875,-0.28515625,0.960693359375,-15.0146484375,-6.53076171875,-3.90625
0.2569580078125,-0.2938232421875,0.96337890625,-16.7236328125,-8.11767578125,-6.34765625
0.2432861328125,-0.279296875,0.9656982421875,-18.61572265625,-11.71875,-8.6669921875
0.242919921875,-0.2725830078125,0.9649658203125,-18.61572265625,-10.68115234375,-10.92529296875
0.2232666015625,-0.270751953125,0.9609375,-3.84521484375,-10.009765625,-11.77978515625
0.239501953125,-0.2615966796875,0.9613037109375,2.8076171875,-10.43701171875,-10.43701171875
0.2508544921875,-0.2613525390625,0.966064453125,7.9345703125,-10.8642578125,-8.4228515625
0.244873046875,-0.2615966796875,0.9425048828125,10.7421875,-9.3994140625,-6.9580078125
0.2403564453125,-0.2545166015625,0.93310546875,12.0849609375,-8.4228515625,-4.39453125
0.23486328125,-0.2520751953125,0.9266357421875,11.962890625,-9.3994140625,-2.3193359375
0.234130859375,-0.2542724609375,0.924560546875,9.82666015625,-10.6201171875,-0.67138671875
0.2421875,-0.2958984375,0.9287109375,7.32421875,-10.25390625,-1.03759765625
0.2431640625,-0.308349609375,0.94091796875,4.21142578125,-8.6669921875,-1.8310546875
0.23974609375,-0.3109130859375,0.9534912109375,0.67138671875,-8.30078125,-3.47900390625
0.244140625,-0.3089599609375,0.95556640625,-2.9296875,-8.1787109375,-6.103515625
0.239013671875,-0.294189453125,0.9466552734375,-2.9296875,-8.30078125,-7.87353515625
0.234375,-0.2547607421875,0.9404296875,-2.685546875,-8.48388671875,-7.14111328125
0.2344970703125,-0.2362060546875,0.9351806640625,-1.52587890625,-9.1552734375,-6.8359375
0.2550048828125,-0.240234375,0.9290771484375,-0.18310546875,-9.521484375,-7.8125
0.2723388671875,-0.2401123046875,0.9312744140625,0.42724609375,-11.5966796875,-11.16943359375
0.266357421875,-0.2528076171875,0.93017578125,0.0,-14.0380859375,-14.58740234375
0.2650146484375,-0.2713623046875,0.9281005859375,-0.9765625,-16.2353515625,-15.9912109375
0.271484375,-0.2872314453125,0.9376220703125,-2.74658203125,-18.5546875,-14.7705078125
0.267578125,-0.287841796875,0.953125,-4.8828125,-22.15576171875,-15.31982421875
0.2733154296875,-0.2974853515625,0.9638671875,-6.9580078125,-28.6865234375,-18.98193359375
0.2623291015625,-0.3040771484375,0.9735107421875,-8.97216796875,-38.4521484375,-27.89306640625
0.25634765625,-0.272705078125,0.9903564453125,-12.0849609375,-50.84228515625,-33.203125
0.2530517578125,-0.2486572265625,1.0087890625,-15.869140625,-66.58935546875,-32.470703125
0.25048828125,-0.2540283203125,1.02734375,-21.728515625,-85.38818359375,-31.92138671875
0.2652587890625,-0.27392578125,1.05224609375,-25.81787109375,-102.5390625,-30.70068359375
0.271484375,-0.2901611328125,1.0640869140625,-24.10888671875,-120.60546875,-27.16064453125
0.2628173828125,-0.2899169921875,1.0760498046875,-23.4375,-147.27783203125,-32.28759765625
0.2659912109375,-0.2584228515625,1.0946044921875,-24.10888671875,-187.01171875,-45.34912109375
0.264892578125,-0.2332763671875,1.092041015625,-24.10888671875,-215.4541015625,-61.82861328125
0.28515625,-0.273681640625,1.07421875,-20.3857421875,-235.7177734375,-58.837890625
0.281005859375,-0.31640625,1.0927734375,-18.00537109375,-266.357421875,-70.6787109375
0.262451171875,-0.3125,1.2288818359375,-19.8974609375,-309.02099609375,-98.69384765625
0.279052734375,-0.26318359375,1.235595703125,-21.3623046875,-366.3330078125,-113.4033203125
0.276611328125,-0.2105712890625,1.1397705078125,-34.48486328125,-405.82275390625,-115.53955078125
0.2119140625,-0.2177734375,1.2257080078125,-73.79150390625,-397.76611328125,-111.51123046875
0.2386474609375,-0.194091796875,1.2357177734375,-90.27099609375,-348.20556640625,-96.6796875
0.3070068359375,-0.241455078125,1.337158203125,-96.00830078125,-292.8466796875,-75.86669921875
0.24609375,-0.3817138671875,1.76806640625,-77.880859375,-173.583984375,-89.17236328125
-0.1214599609375,-0.4346923828125,2.172607421875,-7.32421875,-46.2646484375,-110.83984375
-0.2138671875,-0.2200927734375,2.1580810546875,74.3408203125,16.54052734375,-107.36083984375
-0.11328125,-0.097412109375,1.9537353515625,106.99462890625,48.33984375,-100.15869140625
-0.1529541015625,-0.5198974609375,1.918701171875,16.4794921875,66.10107421875,-93.017578125
0.2115478515625,-0.846923828125,2.78173828125,-13.916015625,91.30859375,-81.48193359375
0.6689453125,-0.6004638671875,3.814697265625,-22.216796875,111.81640625,-63.65966796875
0.8291015625,-0.5269775390625,3.7913818359375,1.64794921875,113.70849609375,-45.654296875
0.6827392578125,-0.666015625,2.614013671875,19.47021484375,123.4130859375,-26.7333984375
0.46484375,-0.2164306640625,1.3016357421875,32.958984375,149.10888671875,-10.19287109375
0.4349365234375,-0.0682373046875,0.8665771484375,31.25,167.29736328125,2.38037109375
0.6080322265625,-0.3804931640625,0.70458984375,21.66748046875,184.63134765625,11.65771484375
-0.412353515625,-0.3651123046875,0.650146484375,9.765625,198.79150390625,18.37158203125
0.1710205078125,-0.3931884765625,0.69091796875,-3.2958984375,212.40234375,21.8505859375
1.092041015625,-0.5819091796875,0.78271484375,-13.0615234375,224.365234375,23.01025390625
-0.55712890625,-0.645751953125,0.8695068359375,-19.8974609375,234.43603515625,21.3623046875
-1.235107421875,-0.587646484375,0.907958984375,-23.86474609375,244.81201171875,17.578125
-0.9130859375,-0.548095703125,0.9384765625,-24.0478515625,253.0517578125,13.671875
-0.8563232421875,-0.5123291015625,0.9893798828125,-21.91162109375,261.474609375,12.5732421875
-0.9150390625,-0.4639892578125,1.0618896484375,-15.2587890625,272.15576171875,9.58251953125
-0.80908203125,-0.407470703125,1.135498046875,-5.9814453125,272.64404296875,14.2822265625
-0.7054443359375,-0.340576171875,1.2154541015625,-3.90625,269.59228515625,23.37646484375
-0.632080078125,-0.2613525390625,1.300048828125,-8.36181640625,279.96826171875,30.517578125
-0.543701171875,-0.1788330078125,1.3548583984375,-10.7421875,286.4990234375,36.865234375
-0.44384765625,-0.09716796875,1.4239501953125,-19.34814453125,284.60693359375,41.32080078125
-0.331787109375,-0.02734375,1.5487060546875,-24.71923828125,275.69580078125,46.142578125
-0.235595703125,0.0169677734375,1.601318359375,-26.2451171875,257.38525390625,48.76708984375
-0.1600341796875,0.0655517578125,1.6199951171875,-25.93994140625,243.22509765625,52.06298828125
-0.093994140625,0.11181640625,1.69970703125,-20.5078125,236.87744140625,66.71142578125
-0.033447265625,0.1275634765625,1.7735595703125,-6.77490234375,249.08447265625,33.38623046875
0.0216064453125,0.156982421875,1.851806640625,9.8876953125,210.5712890625,21.240234375
0.0694580078125,0.1815185546875,1.900146484375,19.287109375,80.56640625,48.33984375
0.09765625,0.1575927734375,1.9356689453125,34.85107421875,212.21923828125,45.0439453125
0.1455078125,0.1180419921875,2.076171875,76.47705078125,364.19677734375,51.513671875
0.1888427734375,0.063232421875,2.172607421875,54.931640625,382.6904296875,68.7255859375
0.1910400390625,-0.0113525390625,2.94287109375,-0.06103515625,302.55126953125,89.29443359375
0.201171875,-0.0994873046875,2.9320068359375,-12.02392578125,227.35595703125,92.529296875
0.2362060546875,-0.1654052734375,2.0081787109375,-43.701171875,175.35400390625,83.31298828125
0.293212890625,-0.1475830078125,2.1612548828125,-80.6884765625,148.193359375,61.6455078125
0.376220703125,-0.3060302734375,2.526611328125,-78.2470703125,126.5869140625,37.109375
0.482177734375,-0.4346923828125,2.2620849609375,-39.73388671875,96.6796875,28.62548828125
0.6248779296875,-0.2900390625,1.6109619140625,-6.16455078125,48.15673828125,40.22216796875
0.7105712890625,-0.4874267578125,0.9825439453125,1.15966796875,-42.236328125,42.48046875
0.9757080078125,-0.466064453125,0.4415283203125,-14.16015625,-47.607421875,43.76220703125
1.3934326171875,-0.102783203125,0.062744140625,-29.6630859375,-56.70166015625,11.29150390625
1.6036376953125,-0.2305908203125,-0.28857421875,-6.53076171875,-61.46240234375,-37.41455078125
1.705810546875,-0.6182861328125,-0.64453125,23.3154296875,2.0751953125,-75.0732421875
1.8465576171875,-0.7030029296875,-0.5247802734375,42.66357421875,-4.0283203125,-54.62646484375
2.0914306640625,-0.34716796875,-0.07421875,41.44287109375,-76.416015625,-41.259765625
2.3853759765625,0.0684814453125,-0.0025634765625,29.4189453125,-155.1513671875,-29.78515625
2.711181640625,0.25927734375,0.767578125,9.765625,-170.0439453125,2.8076171875
3.1348876953125,-0.2451171875,1.53515625,-7.080078125,-182.55615234375,19.6533203125
3.549072265625,-0.6680908203125,1.084716796875,-60.6689453125,-177.978515625,10.498046875
3.6480712890625,-0.483642578125,0.47412109375,-61.09619140625,-167.54150390625,-12.26806640625
3.107666015625,0.06396484375,0.279541015625,-60.1806640625,-155.1513671875,-16.2353515625
2.7235107421875,0.3406982421875,2.031494140625,-51.20849609375,-148.681640625,-0.06103515625
2.0849609375,0.4715576171875,1.8599853515625,-44.25048828125,-152.4658203125,1.220703125
0.5091552734375,0.3426513671875,1.820556640625,-38.26904296875,-151.611328125,-9.6435546875
-1.1561279296875,-0.04248046875,1.69287109375,-30.1513671875,-137.6953125,-15.380859375
-1.8612060546875,0.00146484375,1.5604248046875,-15.56396484375,-128.2958984375,-13.73291015625
-1.45263671875,-0.771728515625,1.4478759765625,-10.19287109375,-127.74658203125,-8.30078125
-0.2301025390625,-0.988525390625,1.39794921875,-22.39990234375,-121.58203125,-8.6669921875
0.293212890625,-0.4228515625,1.404296875,-33.02001953125,-107.84912109375,-2.685546875
0.2423095703125,0.21337890625,1.330078125,-39.00146484375,-96.13037109375,0.79345703125
0.244140625,0.164306640625,1.1971435546875,-47.42431640625,-90.88134765625,-0.244140625
0.354736328125,-0.45458984375,1.139892578125,-54.3212890625,-90.2099609375,0.91552734375
0.3658447265625,-0.7611083984375,1.138671875,-53.52783203125,-66.95556640625,-1.03759765625
0.1954345703125,-0.3466796875,1.129150390625,-49.37744140625,-49.98779296875,-1.40380859375
0.1011962890625,-0.0048828125,1.1158447265625,-26.91650390625,-32.3486328125,-3.41796875
0.27294921875,-0.1510009765625,1.13330078125,-17.578125,-30.57861328125,-2.86865234375
0.4237060546875,-0.27392578125,1.1617431640625,-5.4931640625,-22.94921875,-2.86865234375
0.273193359375,-0.177001953125,1.10546875,-1.89208984375,-18.4326171875,-2.74658203125
0.1422119140625,-0.1336669921875,1.0504150390625,-7.568359375,-16.6015625,-2.8076171875
0.217529296875,-0.196533203125,1.0067138671875,-8.6669921875,-12.75634765625,-2.74658203125
0.257568359375,-0.2183837890625,0.9927978515625,-8.23974609375,-11.8408203125,-2.86865234375
0.19287109375,-0.2734375,0.958740234375,-11.23046875,-12.3291015625,-2.50244140625
0.15869140625,-0.2706298828125,0.95703125,-13.0615234375,-13.3056640625,-3.173828125
0.1900634765625,-0.2568359375,0.9549560546875,-14.09912109375,-13.61083984375,-4.150390625
0.24267578125,-0.260986328125,0.954345703125,-13.5498046875,-13.48876953125,-4.69970703125
0.2691650390625,-0.292236328125,0.9573974609375,-11.04736328125,-13.0615234375,-3.35693359375
0.22998046875,-0.3070068359375,0.963134765625,-7.50732421875,-12.6953125,-6.2255859375
0.21875,-0.298828125,0.9609375,-3.5400390625,-10.07080078125,-4.94384765625
0.2388916015625,-0.28564453125,0.9559326171875,1.5869140625,-12.14599609375,-4.94384765625
0.25146484375,-0.2830810546875,0.9495849609375,0.3662109375,-8.4228515625,-4.94384765625
0.2393798828125,-0.281982421875,0.9410400390625,6.2255859375,-9.46044921875,-4.21142578125
0.2525634765625,-0.2835693359375,0.9183349609375,2.3193359375,-9.1552734375,-3.2958984375
0.25390625,-0.286376953125,0.903076171875,3.41796875,-9.765625,-2.0751953125
0.255859375,-0.290283203125,0.94677734375,2.13623046875,-8.97216796875,-0.91552734375
0.2613525390625,-0.2940673828125,0.960693359375,2.0751953125,-8.1787109375,-0.1220703125
0.265380859375,-0.2806396484375,0.9456787109375,0.732421875,-7.32421875,-0.244140625
0.26123046875,-0.35205078125,0.94091796875,-0.42724609375,-7.32421875,-0.3662109375
0.2607421875,-0.2734375,0.93359375,-2.50244140625,-7.75146484375,-1.3427734375
0.29638671875,-0.227294921875,0.93701171875,-4.08935546875,-7.2021484375,-1.77001953125
0.2742919921875,-0.2982177734375,0.9373779296875,-4.150390625,-6.8359375,-2.197265625
0.2347412109375,-0.26416015625,0.943115234375,-3.41796875,-7.080078125,-2.50244140625
0.2574462890625,-0.270751953125,0.93994140625,-1.5869140625,-8.4228515625,-3.2958984375
0.2760009765625,-0.26953125,0.9322509765625,0.18310546875,-10.31494140625,-5.0048828125
0.2684326171875,-0.265625,0.92236328125,2.3193359375,-12.6953125,-5.859375
0.2669677734375,-0.258056640625,0.918701171875,4.45556640625,-14.404296875,-6.40869140625
0.2884521484375,-0.2747802734375,0.92333984375,6.28662109375,-15.7470703125,-8.60595703125
0.292236328125,-0.2803955078125,0.9334716796875,7.75146484375,-18.310546875,-13.48876953125
0.2918701171875,-0.2943115234375,0.939697265625,7.8125,-22.76611328125,-20.44677734375
0.286376953125,-0.3055419921875,0.9403076171875,6.65283203125,-34.36279296875,-26.85546875
0.2802734375,-0.3009033203125,0.9449462890625,2.9296875,-60.302734375,-31.43310546875
0.2808837890625,-0.30322265625,0.9591064453125,-4.5166015625,-75.5615234375,-34.1796875
0.2734375,-0.2923583984375,0.9810791015625,-15.80810546875,-92.7734375,-32.53173828125
0.2662353515625,-0.3021240234375,1.001220703125,-19.95849609375,-108.3984375,-23.13232421875
0.2734375,-0.30517578125,1.009765625,-22.94921875,-127.0751953125,-25.08544921875
0.27294921875,-0.2799072265625,1.0711669921875,-25.45166015625,-170.34912109375,-34.3017578125
0.2786865234375,-0.2735595703125,1.0909423828125,-27.83203125,-205.078125,-44.3115234375
0.3072509765625,-0.275634765625,1.077880859375,-25.634765625,-221.3134765625,-52.42919921875
0.3082275390625,-0.276123046875,1.0640869140625,-21.3623046875,-245.2392578125,-56.0302734375
0.289306640625,-0.304443359375,1.1719970703125,-22.705078125,-287.53662109375,-78.55224609375
0.2803955078125,-0.3011474609375,1.2711181640625,-22.76611328125,-341.00341796875,-100.64697265625
0.2935791015625,-0.2681884765625,1.170654296875,-32.53173828125,-394.287109375,-99.365234375
0.2198486328125,-0.2398681640625,1.13916015625,-57.18994140625,-408.87451171875,-90.27099609375
0.24169921875,-0.175537109375,1.23828125,-80.2001953125,-370.17822265625,-82.03125
0.26611328125,-0.22509765625,1.285888671875,-82.275390625,-317.32177734375,-63.65966796875
0.287841796875,-0.3177490234375,1.5538330078125,-55.7861328125,-234.80224609375,-81.97021484375
-0.026611328125,-0.317626953125,1.96826171875,17.2119140625,-96.86279296875,-115.72265625
-0.1982421875,-0.2886962890625,2.125,92.34619140625,-17.63916015625,-126.220703125
-0.0843505859375,-0.1378173828125,2.141357421875,141.78466796875,13.00048828125,-116.0888671875
-0.1165771484375,-0.27783203125,1.9876708984375,77.0263671875,62.6220703125,-103.02734375
0.0406494140625,-0.7371826171875,2.482177734375,19.71435546875,90.9423828125,-83.55712890625
0.5084228515625,-0.7327880859375,3.4168701171875,-17.88330078125,106.99462890625,-39.12353515625
0.84716796875,-0.6387939453125,3.7955322265625,-5.2490234375,111.02294921875,-16.90673828125
0.772216796875,-0.7734375,3.1383056640625,4.5166015625,137.451171875,4.150390625
0.4766845703125,-0.341064453125,1.895751953125,25.32958984375,155.94482421875,20.263671875
0.444091796875,0.2689208984375,1.3076171875,51.08642578125,179.443359375,44.3115234375
0.519775390625,0.034423828125,1.0394287109375,53.03955078125,203.18603515625,46.08154296875
-0.08154296875,-0.1690673828125,0.7984619140625,43.5791015625,245.05615234375,45.0439453125
-0.1024169921875,-0.1727294921875,0.8046875,30.6396484375,252.50244140625,40.10009765625
0.8843994140625,-0.502685546875,0.968994140625,10.25390625,259.521484375,35.94970703125
0.197998046875,-0.740966796875,1.082275390625,14.5263671875,269.47021484375,33.87451171875
-1.0384521484375,-0.8487548828125,1.12060546875,20.6298828125,278.076171875,34.0576171875
-0.935302734375,-0.8294677734375,1.031494140625,26.91650390625,269.71435546875,38.75732421875
-0.8477783203125,-0.716064453125,1.0638427734375,28.74755859375,276.9775390625,44.49462890625
-0.945068359375,-0.5936279296875,1.13427734375,28.564453125,287.109375,48.52294921875
-0.806396484375,-0.5185546875,1.2320556640625,18.24951171875,287.4755859375,52.6123046875
-0.68359375,-0.3902587890625,1.3961181640625,1.0986328125,280.2734375,53.1005859375
-0.55517578125,-0.3338623046875,1.4739990234375,-12.3291015625,248.046875,48.828125
-0.438232421875,-0.2760009765625,1.4522705078125,-23.49853515625,250.244140625,28.6865234375
-0.1705322265625,-0.2315673828125,1.46533203125,-23.5595703125,256.34765625,6.4697265625
-0.0826416015625,-0.211669921875,1.4835205078125,-6.16455078125,204.04052734375,19.287109375
0.0042724609375,-0.1795654296875,1.4852294921875,4.0283203125,190.24658203125,39.61181640625
0.0760498046875,-0.137451171875,1.7808837890625,48.4619140625,301.08642578125,37.41455078125
0.095458984375,-0.108642578125,2.1806640625,76.5380859375,369.56787109375,52.24609375
0.13818359375,-0.08349609375,2.6024169921875,16.4794921875,333.251953125,72.509765625
0.2220458984375,-0.072265625,3.117431640625,-42.236328125,263.3056640625,86.9140625
0.25830078125,-0.112548828125,2.40673828125,-73.54736328125,209.89990234375,79.2236328125
0.282470703125,-0.14208984375,1.5723876953125,-100.40283203125,167.724609375,-26.9775390625
0.2938232421875,-0.1641845703125,1.5489501953125,-80.6884765625,129.150390625,-19.59228515625
0.3638916015625,-0.1763916015625,1.7900390625,-33.203125,-54.5654296875,0.54931640625
0.4862060546875,-0.69580078125,1.7510986328125,11.8408203125,-64.697265625,-22.3388671875
0.614013671875,-0.4830322265625,1.48388671875,-6.04248046875,-83.19091796875,-42.90771484375
0.8170166015625,-0.1466064453125,1.0096435546875,16.05224609375,-34.48486328125,-37.841796875
1.3031005859375,0.164306640625,0.4686279296875,38.818359375,-68.78662109375,2.25830078125
1.5416259765625,-0.0675048828125,-0.0302734375,45.71533203125,-164.0625,29.72412109375
1.590087890625,-0.5621337890625,0.091552734375,3.90625,-219.42138671875,-10.80322265625
1.6165771484375,-0.5869140625,0.4403076171875,-17.2119140625,-183.28857421875,-45.8984375
1.76025390625,-0.0948486328125,1.2694091796875,-38.26904296875,-145.44677734375,-54.5654296875
2.065673828125,-0.40478515625,0.65625,-29.23583984375,-166.93115234375,-33.75244140625
2.43359375,-0.6016845703125,0.0267333984375,-28.74755859375,-202.20947265625,3.662109375
2.8958740234375,-0.335205078125,0.5159912109375,-44.3115234375,-207.275390625,14.58740234375
2.837646484375,-0.0223388671875,1.602783203125,-54.0771484375,-202.880859375,-20.32470703125
2.370361328125,-0.3468017578125,1.9818115234375,-61.58447265625,-187.744140625,-21.484375
0.981689453125,-0.257080078125,1.791748046875,-55.2978515625,-195.9228515625,-5.06591796875
-0.4349365234375,-0.145751953125,1.7369384765625,-35.09521484375,-218.07861328125,-1.64794921875
-2.0638427734375,0.3101806640625,1.6629638671875,-5.4931640625,-179.931640625,-4.69970703125
-0.791015625,0.986572265625,1.5758056640625,2.50244140625,-128.5400390625,-1.03759765625
0.4007568359375,0.7822265625,1.591552734375,-15.625,-99.54833984375,1.89208984375
0.874755859375,-0.298583984375,1.64599609375,-48.40087890625,-76.416015625,5.06591796875
0.5010986328125,-1.120361328125,1.701904296875,-48.52294921875,-62.8662109375,5.859375
0.228515625,-1.06494140625,1.2979736328125,-44.25048828125,-54.50439453125,5.37109375
0.1787109375,-0.3682861328125,1.1749267578125,-38.330078125,-54.443359375,4.2724609375
0.204833984375,-0.037353515625,1.248291015625,-35.09521484375,-56.7626953125,3.0517578125
0.24462890625,-0.4925537109375,1.1431884765625,-29.60205078125,-52.978515625,-0.3662109375
0.3199462890625,-0.3939208984375,1.1143798828125,-22.52197265625,-43.3349609375,-2.01416015625
0.336669921875,0.0181884765625,1.1046142578125,-14.58740234375,-31.55517578125,-4.57763671875
0.3955078125,-0.2342529296875,1.10107421875,-9.8876953125,-21.484375,-5.92041015625
0.474609375,-0.1607666015625,1.0574951171875,-5.7373046875,-13.61083984375,-6.34765625
0.3924560546875,-0.25634765625,0.996337890625,-1.0986328125,-8.11767578125,-6.7138671875
0.2843017578125,-0.2489013671875,0.9364013671875,0.9765625,-5.06591796875,-6.9580078125
0.2332763671875,-0.2369384765625,0.9112548828125,-0.79345703125,-4.33349609375,-6.103515625
0.239990234375,-0.2686767578125,0.9136962890625,-3.35693359375,-4.69970703125,-5.2490234375
0.233154296875,-0.28564453125,0.926025390625,-4.7607421875,-5.4931640625,-3.662109375
0.224365234375,-0.283935546875,0.93505859375,-6.77490234375,-6.2255859375,-3.35693359375
0.2445068359375,-0.295166015625,0.9471435546875,-9.3994140625,-8.30078125,-3.7841796875
0.2626953125,-0.3031005859375,0.9599609375,-11.77978515625,-8.97216796875,-5.06591796875
0.2586669921875,-0.2900390625,0.9658203125,-13.00048828125,-9.58251953125,-6.34765625
0.2510986328125,-0.275390625,0.9710693359375,-11.1083984375,-10.07080078125,-7.38525390625
0.244873046875,-0.26708984375,0.9715576171875,-6.16455078125,-9.94873046875,-7.4462890625
0.238525390625,-0.262451171875,0.96240234375,0.244140625,-8.7890625,-6.77490234375
0.240478515625,-0.2547607421875,0.953125,5.79833984375,-7.38525390625,-5.859375
0.2484130859375,-0.249755859375,0.9488525390625,9.033203125,-7.01904296875,-3.173828125
0.2490234375,-0.2554931640625,0.946044921875,9.09423828125,-6.77490234375,-2.99072265625
0.2496337890625,-0.2630615234375,0.942626953125,7.32421875,-7.6904296875,-3.35693359375
0.2606201171875,-0.2708740234375,0.941650390625,5.79833984375,-7.87353515625,-3.11279296875
0.267822265625,-0.2781982421875,0.9454345703125,1.15966796875,-7.38525390625,-3.41796875
0.2625732421875,-0.2852783203125,0.946533203125,0.30517578125,-6.65283203125,-3.47900390625
0.2601318359375,-0.2822265625,0.9461669921875,-1.15966796875,-7.26318359375,-3.11279296875
0.2611083984375,-0.2760009765625,0.945068359375,-2.50244140625,-7.9345703125,-3.96728515625
0.259765625,-0.254638671875,0.9385986328125,-3.0517578125,-8.6669921875,-5.43212890625
0.2645263671875,-0.24755859375,0.9306640625,-3.11279296875,-10.25390625,-7.080078125
0.2723388671875,-0.2437744140625,0.9259033203125,-2.44140625,-12.20703125,-8.9111328125
0.277587890625,-0.2464599609375,0.92822265625,-0.8544921875,-13.671875,-9.1552734375
0.2794189453125,-0.2611083984375,0.9288330078125,0.732421875,-14.95361328125,-9.6435546875
0.2747802734375,-0.2611083984375,0.9298095703125,2.197265625,-17.27294921875,-11.29150390625
0.2784423828125,-0.2679443359375,0.9364013671875,3.60107421875,-20.751953125,-16.6015625
0.2811279296875,-0.2752685546875,0.9454345703125,2.86865234375,-31.43310546875,-22.52197265625
0.288330078125,-0.27099609375,0.9537353515625,0.732421875,-47.42431640625,-28.1982421875
0.2869873046875,-0.2740478515625,0.965087890625,-9.46044921875,-62.6220703125,-32.04345703125
0.2769775390625,-0.28125,0.9857177734375,-17.88330078125,-82.82470703125,-35.70556640625
0.2816162109375,-0.283203125,1.0062255859375,-19.8974609375,-102.783203125,-37.41455078125
0.281982421875,-0.2869873046875,1.0245361328125,-20.08056640625,-121.64306640625,-31.8603515625
0.2607421875,-0.26416015625,1.0667724609375,-21.6064453125,-145.3857421875,-70.25146484375
0.2591552734375,-0.2449951171875,1.0948486328125,-23.01025390625,-189.0869140625,-72.6318359375
0.29052734375,-0.2431640625,1.1082763671875,-23.62060546875,-267.9443359375,-76.96533203125
0.2896728515625,-0.2462158203125,1.0999755859375,-18.6767578125,-316.10107421875,-116.14990234375
0.27880859375,-0.2763671875,1.10693359375,-10.68115234375,-380.126953125,-105.40771484375
0.2930908203125,-0.284423828125,1.2113037109375,-19.71435546875,-442.9931640625,-85.3271484375
0.270751953125,-0.2744140625,1.27978515625,-51.57470703125,-332.45849609375,-46.32568359375
0.260986328125,-0.251953125,1.318603515625,-61.1572265625,-242.49267578125,-82.09228515625
0.2044677734375,-0.2313232421875,1.392578125,28.80859375,-112.79296875,-92.1630859375
0.2222900390625,-0.172119140625,1.7470703125,129.8828125,-21.484375,-87.46337890625
0.2869873046875,-0.2318115234375,2.1834716796875,177.734375,29.72412109375,-72.69287109375
0.2679443359375,-0.3428955078125,2.02294921875,66.7724609375,68.54248046875,-51.94091796875
-0.0987548828125,-0.1527099609375,2.41796875,7.32421875,100.7080078125,-37.90283203125
-0.21435546875,-0.3961181640625,3.395751953125,-24.96337890625,136.77978515625,-21.30126953125
0.074951171875,-0.6868896484375,3.864013671875,-5.43212890625,159.912109375,5.92041015625
0.5806884765625,-0.886474609375,3.14013671875,13.0615234375,179.19921875,12.02392578125
0.8140869140625,-0.5023193359375,1.9598388671875,42.66357421875,191.22314453125,13.7939453125
0.5003662109375,-0.0419921875,1.3753662109375,61.03515625,205.74951171875,13.671875
0.5906982421875,-0.2313232421875,1.0465087890625,54.62646484375,217.34619140625,12.939453125
-0.1461181640625,-0.392578125,0.793701171875,36.68212890625,230.28564453125,11.8408203125
0.1649169921875,-0.4571533203125,0.7314453125,15.13671875,247.6806640625,6.28662109375
1.091064453125,-0.7528076171875,0.6829833984375,-2.86865234375,255.92041015625,-3.5400390625
-0.095947265625,-0.9124755859375,0.7158203125,-20.751953125,263.7939453125,-3.662109375
-1.1256103515625,-0.8662109375,0.7681884765625,-17.578125,260.6201171875,5.7373046875
-0.817138671875,-0.723388671875,0.8192138671875,-7.38525390625,261.77978515625,15.380859375
-0.6937255859375,-0.3529052734375,0.992919921875,-8.4228515625,265.56396484375,22.0947265625
-0.8287353515625,-0.1920166015625,1.10498046875,-15.44189453125,263.3056640625,29.47998046875
-0.828125,-0.095458984375,1.210205078125,-26.91650390625,257.2021484375,32.2265625
-0.5474853515625,-0.0556640625,1.408203125,-33.8134765625,235.41259765625,35.46142578125
-0.459228515625,-0.0443115234375,1.4053955078125,-34.3017578125,225.5859375,51.45263671875
-0.3548583984375,-0.02880859375,1.4576416015625,-21.484375,243.59130859375,10.31494140625
-0.265380859375,0.035888671875,1.554931640625,-10.80322265625,202.94189453125,52.490234375
-0.0960693359375,0.1297607421875,1.6846923828125,9.27734375,181.15234375,52.6123046875
-0.0172119140625,0.1251220703125,1.9964599609375,26.4892578125,373.291015625,61.8896484375
0.0296630859375,0.1375732421875,2.1021728515625,50.10986328125,401.18408203125,82.21435546875
0.1451416015625,0.11083984375,2.309814453125,-27.89306640625,298.88916015625,108.2763671875
0.172607421875,0.0594482421875,3.045166015625,-54.50439453125,207.82470703125,114.44091796875
0.17041015625,-0.1031494140625,1.915771484375,-75.1953125,153.3203125,99.9755859375
0.1895751953125,-0.1854248046875,1.7998046875,-86.9140625,126.28173828125,68.9697265625
