0.2618408203125,-0.1925048828125,0.964111328125,1.0986328125,-2.01416015625,-0.244140625
0.261474609375,-0.1895751953125,0.965576171875,0.8544921875,-1.89208984375,-0.244140625
0.2598876953125,-0.191162109375,0.964599609375,0.30517578125,-1.220703125,-0.30517578125
0.2601318359375,-0.1934814453125,0.961181640625,-0.30517578125,-0.732421875,-0.42724609375
0.2640380859375,-0.1922607421875,0.9608154296875,-0.244140625,-0.8544921875,-0.48828125
0.2657470703125,-0.19384765625,0.96240234375,-0.79345703125,-0.48828125,-0.48828125
0.263671875,-0.195556640625,0.964599609375,-1.77001953125,-0.3662109375,-0.48828125
0.263671875,-0.1943359375,0.9642333984375,-1.77001953125,-0.8544921875,-0.42724609375
0.2681884765625,-0.19482421875,0.9595947265625,-0.8544921875,-1.0986328125,-0.42724609375
0.276123046875,-0.1929931640625,0.9603271484375,-0.18310546875,-0.8544921875,-0.42724609375
0.2777099609375,-0.1961669921875,0.9617919921875,0.06103515625,-0.91552734375,-0.42724609375
0.2772216796875,-0.2003173828125,0.9595947265625,0.06103515625,-1.15966796875,-0.3662109375
0.2783203125,-0.195556640625,0.9610595703125,-0.18310546875,-1.3427734375,-0.244140625
0.2774658203125,-0.1949462890625,0.9627685546875,-0.30517578125,-1.46484375,-0.06103515625
0.277099609375,-0.1956787109375,0.96044921875,-0.30517578125,-1.28173828125,0.1220703125
0.27685546875,-0.1937255859375,0.96044921875,-0.1220703125,-0.91552734375,0.30517578125
0.2735595703125,-0.193603515625,0.96240234375,0.1220703125,-0.48828125,0.244140625
0.2716064453125,-0.1923828125,0.9622802734375,0.30517578125,-0.42724609375,0.18310546875
0.2718505859375,-0.1905517578125,0.9619140625,0.18310546875,-0.244140625,0.18310546875
0.27001953125,-0.1912841796875,0.961669921875,-0.244140625,-0.1220703125,0.06103515625
0.2694091796875,-0.1923828125,0.961181640625,-0.6103515625,0.06103515625,-0.1220703125
0.2716064453125,-0.19384765625,0.9600830078125,-0.6103515625,0.0,-0.3662109375
0.272705078125,-0.193603515625,0.959228515625,-0.48828125,0.06103515625,-0.30517578125
0.2716064453125,-0.1917724609375,0.9600830078125,-0.30517578125,-0.1220703125,-0.06103515625
0.271240234375,-0.191650390625,0.96044921875,-0.6103515625,0.0,-0.06103515625
0.2733154296875,-0.1910400390625,0.960693359375,-0.42724609375,0.1220703125,-0.18310546875
0.27490234375,-0.1907958984375,0.9588623046875,-0.244140625,-0.244140625,-0.30517578125
0.2764892578125,-0.1927490234375,0.9600830078125,0.18310546875,-0.30517578125,-0.3662109375
0.2774658203125,-0.1942138671875,0.9632568359375,0.30517578125,-0.244140625,-0.48828125
0.2762451171875,-0.19189453125,0.96337890625,-0.06103515625,-0.244140625,-0.3662109375
0.275146484375,-0.1922607421875,0.964111328125,-0.244140625,-0.30517578125,-0.1220703125
0.27392578125,-0.1968994140625,0.9613037109375,-0.54931640625,-0.244140625,0.06103515625
0.2747802734375,-0.1954345703125,0.9615478515625,-0.79345703125,-0.18310546875,0.244140625
0.274169921875,-0.19189453125,0.962890625,-0.67138671875,-0.30517578125,0.30517578125
0.273193359375,-0.1895751953125,0.96240234375,-0.6103515625,-0.30517578125,0.48828125
0.273681640625,-0.1904296875,0.9652099609375,-0.54931640625,-0.18310546875,0.67138671875
0.2747802734375,-0.194091796875,0.96533203125,-0.3662109375,-0.1220703125,0.67138671875
0.2774658203125,-0.195068359375,0.9639892578125,-0.18310546875,-0.18310546875,0.42724609375
0.2742919921875,-0.196533203125,0.9649658203125,-0.06103515625,-0.18310546875,0.42724609375
0.270263671875,-0.1982421875,0.9639892578125,0.0,-0.42724609375,0.30517578125
0.272216796875,-0.1971435546875,0.962646484375,0.18310546875,-0.3662109375,2.8076171875
0.275390625,-0.1953125,0.962890625,0.06103515625,2.685546875,1.5869140625
0.2750244140625,-0.1939697265625,0.96337890625,-0.18310546875,19.59228515625,0.48828125
0.2750244140625,-0.1947021484375,0.9622802734375,-0.244140625,20.5078125,-0.30517578125
0.2779541015625,-0.19482421875,0.9609375,1.03759765625,20.263671875,-1.28173828125
0.2779541015625,-0.19384765625,0.96240234375,14.34326171875,19.53125,-2.74658203125
0.2760009765625,-0.1923828125,0.9671630859375,14.404296875,21.6064453125,-4.94384765625
0.275146484375,-0.1947021484375,1.0111083984375,14.58740234375,27.52685546875,-8.85009765625
0.2757568359375,-0.197021484375,0.9658203125,15.13671875,30.82275390625,-21.1181640625
0.2784423828125,-0.1961669921875,0.97265625,15.07568359375,32.40966796875,-29.47998046875
0.2744140625,-0.2056884765625,0.9827880859375,16.845703125,34.5458984375,-28.74755859375
0.2679443359375,-0.2052001953125,0.989990234375,17.9443359375,28.3203125,-17.4560546875
0.2725830078125,-0.2039794921875,1.0162353515625,17.02880859375,18.1884765625,-0.48828125
0.282958984375,-0.2069091796875,1.0460205078125,14.09912109375,11.53564453125,26.85546875
0.3260498046875,-0.208251953125,1.0126953125,7.87353515625,8.36181640625,35.94970703125
0.275634765625,-0.224365234375,1.03125,3.96728515625,10.25390625,37.78076171875
0.261962890625,-0.258056640625,1.0556640625,5.859375,13.97705078125,37.109375
0.2681884765625,-0.2845458984375,1.10888671875,10.80322265625,18.310546875,37.53662109375
0.27392578125,-0.2874755859375,1.215087890625,2.13623046875,23.98681640625,37.17041015625
0.296875,-0.1229248046875,1.302734375,-12.451171875,26.85546875,34.66796875
0.306396484375,-0.2138671875,1.3292236328125,-22.52197265625,33.87451171875,30.1513671875
0.286376953125,-0.50244140625,1.2294921875,-29.78515625,39.00146484375,25.45166015625
0.2537841796875,-0.7286376953125,1.1177978515625,-33.14208984375,38.26904296875,19.71435546875
0.082275390625,-0.8094482421875,1.111328125,-28.74755859375,37.9638671875,11.474609375
-0.117919921875,-0.5018310546875,1.1097412109375,-19.287109375,46.875,3.662109375
-0.304931640625,-0.35009765625,1.0546875,-3.5400390625,49.49951171875,-1.953125
-0.5146484375,-0.260986328125,0.9820556640625,3.60107421875,42.236328125,-4.82177734375
-0.765869140625,-0.195556640625,0.974853515625,9.33837890625,34.11865234375,-4.2724609375
-1.017822265625,-0.12548828125,1.05615234375,19.71435546875,32.5927734375,-5.615234375
-1.1016845703125,-0.0589599609375,1.07958984375,22.88818359375,21.54541015625,-0.48828125
-1.1068115234375,-0.009033203125,1.1094970703125,18.61572265625,12.63427734375,8.7890625
-1.0662841796875,0.0321044921875,1.2178955078125,10.009765625,48.88916015625,15.9912109375
-1.010986328125,0.0428466796875,1.2652587890625,7.568359375,85.9375,26.4892578125
-0.9305419921875,0.006103515625,1.273681640625,14.404296875,86.7919921875,35.0341796875
-0.8331298828125,-0.0352783203125,1.293701171875,-3.11279296875,70.556640625,40.83251953125
-0.7083740234375,-0.0684814453125,1.4185791015625,-22.03369140625,63.78173828125,43.9453125
-0.565185546875,-0.10302734375,1.3466796875,-26.7333984375,74.64599609375,43.88427734375
-0.4493408203125,-0.150634765625,1.1556396484375,-23.0712890625,90.27099609375,41.1376953125
-0.353271484375,-0.2408447265625,1.2562255859375,-11.16943359375,99.79248046875,35.7666015625
-0.238525390625,-0.2872314453125,1.4061279296875,5.7373046875,99.06005859375,27.03857421875
-0.12158203125,-0.273681640625,1.386962890625,18.98193359375,92.8955078125,16.9677734375
-0.0089111328125,-0.3206787109375,1.262939453125,27.2216796875,85.26611328125,6.103515625
0.0751953125,-0.3453369140625,1.1282958984375,25.69580078125,81.23779296875,-4.94384765625
0.201904296875,-0.3271484375,1.0289306640625,19.22607421875,83.1298828125,-14.6484375
0.330810546875,-0.3214111328125,0.9638671875,10.68115234375,83.31298828125,-21.3623046875
0.3382568359375,-0.283935546875,0.8988037109375,5.37109375,77.08740234375,-24.71923828125
0.3153076171875,-0.2083740234375,0.822509765625,5.43212890625,62.5,-25.32958984375
0.3389892578125,-0.09228515625,0.735595703125,8.6669921875,47.30224609375,-24.5361328125
0.412353515625,0.0380859375,0.6865234375,14.7705078125,38.14697265625,-19.53125
0.4801025390625,0.129638671875,0.677734375,18.4326171875,27.03857421875,-13.671875
0.5042724609375,0.169921875,0.692626953125,21.17919921875,2.3193359375,-8.7890625
0.5257568359375,0.1614990234375,0.701904296875,22.52197265625,-25.45166015625,1.953125
0.55126953125,0.1107177734375,0.667236328125,25.5126953125,-41.44287109375,17.15087890625
0.577880859375,0.04541015625,0.61083984375,36.80419921875,-46.38671875,22.216796875
0.6116943359375,-0.001953125,0.540283203125,52.6123046875,-39.00146484375,11.77978515625
0.6500244140625,-0.03125,0.405517578125,58.10546875,-40.8935546875,-0.42724609375
0.6859130859375,-0.0672607421875,0.2265625,50.537109375,-45.95947265625,-3.173828125
0.6942138671875,-0.130615234375,0.162841796875,42.236328125,-51.57470703125,-5.37109375
0.685546875,-0.204833984375,0.274658203125,21.66748046875,-58.53271484375,-10.25390625
0.683837890625,-0.271728515625,0.706787109375,-3.41796875,-67.5048828125,-15.5029296875
0.72607421875,-0.2967529296875,1.2445068359375,-13.97705078125,-74.40185546875,-15.9912109375
0.7950439453125,-0.225341796875,1.389404296875,-13.00048828125,-74.27978515625,-10.8642578125
0.8360595703125,-0.2030029296875,1.237548828125,-6.40869140625,-68.17626953125,-0.18310546875
0.830322265625,-0.1875,1.0789794921875,-1.46484375,-65.12451171875,8.6669921875
0.9215087890625,0.0113525390625,1.0159912109375,-6.28662109375,-66.46728515625,9.70458984375
0.9771728515625,0.1671142578125,1.0325927734375,-18.12744140625,-60.36376953125,2.38037109375
0.6556396484375,0.1842041015625,1.142578125,-22.03369140625,-50.96435546875,-5.55419921875
0.066650390625,0.17626953125,1.314453125,-18.4326171875,-46.44775390625,-6.9580078125
-0.5106201171875,0.1314697265625,1.3870849609375,-13.427734375,-44.49462890625,-2.3193359375
-0.8009033203125,0.0965576171875,1.3299560546875,-9.765625,-42.17529296875,1.953125
-0.6220703125,0.062255859375,1.2657470703125,-9.3994140625,-39.0625,1.8310546875
-0.1986083984375,-0.10986328125,1.24658203125,-15.7470703125,-32.16552734375,-0.244140625
0.1572265625,-0.3599853515625,1.2352294921875,-23.13232421875,-25.57373046875,-0.9765625
0.27734375,-0.4873046875,1.222412109375,-27.34375,-25.390625,0.18310546875
0.194580078125,-0.377685546875,1.198974609375,-28.80859375,-26.42822265625,2.25830078125
0.1478271484375,-0.0836181640625,1.143798828125,-27.89306640625,-22.39990234375,3.2958984375
0.17431640625,0.1634521484375,1.095947265625,-27.03857421875,-19.53125,3.11279296875
0.163818359375,0.158203125,1.07421875,-28.076171875,-20.99609375,1.3427734375
0.1561279296875,-0.0687255859375,1.0550537109375,-28.564453125,-23.74267578125,-0.91552734375
0.1697998046875,-0.262939453125,1.038330078125,-28.1982421875,-25.0244140625,-1.220703125
0.142333984375,-0.2640380859375,1.0574951171875,-26.06201171875,-25.146484375,-1.89208984375
0.1202392578125,-0.1392822265625,1.0885009765625,-22.76611328125,-22.94921875,-2.3193359375
0.1112060546875,-0.064453125,1.0728759765625,-19.287109375,-20.93505859375,-2.38037109375
0.1044921875,-0.1187744140625,1.033935546875,-7.080078125,-18.798828125,-1.28173828125
0.121337890625,-0.2027587890625,1.006591796875,-6.65283203125,-17.15087890625,-0.1220703125
0.112548828125,-0.2291259765625,1.0191650390625,-8.4228515625,-16.845703125,0.0
0.0672607421875,-0.21484375,1.0452880859375,-12.02392578125,-15.869140625,-0.67138671875
0.070556640625,-0.1888427734375,1.012939453125,-14.09912109375,-15.5029296875,-1.46484375
0.1197509765625,-0.16650390625,0.994384765625,-15.07568359375,-18.00537109375,-1.220703125
0.1292724609375,-0.2034912109375,1.0013427734375,-17.08984375,-22.3388671875,-2.0751953125
0.0848388671875,-0.1837158203125,0.9951171875,-18.310546875,-27.099609375,-1.28173828125
0.0516357421875,-0.1551513671875,0.98193359375,-18.85986328125,-29.541015625,-1.77001953125
0.071044921875,-0.15283203125,0.986328125,-19.04296875,-13.00048828125,-4.150390625
0.1016845703125,-0.193603515625,0.9837646484375,-19.53125,-13.00048828125,-5.0048828125
0.1080322265625,-0.2200927734375,0.965087890625,-21.240234375,-12.39013671875,-5.18798828125
0.102783203125,-0.2049560546875,0.9381103515625,-10.55908203125,-13.916015625,-4.82177734375
0.104736328125,-0.178466796875,0.93603515625,-7.568359375,-15.0146484375,-4.69970703125
0.1083984375,-0.1685791015625,1.071044921875,-6.89697265625,-15.2587890625,-4.638671875
0.1038818359375,-0.18115234375,1.05712890625,-6.65283203125,-16.11328125,-4.39453125
0.1097412109375,-0.1807861328125,0.9764404296875,-6.7138671875,-19.34814453125,-4.150390625
0.106201171875,-0.2071533203125,0.9725341796875,-6.16455078125,-24.7802734375,-3.23486328125
0.08154296875,-0.250244140625,0.9832763671875,-5.06591796875,-29.9072265625,-2.99072265625
0.076904296875,-0.184326171875,0.9908447265625,-4.57763671875,-34.3017578125,-3.96728515625
0.0989990234375,-0.1583251953125,0.969970703125,-4.94384765625,-37.4755859375,-4.5166015625
0.167236328125,-0.1920166015625,0.9320068359375,-6.2255859375,-37.65869140625,-4.150390625
0.2227783203125,-0.2210693359375,0.900146484375,-7.62939453125,-35.21728515625,-3.84521484375
0.1263427734375,-0.235595703125,0.903076171875,-8.9111328125,-34.60693359375,-3.35693359375
0.130615234375,-0.248046875,0.9254150390625,-10.68115234375,-33.203125,-3.2958984375
0.1365966796875,-0.2474365234375,0.9464111328125,-11.04736328125,-26.79443359375,-2.86865234375
0.1478271484375,-0.2410888671875,0.95849609375,-10.31494140625,-26.3671875,-2.9296875
0.14697265625,-0.249267578125,0.9837646484375,-9.1552734375,-24.7802734375,-3.5400390625
0.123046875,-0.2601318359375,0.99365234375,-6.77490234375,-23.8037109375,-6.16455078125
0.0987548828125,-0.2530517578125,0.97509765625,-6.16455078125,-23.25439453125,-7.01904296875
0.1033935546875,-0.24462890625,0.987060546875,-5.126953125,-22.64404296875,-7.9345703125
0.128173828125,-0.239501953125,0.9892578125,-5.126953125,-21.240234375,-7.14111328125
0.1529541015625,-0.23974609375,0.980224609375,-2.99072265625,-21.240234375,-5.92041015625
0.1622314453125,-0.2413330078125,0.96923828125,-1.220703125,-20.6298828125,-7.9345703125
0.1776123046875,-0.2357177734375,0.974853515625,1.40380859375,-20.3857421875,-12.02392578125
0.195068359375,-0.2354736328125,0.95947265625,3.0517578125,-21.8505859375,-16.17431640625
0.1971435546875,-0.233642578125,0.9510498046875,3.60107421875,-22.27783203125,-19.6533203125
0.209228515625,-0.2340087890625,0.9595947265625,3.84521484375,-23.25439453125,-21.1181640625
0.2265625,-0.2669677734375,0.9686279296875,2.38037109375,-25.32958984375,-21.17919921875
0.2130126953125,-0.2716064453125,0.977783203125,2.25830078125,-29.47998046875,-23.193359375
0.22216796875,-0.258544921875,0.9791259765625,1.220703125,-36.2548828125,-27.34375
0.2347412109375,-0.246337890625,0.983642578125,-0.732421875,-45.5322265625,-34.5458984375
0.2376708984375,-0.226806640625,0.9912109375,-3.72314453125,-56.21337890625,-38.75732421875
0.2308349609375,-0.2183837890625,1.0023193359375,-7.38525390625,-67.44384765625,-44.3115234375
0.237060546875,-0.2677001953125,1.02685546875,-11.04736328125,-79.04052734375,-47.9736328125
0.2410888671875,-0.2899169921875,1.046875,-15.13671875,-91.4306640625,-44.86083984375
0.273193359375,-0.2830810546875,1.05712890625,-16.357421875,-110.9619140625,-51.45263671875
0.2769775390625,-0.2630615234375,1.0625,-14.46533203125,-154.78515625,-63.720703125
0.2786865234375,-0.2364501953125,1.0711669921875,-12.87841796875,-204.16259765625,-73.974609375
0.281982421875,-0.228759765625,1.073486328125,-8.72802734375,-219.05517578125,-71.96044921875
0.29296875,-0.2362060546875,1.06884765625,-3.5400390625,-245.7275390625,-87.890625
0.304443359375,-0.2652587890625,1.0830078125,-6.53076171875,-284.48486328125,-108.7646484375
0.30029296875,-0.271240234375,1.180419921875,-2.38037109375,-316.89453125,-111.14501953125
0.289794921875,-0.2635498046875,1.2357177734375,-5.2490234375,-338.92822265625,-107.0556640625
0.28369140625,-0.283447265625,1.102783203125,-20.99609375,-330.50537109375,-96.98486328125
0.2979736328125,-0.243896484375,1.1893310546875,-46.2646484375,-291.6259765625,-77.392578125
0.2757568359375,-0.2686767578125,1.218994140625,-56.33544921875,-243.65234375,-40.0390625
0.2430419921875,-0.3572998046875,1.3499755859375,-53.03955078125,-193.9697265625,-29.72412109375
0.226318359375,-0.3892822265625,1.6605224609375,-11.8408203125,-108.642578125,-52.3681640625
0.004638671875,-0.1717529296875,1.825927734375,45.166015625,-21.30126953125,-49.25537109375
0.0887451171875,-0.0986328125,1.816650390625,102.47802734375,29.4189453125,-50.47607421875
0.0364990234375,-0.488037109375,1.9190673828125,178.40576171875,64.88037109375,-48.52294921875
0.020751953125,-0.7275390625,1.9237060546875,138.3056640625,76.11083984375,-41.68701171875
0.2872314453125,-0.6273193359375,1.8623046875,43.76220703125,84.04541015625,-32.40966796875
0.5146484375,-0.63916015625,2.5927734375,24.23095703125,91.12548828125,-19.1650390625
0.6343994140625,-0.7283935546875,3.4879150390625,19.287109375,104.79736328125,-4.39453125
0.524169921875,-0.858642578125,3.0838623046875,27.83203125,125.732421875,9.33837890625
0.3709716796875,-0.6292724609375,1.8017578125,27.4658203125,149.7802734375,20.6298828125
0.5113525390625,-0.3824462890625,0.9775390625,23.37646484375,172.66845703125,28.38134765625
0.5126953125,-0.5809326171875,0.760986328125,17.333984375,191.34521484375,33.447265625
0.206298828125,-0.5618896484375,0.7203369140625,11.8408203125,203.79638671875,37.59765625
-0.3033447265625,-0.507080078125,0.84912109375,9.1552734375,211.5478515625,41.259765625
0.2313232421875,-0.52001953125,1.0240478515625,8.36181640625,218.505859375,44.43359375
0.2796630859375,-0.493408203125,1.10400390625,5.67626953125,223.81591796875,52.06298828125
-0.8853759765625,-0.518798828125,1.112060546875,2.8076171875,229.1259765625,56.94580078125
-1.096923828125,-0.545166015625,1.0679931640625,2.86865234375,235.4736328125,61.95068359375
-0.924560546875,-0.5535888671875,1.0162353515625,3.72314453125,239.1357421875,67.2607421875
-0.8714599609375,-0.54736328125,1.011474609375,4.7607421875,242.85888671875,71.8994140625
-0.765625,-0.5042724609375,1.0465087890625,3.41796875,246.09375,75.5615234375
-0.644775390625,-0.43701171875,1.095703125,-1.89208984375,246.03271484375,78.43017578125
-0.5533447265625,-0.38134765625,1.161376953125,-11.23046875,241.76025390625,78.79638671875
-0.463134765625,-0.3583984375,1.2774658203125,-22.5830078125,236.63330078125,76.171875
-0.3782958984375,-0.3660888671875,1.3193359375,-31.73828125,231.01806640625,71.533203125
-0.298095703125,-0.387939453125,1.3563232421875,-37.353515625,221.98486328125,57.67822265625
-0.197509765625,-0.36474609375,1.41796875,-41.19873046875,210.205078125,50.048828125
-0.101318359375,-0.319091796875,1.489501953125,-43.15185546875,196.35009765625,41.19873046875
-0.0321044921875,-0.2725830078125,1.5372314453125,-41.9921875,197.08251953125,31.06689453125
0.0313720703125,-0.2587890625,1.5494384765625,-36.56005859375,202.94189453125,24.47509765625
0.1224365234375,-0.287353515625,1.532470703125,-24.10888671875,207.6416015625,22.705078125
0.1761474609375,-0.3089599609375,1.5369873046875,-15.07568359375,211.36474609375,26.0009765625
0.209716796875,-0.2950439453125,1.599365234375,-6.4697265625,216.30859375,31.31103515625
0.2366943359375,-0.2620849609375,1.920166015625,1.64794921875,226.318359375,39.794921875
0.2552490234375,-0.2576904296875,2.140869140625,7.01904296875,239.501953125,52.978515625
0.2747802734375,-0.2889404296875,2.28662109375,4.2724609375,237.60986328125,68.42041015625
0.31103515625,-0.3209228515625,2.32373046875,-17.08984375,217.46826171875,71.59423828125
0.3409423828125,-0.305908203125,2.28125,-68.4814453125,176.20849609375,55.35888671875
0.3663330078125,-0.3172607421875,2.1617431640625,-103.1494140625,129.21142578125,29.60205078125
0.40087890625,-0.3956298828125,1.9542236328125,-94.29931640625,94.90966796875,10.68115234375
0.5482177734375,-0.497314453125,1.7161865234375,-62.5,73.2421875,6.53076171875
0.6414794921875,-0.496826171875,1.5498046875,-41.50390625,51.45263671875,53.89404296875
0.719970703125,-0.061767578125,1.3338623046875,-46.9970703125,16.29638671875,90.8203125
0.7926025390625,0.2918701171875,0.9161376953125,-65.7958984375,-94.1162109375,86.3037109375
0.905029296875,-0.061279296875,0.469482421875,-77.33154296875,-122.4365234375,46.7529296875
1.05419921875,-0.5521240234375,0.13232421875,-67.138671875,-85.38818359375,22.27783203125
1.2916259765625,-0.576904296875,-0.048828125,9.3994140625,-85.8154296875,0.91552734375
1.4649658203125,-0.1524658203125,-0.045166015625,77.392578125,-150.32958984375,-17.76123046875
1.5894775390625,0.2659912109375,0.0135498046875,67.7490234375,-192.0166015625,-50.78125
1.7939453125,0.38623046875,0.1064453125,30.517578125,-188.90380859375,-81.1767578125
2.02001953125,0.18798828125,0.5728759765625,20.69091796875,-166.9921875,-61.279296875
2.3402099609375,-0.188720703125,1.2611083984375,-15.93017578125,-156.005859375,-6.40869140625
2.6806640625,-0.97998046875,1.3946533203125,-15.80810546875,-161.1328125,33.8134765625
2.87109375,-0.6595458984375,0.609619140625,-14.16015625,-177.490234375,34.66796875
2.8319091796875,0.215087890625,0.7056884765625,-15.625,-171.32568359375,9.46044921875
2.6270751953125,0.2747802734375,1.3502197265625,-26.123046875,-141.66259765625,-11.90185546875
1.49951171875,1.304443359375,1.9774169921875,-7.87353515625,-105.65185546875,-15.13671875
0.9508056640625,1.4779052734375,2.0491943359375,17.15087890625,-86.97509765625,-5.67626953125
-0.1937255859375,1.3638916015625,1.8253173828125,18.73779296875,-80.9326171875,-9.70458984375
-1.6807861328125,1.05078125,1.721923828125,9.1552734375,-43.8232421875,-6.16455078125
-0.7830810546875,0.0576171875,1.622314453125,10.92529296875,-52.001953125,-2.38037109375
0.3831787109375,-1.181396484375,1.33349609375,25.08544921875,-59.9365234375,-0.732421875
0.9422607421875,-1.760009765625,1.231689453125,-2.3193359375,-65.12451171875,0.244140625
0.633544921875,-1.1495361328125,1.3768310546875,-9.21630859375,-72.32666015625,-0.1220703125
0.3021240234375,0.000732421875,1.42578125,-12.5732421875,-88.37890625,2.5634765625
0.2471923828125,0.5548095703125,1.2352294921875,-21.78955078125,-110.29052734375,2.44140625
0.3155517578125,0.14794921875,1.1746826171875,-34.24072265625,-126.03759765625,-0.3662109375
0.39697265625,-0.5062255859375,1.1129150390625,-43.64013671875,-100.28076171875,-12.63427734375
0.3067626953125,0.0819091796875,1.0489501953125,-48.52294921875,-75.0732421875,-15.19775390625
0.1092529296875,-0.1002197265625,1.015625,-52.3681640625,-29.23583984375,-15.31982421875
0.0731201171875,-0.2349853515625,1.0198974609375,-40.58837890625,-13.73291015625,-15.625
0.2274169921875,-0.1497802734375,1.01708984375,-21.42333984375,-7.87353515625,-14.892578125
0.1622314453125,-0.035888671875,1.0626220703125,12.451171875,-10.986328125,-14.22119140625
0.0625,-0.0692138671875,1.0972900390625,14.16015625,-16.7236328125,-10.1318359375
0.0626220703125,-0.1661376953125,0.98291015625,10.43701171875,-18.798828125,-9.46044921875
0.07763671875,-0.2276611328125,0.923828125,4.57763671875,-19.47021484375,-9.82666015625
0.048095703125,-0.2938232421875,0.9591064453125,-0.48828125,-21.91162109375,-11.77978515625
0.05126953125,-0.351806640625,1.03515625,-7.080078125,-23.49853515625,-11.77978515625
0.0726318359375,-0.27734375,1.069091796875,-16.6015625,-21.728515625,-11.53564453125
0.1578369140625,-0.2630615234375,1.05908203125,-14.0380859375,-17.51708984375,-12.14599609375
0.2196044921875,-0.2352294921875,1.021484375,-8.4228515625,-16.4794921875,-13.48876953125
0.21484375,-0.2210693359375,1.0008544921875,-1.5869140625,-17.63916015625,-13.0615234375
0.2119140625,-0.221435546875,0.9927978515625,5.2490234375,-15.869140625,-13.12255859375
0.1986083984375,-0.21728515625,0.9879150390625,9.46044921875,-13.427734375,-12.3291015625
0.187744140625,-0.2388916015625,0.9925537109375,8.6669921875,-14.34326171875,-12.14599609375
0.185791015625,-0.2431640625,0.983154296875,8.72802734375,-14.70947265625,-10.7421875
0.190673828125,-0.2445068359375,0.966796875,9.765625,-13.73291015625,-9.09423828125
0.2037353515625,-0.24755859375,0.95751953125,8.36181640625,-13.12255859375,-7.14111328125
0.2139892578125,-0.260009765625,0.947021484375,3.662109375,-13.18359375,-15.13671875
0.2186279296875,-0.2547607421875,0.95361328125,2.01416015625,-10.19287109375,-17.822265625
0.2149658203125,-0.2347412109375,0.96484375,-1.46484375,-14.6484375,-21.1181640625
0.232421875,-0.2371826171875,0.94677734375,-2.685546875,-16.78466796875,-24.0478515625
0.25146484375,-0.2413330078125,0.9432373046875,-7.6904296875,-19.22607421875,-25.5126953125
0.2342529296875,-0.22412109375,0.9627685546875,-0.18310546875,-22.03369140625,-27.099609375
0.214111328125,-0.22021484375,0.9622802734375,-1.89208984375,-27.77099609375,-30.09033203125
0.2222900390625,-0.2276611328125,0.9599609375,-4.7607421875,-37.4755859375,-34.36279296875
0.2305908203125,-0.2100830078125,0.9903564453125,-8.72802734375,-49.8046875,-39.306640625
0.2342529296875,-0.2152099609375,1.0028076171875,-13.00048828125,-64.75830078125,-46.69189453125
0.2322998046875,-0.2559814453125,1.02001953125,-16.54052734375,-83.19091796875,-50.4150390625
0.232177734375,-0.2540283203125,1.0423583984375,-20.751953125,-101.6845703125,-49.6826171875
0.2479248046875,-0.251953125,1.0609130859375,-23.92578125,-146.17919921875,-56.70166015625
0.264404296875,-0.252685546875,1.076416015625,-23.49853515625,-193.29833984375,-73.2421875
0.2520751953125,-0.241943359375,1.093994140625,-20.8740234375,-229.55322265625,-92.6513671875
0.2633056640625,-0.22509765625,1.103759765625,-11.71875,-242.12646484375,-97.10693359375
0.263916015625,-0.224609375,1.1097412109375,-9.1552734375,-259.70458984375,-108.88671875
0.2747802734375,-0.2496337890625,1.1080322265625,-11.8408203125,-300.1708984375,-133.72802734375
0.30322265625,-0.255859375,1.2437744140625,-6.34765625,-348.08349609375,-143.00537109375
0.3013916015625,-0.2393798828125,1.2835693359375,-2.197265625,-384.1552734375,-152.16064453125
0.2760009765625,-0.2398681640625,1.1783447265625,-19.22607421875,-380.7373046875,-150.146484375
0.2774658203125,-0.2274169921875,1.222900390625,-53.1005859375,-333.8623046875,-121.52099609375
0.247314453125,-0.302978515625,1.25634765625,-75.927734375,-271.240234375,-57.92236328125
0.2218017578125,-0.4248046875,1.3125,-89.29443359375,-189.94140625,-49.560546875
0.2515869140625,-0.475830078125,1.7034912109375,-103.69873046875,-108.33740234375,-45.59326171875
0.0074462890625,-0.3260498046875,2.1190185546875,-54.62646484375,54.50439453125,-42.236328125
0.07373046875,-0.0946044921875,2.183837890625,52.6123046875,94.29931640625,-39.794921875
0.0411376953125,-0.38671875,2.1741943359375,193.7255859375,99.2431640625,-34.66796875
-0.2154541015625,-0.81982421875,2.172119140625,37.90283203125,101.13525390625,-25.20751953125
0.109375,-0.715576171875,2.245361328125,34.5458984375,115.41748046875,-15.5029296875
0.5465087890625,-0.6593017578125,2.9798583984375,48.583984375,132.62939453125,-5.2490234375
0.7115478515625,-0.82421875,3.0511474609375,36.0107421875,149.35302734375,6.2255859375
0.6383056640625,-1.0513916015625,1.573974609375,20.01953125,165.771484375,16.6015625
0.3348388671875,-0.9522705078125,0.56298828125,7.6904296875,179.443359375,25.146484375
0.3929443359375,-1.0145263671875,0.4512939453125,-1.708984375,191.40625,31.494140625
0.5628662109375,-0.8052978515625,0.5001220703125,-5.37109375,202.2705078125,36.376953125
0.2216796875,-0.462646484375,0.6654052734375,-9.21630859375,212.40234375,39.1845703125
0.2950439453125,-0.3092041015625,0.7882080078125,-17.822265625,222.10693359375,40.8935546875
0.107666015625,-0.310546875,0.896484375,-27.52685546875,232.421875,39.9169921875
-1.0595703125,-0.365966796875,0.955078125,-35.7666015625,242.00439453125,35.64453125
-0.9320068359375,-0.4439697265625,0.946044921875,-43.15185546875,254.45556640625,35.46142578125
-0.857666015625,-0.5029296875,0.9443359375,-44.98291015625,256.89697265625,39.97802734375
-0.7476806640625,-0.4771728515625,0.9786376953125,-39.9169921875,254.638671875,43.9453125
-0.6583251953125,-0.385009765625,1.040771484375,-33.63037109375,264.16015625,46.38671875
-0.6090087890625,-0.2720947265625,1.131103515625,-31.18896484375,270.93505859375,47.05810546875
-0.5472412109375,-0.168212890625,1.24072265625,-33.935546875,270.81298828125,46.2646484375
-0.47509765625,-0.1055908203125,1.3397216796875,-42.3583984375,263.671875,45.71533203125
-0.40283203125,-0.0780029296875,1.461181640625,-46.20361328125,251.40380859375,47.54638671875
-0.318603515625,-0.0555419921875,1.5181884765625,-49.1943359375,239.07470703125,51.3916015625
-0.229736328125,-0.0174560546875,1.5166015625,-53.5888671875,221.00830078125,23.01025390625
-0.146240234375,0.0223388671875,1.562255859375,-53.03955078125,223.69384765625,26.123046875
-0.0733642578125,0.077392578125,1.5948486328125,-43.0908203125,70.73974609375,48.76708984375
-0.00634765625,0.1363525390625,1.6011962890625,-10.986328125,220.52001953125,39.12353515625
0.0418701171875,0.169677734375,1.601806640625,3.47900390625,355.46875,42.8466796875
0.0609130859375,0.2041015625,1.652587890625,90.88134765625,330.87158203125,53.5888671875
0.0936279296875,0.2220458984375,2.1304931640625,54.13818359375,243.46923828125,67.9931640625
0.1427001953125,0.205078125,2.4677734375,5.615234375,199.8291015625,79.04052734375
0.1822509765625,0.1439208984375,2.6048583984375,5.615234375,171.7529296875,81.84814453125
0.2080078125,-0.0699462890625,1.671142578125,-14.46533203125,151.123046875,71.6552734375
0.2275390625,-0.0384521484375,2.0321044921875,-42.66357421875,130.0048828125,58.349609375
0.247802734375,-0.2841796875,2.596923828125,-45.0439453125,108.70361328125,43.27392578125
0.265380859375,0.0869140625,2.3323974609375,-23.49853515625,80.6884765625,31.3720703125
0.4486083984375,-0.0579833984375,1.72998046875,-3.90625,38.818359375,21.17919921875
0.5814208984375,-0.1461181640625,1.1788330078125,0.79345703125,-3.96728515625,11.41357421875
0.948486328125,-0.0115966796875,0.57861328125,-8.6669921875,-32.5927734375,-9.6435546875
1.2545166015625,-0.1649169921875,0.157958984375,-13.36669921875,-47.607421875,-27.89306640625
1.2762451171875,-0.4010009765625,-0.108642578125,-4.39453125,-66.34521484375,-68.7255859375
1.337890625,-0.4500732421875,-0.337158203125,14.7705078125,-10.7421875,-77.20947265625
1.572265625,-0.2137451171875,-0.4798583984375,31.005859375,-51.6357421875,-32.71484375
1.839111328125,0.1131591796875,-0.4371337890625,38.4521484375,-142.2119140625,-25.0244140625
2.0823974609375,0.322021484375,-0.19775390625,42.54150390625,-205.6884765625,-4.08935546875
2.315673828125,0.3359375,-0.0775146484375,-5.31005859375,-177.91748046875,17.2119140625
2.5750732421875,0.2158203125,1.1124267578125,-15.9912109375,-173.52294921875,-13.97705078125
2.8956298828125,0.0802001953125,1.78271484375,-34.48486328125,-157.16552734375,-9.94873046875
3.089599609375,0.1180419921875,1.008056640625,-32.5927734375,-124.0234375,0.48828125
3.0640869140625,0.176513671875,0.4207763671875,-31.79931640625,-113.1591796875,0.8544921875
2.8974609375,0.2105712890625,0.5897216796875,-19.775390625,-96.25244140625,-6.2255859375
2.658935546875,0.133056640625,1.83837890625,-3.35693359375,-84.41162109375,-5.615234375
2.48046875,-0.3505859375,1.8056640625,-3.173828125,-87.82958984375,-1.03759765625
0.503173828125,-0.38623046875,1.6778564453125,-2.74658203125,-77.81982421875,1.52587890625
-1.27587890625,-0.2823486328125,1.486328125,-21.78955078125,-57.31201171875,0.3662109375
-1.9415283203125,-0.8297119140625,1.51171875,-25.81787109375,-64.51416015625,4.7607421875
-0.8408203125,-0.6729736328125,1.3785400390625,-35.0341796875,-89.111328125,4.82177734375
0.0406494140625,0.3135986328125,1.24462890625,-55.72509765625,-102.11181640625,3.60107421875
0.2960205078125,-0.47119140625,1.1544189453125,-69.9462890625,-74.76806640625,2.38037109375
0.31494140625,-0.2880859375,1.0233154296875,-70.86181640625,-54.26025390625,1.46484375
0.4345703125,0.041015625,0.9730224609375,-66.5283203125,-42.90771484375,0.54931640625
0.285888671875,-0.0479736328125,1.0670166015625,-33.99658203125,-36.4990234375,0.1220703125
0.3331298828125,-0.1844482421875,1.092041015625,-10.31494140625,-28.1982421875,-0.244140625
0.3555908203125,-0.109130859375,1.0528564453125,1.15966796875,-21.78955078125,-1.0986328125
0.2015380859375,-0.06640625,1.100830078125,2.8076171875,-18.5546875,-1.708984375
0.1337890625,-0.17041015625,1.126708984375,-1.0986328125,-16.78466796875,-2.197265625
0.16259765625,-0.2528076171875,1.022216796875,-6.34765625,-16.11328125,-1.64794921875
0.158935546875,-0.2769775390625,0.9471435546875,-10.7421875,-16.357421875,-1.40380859375
0.095703125,-0.2945556640625,0.939453125,-14.70947265625,-16.54052734375,-1.708984375
0.08984375,-0.2779541015625,0.9515380859375,-17.822265625,-17.51708984375,-1.89208984375
0.110595703125,-0.259765625,0.9725341796875,-18.1884765625,-17.08984375,-2.685546875
0.2301025390625,-0.2564697265625,0.9862060546875,-18.4326171875,-16.2353515625,-3.72314453125
0.2413330078125,-0.258056640625,0.966064453125,-16.6015625,-15.380859375,-4.638671875
0.216552734375,-0.2528076171875,0.9642333984375,-13.3056640625,-15.07568359375,-4.8828125
0.2054443359375,-0.24462890625,0.9727783203125,-8.4228515625,-15.07568359375,-4.638671875
0.2125244140625,-0.2596435546875,0.9803466796875,-3.0517578125,-14.34326171875,-5.37109375
0.217041015625,-0.2615966796875,0.97412109375,2.197265625,-13.671875,-5.859375
0.21875,-0.265625,0.96484375,5.37109375,-13.3056640625,-6.2255859375
0.226318359375,-0.2679443359375,0.965087890625,5.67626953125,-13.00048828125,-6.4697265625
0.227294921875,-0.273193359375,0.962890625,5.31005859375,-13.24462890625,-6.34765625
0.230224609375,-0.2760009765625,0.9600830078125,4.82177734375,-13.671875,-5.67626953125
0.2396240234375,-0.2705078125,0.9560546875,4.69970703125,-13.12255859375,-4.57763671875
0.2471923828125,-0.2606201171875,0.9444580078125,5.67626953125,-12.8173828125,-3.90625
0.2509765625,-0.250732421875,0.9334716796875,5.7373046875,-12.5732421875,-3.72314453125
0.2493896484375,-0.2625732421875,0.9345703125,4.2724609375,-12.02392578125,-3.662109375
0.2496337890625,-0.28076171875,0.9410400390625,2.685546875,-11.53564453125,-4.150390625
0.244384765625,-0.2813720703125,0.9541015625,1.3427734375,-11.71875,-6.40869140625
0.2467041015625,-0.2774658203125,0.958740234375,0.732421875,-13.24462890625,-7.568359375
0.2598876953125,-0.2677001953125,0.9505615234375,0.42724609375,-14.6484375,-8.1787109375
0.256591796875,-0.2491455078125,0.94775390625,0.8544921875,-15.380859375,-7.50732421875
0.244140625,-0.241943359375,0.9398193359375,2.86865234375,-16.7236328125,-8.11767578125
0.241455078125,-0.2440185546875,0.9359130859375,4.638671875,-29.541015625,-10.80322265625
0.242919921875,-0.249267578125,0.939208984375,5.37109375,-34.72900390625,-23.01025390625
0.255615234375,-0.25732421875,0.9493408203125,5.0048828125,-41.44287109375,-37.4755859375
0.27490234375,-0.26708984375,0.95166015625,-4.21142578125,-65.3076171875,-33.3251953125
0.2783203125,-0.260009765625,0.9637451171875,-8.60595703125,-148.98681640625,-45.166015625
0.2740478515625,-0.289794921875,0.982666015625,-14.09912109375,-191.34521484375,-61.4013671875
0.277099609375,-0.2908935546875,1.0206298828125,-17.08984375,-226.37939453125,-79.345703125
0.2774658203125,-0.2767333984375,1.0177001953125,-21.728515625,-254.33349609375,-87.7685546875
0.2813720703125,-0.24951171875,1.03662109375,-18.1884765625,-302.91748046875,-98.2666015625
0.2738037109375,-0.2257080078125,1.070556640625,-12.87841796875,-364.990234375,-112.36572265625
0.280517578125,-0.240234375,1.0994873046875,-20.69091796875,-415.0390625,-118.7744140625
0.31103515625,-0.28125,1.239990234375,-36.80419921875,-429.19921875,-126.15966796875
0.3072509765625,-0.2772216796875,1.194091796875,-75.01220703125,-415.1611328125,-114.1357421875
0.281005859375,-0.2408447265625,1.218505859375,-103.3935546875,-370.91064453125,-65.85693359375
0.28857421875,-0.2496337890625,1.303466796875,-112.060546875,-305.48095703125,-57.6171875
0.2906494140625,-0.361328125,1.6014404296875,-103.08837890625,-155.70068359375,-83.55712890625
0.2044677734375,-0.388671875,1.985107421875,-70.98388671875,-44.921875,-71.8994140625
0.1766357421875,-0.2237548828125,2.0390625,34.912109375,19.04296875,-51.08642578125
-0.021484375,-0.22900390625,1.7845458984375,121.2158203125,86.7919921875,-35.33935546875
-0.2127685546875,-0.577392578125,1.64306640625,86.3037109375,123.84033203125,-26.3671875
0.146728515625,-0.6309814453125,2.0225830078125,43.76220703125,149.2919921875,-25.08544921875
0.5777587890625,-0.545166015625,3.058349609375,21.240234375,161.19384765625,-18.98193359375
0.882568359375,-0.736083984375,3.857666015625,27.89306640625,174.49951171875,-10.6201171875
0.721435546875,-0.7491455078125,3.79345703125,41.8701171875,174.01123046875,-1.5869140625
0.33203125,-0.436767578125,2.9061279296875,50.59814453125,179.62646484375,6.8359375
0.3304443359375,-0.7181396484375,1.9283447265625,55.2978515625,187.80517578125,14.58740234375
0.740234375,-0.97998046875,1.36962890625,57.80029296875,200.50048828125,23.86474609375
0.6104736328125,-0.68310546875,0.810302734375,46.630859375,216.30859375,33.26416015625
-0.2802734375,-0.641357421875,0.38916015625,35.400390625,230.16357421875,40.52734375
0.680419921875,-0.6800537109375,0.259521484375,22.4609375,242.37060546875,44.677734375
0.7957763671875,-0.619140625,0.3648681640625,12.8173828125,253.60107421875,45.166015625
-0.9990234375,-0.525390625,0.6014404296875,9.46044921875,263.18359375,41.07666015625
-1.0848388671875,-0.416015625,0.8382568359375,10.1318359375,273.01025390625,36.2548828125
-0.767822265625,-0.3507080078125,1.0042724609375,11.474609375,279.72412109375,32.470703125
-0.7548828125,-0.37255859375,1.1015625,15.31982421875,266.17431640625,40.83251953125
-0.7801513671875,-0.4163818359375,1.1663818359375,19.59228515625,267.7001953125,49.62158203125
-0.7410888671875,-0.4652099609375,1.2176513671875,21.54541015625,281.18896484375,57.373046875
-0.616455078125,-0.48779296875,1.2640380859375,20.99609375,287.2314453125,62.92724609375
-0.4866943359375,-0.4696044921875,1.2943115234375,14.09912109375,286.1328125,64.27001953125
-0.3736572265625,-0.427001953125,1.36181640625,-4.2724609375,278.80859375,62.07275390625
-0.28271484375,-0.36083984375,1.3873291015625,-20.01953125,265.56396484375,58.837890625
-0.2132568359375,-0.287109375,1.3544921875,-28.6865234375,251.220703125,56.7626953125
-0.12255859375,-0.22705078125,1.4117431640625,-30.76171875,242.5537109375,52.8564453125
-0.0096435546875,-0.197265625,1.5263671875,-28.99169921875,246.03271484375,51.3916015625
0.092041015625,-0.1470947265625,1.61328125,-22.94921875,255.43212890625,19.59228515625
0.17431640625,-0.1343994140625,1.660400390625,-9.46044921875,192.2607421875,19.4091796875
0.2196044921875,-0.185791015625,1.68896484375,1.40380859375,126.28173828125,60.9130859375
0.2679443359375,-0.1995849609375,1.765380859375,2.62451171875,240.234375,74.27978515625
0.32958984375,-0.1929931640625,1.982177734375,22.94921875,204.04052734375,78.30810546875
0.3541259765625,-0.186279296875,2.283935546875,80.4443359375,160.400390625,67.5048828125
0.379638671875,-0.1983642578125,2.5733642578125,39.55078125,133.72802734375,41.44287109375
0.4066162109375,-0.2181396484375,3.0750732421875,-92.041015625,110.77880859375,14.404296875
0.4283447265625,-0.22216796875,2.7979736328125,-61.767578125,83.92333984375,-0.54931640625
0.4486083984375,-0.179443359375,1.8289794921875,-14.6484375,42.29736328125,2.99072265625
0.470703125,-0.4686279296875,1.44873046875,17.08984375,-0.8544921875,14.892578125
0.5535888671875,-0.65185546875,1.0823974609375,8.97216796875,-29.23583984375,26.85546875
0.6866455078125,-0.392578125,0.694580078125,-26.42822265625,-42.236328125,38.9404296875
0.7984619140625,-0.2469482421875,0.3961181640625,-60.48583984375,-47.30224609375,7.6904296875
0.845947265625,-0.6112060546875,0.051025390625,-69.64111328125,-68.7255859375,-33.02001953125
1.1480712890625,-0.6119384765625,-0.306884765625,-53.22265625,-1.5869140625,-42.48046875
1.5286865234375,-0.2271728515625,-0.4833984375,-24.10888671875,-61.58447265625,-29.23583984375
1.9088134765625,0.2191162109375,-0.41748046875,8.9111328125,-147.94921875,-36.62109375
2.203369140625,0.3800048828125,-0.1551513671875,15.19775390625,-204.1015625,-49.8046875
2.53466796875,0.1490478515625,0.1240234375,16.357421875,-191.89453125,-44.43359375
2.9344482421875,-0.332763671875,0.520751953125,8.48388671875,-162.65869140625,-8.7890625
3.249755859375,-0.7327880859375,1.596923828125,-22.27783203125,-170.5322265625,11.65771484375
3.2752685546875,-0.8365478515625,0.79833984375,-39.97802734375,-165.283203125,3.23486328125
3.1234130859375,-0.5791015625,0.2752685546875,-34.85107421875,-154.1748046875,-15.80810546875
2.8485107421875,0.2559814453125,0.2637939453125,-23.01025390625,-141.2353515625,-22.52197265625
2.507080078125,0.44189453125,1.982666015625,-14.70947265625,-131.77490234375,-5.2490234375
2.157470703125,0.681884765625,2.451416015625,-5.615234375,-136.8408203125,6.89697265625
1.0528564453125,0.5799560546875,2.28173828125,0.30517578125,-133.36181640625,2.685546875
-1.4664306640625,0.2747802734375,2.1051025390625,0.18310546875,-106.4453125,-3.11279296875
-1.7353515625,-0.1832275390625,1.913330078125,3.60107421875,-74.0966796875,-2.50244140625
-0.746826171875,-0.786376953125,1.7154541015625,17.63916015625,-55.96923828125,-0.6103515625
0.1385498046875,-1.0140380859375,1.5159912109375,13.85498046875,-59.08203125,-0.8544921875
0.523681640625,-0.47412109375,1.4027099609375,-9.27734375,-65.0634765625,-4.08935546875
0.5032958984375,0.1937255859375,1.3475341796875,-25.45166015625,-72.81494140625,-2.99072265625
0.5311279296875,0.1710205078125,1.1953125,-22.52197265625,-80.01708984375,1.8310546875
0.478759765625,-0.3946533203125,1.099609375,-17.4560546875,-82.21435546875,4.5166015625
0.4576416015625,-0.6583251953125,1.113037109375,-22.52197265625,-88.7451171875,5.79833984375
0.3951416015625,-0.32421875,1.103759765625,-31.79931640625,-101.37939453125,5.9814453125
0.2503662109375,0.0245361328125,1.0443115234375,-41.32080078125,-110.9619140625,3.5400390625
0.0902099609375,-0.0711669921875,1.0113525390625,-47.42431640625,-100.28076171875,-1.3427734375
0.1461181640625,-0.31396484375,0.98974609375,-48.33984375,-69.88525390625,-4.150390625
0.2257080078125,-0.281494140625,0.974365234375,-45.34912109375,-40.52734375,-4.94384765625
0.16015625,-0.13330078125,0.9957275390625,-35.2783203125,-17.2119140625,-5.43212890625
0.078369140625,-0.120849609375,1.03466796875,-19.47021484375,-20.69091796875,-6.7138671875
0.07958984375,-0.1817626953125,1.077392578125,-8.7890625,-21.8505859375,-7.62939453125
0.1207275390625,-0.21240234375,1.1444091796875,-4.33349609375,-21.3623046875,-7.9345703125
0.0955810546875,-0.229736328125,1.127197265625,-7.080078125,-23.74267578125,-7.568359375
0.0787353515625,-0.2674560546875,1.0867919921875,-9.09423828125,-26.3671875,-6.77490234375
0.090087890625,-0.3079833984375,0.9244384765625,-10.43701171875,-27.2216796875,-5.67626953125
0.0810546875,-0.2978515625,0.9248046875,-9.521484375,-24.169921875,-5.92041015625
0.083251953125,-0.2685546875,0.9351806640625,-9.27734375,-23.25439453125,-7.080078125
0.1492919921875,-0.2789306640625,0.9632568359375,-9.3994140625,-23.01025390625,-7.6904296875
0.236328125,-0.2833251953125,0.9847412109375,-8.6669921875,-22.39990234375,-8.72802734375
0.28466796875,-0.272216796875,0.9910888671875,-4.8828125,-21.8505859375,-9.46044921875
0.29443359375,-0.2723388671875,0.997314453125,0.1220703125,-21.240234375,-10.1318359375
0.1768798828125,-0.277587890625,0.9952392578125,5.31005859375,-20.3857421875,-10.07080078125
0.1583251953125,-0.269287109375,0.978759765625,10.1318359375,-19.71435546875,-6.8359375
0.1785888671875,-0.2637939453125,0.9659423828125,13.00048828125,-19.287109375,-4.5166015625
0.1881103515625,-0.275390625,0.955810546875,14.46533203125,-16.845703125,-1.0986328125
0.193359375,-0.2802734375,0.9500732421875,14.58740234375,-14.892578125,-1.3427734375
0.221923828125,-0.2786865234375,0.9500732421875,13.36669921875,-12.63427734375,-1.64794921875
0.25732421875,-0.2913818359375,0.9537353515625,8.36181640625,-11.65771484375,-2.685546875
0.2681884765625,-0.2943115234375,0.958251953125,5.0048828125,-10.3759765625,-4.638671875
0.25537109375,-0.2890625,0.96337890625,-0.67138671875,-9.8876953125,-6.34765625
0.237060546875,-0.2823486328125,0.9578857421875,-2.25830078125,-10.07080078125,-7.32421875
0.2347412109375,-0.259033203125,0.950439453125,-2.44140625,-10.43701171875,-7.8125
0.234130859375,-0.23291015625,0.939208984375,-1.64794921875,-10.7421875,-7.87353515625
0.239990234375,-0.231689453125,0.9329833984375,-1.15966796875,-12.5732421875,-10.6201171875
0.2530517578125,-0.2237548828125,0.9310302734375,-0.42724609375,-16.29638671875,-17.822265625
0.254638671875,-0.2532958984375,0.9365234375,-0.18310546875,-29.96826171875,-22.88818359375
0.2677001953125,-0.258056640625,0.945068359375,-0.244140625,-46.0205078125,-27.587890625
0.2996826171875,-0.265625,0.9542236328125,-1.953125,-58.59375,-34.36279296875
0.2938232421875,-0.281982421875,0.967041015625,-8.11767578125,-76.904296875,-39.97802734375
0.284423828125,-0.2861328125,0.9893798828125,-17.08984375,-97.47314453125,-45.41015625
0.280517578125,-0.2799072265625,1.0196533203125,-20.1416015625,-115.53955078125,-43.27392578125
0.2779541015625,-0.2626953125,1.033447265625,-19.53125,-135.986328125,-45.10498046875
0.2718505859375,-0.2391357421875,1.054443359375,-19.8974609375,-179.931640625,-50.47607421875
0.2772216796875,-0.2269287109375,1.0760498046875,-21.30126953125,-223.7548828125,-62.07275390625
0.2977294921875,-0.23046875,1.0975341796875,-22.15576171875,-244.20166015625,-71.044921875
0.30126953125,-0.3016357421875,1.105224609375,-18.6767578125,-265.0146484375,-71.2890625
0.2802734375,-0.2850341796875,1.0980224609375,-17.02880859375,-308.2275390625,-90.88134765625
0.2623291015625,-0.2791748046875,1.176025390625,-11.29150390625,-363.83056640625,-106.26220703125
0.2735595703125,-0.2884521484375,1.2816162109375,-5.615234375,-413.330078125,-112.48779296875
0.2733154296875,-0.283935546875,1.228271484375,-11.04736328125,-419.37255859375,-107.177734375
0.2303466796875,-0.26025390625,1.2120361328125,-34.48486328125,-369.20166015625,-77.63671875
0.2060546875,-0.2926025390625,1.285400390625,-46.08154296875,-306.5185546875,-53.89404296875
0.26220703125,-0.351318359375,1.290283203125,-36.19384765625,-260.986328125,-69.82421875
0.261474609375,-0.3702392578125,1.6522216796875,-24.0478515625,-142.7001953125,-67.0166015625
0.079833984375,-0.3502197265625,2.1407470703125,24.71923828125,-9.58251953125,-75.927734375
-0.066162109375,-0.1051025390625,2.28759765625,125.1220703125,63.78173828125,-73.1201171875
-0.1129150390625,-0.2471923828125,2.3145751953125,211.5478515625,112.3046875,-63.78173828125
-0.2442626953125,-0.8387451171875,2.0467529296875,110.4736328125,130.615234375,-45.2880859375
-0.0411376953125,-0.822021484375,1.995361328125,20.6298828125,135.498046875,-25.7568359375
0.4658203125,-0.621826171875,3.0933837890625,-15.19775390625,143.9208984375,-6.89697265625
0.757568359375,-0.770263671875,3.9866943359375,-9.6435546875,161.9873046875,9.1552734375
0.750244140625,-0.8184814453125,3.381103515625,8.36181640625,188.4765625,19.6533203125
0.470947265625,-0.2371826171875,1.9892578125,12.0849609375,213.134765625,24.71923828125
0.44287109375,-0.12158203125,1.080078125,19.22607421875,230.712890625,25.69580078125
0.51513671875,-0.376708984375,0.862548828125,17.51708984375,242.3095703125,24.59716796875
0.0572509765625,-0.31494140625,0.86279296875,7.8125,249.51171875,22.705078125
-0.1639404296875,-0.585693359375,1.0240478515625,-1.64794921875,253.96728515625,12.26806640625
0.41748046875,-0.73095703125,1.0899658203125,-9.6435546875,258.23974609375,3.84521484375
-0.2899169921875,-0.749267578125,1.001708984375,-13.85498046875,263.24462890625,-2.74658203125
-1.546630859375,-0.740234375,0.8858642578125,-14.6484375,261.71875,-2.44140625
-1.5047607421875,-0.6112060546875,0.864990234375,-11.29150390625,260.1318359375,3.173828125
-1.3326416015625,-0.4915771484375,0.9310302734375,-6.77490234375,261.77978515625,12.63427734375
-1.2073974609375,-0.416015625,1.0228271484375,7.26318359375,266.78466796875,21.6064453125
-0.9830322265625,-0.359619140625,1.11474609375,4.57763671875,270.751953125,29.47998046875
-0.7789306640625,-0.3179931640625,1.2041015625,-8.11767578125,267.15087890625,38.818359375
-0.62109375,-0.26904296875,1.4234619140625,-22.0947265625,255.4931640625,48.583984375
-0.479736328125,-0.21484375,1.4337158203125,-35.888671875,244.5068359375,57.9833984375
-0.3299560546875,-0.1761474609375,1.428955078125,-49.31640625,238.09814453125,79.65087890625
-0.18701171875,-0.144287109375,1.43115234375,-61.6455078125,225.830078125,79.9560546875
-0.0689697265625,-0.109619140625,1.4713134765625,-65.85693359375,223.0224609375,51.57470703125
0.0338134765625,-0.1014404296875,1.544921875,-61.1572265625,139.58740234375,59.02099609375
0.1258544921875,-0.0960693359375,1.6151123046875,-53.8330078125,128.47900390625,74.76806640625
0.23291015625,-0.0928955078125,1.65478515625,-17.2119140625,257.26318359375,63.41552734375
0.2877197265625,-0.10400390625,1.707275390625,41.015625,349.54833984375,64.51416015625
0.3243408203125,-0.1163330078125,1.845458984375,87.7685546875,313.720703125,73.1201171875
0.3406982421875,-0.16015625,2.61669921875,28.564453125,247.37548828125,77.392578125
0.3365478515625,-0.2283935546875,2.97509765625,-28.74755859375,208.43505859375,69.7021484375
0.318115234375,-0.3021240234375,2.4844970703125,-38.63525390625,182.4951171875,51.8798828125
0.3154296875,-0.3404541015625,1.90966796875,-55.23681640625,155.09033203125,28.9306640625
0.3343505859375,-0.520751953125,2.1376953125,-59.26513671875,129.7607421875,9.765625
0.3226318359375,-0.468017578125,2.41796875,-33.935546875,105.224609375,-1.28173828125
0.357666015625,-0.045654296875,2.1700439453125,-4.33349609375,73.05908203125,-0.06103515625
0.6204833984375,-0.0118408203125,1.6632080078125,8.72802734375,28.50341796875,7.4462890625
0.733154296875,0.0152587890625,1.0977783203125,3.173828125,-9.09423828125,9.70458984375
0.9969482421875,0.0023193359375,0.6021728515625,-7.6904296875,-33.99658203125,9.033203125
1.2506103515625,-0.2984619140625,0.2943115234375,-9.1552734375,-48.095703125,9.3994140625
1.306396484375,-0.444091796875,0.1131591796875,0.18310546875,-96.6796875,-5.4931640625
1.3455810546875,-0.2418212890625,-0.047607421875,15.07568359375,-65.85693359375,-42.96875
1.5302734375,0.087158203125,-0.2330322265625,29.541015625,-11.962890625,-49.98779296875
1.8277587890625,0.2703857421875,-0.31689453125,52.67333984375,-74.52392578125,-20.8740234375
2.11279296875,0.2611083984375,-0.201904296875,70.9228515625,-201.23291015625,-2.99072265625
2.3980712890625,0.1044921875,-0.2021484375,68.9697265625,-275.5126953125,-27.28271484375
2.7745361328125,-0.132568359375,0.0289306640625,27.89306640625,-233.82568359375,-48.4619140625
3.12109375,-0.352294921875,1.2510986328125,23.25439453125,-188.29345703125,-25.32958984375
3.25634765625,-0.368408203125,1.74658203125,-0.732421875,-203.79638671875,18.310546875
3.2017822265625,-0.220703125,0.7379150390625,-40.0390625,-208.80126953125,1.0986328125
2.9876708984375,-0.02294921875,-0.0252685546875,-43.212890625,-180.35888671875,-18.85986328125
2.6995849609375,0.3936767578125,0.438232421875,-38.6962890625,-154.9072265625,-14.46533203125
2.54150390625,0.484130859375,1.9075927734375,-39.85595703125,-145.20263671875,0.0
1.867919921875,0.255859375,2.5543212890625,-15.31982421875,-137.26806640625,0.18310546875
0.50244140625,0.38232421875,2.118408203125,-6.591796875,-122.314453125,-9.46044921875
-1.5599365234375,0.4598388671875,1.9093017578125,-2.9296875,-119.68994140625,-3.662109375
-2.2889404296875,0.4139404296875,1.7081298828125,3.47900390625,-88.56201171875,3.11279296875
-0.97021484375,-0.0462646484375,1.65673828125,11.90185546875,-57.7392578125,3.23486328125
0.5140380859375,-0.8360595703125,1.6556396484375,3.662109375,-59.50927734375,5.79833984375
1.130859375,-0.2252197265625,1.6845703125,-24.47509765625,-76.7822265625,9.8876953125
0.7386474609375,0.3631591796875,1.5743408203125,-46.81396484375,-84.53369140625,11.3525390625
0.3594970703125,0.0916748046875,1.340087890625,-50.23193359375,-86.12060546875,10.498046875
0.345458984375,-0.5250244140625,1.070556640625,-48.4619140625,-87.70751953125,8.7890625
0.505126953125,-0.461669921875,1.0802001953125,-51.45263671875,-89.41650390625,6.103515625
0.3863525390625,0.0484619140625,1.1973876953125,-58.89892578125,-84.65576171875,3.96728515625
0.2069091796875,0.090576171875,1.1534423828125,-60.85205078125,-71.59423828125,1.28173828125
0.3065185546875,-0.16796875,1.0150146484375,-59.5703125,-58.4716796875,-0.67138671875
0.4710693359375,-0.1829833984375,0.9927978515625,-51.08642578125,-44.25048828125,-1.52587890625
0.3359375,-0.10498046875,1.053466796875,-38.26904296875,-32.40966796875,-2.9296875
0.2330322265625,-0.143310546875,1.091796875,-25.634765625,-26.06201171875,-4.5166015625
0.192626953125,-0.1759033203125,1.1456298828125,-14.892578125,-21.240234375,-5.43212890625
0.15087890625,-0.171875,1.1005859375,-6.9580078125,-15.93017578125,-5.859375
0.1180419921875,-0.18798828125,0.989013671875,-1.40380859375,-12.5732421875,-5.859375
0.12060546875,-0.214111328125,0.9273681640625,-0.18310546875,-11.8408203125,-5.18798828125
0.135009765625,-0.237548828125,0.920166015625,-2.38037109375,-11.29150390625,-3.84521484375
0.1395263671875,-0.258544921875,0.92724609375,-5.79833984375,-10.80322265625,-3.35693359375
0.17919921875,-0.2628173828125,0.930419921875,-8.72802734375,-10.7421875,-3.35693359375
0.22607421875,-0.277587890625,0.9534912109375,-11.77978515625,-11.16943359375,-4.39453125
0.2318115234375,-0.2890625,0.974365234375,-13.24462890625,-11.5966796875,-6.2255859375
0.2010498046875,-0.283203125,0.9874267578125,-14.22119140625,-12.6953125,-8.6669921875
0.205810546875,-0.267822265625,1.0009765625,-14.16015625,-13.916015625,-10.8642578125
0.2093505859375,-0.2542724609375,0.9971923828125,-11.65771484375,-15.380859375,-11.71875
0.1951904296875,-0.242431640625,0.9903564453125,-7.75146484375,-16.90673828125,-10.8642578125
0.203857421875,-0.234130859375,0.984375,-1.953125,-16.4794921875,-8.11767578125
0.22802734375,-0.2335205078125,0.97509765625,4.57763671875,-14.0380859375,-6.77490234375
0.2388916015625,-0.235595703125,0.9608154296875,10.009765625,-13.0615234375,-5.4931640625
0.240234375,-0.2471923828125,0.9569091796875,12.5732421875,-13.427734375,-4.21142578125
0.252197265625,-0.2532958984375,0.9564208984375,12.51220703125,-13.427734375,-4.69970703125
0.2640380859375,-0.2608642578125,0.953369140625,10.07080078125,-12.0849609375,-4.82177734375
0.2633056640625,-0.2784423828125,0.9617919921875,8.4228515625,-11.65771484375,-5.43212890625
0.2548828125,-0.279541015625,0.962158203125,6.591796875,-10.25390625,-6.8359375
0.24560546875,-0.27099609375,0.957763671875,4.39453125,-9.521484375,-9.033203125
0.2332763671875,-0.2474365234375,0.9549560546875,3.41796875,-9.27734375,-10.498046875
0.23046875,-0.2286376953125,0.9505615234375,2.25830078125,-10.009765625,-11.23046875
0.2318115234375,-0.226806640625,0.9398193359375,0.6103515625,-10.7421875,-11.16943359375
0.2427978515625,-0.2156982421875,0.93408203125,-1.5869140625,-11.90185546875,-10.80322265625
0.2730712890625,-0.223388671875,0.93212890625,-2.685546875,-14.6484375,-13.85498046875
0.28466796875,-0.2432861328125,0.938232421875,-3.11279296875,-19.95849609375,-22.5830078125
0.2706298828125,-0.24853515625,0.9503173828125,-3.11279296875,-34.97314453125,-26.79443359375
0.270263671875,-0.2479248046875,0.961669921875,-3.35693359375,-55.17578125,-30.3955078125
0.27587890625,-0.2496337890625,0.9739990234375,-4.08935546875,-71.83837890625,-35.09521484375
0.2713623046875,-0.2578125,0.9908447265625,-11.65771484375,-90.8203125,-38.63525390625
0.2763671875,-0.26171875,1.0166015625,-30.8837890625,-110.9619140625,-40.34423828125
0.28125,-0.2476806640625,1.04052734375,-15.68603515625,-141.78466796875,-52.3681640625
0.2745361328125,-0.22802734375,1.04638671875,-14.34326171875,-188.96484375,-84.28955078125
0.2769775390625,-0.2078857421875,1.0576171875,-16.6015625,-250.8544921875,-85.0830078125
0.2755126953125,-0.1920166015625,1.087646484375,-18.310546875,-316.7724609375,-97.65625
0.2808837890625,-0.2548828125,1.1014404296875,-17.27294921875,-367.1875,-112.85400390625
0.289794921875,-0.2586669921875,1.123046875,-13.12255859375,-402.7099609375,-118.408203125
0.2877197265625,-0.2459716796875,1.2318115234375,-18.00537109375,-396.78955078125,-77.392578125
0.2733154296875,-0.2344970703125,1.2718505859375,-33.935546875,-356.75048828125,-50.6591796875
0.2720947265625,-0.2413330078125,1.2152099609375,-40.0390625,-277.40478515625,-73.05908203125
0.24462890625,-0.2431640625,1.3912353515625,-37.53662109375,-155.517578125,-64.3310546875
0.2454833984375,-0.2857666015625,1.7559814453125,-10.80322265625,33.02001953125,-40.4052734375
0.2657470703125,-0.3916015625,2.20654296875,141.4794921875,89.2333984375,-15.07568359375
0.233642578125,-0.18310546875,2.292724609375,199.0966796875,117.7978515625,3.84521484375
0.05908203125,-0.260498046875,2.11572265625,-0.8544921875,128.2958984375,19.83642578125
0.00537109375,-0.78369140625,1.9439697265625,-34.0576171875,133.60595703125,32.16552734375
-0.2740478515625,-0.8411865234375,3.1302490234375,-25.81787109375,149.84130859375,33.935546875
0.4986572265625,-0.63671875,3.4561767578125,1.708984375,171.5087890625,26.4892578125
0.787109375,-0.7962646484375,2.2464599609375,29.296875,216.1865234375,19.287109375
0.6888427734375,-0.0784912109375,1.3929443359375,47.42431640625,228.94287109375,12.5732421875
0.4500732421875,-0.6268310546875,1.05224609375,45.2880859375,236.38916015625,6.89697265625
0.3360595703125,-0.7091064453125,0.8177490234375,15.869140625,240.8447265625,1.46484375
0.172119140625,-0.93017578125,0.807861328125,2.99072265625,244.68994140625,-2.74658203125
-0.4376220703125,-1.0323486328125,0.91650390625,-4.69970703125,246.76513671875,-5.9814453125
0.271484375,-0.9046630859375,0.891357421875,-7.50732421875,249.6337890625,-10.6201171875
-1.17724609375,-0.6561279296875,0.834228515625,-6.89697265625,254.638671875,-5.67626953125
-1.2418212890625,-0.383056640625,0.828125,-4.39453125,254.33349609375,1.220703125
-1.0513916015625,-0.0926513671875,0.8748779296875,-0.6103515625,256.34765625,10.1318359375
-0.998779296875,-0.0521240234375,0.9456787109375,0.91552734375,259.33837890625,18.73779296875
-0.8148193359375,-0.0640869140625,1.023681640625,-0.06103515625,262.5732421875,24.96337890625
-0.612060546875,-0.079833984375,1.099853515625,-12.5732421875,257.32421875,31.1279296875
-0.36865234375,-0.083984375,1.1859130859375,-20.01953125,244.140625,36.19384765625
-0.2965087890625,-0.0865478515625,1.315185546875,-29.296875,233.88671875,42.90771484375
-0.2122802734375,-0.0751953125,1.41796875,-39.55078125,234.55810546875,50.048828125
-0.124755859375,-0.056884765625,1.458740234375,-45.34912109375,235.107421875,59.6923828125
-0.051513671875,-0.0687255859375,1.479736328125,-46.56982421875,229.18701171875,75.13427734375
0.01123046875,-0.072509765625,1.500244140625,-44.86083984375,230.04150390625,48.40087890625
0.0697021484375,-0.0804443359375,1.542724609375,-44.86083984375,154.72412109375,58.41064453125
0.112060546875,-0.060546875,1.6534423828125,-42.90771484375,108.88671875,85.9375
0.141357421875,-0.04736328125,1.8037109375,-43.51806640625,247.0703125,74.951171875
0.19580078125,-0.0408935546875,2.0135498046875,-14.0380859375,373.779296875,73.3642578125
0.2044677734375,-0.07177734375,2.2420654296875,52.1240234375,355.52978515625,76.84326171875
0.216552734375,-0.1343994140625,2.4708251953125,14.34326171875,268.00537109375,77.33154296875
0.2274169921875,-0.186279296875,2.9573974609375,-38.9404296875,207.33642578125,62.01171875
0.2672119140625,-0.2100830078125,2.732421875,-42.90771484375,173.828125,36.19384765625
0.3349609375,-0.1298828125,1.9810791015625,-51.7578125,153.38134765625,6.103515625
0.3741455078125,-0.4583740234375,2.126220703125,-46.81396484375,128.11279296875,-14.5263671875
0.4178466796875,-0.6458740234375,2.4698486328125,-18.06640625,97.900390625,-20.20263671875
0.5076904296875,-0.251953125,2.20947265625,10.1318359375,59.87548828125,-13.85498046875
0.6014404296875,-0.140869140625,1.70361328125,18.85986328125,13.427734375,-3.11279296875
0.730224609375,0.0050048828125,1.1373291015625,8.9111328125,-25.45166015625,2.8076171875
1.05712890625,0.0621337890625,0.5697021484375,-7.87353515625,-54.38232421875,20.8740234375
1.355712890625,-0.26171875,0.1575927734375,-11.90185546875,-75.5615234375,17.02880859375
1.4293212890625,-0.4012451171875,-0.15283203125,-0.06103515625,-83.1298828125,-3.96728515625
1.444091796875,-0.1405029296875,-0.3515625,22.705078125,-18.73779296875,-7.87353515625
1.6099853515625,0.216064453125,-0.4521484375,41.015625,-12.14599609375,23.98681640625
1.9510498046875,0.3822021484375,-0.3927001953125,65.185546875,-169.677734375,26.3671875
2.3067626953125,0.3006591796875,-0.1790771484375,59.02099609375,-210.14404296875,-27.4658203125
2.6614990234375,0.0399169921875,-0.064208984375,28.13720703125,-193.9697265625,-70.9228515625
3.0460205078125,-0.2603759765625,0.7310791015625,-11.8408203125,-160.94970703125,-67.44384765625
3.3612060546875,-0.486083984375,1.569580078125,-33.5693359375,-166.56494140625,-18.4326171875
3.44921875,-0.5029296875,1.30810546875,-29.296875,-179.38232421875,9.3994140625
3.314208984375,-0.2784423828125,0.209716796875,-36.56005859375,-170.95947265625,-16.7236328125
3.010986328125,-0.054931640625,0.6326904296875,-45.22705078125,-135.009765625,-25.08544921875
2.68310546875,-0.01416015625,1.451416015625,-43.3349609375,-121.337890625,-9.27734375
2.189697265625,0.1187744140625,2.128662109375,-42.1142578125,-124.755859375,6.89697265625
0.6392822265625,0.323486328125,2.2471923828125,-5.43212890625,-117.3095703125,0.91552734375
-0.960205078125,0.876953125,2.09228515625,0.48828125,-109.7412109375,-11.474609375
-1.82861328125,1.2110595703125,1.9049072265625,4.45556640625,-95.64208984375,-6.65283203125
-0.38525390625,0.4833984375,1.5421142578125,13.3056640625,-62.07275390625,-0.1220703125
0.691162109375,-0.810546875,1.46240234375,18.798828125,-41.748046875,0.18310546875
0.8836669921875,-1.3907470703125,1.486083984375,14.46533203125,-98.20556640625,2.0751953125
0.4757080078125,0.2349853515625,1.50146484375,-18.06640625,-104.98046875,3.41796875
0.321044921875,0.460205078125,1.3968505859375,-40.771484375,-108.5205078125,5.4931640625
0.364013671875,-0.186279296875,1.1839599609375,-59.99755859375,-108.70361328125,5.18798828125
0.31103515625,-0.6802978515625,0.9775390625,-64.27001953125,-95.703125,4.5166015625
0.34716796875,-0.408935546875,1.04150390625,-58.59375,-75.1953125,1.953125
0.21435546875,0.13720703125,0.9813232421875,-49.49951171875,-46.93603515625,-0.3662109375
0.12890625,0.1800537109375,0.97265625,-36.62109375,-29.4189453125,-1.28173828125
0.193115234375,-0.177978515625,1.0164794921875,-23.74267578125,-20.8740234375,-1.0986328125
0.2537841796875,-0.1226806640625,1.123779296875,-9.94873046875,-17.27294921875,-1.28173828125
0.2269287109375,-0.230224609375,1.20458984375,-4.57763671875,-19.59228515625,-1.64794921875
0.1142578125,-0.2608642578125,1.19580078125,-5.79833984375,-23.25439453125,-0.8544921875
0.0787353515625,-0.240234375,1.101806640625,-9.6435546875,-24.4140625,-0.9765625
0.0894775390625,-0.2464599609375,0.9818115234375,-12.14599609375,-25.81787109375,-1.52587890625
0.09521484375,-0.2550048828125,0.9476318359375,-14.7705078125,-28.13720703125,-2.5634765625
0.1021728515625,-0.2484130859375,0.9305419921875,-18.37158203125,-30.029296875,-4.2724609375
0.1474609375,-0.230712890625,0.935302734375,-21.8505859375,-32.04345703125,-5.55419921875
0.21337890625,-0.2266845703125,0.950439453125,-23.681640625,-31.8603515625,-5.79833984375
0.25537109375,-0.2435302734375,0.953125,-24.0478515625,-30.21240234375,-7.87353515625
0.249267578125,-0.25390625,0.9603271484375,-23.74267578125,-29.23583984375,-9.09423828125
0.204345703125,-0.2493896484375,0.9827880859375,-22.216796875,-28.80859375,-10.19287109375
0.18212890625,-0.254150390625,0.995361328125,-16.2353515625,-27.9541015625,-10.3759765625
0.1722412109375,-0.259765625,0.9825439453125,-9.58251953125,-25.146484375,-9.6435546875
0.1478271484375,-0.2498779296875,0.984619140625,-1.40380859375,-22.4609375,-8.23974609375
0.1605224609375,-0.245849609375,0.98583984375,5.31005859375,-21.1181640625,-7.4462890625
0.1885986328125,-0.254638671875,0.9764404296875,9.58251953125,-19.95849609375,-6.28662109375
0.189208984375,-0.269287109375,0.9642333984375,11.1083984375,-19.04296875,-5.2490234375
0.185791015625,-0.2685546875,0.962158203125,10.7421875,-16.66259765625,-4.33349609375
0.2020263671875,-0.300537109375,0.970703125,9.82666015625,-14.2822265625,-4.150390625
0.210693359375,-0.3245849609375,0.9681396484375,7.4462890625,-12.63427734375,-4.5166015625
0.22509765625,-0.293212890625,0.9638671875,4.33349609375,-10.7421875,-5.06591796875
0.220703125,-0.27490234375,0.9603271484375,1.8310546875,-11.53564453125,-6.7138671875
0.2362060546875,-0.2562255859375,0.9560546875,0.06103515625,-12.51220703125,-7.9345703125
0.2559814453125,-0.247314453125,0.9478759765625,-2.50244140625,-13.18359375,-8.4228515625
0.2508544921875,-0.2442626953125,0.9403076171875,-2.0751953125,-12.6953125,-8.056640625
0.2620849609375,-0.2423095703125,0.9398193359375,-1.708984375,-22.705078125,-9.521484375
0.266845703125,-0.2425537109375,0.933837890625,-0.30517578125,-28.50341796875,-20.5078125
0.27490234375,-0.2442626953125,0.937744140625,0.3662109375,-34.36279296875,-25.0244140625
0.2728271484375,-0.2572021484375,0.9434814453125,-1.953125,-55.5419921875,-31.92138671875
0.2808837890625,-0.264404296875,0.951416015625,-5.55419921875,-73.91357421875,-37.59765625
0.2960205078125,-0.2708740234375,0.96435546875,-10.009765625,-94.54345703125,-41.6259765625
0.2862548828125,-0.28173828125,1.030029296875,-15.7470703125,-114.07470703125,-33.5693359375
0.2781982421875,-0.2890625,1.0220947265625,-18.37158203125,-136.29150390625,-36.68212890625
0.280517578125,-0.2789306640625,1.0311279296875,-19.4091796875,-182.43408203125,-45.7763671875
0.2740478515625,-0.2254638671875,1.0570068359375,-21.97265625,-225.03662109375,-60.60791015625
0.2769775390625,-0.2381591796875,1.0950927734375,-24.23095703125,-244.68994140625,-67.87109375
0.29248046875,-0.2650146484375,1.1080322265625,-22.4609375,-273.62060546875,-69.27490234375
0.3175048828125,-0.298828125,1.0823974609375,-21.66748046875,-322.69287109375,-80.87158203125
0.2713623046875,-0.2755126953125,1.1812744140625,-21.97265625,-379.39453125,-97.900390625
0.2862548828125,-0.302001953125,1.308837890625,-26.67236328125,-413.63525390625,-107.7880859375
0.2957763671875,-0.2569580078125,1.218994140625,-42.236328125,-408.5693359375,-97.59521484375
0.2933349609375,-0.1788330078125,1.168701171875,-72.509765625,-365.6005859375,-78.4912109375
0.171875,-0.26611328125,1.2706298828125,-87.158203125,-305.5419921875,-87.40234375
0.2755126953125,-0.355712890625,1.4080810546875,-89.599609375,-239.31884765625,-118.0419921875
0.2607421875,-0.3541259765625,1.8123779296875,-63.720703125,-71.71630859375,-97.65625
-0.0145263671875,-0.323486328125,2.248046875,8.4228515625,59.6923828125,-76.904296875
-0.13623046875,-0.061279296875,2.2823486328125,96.86279296875,122.61962890625,-51.26953125
-0.166748046875,-0.15478515625,2.1611328125,145.01953125,119.2626953125,-27.4658203125
-0.203857421875,-0.696044921875,1.9432373046875,-13.18359375,144.34814453125,-4.21142578125
0.145751953125,-0.7498779296875,2.347412109375,12.75634765625,170.83740234375,12.3291015625
0.7008056640625,-0.670654296875,3.46533203125,28.13720703125,194.27490234375,22.39990234375
0.8466796875,-0.8438720703125,2.9779052734375,26.2451171875,210.63232421875,27.89306640625
0.5294189453125,-0.3310546875,0.928466796875,19.10400390625,219.66552734375,31.18896484375
0.2457275390625,0.2830810546875,0.9725341796875,8.48388671875,226.806640625,31.8603515625
0.3929443359375,-0.28076171875,1.020751953125,-2.13623046875,236.2060546875,29.72412109375
0.545654296875,-0.7999267578125,1.047607421875,-9.1552734375,247.0703125,24.84130859375
-0.2738037109375,-0.8057861328125,0.9669189453125,-11.29150390625,256.40869140625,19.95849609375
-0.093017578125,-0.773681640625,0.885009765625,-8.48388671875,264.70947265625,15.07568359375
-0.2315673828125,-0.6688232421875,0.8623046875,-1.3427734375,270.1416015625,15.13671875
-1.0426025390625,-0.541015625,0.9315185546875,5.18798828125,257.14111328125,18.798828125
-1.0357666015625,-0.4534912109375,1.068603515625,11.23046875,258.48388671875,25.93994140625
-0.8455810546875,-0.373779296875,1.2030029296875,15.68603515625,267.2119140625,33.38623046875
-0.7298583984375,-0.297607421875,1.2843017578125,19.04296875,270.3857421875,40.34423828125
-0.6253662109375,-0.2303466796875,1.3192138671875,11.41357421875,267.88330078125,45.95947265625
-0.5106201171875,-0.173583984375,1.3834228515625,1.77001953125,258.9111328125,53.64990234375
-0.3875732421875,-0.1295166015625,1.38623046875,-10.19287109375,244.68994140625,52.55126953125
-0.253173828125,-0.0853271484375,1.3404541015625,-21.05712890625,242.73681640625,59.87548828125
-0.12060546875,-0.055419921875,1.3946533203125,-29.23583984375,250.54931640625,32.2265625
-0.0235595703125,-0.0057373046875,1.4822998046875,-27.89306640625,225.09765625,20.32470703125
0.0411376953125,0.02880859375,1.52685546875,4.7607421875,110.2294921875,46.69189453125
0.085205078125,0.01708984375,1.5653076171875,13.61083984375,192.68798828125,47.119140625
0.0926513671875,0.009033203125,1.6478271484375,34.48486328125,352.47802734375,52.06298828125
0.131591796875,-0.0081787109375,2.423828125,106.3232421875,385.19287109375,89.7216796875
0.201171875,-0.026123046875,2.5958251953125,86.24267578125,309.5703125,102.96630859375
0.221923828125,-0.043212890625,3.1893310546875,18.798828125,198.30322265625,100.5859375
0.221923828125,-0.1231689453125,3.019775390625,-5.9814453125,163.87939453125,83.251953125
0.22412109375,-0.1334228515625,1.8172607421875,-33.75244140625,127.99072265625,62.1337890625
0.2401123046875,-0.3465576171875,1.6275634765625,-56.0302734375,94.29931640625,51.33056640625
0.28271484375,-0.4664306640625,2.05419921875,-20.32470703125,54.5654296875,53.40576171875
0.539794921875,-0.2928466796875,2.0662841796875,11.53564453125,7.6904296875,58.2275390625
0.7181396484375,-0.414794921875,1.3282470703125,14.58740234375,-25.87890625,66.46728515625
0.7535400390625,-0.3851318359375,0.8201904296875,-15.93017578125,-38.75732421875,82.8857421875
1.004150390625,-0.072998046875,0.3948974609375,-48.40087890625,-59.14306640625,53.52783203125
1.46435546875,-0.7076416015625,0.0279541015625,-59.08203125,-48.40087890625,7.38525390625
1.585205078125,-0.8502197265625,-0.3189697265625,-43.39599609375,1.28173828125,-23.49853515625
1.5458984375,-0.5718994140625,-0.5577392578125,-13.427734375,-37.841796875,-30.57861328125
1.6370849609375,-0.1370849609375,-0.4852294921875,3.47900390625,-146.8505859375,-35.33935546875
2.155029296875,0.0843505859375,-0.1556396484375,36.80419921875,-224.609375,-58.349609375
2.430908203125,-0.0667724609375,0.0604248046875,10.1318359375,-233.33740234375,-12.3291015625
2.77978515625,-0.4412841796875,1.1270751953125,-6.53076171875,-194.51904296875,11.65771484375
3.1630859375,-0.77734375,1.8033447265625,-21.42333984375,-182.55615234375,-1.03759765625
3.336669921875,-0.488037109375,0.818115234375,-51.513671875,-176.025390625,-23.3154296875
3.2490234375,-0.2740478515625,0.2254638671875,-82.6416015625,-172.30224609375,-21.30126953125
2.9903564453125,0.60693359375,0.297119140625,-86.60888671875,-170.34912109375,3.662109375
2.6910400390625,1.4046630859375,1.327392578125,-54.38232421875,-174.37744140625,4.69970703125
1.5943603515625,1.27978515625,2.38037109375,-29.35791015625,-159.48486328125,-8.056640625
0.621826171875,1.0753173828125,1.7178955078125,-17.76123046875,-130.4931640625,-14.7705078125
-0.9759521484375,0.8497314453125,1.626953125,-6.65283203125,-123.59619140625,-1.52587890625
-1.98583984375,0.3692626953125,1.579345703125,11.77978515625,-127.86865234375,3.0517578125
-1.0284423828125,-1.349365234375,1.5430908203125,15.7470703125,-129.57763671875,6.2255859375
0.2371826171875,-0.5478515625,1.53759765625,-5.79833984375,-127.74658203125,10.68115234375
0.9913330078125,0.283935546875,1.58984375,-21.66748046875,-110.90087890625,14.6484375
0.7464599609375,0.229248046875,1.4256591796875,-27.7099609375,-92.46826171875,12.451171875
0.2032470703125,-0.5111083984375,1.2110595703125,-40.22216796875,-84.65576171875,9.3994140625
0.3626708984375,-0.7762451171875,1.163330078125,-60.302734375,-81.48193359375,4.39453125
0.4012451171875,-0.1837158203125,1.162109375,-76.84326171875,-69.82421875,0.48828125
0.2103271484375,0.1541748046875,1.1307373046875,-79.1015625,-48.4619140625,-1.15966796875
0.115966796875,-0.1605224609375,1.09814453125,-62.1337890625,-31.6162109375,-2.0751953125
0.3211669921875,-0.2750244140625,1.155517578125,-43.701171875,-24.10888671875,-1.708984375
0.5196533203125,-0.0643310546875,1.2376708984375,-28.564453125,-24.169921875,-1.0986328125
0.352783203125,-0.047119140625,1.24658203125,-16.78466796875,-23.92578125,-0.79345703125
0.1748046875,-0.1722412109375,1.1611328125,-7.6904296875,-19.10400390625,-1.15966796875
0.2591552734375,-0.1859130859375,1.0491943359375,-4.21142578125,-12.02392578125,-1.28173828125
0.2760009765625,-0.180908203125,0.992919921875,-5.37109375,-8.60595703125,-1.3427734375
0.234130859375,-0.2125244140625,0.9923095703125,-9.521484375,-6.53076171875,-1.64794921875
0.2470703125,-0.23046875,0.9910888671875,-12.14599609375,-6.34765625,-1.40380859375
0.2503662109375,-0.244140625,0.974609375,-12.0849609375,-7.26318359375,-1.28173828125
0.2518310546875,-0.2464599609375,0.9588623046875,-12.02392578125,-7.38525390625,-1.64794921875
0.2872314453125,-0.2464599609375,0.9505615234375,-12.3291015625,-9.46044921875,-10.31494140625
0.310546875,-0.2572021484375,0.94140625,-13.24462890625,-10.7421875,-12.939453125
0.276611328125,-0.2603759765625,0.9468994140625,-17.9443359375,-13.7939453125,-11.41357421875
0.23974609375,-0.263671875,0.955322265625,-17.51708984375,-14.95361328125,-8.4228515625
0.23046875,-0.269287109375,0.95361328125,-14.22119140625,-9.46044921875,-6.34765625
0.2315673828125,-0.2646484375,0.955810546875,6.77490234375,-8.60595703125,-3.72314453125
0.2506103515625,-0.25732421875,0.956298828125,9.46044921875,-10.19287109375,-1.5869140625
0.2574462890625,-0.2501220703125,0.9488525390625,9.8876953125,-10.498046875,-0.54931640625
0.2431640625,-0.2564697265625,0.934326171875,8.4228515625,-10.07080078125,-0.67138671875
0.2421875,-0.26171875,0.9381103515625,6.4697265625,-9.765625,-1.0986328125
0.2418212890625,-0.2607421875,0.9639892578125,3.60107421875,-9.70458984375,-2.44140625
0.243896484375,-0.291259765625,0.9647216796875,1.3427734375,-9.27734375,-5.43212890625
0.248291015625,-0.287353515625,0.9581298828125,-0.48828125,-9.1552734375,-9.33837890625
0.249755859375,-0.2218017578125,0.9505615234375,-0.732421875,-9.46044921875,-12.3291015625
0.2474365234375,-0.2159423828125,0.9442138671875,-0.42724609375,-10.19287109375,-13.3056640625
0.22900390625,-0.222900390625,0.939453125,0.1220703125,-10.43701171875,-13.7939453125
0.244873046875,-0.2203369140625,0.933349609375,0.91552734375,-10.19287109375,-12.939453125
0.31982421875,-0.233642578125,0.92919921875,2.25830078125,-12.14599609375,-12.75634765625
0.288330078125,-0.25146484375,0.9306640625,3.662109375,-17.2119140625,-11.29150390625
0.2791748046875,-0.2603759765625,0.9334716796875,3.41796875,-24.658203125,-11.77978515625
0.289306640625,-0.2625732421875,0.9346923828125,2.86865234375,-32.470703125,-15.9912109375
0.287841796875,-0.2794189453125,0.9425048828125,0.0,-41.259765625,-21.91162109375
0.2843017578125,-0.302734375,0.966552734375,-3.84521484375,-51.26953125,-26.0009765625
0.2864990234375,-0.31298828125,0.9986572265625,-8.30078125,-66.2841796875,-30.09033203125
0.281494140625,-0.2845458984375,1.0308837890625,-12.3291015625,-86.85302734375,-32.89794921875
0.2681884765625,-0.25927734375,1.050048828125,-16.9677734375,-107.23876953125,-30.21240234375
0.260009765625,-0.226318359375,1.0474853515625,-17.4560546875,-150.390625,-30.70068359375
0.2672119140625,-0.19873046875,1.049072265625,-15.869140625,-194.7021484375,-40.10009765625
0.2886962890625,-0.2054443359375,1.078369140625,-15.68603515625,-227.1728515625,-64.453125
0.302490234375,-0.2154541015625,1.0953369140625,-21.1181640625,-248.53515625,-92.59033203125
0.28564453125,-0.2471923828125,1.099365234375,-16.78466796875,-281.494140625,-95.27587890625
0.2667236328125,-0.2802734375,1.1005859375,-17.39501953125,-385.009765625,-105.89599609375
0.283447265625,-0.2686767578125,1.2125244140625,-18.85986328125,-414.85595703125,-119.9951171875
0.2841796875,-0.2637939453125,1.276611328125,-27.9541015625,-409.423828125,-111.87744140625
0.2662353515625,-0.2607421875,1.1649169921875,-60.302734375,-366.27197265625,-80.078125
0.259521484375,-0.197509765625,1.1917724609375,-62.255859375,-309.99755859375,-69.9462890625
0.21240234375,-0.223388671875,1.2574462890625,-60.1806640625,-238.70849609375,-86.42578125
0.2042236328125,-0.31591796875,1.69384765625,-61.58447265625,-101.318359375,-89.29443359375
0.2818603515625,-0.4246826171875,2.1031494140625,21.54541015625,-3.41796875,-91.552734375
-0.018310546875,-0.4761962890625,2.21435546875,142.76123046875,57.4951171875,-79.28466796875
-0.1488037109375,-0.19091796875,2.159423828125,199.89013671875,92.95654296875,-63.96484375
-0.156494140625,-0.66796875,1.98876953125,68.66455078125,109.55810546875,-51.3916015625
-0.1243896484375,-0.7733154296875,2.2674560546875,6.4697265625,138.36669921875,-36.7431640625
0.1898193359375,-0.718994140625,3.35888671875,-29.6630859375,144.10400390625,-19.59228515625
0.8697509765625,-0.8411865234375,3.9910888671875,-18.4326171875,136.90185546875,-5.0048828125
0.666748046875,-0.5726318359375,3.299072265625,-2.25830078125,153.25927734375,7.568359375
0.3912353515625,0.0174560546875,1.9605712890625,18.06640625,173.33984375,15.44189453125
0.4815673828125,-0.13916015625,1.106689453125,26.42822265625,190.12451171875,20.3857421875
0.6787109375,-0.454833984375,0.787109375,21.6064453125,207.45849609375,24.84130859375
0.02734375,-0.41748046875,0.630615234375,12.0849609375,221.3134765625,27.89306640625
0.0467529296875,-0.671142578125,0.6011962890625,2.197265625,232.60498046875,29.296875
1.0328369140625,-0.8077392578125,0.677978515625,-5.37109375,241.8212890625,30.1513671875
0.1220703125,-0.755126953125,0.7955322265625,-8.6669921875,248.71826171875,29.296875
-1.251953125,-0.6195068359375,0.865966796875,-7.62939453125,255.18798828125,26.4892578125
-1.077392578125,-0.5179443359375,0.9031982421875,-3.72314453125,264.5263671875,22.88818359375
-0.8531494140625,-0.4334716796875,0.9630126953125,1.8310546875,274.35302734375,23.193359375
-0.975830078125,-0.3800048828125,1.0203857421875,7.4462890625,267.333984375,36.68212890625
-0.9002685546875,-0.360107421875,1.0711669921875,14.16015625,271.91162109375,42.41943359375
-0.7188720703125,-0.338134765625,1.1220703125,19.34814453125,291.19873046875,46.56982421875
-0.6202392578125,-0.3114013671875,1.177490234375,18.4326171875,283.99658203125,50.29296875
-0.5220947265625,-0.2769775390625,1.247802734375,7.9345703125,266.357421875,54.26025390625
-0.419921875,-0.2335205078125,1.34814453125,-22.705078125,248.291015625,52.1240234375
-0.3267822265625,-0.1981201171875,1.45849609375,-33.447265625,248.35205078125,51.20849609375
-0.239501953125,-0.182861328125,1.4898681640625,-45.34912109375,252.44140625,42.54150390625
-0.1683349609375,-0.1668701171875,1.542236328125,-44.86083984375,262.51220703125,14.0380859375
-0.1060791015625,-0.1201171875,1.501708984375,-16.90673828125,165.0390625,27.89306640625
-0.030517578125,-0.0609130859375,1.4879150390625,-9.33837890625,157.470703125,50.59814453125
0.03955078125,-0.0277099609375,1.655029296875,1.03759765625,294.86083984375,47.9736328125
0.0802001953125,-0.0081787109375,2.4068603515625,54.74853515625,384.521484375,59.75341796875
0.120361328125,-0.0047607421875,2.7691650390625,88.43994140625,346.435546875,78.18603515625
0.191650390625,-0.0460205078125,3.1016845703125,23.193359375,270.6298828125,93.93310546875
0.2763671875,-0.1507568359375,3.1705322265625,-42.96875,210.44921875,90.6982421875
0.295166015625,-0.1873779296875,2.45166015625,-76.0498046875,159.36279296875,69.76318359375
0.3157958984375,-0.2037353515625,1.68896484375,-106.50634765625,118.408203125,40.10009765625
0.3763427734375,-0.522705078125,1.8057861328125,-99.18212890625,84.89990234375,19.47021484375
0.5413818359375,-0.70703125,2.140625,-57.6171875,49.6826171875,19.10400390625
0.7105712890625,-0.4814453125,1.9591064453125,-14.46533203125,2.86865234375,33.69140625
0.8172607421875,-0.3192138671875,1.4837646484375,4.150390625,-40.52734375,44.73876953125
0.959716796875,-0.0411376953125,0.8839111328125,-13.48876953125,-61.03515625,58.53271484375
1.3480224609375,-0.0662841796875,0.3145751953125,-38.75732421875,-60.791015625,63.65966796875
1.6409912109375,-0.5244140625,-0.091552734375,-47.607421875,-59.5703125,15.380859375
1.65185546875,-0.725341796875,-0.406982421875,-32.65380859375,-15.68603515625,-32.470703125
1.69482421875,-0.4351806640625,-0.593505859375,-4.33349609375,19.34814453125,-46.08154296875
1.8665771484375,0.076416015625,-0.5567626953125,29.72412109375,-41.93115234375,-19.22607421875
2.12158203125,0.37158203125,-0.29150390625,65.7958984375,-151.123046875,-18.9208984375
2.4268798828125,0.2786865234375,0.0716552734375,44.12841796875,-223.9990234375,-46.93603515625
2.83984375,-0.093505859375,0.4588623046875,37.7197265625,-179.62646484375,-41.50390625
3.33935546875,-0.5484619140625,1.342041015625,32.1044921875,-188.1103515625,-0.42724609375
3.6328125,-0.773681640625,1.58837890625,-0.67138671875,-200.01220703125,24.658203125
3.5438232421875,-0.5133056640625,0.703857421875,-34.36279296875,-190.73486328125,15.31982421875
3.24072265625,0.1658935546875,0.1634521484375,-53.8330078125,-175.1708984375,-11.65771484375
2.8968505859375,0.6478271484375,0.3623046875,-47.30224609375,-156.06689453125,-23.49853515625
2.5897216796875,0.7415771484375,1.4232177734375,-43.15185546875,-144.10400390625,-6.16455078125
1.423095703125,0.7119140625,2.282470703125,-26.42822265625,-150.634765625,5.67626953125
-0.1029052734375,0.6026611328125,1.9769287109375,-12.3291015625,-144.47021484375,-0.91552734375
-1.679443359375,0.6478271484375,1.8572998046875,-4.45556640625,-133.36181640625,-8.23974609375
-2.1446533203125,0.153564453125,1.6624755859375,1.52587890625,-110.83984375,-3.0517578125
-0.8504638671875,-0.75927734375,1.559326171875,13.85498046875,-87.21923828125,-0.67138671875
0.392578125,-1.2078857421875,1.548583984375,15.80810546875,-83.67919921875,-2.99072265625
0.93896484375,-0.6553955078125,1.5570068359375,-14.58740234375,-97.0458984375,3.90625
0.3590087890625,0.2298583984375,1.620849609375,-47.66845703125,-104.00390625,7.75146484375
0.28515625,0.3697509765625,1.425537109375,-61.8896484375,-106.3232421875,3.60107421875
0.3631591796875,-0.3345947265625,1.0224609375,-65.673828125,-91.24755859375,0.8544921875
0.4388427734375,-0.752197265625,0.9515380859375,-72.20458984375,-64.5751953125,-2.86865234375
0.385986328125,-0.24072265625,1.109375,-73.1201171875,-51.94091796875,-5.06591796875
0.229736328125,0.2266845703125,1.1873779296875,-51.45263671875,-41.9921875,-6.2255859375
0.1524658203125,0.0203857421875,1.141845703125,-18.4326171875,-34.24072265625,-6.34765625
0.3121337890625,-0.2294921875,1.1351318359375,-8.056640625,-25.08544921875,-6.591796875
0.4085693359375,-0.1357421875,1.1846923828125,-1.15966796875,-17.08984375,-7.01904296875
0.223388671875,-0.0604248046875,1.0067138671875,3.5400390625,-12.451171875,-6.2255859375
0.07421875,-0.16455078125,0.929443359375,3.47900390625,-11.23046875,-6.7138671875
