0.3114013671875,-0.1590576171875,0.95654296875,-0.18310546875,-0.18310546875,0.30517578125
0.311279296875,-0.1585693359375,0.95556640625,-0.1220703125,-0.18310546875,0.3662109375
0.3115234375,-0.1572265625,0.95556640625,-0.18310546875,-0.18310546875,0.30517578125
0.31201171875,-0.1573486328125,0.9556884765625,-0.18310546875,-0.1220703125,0.3662109375
0.311279296875,-0.1575927734375,0.9554443359375,-0.244140625,-0.1220703125,0.30517578125
0.3111572265625,-0.1573486328125,0.9552001953125,-0.30517578125,-0.18310546875,0.30517578125
0.310302734375,-0.1572265625,0.9552001953125,-0.244140625,-0.1220703125,0.30517578125
0.3096923828125,-0.1568603515625,0.9554443359375,-0.18310546875,-0.1220703125,0.244140625
0.310546875,-0.156982421875,0.9554443359375,-0.1220703125,-0.1220703125,0.30517578125
0.3111572265625,-0.1578369140625,0.9556884765625,-0.18310546875,-0.1220703125,0.244140625
0.310791015625,-0.15869140625,0.9564208984375,-0.18310546875,0.0,0.244140625
0.310302734375,-0.1583251953125,0.9556884765625,-0.18310546875,0.06103515625,0.244140625
0.310546875,-0.1572265625,0.9556884765625,-0.18310546875,-0.06103515625,0.244140625
0.3101806640625,-0.1580810546875,0.955810546875,-0.18310546875,-0.06103515625,0.18310546875
0.3096923828125,-0.158203125,0.9556884765625,-0.244140625,-0.18310546875,0.18310546875
0.3099365234375,-0.1588134765625,0.95556640625,-0.244140625,-0.3662109375,0.06103515625
0.3094482421875,-0.1591796875,0.955810546875,-0.244140625,-0.42724609375,0.1220703125
0.310302734375,-0.1583251953125,0.9554443359375,-0.244140625,-0.48828125,0.1220703125
0.3101806640625,-0.157958984375,0.9559326171875,-0.18310546875,-0.42724609375,0.1220703125
0.309814453125,-0.15771484375,0.95703125,-0.1220703125,-0.42724609375,0.1220703125
0.310791015625,-0.1580810546875,0.95703125,-0.18310546875,-0.3662109375,0.06103515625
0.31103515625,-0.1583251953125,0.9566650390625,-0.244140625,-0.3662109375,0.1220703125
0.310302734375,-0.1588134765625,0.9569091796875,-0.244140625,-0.3662109375,0.06103515625
0.309326171875,-0.158447265625,0.9556884765625,-0.18310546875,-0.3662109375,0.06103515625
0.3099365234375,-0.15869140625,0.9552001953125,-0.18310546875,-0.30517578125,0.1220703125
0.30908203125,-0.1578369140625,0.954833984375,-0.18310546875,-0.30517578125,0.1220703125
0.308349609375,-0.158447265625,0.9556884765625,-0.30517578125,-0.30517578125,0.06103515625
0.3092041015625,-0.158203125,0.956787109375,-0.244140625,-0.30517578125,0.1220703125
0.3095703125,-0.158203125,0.956298828125,-0.18310546875,-0.30517578125,0.1220703125
0.308837890625,-0.158447265625,0.9559326171875,-0.1220703125,-0.244140625,0.18310546875
0.3089599609375,-0.1580810546875,0.9559326171875,-0.06103515625,-0.244140625,0.244140625
0.3072509765625,-0.158447265625,0.9560546875,-0.06103515625,-0.18310546875,0.48828125
0.3094482421875,-0.159912109375,0.9559326171875,-0.06103515625,0.06103515625,0.54931640625
0.309326171875,-0.158935546875,0.9560546875,0.0,0.244140625,0.3662109375
0.31005859375,-0.158935546875,0.955810546875,0.06103515625,0.3662109375,0.54931640625
0.310546875,-0.158203125,0.955810546875,0.1220703125,0.30517578125,1.5869140625
0.3094482421875,-0.1573486328125,0.9564208984375,0.1220703125,0.3662109375,5.37109375
0.3092041015625,-0.15869140625,0.956298828125,0.30517578125,0.6103515625,9.033203125
0.309814453125,-0.158447265625,0.9552001953125,0.48828125,7.080078125,6.89697265625
0.3099365234375,-0.1585693359375,0.9539794921875,-1.0986328125,12.451171875,3.35693359375
0.309326171875,-0.158447265625,0.9532470703125,-8.36181640625,16.2353515625,-1.15966796875
0.30908203125,-0.1591796875,0.9530029296875,-4.94384765625,23.86474609375,-7.26318359375
0.308837890625,-0.1585693359375,0.9556884765625,-5.7373046875,35.400390625,-10.07080078125
0.309814453125,-0.16064453125,0.9508056640625,-5.06591796875,51.513671875,-11.04736328125
0.3101806640625,-0.160888671875,0.97021484375,-2.01416015625,60.6689453125,-9.09423828125
0.309326171875,-0.160400390625,0.998779296875,1.8310546875,62.68310546875,-7.6904296875
0.310302734375,-0.15380859375,0.978759765625,6.8359375,60.36376953125,-8.056640625
0.3111572265625,-0.1348876953125,1.005859375,7.9345703125,56.94580078125,-10.009765625
0.311767578125,-0.1329345703125,1.0771484375,10.92529296875,50.537109375,-9.8876953125
0.30908203125,-0.1748046875,1.141845703125,13.12255859375,45.8984375,-6.7138671875
0.3111572265625,-0.155029296875,1.13916015625,15.0146484375,44.3115234375,-7.01904296875
0.3101806640625,-0.1446533203125,1.0482177734375,12.451171875,36.68212890625,-6.40869140625
0.309814453125,-0.130615234375,0.9578857421875,9.58251953125,32.5927734375,-4.45556640625
0.366455078125,-0.120849609375,0.9156494140625,5.9814453125,28.564453125,-3.35693359375
0.34521484375,-0.1611328125,0.905517578125,4.21142578125,24.4140625,-1.8310546875
0.33740234375,-0.235595703125,0.9029541015625,3.35693359375,21.3623046875,-1.52587890625
0.3592529296875,-0.2938232421875,0.9456787109375,2.86865234375,16.90673828125,-0.54931640625
0.43017578125,-0.251708984375,0.9678955078125,2.74658203125,14.6484375,0.30517578125
0.45263671875,-0.1796875,0.947998046875,3.0517578125,11.3525390625,-0.1220703125
0.352294921875,-0.1561279296875,0.941650390625,4.33349609375,7.38525390625,-1.03759765625
0.248046875,-0.1534423828125,0.9384765625,7.14111328125,-0.67138671875,-2.74658203125
0.2008056640625,-0.1376953125,0.93505859375,8.85009765625,-2.86865234375,-4.08935546875
0.188720703125,-0.1488037109375,0.933837890625,16.11328125,-3.90625,-5.67626953125
0.1766357421875,-0.16796875,0.9442138671875,18.85986328125,-6.591796875,-3.662109375
0.19482421875,-0.1676025390625,0.941650390625,21.1181640625,-8.7890625,-4.150390625
0.2147216796875,-0.15966796875,0.933349609375,22.03369140625,-29.296875,3.2958984375
0.19873046875,-0.1571044921875,0.920654296875,22.3388671875,-42.41943359375,8.544921875
0.1397705078125,-0.1597900390625,0.9373779296875,24.35302734375,-56.94580078125,9.1552734375
0.1395263671875,-0.1683349609375,0.9368896484375,21.3623046875,-56.7626953125,9.46044921875
0.144775390625,-0.158447265625,0.9571533203125,36.2548828125,-55.6640625,9.1552734375
0.13818359375,-0.1282958984375,0.9774169921875,27.099609375,-54.62646484375,8.60595703125
0.139404296875,-0.133056640625,1.01171875,18.1884765625,-49.4384765625,5.7373046875
0.127197265625,-0.1422119140625,1.0531005859375,10.07080078125,-42.29736328125,1.28173828125
0.1180419921875,-0.1490478515625,1.1583251953125,9.3994140625,-35.46142578125,-7.4462890625
0.1025390625,-0.162109375,1.4202880859375,10.7421875,-28.13720703125,-9.033203125
0.122802734375,-0.16796875,1.3931884765625,9.21630859375,-5.7373046875,-8.30078125
0.116943359375,-0.28076171875,1.3265380859375,3.84521484375,12.0849609375,-6.2255859375
0.1185302734375,-0.420166015625,1.3101806640625,-14.5263671875,30.94482421875,-2.99072265625
0.103271484375,-0.332763671875,1.3402099609375,-21.78955078125,47.36328125,5.06591796875
0.0938720703125,-0.3536376953125,1.29248046875,-23.92578125,60.72998046875,8.97216796875
-0.046875,-0.4298095703125,1.207763671875,-23.62060546875,79.1015625,12.6953125
-0.232666015625,-0.474365234375,1.163818359375,-22.705078125,83.251953125,16.845703125
-0.3209228515625,-0.4361572265625,1.2535400390625,-21.54541015625,84.3505859375,20.8740234375
-0.46044921875,-0.3583984375,1.338623046875,-20.08056640625,81.6650390625,23.98681640625
-0.6356201171875,-0.287109375,1.353271484375,-17.2119140625,75.3173828125,25.69580078125
-0.7431640625,-0.22705078125,1.3184814453125,-11.04736328125,65.673828125,25.69580078125
-0.8060302734375,-0.2408447265625,1.276123046875,-0.9765625,52.3681640625,25.390625
-0.885498046875,-0.268798828125,1.1910400390625,10.009765625,37.78076171875,28.80859375
-0.956787109375,-0.277099609375,1.1395263671875,17.08984375,25.2685546875,32.470703125
-0.996826171875,-0.2576904296875,1.0743408203125,16.2353515625,9.58251953125,36.68212890625
-0.96533203125,-0.2200927734375,0.9898681640625,7.14111328125,7.01904296875,41.56494140625
-0.902099609375,-0.20263671875,0.9071044921875,-16.41845703125,7.8125,46.875
-0.852294921875,-0.19091796875,0.8583984375,-26.7333984375,12.26806640625,52.24609375
-0.8016357421875,-0.1898193359375,0.8494873046875,-33.935546875,22.52197265625,55.0537109375
-0.735107421875,-0.1900634765625,0.8717041015625,-38.0859375,41.44287109375,54.8095703125
-0.6103515625,-0.16845703125,0.929443359375,-35.82763671875,63.53759765625,51.81884765625
-0.56005859375,-0.1171875,1.028076171875,-21.6064453125,88.623046875,45.0439453125
-0.517822265625,-0.0587158203125,1.2650146484375,-2.9296875,112.060546875,36.376953125
-0.490966796875,-0.0120849609375,1.371337890625,14.6484375,129.638671875,19.71435546875
-0.487548828125,-0.0003662109375,1.455078125,24.59716796875,139.6484375,14.09912109375
-0.5047607421875,-0.0810546875,1.60546875,23.37646484375,134.82666015625,11.1083984375
-0.5096435546875,-0.1376953125,1.799072265625,18.49365234375,126.40380859375,9.58251953125
-0.4793701171875,-0.183349609375,1.9249267578125,7.87353515625,119.5068359375,9.3994140625
-0.42333984375,-0.2333984375,1.9508056640625,4.69970703125,113.46435546875,10.80322265625
-0.3431396484375,-0.28515625,1.826416015625,3.72314453125,107.84912109375,13.36669921875
-0.1429443359375,-0.2958984375,1.5869140625,5.43212890625,102.47802734375,18.6767578125
-0.0299072265625,-0.2249755859375,1.3114013671875,7.38525390625,96.86279296875,24.84130859375
0.090576171875,-0.070068359375,0.9130859375,6.8359375,92.22412109375,30.76171875
0.260009765625,0.0814208984375,0.887451171875,3.84521484375,84.65576171875,36.376953125
0.427001953125,0.1470947265625,0.9052734375,3.0517578125,69.091796875,39.85595703125
0.527587890625,0.07421875,0.8916015625,4.638671875,48.828125,41.3818359375
0.6121826171875,-0.01611328125,0.822998046875,9.8876953125,26.7333984375,36.4990234375
0.658447265625,-0.1036376953125,0.73046875,18.12744140625,7.080078125,-12.75634765625
0.658935546875,-0.163818359375,0.656005859375,24.169921875,-17.15087890625,-50.048828125
0.6307373046875,-0.1834716796875,0.57763671875,26.06201171875,-51.33056640625,-32.958984375
0.5843505859375,-0.1805419921875,0.439208984375,22.8271484375,-92.10205078125,-9.09423828125
0.6387939453125,-0.169189453125,0.26025390625,7.080078125,-117.0654296875,7.87353515625
0.7301025390625,-0.1646728515625,0.142333984375,-14.58740234375,-130.18798828125,8.6669921875
0.8258056640625,-0.1824951171875,0.153076171875,-24.90234375,-134.033203125,1.8310546875
0.921630859375,-0.191650390625,0.2332763671875,-40.8935546875,-125.06103515625,-5.0048828125
1.0233154296875,-0.1529541015625,0.3751220703125,-40.771484375,-75.0732421875,6.591796875
1.13427734375,-0.0802001953125,1.561279296875,-45.34912109375,-70.80078125,5.67626953125
1.23046875,-0.009033203125,0.599609375,-32.16552734375,-52.24609375,1.3427734375
1.2646484375,0.1175537109375,0.76220703125,-28.9306640625,-39.306640625,1.708984375
1.2506103515625,0.2296142578125,1.0992431640625,-0.732421875,-29.11376953125,1.708984375
1.2447509765625,-0.1080322265625,1.37841796875,2.8076171875,-26.2451171875,0.9765625
1.27978515625,-0.22802734375,1.5396728515625,-14.404296875,-25.45166015625,0.9765625
1.3470458984375,-0.270751953125,1.14111328125,1.220703125,-26.9775390625,0.1220703125
1.4112548828125,-0.2149658203125,1.11279296875,1.52587890625,-29.1748046875,-1.220703125
-0.946044921875,0.2247314453125,1.2506103515625,2.5634765625,-32.04345703125,-2.25830078125
-0.5460205078125,0.0408935546875,1.1427001953125,3.90625,-32.8369140625,-2.197265625
-0.0614013671875,-0.0882568359375,1.1363525390625,6.103515625,-32.65380859375,-3.11279296875
0.1441650390625,-0.3402099609375,1.098388671875,7.568359375,-32.3486328125,-4.08935546875
0.1153564453125,-0.1024169921875,1.0465087890625,7.6904296875,-32.3486328125,-5.0048828125
0.3001708984375,-0.066162109375,1.0391845703125,8.23974609375,-33.63037109375,-7.8125
0.1298828125,-0.140869140625,1.02734375,7.62939453125,-35.82763671875,-6.4697265625
0.1307373046875,-0.12548828125,1.027099609375,6.103515625,-37.841796875,-3.7841796875
0.2979736328125,-0.141357421875,1.013427734375,4.39453125,-36.92626953125,0.79345703125
0.221923828125,-0.16796875,0.9725341796875,-0.9765625,-37.109375,1.89208984375
0.1966552734375,-0.166748046875,0.923828125,-6.16455078125,-39.4287109375,1.64794921875
0.1572265625,-0.156494140625,0.89990234375,-9.1552734375,-35.70556640625,0.8544921875
0.126708984375,-0.1790771484375,0.9564208984375,-9.21630859375,-35.94970703125,0.0
0.126220703125,-0.215576171875,0.948974609375,-6.591796875,-34.60693359375,-0.91552734375
0.123779296875,-0.2137451171875,1.025146484375,-6.103515625,-31.3720703125,-1.0986328125
0.1322021484375,-0.1434326171875,1.030517578125,-4.69970703125,-28.9306640625,-1.0986328125
0.15576171875,-0.1170654296875,1.00537109375,-5.67626953125,-25.634765625,-0.79345703125
0.1448974609375,-0.128173828125,1.02490234375,-7.38525390625,-24.169921875,-0.3662109375
0.1085205078125,-0.1358642578125,0.993896484375,-6.04248046875,-23.49853515625,-0.3662109375
0.0997314453125,-0.161865234375,0.9869384765625,-6.2255859375,-23.681640625,0.3662109375
0.1541748046875,-0.1607666015625,0.9854736328125,-5.92041015625,-24.0478515625,-4.8828125
0.154296875,-0.1710205078125,0.966552734375,-4.45556640625,-20.263671875,-3.0517578125
0.2059326171875,-0.1805419921875,0.977783203125,-3.90625,-20.93505859375,-1.953125
0.2186279296875,-0.1824951171875,0.98876953125,-3.5400390625,-27.40478515625,-2.3193359375
0.2181396484375,-0.1595458984375,0.98779296875,3.47900390625,-28.4423828125,-2.9296875
0.2384033203125,-0.154541015625,0.986328125,2.685546875,-29.72412109375,-3.90625
0.248779296875,-0.1536865234375,0.9735107421875,1.40380859375,-32.1044921875,-6.40869140625
0.2445068359375,-0.138916015625,0.9700927734375,-2.5634765625,-35.64453125,-11.65771484375
0.260498046875,-0.15087890625,0.9696044921875,-5.67626953125,-43.5791015625,-19.59228515625
0.259765625,-0.16748046875,0.9530029296875,-11.71875,-62.92724609375,-23.0712890625
0.248291015625,-0.1573486328125,0.97802734375,-16.9677734375,-78.91845703125,-24.5361328125
0.25439453125,-0.1663818359375,0.9915771484375,-18.5546875,-105.65185546875,-31.1279296875
0.2608642578125,-0.2103271484375,1.013671875,-19.34814453125,-147.03369140625,-34.7900390625
0.262451171875,-0.1341552734375,1.0458984375,-15.869140625,-177.8564453125,-37.109375
0.2674560546875,-0.1328125,1.0675048828125,-8.7890625,-226.50146484375,-62.31689453125
0.2935791015625,-0.1597900390625,1.105712890625,-9.1552734375,-271.91162109375,-63.29345703125
0.2947998046875,-0.170654296875,1.1527099609375,-4.39453125,-317.93212890625,-95.52001953125
0.2974853515625,-0.168212890625,1.155029296875,-7.6904296875,-390.68603515625,-111.083984375
0.281494140625,-0.1964111328125,1.2166748046875,4.39453125,-410.09521484375,-111.2060546875
0.2554931640625,-0.247314453125,1.2225341796875,-24.658203125,-346.13037109375,-96.3134765625
0.2425537109375,-0.2303466796875,1.1800537109375,-50.048828125,-314.63623046875,-51.3916015625
0.283447265625,-0.177490234375,1.212158203125,12.20703125,-274.35302734375,-52.8564453125
0.3135986328125,-0.2047119140625,1.2520751953125,58.837890625,-31.494140625,-50.4150390625
0.3135986328125,-0.2479248046875,1.23095703125,151.30615234375,57.12890625,-47.4853515625
0.3433837890625,-0.2869873046875,1.381591796875,86.36474609375,99.42626953125,-40.6494140625
0.3123779296875,-0.2943115234375,2.382568359375,5.2490234375,131.591796875,-28.38134765625
0.197998046875,-0.113037109375,2.129150390625,-10.009765625,150.57373046875,-15.93017578125
0.20947265625,0.1124267578125,1.72119140625,-9.58251953125,165.34423828125,4.33349609375
0.200927734375,-1.033203125,2.480712890625,-7.568359375,179.50439453125,4.638671875
0.198974609375,-0.7030029296875,3.9005126953125,-1.220703125,246.2158203125,6.28662109375
-0.1029052734375,-0.6572265625,3.0504150390625,0.8544921875,252.685546875,8.7890625
0.03955078125,-0.831298828125,1.9744873046875,-23.86474609375,256.9580078125,11.474609375
0.6966552734375,-0.2152099609375,1.462158203125,-32.958984375,260.55908203125,14.70947265625
1.0166015625,-0.2818603515625,1.118408203125,-36.376953125,263.18359375,18.06640625
0.806884765625,-0.348876953125,0.9102783203125,-38.57421875,265.380859375,21.3623046875
0.211669921875,-0.4835205078125,0.849853515625,-39.9169921875,266.6015625,36.56005859375
-0.148193359375,-0.509521484375,1.1519775390625,-38.75732421875,265.7470703125,42.66357421875
0.5477294921875,-0.497802734375,1.3447265625,-38.330078125,251.64794921875,46.630859375
-0.28759765625,-0.4295654296875,1.428955078125,-38.75732421875,248.1689453125,47.91259765625
-1.073486328125,-0.0194091796875,1.4876708984375,-27.4658203125,247.4365234375,45.166015625
-1.0406494140625,0.0081787109375,1.54248046875,-16.7236328125,250.732421875,39.85595703125
-0.9222412109375,0.0137939453125,1.6175537109375,-8.056640625,256.34765625,31.67724609375
-0.80517578125,0.02587890625,1.6871337890625,-1.77001953125,263.5498046875,21.66748046875
-0.6312255859375,0.037353515625,1.722412109375,-0.54931640625,268.85986328125,15.625
0.125,0.045166015625,1.8560791015625,-5.79833984375,268.85986328125,15.44189453125
0.218994140625,0.0531005859375,1.9892578125,-17.63916015625,261.77978515625,20.08056640625
0.2681884765625,0.0582275390625,2.1441650390625,-30.76171875,243.95751953125,27.89306640625
0.31591796875,-0.0369873046875,2.271484375,-36.92626953125,215.63720703125,22.216796875
0.3609619140625,-0.05029296875,2.3240966796875,-35.15625,146.8505859375,12.75634765625
0.4105224609375,-0.0279541015625,2.2633056640625,-26.18408203125,117.1875,3.41796875
0.450439453125,0.012939453125,2.113037109375,-9.09423828125,90.2099609375,9.6435546875
0.464111328125,0.0819091796875,1.93505859375,-11.29150390625,56.33544921875,17.39501953125
0.5521240234375,0.197509765625,1.6827392578125,-21.3623046875,-25.634765625,30.1513671875
0.6434326171875,0.294189453125,1.3115234375,-31.67724609375,-54.50439453125,62.744140625
0.76611328125,0.2686767578125,0.897216796875,-26.3671875,-111.02294921875,50.048828125
0.89453125,0.118408203125,0.3717041015625,-17.63916015625,-110.7177734375,26.9775390625
1.0560302734375,-0.0604248046875,0.25146484375,12.8173828125,-93.81103515625,6.2255859375
1.2481689453125,-0.185302734375,0.06201171875,70.98388671875,-113.4033203125,-19.6533203125
1.4036865234375,-0.17822265625,-0.1748046875,38.57421875,-242.24853515625,-49.62158203125
1.55712890625,-0.037109375,-0.142578125,11.53564453125,-221.923828125,-27.03857421875
1.7314453125,0.0968017578125,0.14990234375,-46.142578125,-207.45849609375,11.5966796875
1.8900146484375,0.0933837890625,0.2935791015625,-54.99267578125,-190.85693359375,29.1748046875
2.07666015625,-0.300048828125,1.24072265625,-66.162109375,-175.78125,15.31982421875
2.631103515625,-0.5458984375,1.860107421875,-58.2275390625,-165.58837890625,-7.568359375
2.94580078125,-0.7855224609375,0.8702392578125,-38.87939453125,-158.447265625,-6.2255859375
3.1409912109375,-0.3333740234375,1.3797607421875,-18.00537109375,-150.45166015625,15.19775390625
3.1260986328125,0.2933349609375,2.28369140625,-11.3525390625,-135.7421875,10.68115234375
2.7672119140625,0.39697265625,2.0089111328125,-15.31982421875,-118.2861328125,-6.04248046875
2.4720458984375,1.060302734375,1.8734130859375,-11.71875,-113.34228515625,-2.44140625
1.620849609375,0.773681640625,1.8560791015625,-3.23486328125,-111.99951171875,8.544921875
0.5831298828125,0.072265625,1.64501953125,5.0048828125,-99.30419921875,7.75146484375
-1.07861328125,-0.929443359375,1.5130615234375,-15.380859375,-90.75927734375,5.2490234375
-2.0225830078125,-1.157958984375,1.455322265625,-27.9541015625,-84.5947265625,7.568359375
0.9410400390625,-0.453125,1.4775390625,-29.72412109375,-79.4677734375,9.3994140625
0.9290771484375,0.276611328125,1.506591796875,-34.912109375,-72.8759765625,2.01416015625
0.5931396484375,0.2406005859375,1.39892578125,-39.00146484375,-64.208984375,-1.220703125
0.5322265625,-0.3604736328125,1.2501220703125,-38.26904296875,-28.4423828125,-3.662109375
0.5469970703125,-0.716552734375,1.17041015625,-34.423828125,-25.87890625,-5.0048828125
0.5260009765625,-0.308349609375,1.169189453125,-7.75146484375,-24.96337890625,-5.31005859375
0.3878173828125,0.0966796875,1.137451171875,-0.79345703125,-20.20263671875,-5.92041015625
0.2801513671875,-0.1888427734375,1.0908203125,1.0986328125,-16.78466796875,-6.40869140625
0.4080810546875,-0.151123046875,1.0640869140625,2.0751953125,-14.6484375,-7.32421875
0.571533203125,-0.0054931640625,1.052490234375,2.25830078125,-13.671875,-7.87353515625
0.479736328125,-0.096435546875,1.0299072265625,1.64794921875,-12.8173828125,-8.11767578125
0.3067626953125,-0.221923828125,1.00146484375,1.52587890625,-11.53564453125,-7.32421875
0.2967529296875,-0.2310791015625,0.97998046875,0.8544921875,-11.8408203125,-7.62939453125
0.248046875,-0.224609375,0.9791259765625,1.15966796875,-14.404296875,-9.8876953125
0.23388671875,-0.2432861328125,0.962646484375,-0.06103515625,-14.83154296875,-12.8173828125
0.22021484375,-0.2410888671875,0.95703125,-3.2958984375,-13.73291015625,-14.16015625
0.223876953125,-0.2252197265625,0.9571533203125,-1.953125,-13.916015625,-12.63427734375
0.23486328125,-0.2247314453125,0.962646484375,1.708984375,-12.63427734375,-10.31494140625
0.255126953125,-0.2261962890625,0.9635009765625,5.55419921875,-10.31494140625,-8.72802734375
0.243408203125,-0.22119140625,0.9412841796875,5.55419921875,-10.55908203125,-6.9580078125
0.2445068359375,-0.208740234375,0.9417724609375,4.21142578125,-11.90185546875,-4.94384765625
0.276611328125,-0.2098388671875,0.957763671875,3.0517578125,-13.427734375,-4.21142578125
0.271484375,-0.223388671875,0.9530029296875,3.0517578125,-14.70947265625,-2.685546875
0.257568359375,-0.2303466796875,0.9456787109375,3.11279296875,-17.39501953125,-0.67138671875
0.2530517578125,-0.23828125,0.9522705078125,4.69970703125,-18.24951171875,-0.9765625
0.261962890625,-0.2470703125,0.962890625,6.103515625,-19.04296875,-2.13623046875
0.264892578125,-0.2415771484375,0.9671630859375,4.8828125,-20.751953125,-0.91552734375
0.2489013671875,-0.2110595703125,0.963623046875,4.57763671875,-23.25439453125,0.67138671875
0.252197265625,-0.173828125,0.955078125,4.33349609375,-24.658203125,2.5634765625
0.270263671875,-0.1666259765625,0.9473876953125,3.72314453125,-27.89306640625,-1.3427734375
0.2723388671875,-0.16650390625,0.93603515625,1.28173828125,-34.48486328125,-7.32421875
0.273681640625,-0.1697998046875,0.9437255859375,-1.40380859375,-54.5654296875,-7.4462890625
0.307861328125,-0.18017578125,0.9547119140625,-6.16455078125,-87.95166015625,-8.85009765625
0.3253173828125,-0.2069091796875,0.9632568359375,-12.6953125,-119.56787109375,-17.27294921875
0.2984619140625,-0.177978515625,0.9771728515625,-13.97705078125,-147.705078125,-23.62060546875
0.285888671875,-0.181640625,0.996826171875,-15.19775390625,-257.75146484375,-37.53662109375
0.2911376953125,-0.20556640625,1.0225830078125,-15.13671875,-294.61669921875,-56.5185546875
0.291015625,-0.189453125,1.05712890625,-7.50732421875,-330.74951171875,-57.55615234375
0.3082275390625,-0.175048828125,1.106689453125,-11.41357421875,-393.06640625,-89.41650390625
0.3194580078125,-0.1563720703125,1.1077880859375,-29.47998046875,-444.9462890625,-102.4169921875
0.293212890625,-0.1519775390625,1.131103515625,-67.87109375,-435.60791015625,-97.0458984375
0.26953125,-0.2120361328125,1.1343994140625,-88.68408203125,-383.30078125,-108.70361328125
0.2568359375,-0.2066650390625,1.0704345703125,-64.5751953125,-330.9326171875,-111.4501953125
0.2952880859375,-0.1929931640625,1.415283203125,-12.39013671875,-246.52099609375,-102.6611328125
0.3272705078125,-0.2044677734375,1.5172119140625,85.0830078125,-65.4296875,-132.2021484375
0.34765625,-0.19921875,1.593505859375,174.37744140625,60.11962890625,-119.68994140625
0.3018798828125,-0.317626953125,2.08203125,149.4140625,108.642578125,-101.13525390625
0.2896728515625,-0.37353515625,2.6146240234375,7.62939453125,137.26806640625,-56.57958984375
0.2550048828125,-0.0943603515625,2.43798828125,-46.56982421875,155.029296875,-37.9638671875
0.2987060546875,-0.130615234375,2.35595703125,-4.5166015625,198.73046875,-21.05712890625
-0.5599365234375,-0.814208984375,3.177734375,11.3525390625,219.1162109375,2.44140625
0.3157958984375,-0.623291015625,3.9410400390625,-2.38037109375,234.619140625,8.4228515625
0.447021484375,-0.7337646484375,3.7239990234375,-21.3623046875,252.01416015625,11.962890625
0.8656005859375,-0.00048828125,2.503662109375,-37.4755859375,260.8642578125,14.0380859375
0.919921875,0.51171875,1.33154296875,-52.67333984375,268.61572265625,15.31982421875
0.649169921875,0.1148681640625,1.01025390625,-50.72021484375,273.98681640625,20.8740234375
0.5313720703125,-0.1746826171875,0.99658203125,-47.54638671875,277.83203125,24.2919921875
0.4293212890625,-0.52734375,0.9031982421875,-44.0673828125,291.80908203125,27.40478515625
0.1806640625,-0.66455078125,0.8341064453125,-39.9169921875,291.56494140625,30.3955078125
1.0743408203125,-0.56591796875,0.8707275390625,-29.60205078125,288.14697265625,33.5693359375
0.9991455078125,-0.3492431640625,0.9776611328125,-25.7568359375,282.53173828125,36.31591796875
-0.70947265625,-0.2733154296875,1.0819091796875,-22.4609375,279.23583984375,38.02490234375
-1.2464599609375,-0.1048583984375,1.1650390625,-15.5029296875,282.470703125,39.61181640625
-0.9127197265625,-0.020263671875,1.229736328125,-4.08935546875,290.71044921875,41.259765625
-0.757568359375,0.033203125,1.7305908203125,6.8359375,299.62158203125,42.8466796875
-0.509033203125,0.078857421875,1.8177490234375,15.68603515625,304.01611328125,27.587890625
-0.3990478515625,0.143798828125,1.8697509765625,25.634765625,303.466796875,25.57373046875
-0.176025390625,0.310302734375,1.9569091796875,33.26416015625,275.2685546875,30.029296875
-0.0504150390625,0.2823486328125,2.16943359375,33.3251953125,254.57763671875,39.73388671875
0.043212890625,0.2564697265625,2.4593505859375,-6.89697265625,223.81591796875,46.2646484375
0.090576171875,0.2105712890625,2.6871337890625,-15.7470703125,186.03515625,42.78564453125
0.1214599609375,0.16455078125,2.73388671875,-17.51708984375,143.85986328125,32.40966796875
0.332763671875,0.1182861328125,2.5791015625,-5.37109375,105.77392578125,26.30615234375
0.418701171875,0.031005859375,2.3216552734375,10.92529296875,70.6787109375,31.79931640625
0.4459228515625,-0.101806640625,1.765380859375,7.50732421875,29.23583984375,47.30224609375
0.49072265625,-0.19384765625,1.447998046875,-15.9912109375,-14.892578125,63.29345703125
0.5816650390625,-0.1488037109375,1.002685546875,-39.61181640625,-54.931640625,76.11083984375
0.7265625,-0.116943359375,0.59130859375,-43.5791015625,-86.42578125,64.51416015625
0.9058837890625,-0.2327880859375,0.2899169921875,-26.42822265625,-101.6845703125,54.87060546875
1.074951171875,-0.4154052734375,0.0791015625,0.6103515625,-94.78759765625,36.80419921875
1.24365234375,-0.6258544921875,-0.1444091796875,23.92578125,-75.13427734375,15.9912109375
1.4456787109375,-0.6197509765625,-0.325439453125,-2.38037109375,-77.7587890625,42.6025390625
2.145263671875,-0.314697265625,-0.2137451171875,-20.5078125,-155.2734375,66.71142578125
2.3760986328125,-0.053955078125,0.0645751953125,-19.8974609375,-227.84423828125,-55.60302734375
2.5916748046875,-0.0838623046875,0.3560791015625,-49.072265625,-250.6103515625,-4.69970703125
2.8380126953125,-0.3438720703125,0.7913818359375,-81.4208984375,-202.45361328125,30.94482421875
3.1224365234375,-0.6356201171875,1.42529296875,-48.88916015625,-171.142578125,26.611328125
3.4732666015625,-0.6856689453125,1.6251220703125,-99.06005859375,-170.7763671875,-1.220703125
3.719970703125,-0.156494140625,0.7994384765625,-90.9423828125,-168.64013671875,-14.6484375
3.6141357421875,0.0440673828125,-0.2374267578125,-56.33544921875,-155.94482421875,5.859375
3.2894287109375,-0.4569091796875,0.0360107421875,-35.82763671875,-142.15087890625,30.2734375
2.9520263671875,-0.2333984375,1.4012451171875,-38.330078125,-126.77001953125,19.6533203125
2.4989013671875,0.4515380859375,1.9232177734375,-42.17529296875,-118.2861328125,0.1220703125
1.1129150390625,0.3209228515625,1.9698486328125,-18.6767578125,-117.37060546875,0.18310546875
-0.8778076171875,0.6033935546875,1.8646240234375,9.6435546875,-120.7275390625,4.7607421875
-2.2349853515625,-0.11279296875,1.7342529296875,2.9296875,-118.83544921875,1.953125
-2.42236328125,-1.225830078125,1.509521484375,-6.4697265625,-114.6240234375,4.57763671875
-1.1602783203125,-0.9678955078125,1.3973388671875,-6.28662109375,-122.00927734375,3.90625
0.54345703125,0.0982666015625,1.471435546875,-4.150390625,-114.990234375,0.67138671875
1.3369140625,0.443115234375,1.339599609375,-2.99072265625,-94.90966796875,-4.57763671875
0.62255859375,-0.29150390625,1.230224609375,-19.53125,-76.7822265625,-6.7138671875
0.702880859375,-1.006591796875,1.2530517578125,-31.31103515625,-69.88525390625,-2.50244140625
0.4959716796875,-0.5526123046875,1.1590576171875,-33.87451171875,-56.57958984375,2.44140625
0.3668212890625,0.202880859375,1.1063232421875,-30.3955078125,-35.94970703125,1.77001953125
0.38720703125,0.0960693359375,1.1341552734375,-22.03369140625,-7.50732421875,-0.18310546875
0.31494140625,-0.2786865234375,1.1385498046875,-12.3291015625,-7.87353515625,-2.197265625
0.3375244140625,-0.2261962890625,1.138916015625,-18.310546875,-12.5732421875,-4.7607421875
0.3521728515625,-0.0616455078125,1.1142578125,-10.55908203125,-15.31982421875,-7.01904296875
0.25146484375,-0.1328125,1.0784912109375,-5.9814453125,-14.6484375,-9.3994140625
0.21728515625,-0.11767578125,1.11572265625,-2.86865234375,-12.87841796875,-11.3525390625
0.2254638671875,-0.1375732421875,1.0106201171875,-0.8544921875,-9.3994140625,-12.451171875
0.2037353515625,-0.13720703125,0.9661865234375,0.1220703125,-3.84521484375,-13.24462890625
0.1949462890625,-0.166259765625,1.01611328125,0.48828125,-0.30517578125,-13.85498046875
0.2984619140625,-0.1661376953125,0.9769287109375,1.8310546875,0.48828125,-13.916015625
0.33447265625,-0.1668701171875,0.975830078125,2.62451171875,0.0,-14.5263671875
0.3438720703125,-0.206787109375,0.9658203125,2.0751953125,-1.89208984375,-14.7705078125
0.314697265625,-0.2076416015625,0.9610595703125,1.3427734375,-4.21142578125,-13.12255859375
0.2962646484375,-0.2095947265625,0.963623046875,1.3427734375,-5.43212890625,-10.3759765625
0.3402099609375,-0.2054443359375,0.9656982421875,1.46484375,-6.2255859375,-6.34765625
0.3299560546875,-0.203125,0.95947265625,1.64794921875,-6.34765625,-4.150390625
0.263671875,-0.196533203125,0.9547119140625,-0.30517578125,-7.01904296875,-2.5634765625
0.269287109375,-0.1824951171875,0.9534912109375,-3.5400390625,-10.6201171875,-1.28173828125
0.279296875,-0.1865234375,0.946533203125,-9.46044921875,-12.6953125,1.8310546875
0.279296875,-0.1871337890625,0.9410400390625,-10.31494140625,-14.6484375,5.615234375
0.28662109375,-0.1807861328125,0.938232421875,-8.60595703125,-16.11328125,7.080078125
0.3101806640625,-0.1922607421875,0.9443359375,-5.18798828125,-17.9443359375,6.40869140625
0.307861328125,-0.195556640625,0.9566650390625,-4.33349609375,-18.4326171875,5.0048828125
0.28759765625,-0.18310546875,0.9718017578125,-5.55419921875,-18.4326171875,3.47900390625
0.2847900390625,-0.1591796875,0.96923828125,-6.2255859375,-20.93505859375,1.5869140625
0.279541015625,-0.130126953125,0.9530029296875,-6.103515625,-24.10888671875,-8.72802734375
0.2716064453125,-0.1253662109375,0.9466552734375,-6.103515625,-44.677734375,-8.60595703125
0.2779541015625,-0.146240234375,0.9483642578125,-8.30078125,-68.90869140625,-9.1552734375
0.2850341796875,-0.1690673828125,0.951904296875,-20.8740234375,-95.64208984375,-13.12255859375
0.285888671875,-0.160400390625,0.95947265625,-26.85546875,-125.18310546875,-14.404296875
0.2933349609375,-0.1407470703125,0.9674072265625,-28.13720703125,-145.8740234375,-12.75634765625
0.2816162109375,-0.1549072265625,0.9710693359375,-26.611328125,-172.05810546875,-18.4326171875
0.284912109375,-0.17529296875,0.986083984375,-23.98681640625,-213.7451171875,-28.38134765625
0.29638671875,-0.1859130859375,1.077392578125,-25.390625,-243.10302734375,-39.73388671875
0.2919921875,-0.1917724609375,1.1063232421875,-22.705078125,-270.751953125,-59.4482421875
0.2928466796875,-0.191162109375,1.140625,-9.765625,-309.26513671875,-73.42529296875
0.2806396484375,-0.2186279296875,1.142578125,-10.68115234375,-348.93798828125,-80.50537109375
0.266357421875,-0.2198486328125,1.1458740234375,-27.34375,-414.48974609375,-99.609375
0.255615234375,-0.202880859375,1.13720703125,-43.64013671875,-447.021484375,-122.86376953125
0.2464599609375,-0.228759765625,1.196533203125,-85.9375,-439.88037109375,-128.173828125
0.2545166015625,-0.2440185546875,1.144287109375,-102.5390625,-402.03857421875,-125.8544921875
0.31689453125,-0.232177734375,1.1553955078125,-92.59033203125,-297.36328125,-102.23388671875
0.3221435546875,-0.28515625,1.46826171875,-60.85205078125,-189.51416015625,-115.66162109375
0.2310791015625,-0.26953125,1.5579833984375,132.26318359375,-32.16552734375,-118.1640625
0.300537109375,-0.2747802734375,1.809814453125,186.5234375,54.62646484375,-103.08837890625
0.350341796875,-0.3865966796875,2.450439453125,67.5048828125,79.65087890625,-83.43505859375
0.240478515625,-0.285888671875,2.737060546875,-19.83642578125,102.6611328125,-65.36865234375
0.0496826171875,0.0015869140625,2.59521484375,-28.38134765625,117.3095703125,-48.03466796875
-0.640869140625,-0.449951171875,2.6246337890625,5.31005859375,127.62451171875,-33.8134765625
-0.376220703125,-0.9029541015625,3.5179443359375,33.203125,149.23095703125,-24.169921875
0.3482666015625,-0.7384033203125,3.9815673828125,40.83251953125,175.72021484375,-16.9677734375
0.6434326171875,-0.5906982421875,3.27001953125,33.38623046875,201.0498046875,-11.1083984375
1.1302490234375,-0.03125,1.98095703125,18.5546875,220.88623046875,-6.16455078125
0.80810546875,0.1234130859375,1.25244140625,0.79345703125,234.2529296875,-2.62451171875
0.466552734375,-0.2166748046875,0.9915771484375,-14.0380859375,243.896484375,0.67138671875
0.578857421875,-0.6436767578125,0.8739013671875,-21.66748046875,251.52587890625,8.6669921875
0.399169921875,-0.8153076171875,0.9256591796875,-25.5126953125,258.1787109375,14.34326171875
0.80322265625,-0.765380859375,0.9852294921875,-29.1748046875,267.88330078125,19.34814453125
1.2105712890625,-0.60693359375,0.96533203125,-30.517578125,273.5595703125,23.25439453125
0.096923828125,-0.4537353515625,0.8934326171875,-31.6162109375,279.72412109375,26.2451171875
-1.06591796875,-0.3228759765625,0.8336181640625,-30.517578125,285.82763671875,28.1982421875
-1.2275390625,-0.2489013671875,0.8116455078125,-30.57861328125,292.3583984375,30.3955078125
-1.11376953125,-0.23095703125,0.843505859375,-31.55517578125,297.9736328125,32.77587890625
-0.974853515625,-0.200927734375,0.9344482421875,-31.67724609375,301.025390625,33.87451171875
-0.7802734375,-0.1302490234375,1.1434326171875,-31.06689453125,299.98779296875,34.72900390625
-0.6263427734375,-0.0599365234375,1.24169921875,-29.1748046875,293.8232421875,35.82763671875
-0.5079345703125,-0.024658203125,1.33154296875,-27.587890625,283.8134765625,35.0341796875
-0.423583984375,-0.0018310546875,1.4200439453125,-27.77099609375,274.35302734375,32.16552734375
-0.3515625,0.041259765625,1.5108642578125,-26.18408203125,269.04296875,23.25439453125
-0.2523193359375,0.108642578125,1.58984375,-17.9443359375,268.1884765625,17.08984375
-0.150634765625,0.17236328125,1.646240234375,-6.28662109375,275.69580078125,17.7001953125
-0.0625,0.2110595703125,1.6651611328125,0.3662109375,281.06689453125,18.798828125
0.0615234375,0.2218017578125,1.6568603515625,14.16015625,296.630859375,17.27294921875
0.12451171875,0.2205810546875,1.6986083984375,22.4609375,299.86572265625,17.9443359375
0.1929931640625,0.2232666015625,1.8785400390625,2.9296875,291.07666015625,20.751953125
0.2603759765625,0.219970703125,2.1429443359375,-38.02490234375,269.1650390625,17.822265625
0.3204345703125,0.19140625,2.375732421875,-75.01220703125,234.86328125,0.8544921875
0.36181640625,0.1256103515625,2.6942138671875,-82.6416015625,188.8427734375,-57.6171875
0.3828125,0.0572509765625,2.7861328125,-61.58447265625,143.73779296875,-65.00244140625
0.3966064453125,0.0224609375,2.340087890625,-25.69580078125,60.36376953125,-47.54638671875
0.4130859375,-0.1329345703125,1.91455078125,0.8544921875,16.2353515625,87.58544921875
0.44677734375,-0.3316650390625,1.5926513671875,-30.517578125,-31.31103515625,75.86669921875
0.5240478515625,-0.2227783203125,1.318603515625,-49.62158203125,-103.45458984375,48.27880859375
0.6533203125,0.115478515625,0.9346923828125,-40.10009765625,-75.927734375,30.2734375
0.80419921875,0.1455078125,0.5023193359375,82.8857421875,-92.71240234375,29.84619140625
1.089599609375,-0.0654296875,0.17724609375,66.650390625,-165.52734375,35.70556640625
1.29541015625,-0.286376953125,-0.3177490234375,23.3154296875,-249.51171875,-16.66259765625
1.8006591796875,-0.2979736328125,-0.3350830078125,9.58251953125,-295.2880859375,-74.76806640625
2.0074462890625,0.0277099609375,-0.1334228515625,-28.3203125,-274.47509765625,-56.884765625
2.1927490234375,0.3953857421875,1.264892578125,-51.20849609375,-248.291015625,4.39453125
2.37890625,0.027099609375,1.5621337890625,-56.09130859375,-226.98974609375,-9.1552734375
2.5689697265625,-0.531494140625,0.9273681640625,-66.46728515625,-200.68359375,30.57861328125
2.8299560546875,-0.9239501953125,-0.2845458984375,-69.51904296875,-159.5458984375,10.986328125
3.2322998046875,-0.0478515625,-0.58544921875,-56.640625,-120.30029296875,8.60595703125
3.743408203125,0.2916259765625,1.056396484375,-21.6064453125,-134.6435546875,6.77490234375
3.5166015625,0.963623046875,2.7989501953125,5.126953125,-128.96728515625,9.58251953125
3.12451171875,1.549072265625,2.61181640625,-14.5263671875,-119.93408203125,8.7890625
0.07470703125,1.5467529296875,2.0029296875,-26.9775390625,-99.12109375,5.18798828125
-1.6995849609375,1.5277099609375,1.9796142578125,-37.90283203125,-79.9560546875,4.82177734375
-2.711181640625,0.60302734375,1.552978515625,-38.57421875,-64.208984375,5.9814453125
-1.7940673828125,-0.8533935546875,1.5006103515625,-37.2314453125,-43.15185546875,6.04248046875
0.2830810546875,-1.4239501953125,1.166259765625,-41.259765625,-26.55029296875,4.638671875
1.4149169921875,0.1519775390625,1.1856689453125,-34.7900390625,-21.1181640625,2.5634765625
1.2623291015625,-0.774658203125,1.17626953125,-34.7900390625,-21.91162109375,1.40380859375
0.986328125,-0.269287109375,1.174560546875,-28.01513671875,-15.31982421875,-0.06103515625
0.7882080078125,0.023193359375,1.140869140625,-24.90234375,-12.451171875,-2.74658203125
0.55419921875,-0.066162109375,1.1461181640625,-21.728515625,-10.1318359375,-5.7373046875
0.357177734375,-0.1912841796875,1.108154296875,-19.34814453125,-9.521484375,-8.4228515625
0.5367431640625,-0.0906982421875,1.051025390625,-15.380859375,-9.765625,-10.1318359375
0.2357177734375,-0.086181640625,1.01318359375,-11.16943359375,-9.33837890625,-10.19287109375
0.2645263671875,-0.1700439453125,0.9915771484375,-8.48388671875,-8.7890625,-11.16943359375
0.2911376953125,-0.190673828125,0.9443359375,-7.080078125,-8.11767578125,-12.51220703125
0.3226318359375,-0.2437744140625,0.9373779296875,-6.04248046875,-6.8359375,-13.3056640625
0.316162109375,-0.25634765625,0.936767578125,-6.28662109375,-6.04248046875,-13.85498046875
0.309814453125,-0.2705078125,0.9405517578125,-4.150390625,-6.8359375,-14.46533203125
0.323486328125,-0.2789306640625,0.9468994140625,-0.42724609375,-7.32421875,-14.892578125
0.293212890625,-0.2843017578125,0.9501953125,2.86865234375,-7.75146484375,-14.7705078125
0.2685546875,-0.2694091796875,0.94482421875,6.591796875,-10.6201171875,-10.68115234375
0.264404296875,-0.2601318359375,0.94677734375,8.9111328125,-13.73291015625,-7.75146484375
0.2593994140625,-0.257568359375,0.9359130859375,8.30078125,-9.8876953125,-4.7607421875
0.259521484375,-0.24462890625,0.9107666015625,7.568359375,-10.009765625,-1.5869140625
0.2586669921875,-0.2425537109375,0.908203125,9.94873046875,-11.65771484375,2.74658203125
0.2540283203125,-0.2630615234375,0.9088134765625,8.60595703125,-14.2822265625,5.859375
0.2584228515625,-0.28369140625,0.89111328125,6.9580078125,-17.51708984375,7.4462890625
0.265380859375,-0.2828369140625,0.8822021484375,5.4931640625,-20.32470703125,7.75146484375
0.272705078125,-0.265625,0.9083251953125,7.01904296875,-21.78955078125,6.53076171875
0.281494140625,-0.2735595703125,0.9564208984375,8.056640625,-23.8037109375,4.7607421875
0.2733154296875,-0.283935546875,0.9556884765625,7.99560546875,-26.123046875,3.41796875
0.260009765625,-0.2611083984375,0.9561767578125,6.77490234375,-29.9072265625,0.244140625
0.261474609375,-0.1942138671875,0.960693359375,2.99072265625,-39.24560546875,-4.0283203125
0.2728271484375,-0.184814453125,0.9619140625,-1.3427734375,-53.03955078125,-3.173828125
0.2513427734375,-0.194091796875,0.968017578125,-8.056640625,-71.6552734375,-4.8828125
0.23095703125,-0.185302734375,0.983154296875,-10.55908203125,-99.2431640625,-1.40380859375
0.2789306640625,-0.1820068359375,0.987548828125,-11.16943359375,-124.57275390625,0.30517578125
0.3240966796875,-0.20654296875,1.012451171875,-16.7236328125,-152.16064453125,5.615234375
0.305419921875,-0.215576171875,1.0341796875,-18.798828125,-173.9501953125,9.8876953125
0.2987060546875,-0.221435546875,1.0732421875,-21.66748046875,-204.77294921875,11.53564453125
0.2884521484375,-0.234130859375,1.1060791015625,-27.28271484375,-230.16357421875,12.939453125
0.27294921875,-0.217041015625,1.1182861328125,-30.76171875,-251.0986328125,5.06591796875
0.2576904296875,-0.2227783203125,1.1217041015625,-25.0244140625,-284.5458984375,-16.11328125
0.2591552734375,-0.2723388671875,1.14013671875,-24.658203125,-331.97021484375,-37.7197265625
0.263916015625,-0.2509765625,1.1483154296875,-38.63525390625,-407.470703125,-68.9697265625
0.289306640625,-0.2296142578125,1.1341552734375,-51.7578125,-470.8251953125,-97.7783203125
0.321533203125,-0.210205078125,1.1806640625,-92.28515625,-483.94775390625,-122.98583984375
0.3050537109375,-0.1859130859375,1.080078125,-130.55419921875,-460.26611328125,-139.95361328125
0.2919921875,-0.19775390625,1.0487060546875,-148.3154296875,-48.828125,-140.07568359375
0.2894287109375,-0.1658935546875,1.3289794921875,-122.98583984375,63.3544921875,-114.44091796875
0.2935791015625,-0.1231689453125,1.5711669921875,106.87255859375,133.056640625,-60.36376953125
0.2904052734375,-0.1309814453125,1.8037109375,-9.58251953125,145.01953125,-39.1845703125
0.3111572265625,-0.240234375,2.2164306640625,40.0390625,188.29345703125,-23.8037109375
0.2906494140625,-0.3277587890625,2.638427734375,61.8896484375,209.716796875,19.8974609375
0.0130615234375,-0.05419921875,2.7867431640625,65.85693359375,228.6376953125,26.7333984375
-0.69140625,-0.1776123046875,3.9874267578125,48.9501953125,282.8369140625,31.31103515625
-0.494873046875,-0.858642578125,3.6541748046875,30.8837890625,288.4521484375,33.50830078125
0.2989501953125,-1.0323486328125,1.4090576171875,24.23095703125,295.59326171875,33.935546875
0.561279296875,0.6407470703125,1.214599609375,28.13720703125,303.03955078125,34.72900390625
0.9552001953125,0.0733642578125,1.0750732421875,27.4658203125,309.2041015625,36.19384765625
0.9031982421875,-0.683349609375,0.915283203125,20.44677734375,313.65966796875,38.87939453125
0.494873046875,-0.8360595703125,0.868896484375,9.27734375,314.88037109375,43.02978515625
0.422607421875,-0.7364501953125,1.0562744140625,0.1220703125,311.767578125,51.8798828125
1.4901123046875,-0.4930419921875,1.140625,-7.14111328125,305.5419921875,54.19921875
0.6837158203125,-0.4266357421875,1.2327880859375,-11.41357421875,296.7529296875,39.73388671875
-1.207763671875,-0.4649658203125,1.31201171875,-13.48876953125,299.25537109375,27.099609375
-0.9984130859375,-0.4124755859375,1.379150390625,-16.41845703125,311.82861328125,11.77978515625
-0.86083984375,-0.326904296875,1.4403076171875,-12.0849609375,316.83349609375,9.82666015625
-0.5640869140625,-0.2313232421875,1.4853515625,-3.72314453125,318.90869140625,29.47998046875
-0.425537109375,-0.165283203125,1.545654296875,2.25830078125,316.34521484375,50.59814453125
0.0731201171875,-0.1444091796875,1.65576171875,4.8828125,252.197265625,66.10107421875
0.1522216796875,-0.1461181640625,2.0726318359375,-8.72802734375,214.35546875,62.1337890625
0.230712890625,-0.1602783203125,2.3565673828125,-66.10107421875,167.3583984375,46.69189453125
0.29833984375,-0.1602783203125,2.7418212890625,-32.53173828125,120.17822265625,41.44287109375
0.3572998046875,-0.0711669921875,2.78662109375,5.859375,75.86669921875,96.13037109375
0.4139404296875,-0.03662109375,2.4144287109375,9.70458984375,26.18408203125,95.458984375
0.4508056640625,-0.0115966796875,2.1427001953125,-17.76123046875,-105.65185546875,43.8232421875
0.4677734375,-0.1375732421875,1.5462646484375,-40.22216796875,-86.42578125,-22.76611328125
0.486083984375,-0.3778076171875,0.8143310546875,10.498046875,-78.30810546875,-61.8896484375
0.523193359375,-0.27587890625,0.29052734375,20.5078125,-115.41748046875,-26.2451171875
0.7091064453125,-0.23681640625,-0.1268310546875,-13.36669921875,-202.94189453125,-46.0205078125
0.9866943359375,-0.9368896484375,-0.3387451171875,-4.69970703125,-282.40966796875,-25.5126953125
1.1607666015625,-0.7821044921875,-0.367431640625,-43.0908203125,-262.75634765625,17.15087890625
1.6033935546875,-0.2120361328125,0.193115234375,-64.94140625,-213.37890625,30.82275390625
1.83056640625,0.1201171875,1.680908203125,-89.111328125,-185.85205078125,34.1796875
2.4444580078125,-0.0064697265625,1.5379638671875,-76.2939453125,-170.95947265625,35.5224609375
3.072265625,-0.557373046875,-0.0777587890625,-57.861328125,-102.35595703125,2.685546875
3.4671630859375,0.4263916015625,-0.86376953125,-46.93603515625,-93.26171875,8.72802734375
3.8331298828125,0.5252685546875,0.431640625,-5.859375,-92.8955078125,4.2724609375
3.992919921875,0.7705078125,2.8089599609375,-2.0751953125,-97.2900390625,0.6103515625
3.87890625,1.051513671875,2.15234375,-23.3154296875,-105.28564453125,4.45556640625
3.114990234375,0.6527099609375,1.8662109375,-20.32470703125,-107.0556640625,8.544921875
-0.5772705078125,0.4847412109375,1.6708984375,-28.25927734375,-104.1259765625,5.92041015625
-2.6297607421875,-1.14453125,1.556884765625,-30.57861328125,-97.35107421875,3.23486328125
-2.9461669921875,-1.060546875,1.3687744140625,-29.296875,-88.80615234375,1.40380859375
-1.0545654296875,-0.0980224609375,1.1470947265625,-28.076171875,-76.11083984375,-1.708984375
1.231201171875,-0.802734375,1.144287109375,-26.2451171875,-61.09619140625,-3.23486328125
0.6593017578125,0.0426025390625,1.06298828125,-26.42822265625,-51.7578125,-2.25830078125
0.7410888671875,-0.1246337890625,1.03662109375,-23.86474609375,-32.8369140625,-2.62451171875
0.59716796875,-0.3326416015625,1.03125,-25.08544921875,-25.87890625,-4.08935546875
0.387939453125,0.0228271484375,1.0965576171875,-20.3857421875,-20.69091796875,-6.103515625
0.4088134765625,-0.1351318359375,1.137939453125,-15.68603515625,-21.54541015625,-7.75146484375
0.3531494140625,-0.260009765625,1.1435546875,-8.48388671875,-20.6298828125,-9.46044921875
0.1103515625,-0.2298583984375,1.1219482421875,-5.55419921875,-17.51708984375,-10.19287109375
0.1248779296875,-0.1573486328125,1.107421875,-4.0283203125,-13.18359375,-10.92529296875
0.1280517578125,-0.171875,1.0384521484375,-4.08935546875,-12.8173828125,-11.23046875
0.1151123046875,-0.19287109375,1.0128173828125,-1.15966796875,-12.3291015625,-12.26806640625
0.1658935546875,-0.174560546875,0.9544677734375,0.3662109375,-12.6953125,-10.92529296875
0.1910400390625,-0.2525634765625,0.949462890625,2.5634765625,-14.22119140625,-7.8125
0.22509765625,-0.2569580078125,0.96826171875,4.69970703125,-15.68603515625,-6.16455078125
0.258056640625,-0.2689208984375,0.9853515625,5.92041015625,-16.4794921875,-5.7373046875
0.260009765625,-0.267333984375,0.9542236328125,3.41796875,-16.41845703125,-4.39453125
0.239501953125,-0.2552490234375,0.9427490234375,0.30517578125,-15.9912109375,-2.99072265625
0.2413330078125,-0.2344970703125,0.93701171875,3.5400390625,-16.6015625,-1.953125
0.23193359375,-0.2437744140625,0.9381103515625,5.55419921875,-17.39501953125,-1.03759765625
0.213623046875,-0.244140625,0.9412841796875,4.08935546875,-18.12744140625,-0.18310546875
0.2171630859375,-0.2496337890625,0.9364013671875,4.94384765625,-19.47021484375,1.0986328125
0.2403564453125,-0.24267578125,0.9598388671875,5.2490234375,-20.99609375,4.08935546875
0.2633056640625,-0.231689453125,0.9599609375,6.4697265625,-25.87890625,-5.2490234375
0.246337890625,-0.2169189453125,0.95703125,7.38525390625,-28.6865234375,-8.1787109375
0.2469482421875,-0.20556640625,0.954345703125,4.0283203125,-89.84375,-6.40869140625
0.2425537109375,-0.2000732421875,0.9522705078125,-0.18310546875,-109.130859375,-9.27734375
0.2318115234375,-0.1973876953125,0.949462890625,-17.822265625,-135.7421875,-9.1552734375
0.2266845703125,-0.2015380859375,0.9564208984375,-18.06640625,-191.650390625,-12.451171875
0.2342529296875,-0.2037353515625,0.95703125,-17.4560546875,-227.11181640625,-36.9873046875
0.2666015625,-0.209228515625,0.9996337890625,-20.263671875,-244.81201171875,-48.33984375
0.271728515625,-0.228271484375,1.0277099609375,-21.240234375,-371.337890625,-94.1162109375
0.2672119140625,-0.2239990234375,1.134765625,-13.0615234375,-434.38720703125,-148.13232421875
0.260498046875,-0.169189453125,1.1414794921875,-59.6923828125,-320.73974609375,-91.24755859375
0.287353515625,-0.1708984375,1.142578125,-99.609375,76.5380859375,-14.22119140625
0.2991943359375,-0.2552490234375,1.1893310546875,78.18603515625,124.57275390625,-0.8544921875
0.271728515625,-0.2315673828125,1.1234130859375,6.65283203125,194.88525390625,7.62939453125
0.250244140625,-0.191650390625,1.0198974609375,34.48486328125,217.529296875,13.00048828125
0.2740478515625,-0.256591796875,1.62451171875,25.7568359375,234.92431640625,15.93017578125
0.2960205078125,-0.1795654296875,1.9832763671875,7.75146484375,248.6572265625,17.822265625
0.24072265625,-0.1695556640625,2.5771484375,-4.7607421875,259.70458984375,18.98193359375
0.3336181640625,-0.1009521484375,1.320556640625,-8.48388671875,270.1416015625,19.59228515625
0.2470703125,-0.049560546875,1.2244873046875,-6.40869140625,279.4189453125,24.10888671875
0.172119140625,-0.58837890625,0.9852294921875,-0.48828125,297.119140625,29.4189453125
-0.358154296875,-0.7994384765625,0.9273681640625,5.615234375,301.94091796875,34.72900390625
-0.572998046875,-0.922119140625,0.907958984375,0.1220703125,296.56982421875,32.53173828125
0.76953125,-0.60009765625,0.9267578125,-28.50341796875,290.771484375,20.6298828125
1.01416015625,-0.35693359375,0.974365234375,-29.47998046875,280.2734375,4.69970703125
0.296875,-0.3203125,1.0589599609375,-27.099609375,282.8369140625,-7.38525390625
-1.0777587890625,-0.305419921875,1.1392822265625,-13.18359375,285.7666015625,-11.1083984375
-0.997802734375,-0.2969970703125,1.2545166015625,-13.00048828125,290.4052734375,-6.28662109375
-0.6258544921875,-0.288330078125,1.53662109375,-11.90185546875,296.9970703125,-1.89208984375
