0.2528076171875,-0.235595703125,0.9658203125,-5.2490234375,-17.27294921875,-10.498046875
0.2672119140625,-0.227294921875,0.96484375,-5.859375,-18.6767578125,-15.56396484375
0.29248046875,-0.2347412109375,0.9683837890625,-6.89697265625,-15.9912109375,-19.4091796875
0.2969970703125,-0.238037109375,0.97265625,-16.357421875,-19.34814453125,-20.99609375
0.27490234375,-0.23681640625,0.9730224609375,-20.3857421875,-26.0009765625,-21.3623046875
0.25830078125,-0.2296142578125,0.9732666015625,-23.4375,-54.62646484375,-21.3623046875
0.255615234375,-0.2275390625,1.0142822265625,-23.98681640625,-71.2890625,-17.76123046875
0.267822265625,-0.2396240234375,1.0367431640625,-22.76611328125,-85.9375,-26.06201171875
0.2886962890625,-0.25244140625,1.06396484375,-20.20263671875,-99.79248046875,-40.283203125
0.2860107421875,-0.222412109375,1.094482421875,-17.76123046875,-117.0654296875,-48.33984375
0.2781982421875,-0.2027587890625,1.0963134765625,-15.0146484375,-189.5751953125,-48.27880859375
0.2735595703125,-0.20556640625,1.06982421875,-4.0283203125,-206.6650390625,-72.75390625
0.3009033203125,-0.239990234375,1.0660400390625,-4.45556640625,-222.47314453125,-97.83935546875
0.3056640625,-0.2349853515625,1.1455078125,1.64794921875,-252.01416015625,-101.5625
0.328125,-0.2027587890625,1.151611328125,1.220703125,-294.0673828125,-103.271484375
0.2659912109375,-0.2227783203125,1.1180419921875,-14.16015625,-355.16357421875,-87.890625
0.2620849609375,-0.2001953125,1.22900390625,-55.84716796875,-395.01953125,-55.60302734375
0.286376953125,-0.352294921875,1.2203369140625,-71.77734375,-382.32421875,-39.1845703125
0.2471923828125,-0.4608154296875,1.40185546875,-87.40234375,-333.740234375,-47.9736328125
0.0145263671875,-0.42431640625,1.8675537109375,-65.12451171875,-281.55517578125,-51.45263671875
0.013916015625,-0.1485595703125,2.13623046875,-2.86865234375,-228.21044921875,-71.044921875
-0.0523681640625,-0.2069091796875,2.116455078125,105.95703125,-107.60498046875,-79.4677734375
-0.104736328125,-0.6888427734375,1.94140625,215.4541015625,-21.8505859375,-82.3974609375
0.21435546875,-0.7528076171875,1.6610107421875,106.99462890625,23.92578125,-77.0263671875
0.5972900390625,-0.502685546875,1.9425048828125,34.60693359375,50.048828125,-63.41552734375
0.794921875,-0.6099853515625,3.144287109375,28.6865234375,62.31689453125,-46.7529296875
0.599853515625,-0.82763671875,3.8267822265625,47.18017578125,65.0634765625,-8.48388671875
0.32421875,-0.7265625,2.8074951171875,62.255859375,74.27978515625,5.615234375
0.4129638671875,-0.2034912109375,1.3564453125,62.98828125,97.900390625,12.5732421875
0.560546875,-0.1861572265625,0.874267578125,60.48583984375,129.2724609375,14.83154296875
0.13037109375,-0.3331298828125,0.844482421875,55.48095703125,186.09619140625,13.0615234375
0.1221923828125,-0.2298583984375,0.8248291015625,33.38623046875,205.13916015625,7.2021484375
0.71044921875,-0.377685546875,0.9649658203125,22.64404296875,217.34619140625,0.06103515625
-0.020263671875,-0.4320068359375,1.1422119140625,11.962890625,226.86767578125,-7.50732421875
-1.0401611328125,-0.488525390625,1.07666015625,1.28173828125,237.36572265625,-13.671875
-1.0692138671875,-0.6064453125,0.94384765625,-6.7138671875,245.4833984375,-20.3857421875
-0.924072265625,-0.685791015625,0.8782958984375,-14.09912109375,252.0751953125,-24.84130859375
-0.85302734375,-0.6671142578125,0.883544921875,-19.83642578125,256.65283203125,-25.634765625
-0.737060546875,-0.5513916015625,0.9390869140625,-22.88818359375,258.85009765625,-17.578125
-0.624267578125,-0.4022216796875,1.011962890625,-25.57373046875,256.04248046875,-8.9111328125
-0.47607421875,-0.2449951171875,1.08154296875,-25.634765625,243.7744140625,-0.30517578125
-0.3741455078125,-0.12060546875,1.136474609375,-27.16064453125,245.2392578125,7.75146484375
-0.2528076171875,-0.0465087890625,1.1884765625,-33.203125,249.3896484375,14.09912109375
-0.1353759765625,-0.0050048828125,1.303466796875,-42.1142578125,244.81201171875,19.10400390625
-0.0247802734375,0.0303955078125,1.35595703125,-50.84228515625,237.3046875,24.90234375
0.06494140625,0.0816650390625,1.342041015625,-55.419921875,230.5908203125,36.0107421875
0.1317138671875,0.1351318359375,1.4071044921875,-56.09130859375,226.6845703125,42.05322265625
0.1724853515625,0.1845703125,1.4732666015625,-54.50439453125,223.20556640625,17.578125
0.1893310546875,0.226318359375,1.529052734375,-50.10986328125,219.970703125,53.1005859375
0.196044921875,0.2325439453125,1.6015625,-39.12353515625,215.39306640625,43.27392578125
0.226318359375,0.228515625,1.6846923828125,1.0986328125,99.609375,53.77197265625
0.2347412109375,0.2471923828125,1.808837890625,60.302734375,110.16845703125,39.97802734375
0.1788330078125,0.2598876953125,1.998046875,67.0166015625,340.4541015625,24.2919921875
0.130859375,0.2281494140625,2.2620849609375,-37.7197265625,304.3212890625,13.427734375
0.1290283203125,0.149658203125,2.6480712890625,-39.73388671875,176.94091796875,13.61083984375
0.1673583984375,0.0360107421875,1.917724609375,-53.8330078125,142.76123046875,18.24951171875
0.204833984375,-0.1566162109375,2.0140380859375,-31.982421875,132.8125,30.517578125
0.2344970703125,-0.2142333984375,2.4647216796875,-46.08154296875,116.76025390625,40.771484375
0.2962646484375,-0.1038818359375,1.581298828125,-68.9697265625,87.646484375,38.818359375
0.4329833984375,0.0587158203125,0.380615234375,-81.72607421875,36.43798828125,41.748046875
0.696533203125,-0.0633544921875,0.0179443359375,-71.1669921875,-14.404296875,49.86572265625
1.01025390625,-0.3255615234375,-0.25537109375,-48.33984375,-52.55126953125,-9.09423828125
1.1995849609375,-0.1021728515625,-0.369140625,-20.6298828125,-74.52392578125,-5.9814453125
1.2679443359375,0.106201171875,-0.338623046875,-8.11767578125,-106.201171875,-38.2080078125
1.7969970703125,0.08642578125,-0.2481689453125,2.3193359375,-44.3115234375,25.32958984375
2.4791259765625,-0.1307373046875,-0.147216796875,28.50341796875,-67.81005859375,18.24951171875
2.7384033203125,-0.3707275390625,-0.3099365234375,18.12744140625,-192.68798828125,-12.6953125
2.927490234375,-0.5216064453125,0.2064208984375,-11.23046875,-160.15625,-26.9775390625
2.9508056640625,-0.6005859375,1.434814453125,-30.33447265625,-180.48095703125,-5.2490234375
2.8387451171875,-0.5162353515625,0.7962646484375,-20.08056640625,-164.00146484375,6.591796875
2.6806640625,-0.552734375,1.65771484375,-4.45556640625,-160.09521484375,-0.8544921875
2.462646484375,-0.607666015625,2.2039794921875,-3.84521484375,-184.2041015625,-10.80322265625
2.247314453125,0.5765380859375,1.652587890625,-0.3662109375,-173.27880859375,-6.34765625
1.100830078125,1.0667724609375,1.531982421875,3.96728515625,-126.89208984375,2.5634765625
-0.4085693359375,0.9083251953125,1.6221923828125,-12.5732421875,-92.59033203125,1.77001953125
-1.5433349609375,-1.451416015625,1.6973876953125,-43.9453125,-90.02685546875,3.5400390625
0.7950439453125,0.22607421875,1.5394287109375,-54.50439453125,-94.970703125,7.01904296875
0.4434814453125,0.4573974609375,1.21923828125,-51.513671875,-93.32275390625,9.27734375
0.222412109375,-0.2674560546875,1.0848388671875,-50.10986328125,-88.2568359375,7.87353515625
0.414794921875,-0.7518310546875,1.160888671875,-50.78125,-79.40673828125,7.26318359375
0.3271484375,-0.273681640625,1.2076416015625,-44.12841796875,-65.85693359375,6.2255859375
0.226318359375,0.158203125,1.22021484375,-38.02490234375,-59.50927734375,3.2958984375
0.3946533203125,-0.1275634765625,1.2086181640625,-34.0576171875,-59.814453125,0.244140625
0.440673828125,-0.382080078125,1.1881103515625,-26.0009765625,-60.24169921875,-1.52587890625
0.209716796875,-0.2293701171875,1.1402587890625,-18.4326171875,-55.35888671875,-3.5400390625
0.140380859375,-0.092041015625,1.096923828125,-11.29150390625,-45.47119140625,-5.126953125
0.27001953125,-0.1778564453125,1.0855712890625,-5.92041015625,-32.71484375,-7.2021484375
0.287841796875,-0.247314453125,1.063232421875,-2.99072265625,-21.17919921875,-8.30078125
0.1881103515625,-0.2308349609375,0.9979248046875,-2.38037109375,-14.34326171875,-7.568359375
0.1868896484375,-0.2353515625,0.9212646484375,-3.84521484375,-12.63427734375,-6.77490234375
0.230224609375,-0.28271484375,0.8912353515625,-5.9814453125,-14.83154296875,-5.2490234375
0.19970703125,-0.2974853515625,0.9029541015625,-6.28662109375,-14.58740234375,-4.33349609375
0.1885986328125,-0.278076171875,0.9332275390625,-7.8125,-12.51220703125,-4.82177734375
0.221923828125,-0.28125,0.9554443359375,-9.033203125,-11.65771484375,-5.92041015625
0.2227783203125,-0.298583984375,0.9605712890625,-10.1318359375,-12.63427734375,-6.89697265625
0.21826171875,-0.29736328125,0.9658203125,-12.02392578125,-12.6953125,-7.99560546875
0.2198486328125,-0.2939453125,0.96875,-10.80322265625,-12.20703125,-9.27734375
0.2132568359375,-0.2901611328125,0.976318359375,-7.87353515625,-12.3291015625,-10.19287109375
0.2161865234375,-0.2794189453125,0.9744873046875,-3.5400390625,-12.6953125,-8.30078125
0.2061767578125,-0.27880859375,0.9652099609375,1.03759765625,-13.3056640625,-6.34765625
0.2088623046875,-0.2667236328125,0.9576416015625,5.79833984375,-13.85498046875,-6.16455078125
0.2457275390625,-0.2694091796875,0.957763671875,9.3994140625,-12.63427734375,-5.43212890625
0.2633056640625,-0.2733154296875,0.9599609375,9.765625,-11.53564453125,-4.45556640625
0.258056640625,-0.2750244140625,0.9534912109375,6.65283203125,-10.1318359375,-3.7841796875
0.263916015625,-0.2735595703125,0.9432373046875,1.953125,-9.46044921875,-5.06591796875
0.26025390625,-0.2791748046875,0.95068359375,0.0,-7.87353515625,-7.01904296875
0.24951171875,-0.2884521484375,0.9478759765625,-4.57763671875,-8.4228515625,-7.4462890625
0.2479248046875,-0.2850341796875,0.938232421875,-6.28662109375,-10.31494140625,-5.37109375
0.2537841796875,-0.24951171875,0.928955078125,-6.65283203125,-10.80322265625,-4.2724609375
0.25244140625,-0.2386474609375,0.9324951171875,-4.94384765625,-12.451171875,-16.54052734375
0.25,-0.2698974609375,0.938720703125,-3.23486328125,-14.2822265625,-23.3154296875
0.279541015625,-0.2615966796875,0.9439697265625,-1.28173828125,-16.7236328125,-28.564453125
0.282958984375,-0.258056640625,0.9503173828125,-0.8544921875,-19.6533203125,-34.1796875
0.2841796875,-0.25830078125,0.9696044921875,-1.52587890625,-32.470703125,-41.07666015625
0.2880859375,-0.2777099609375,0.990234375,-10.8642578125,-43.64013671875,-38.818359375
0.2880859375,-0.29443359375,1.0089111328125,-12.51220703125,-59.814453125,-34.3017578125
0.2860107421875,-0.2838134765625,1.0255126953125,-13.0615234375,-78.4912109375,-41.3818359375
0.289306640625,-0.249267578125,1.043701171875,-16.41845703125,-98.5107421875,-87.46337890625
0.2821044921875,-0.2247314453125,1.0565185546875,-19.59228515625,-129.638671875,-100.5859375
0.2877197265625,-0.2288818359375,1.068115234375,-20.99609375,-197.20458984375,-111.81640625
0.303466796875,-0.3026123046875,1.0789794921875,-13.24462890625,-215.087890625,-121.39892578125
0.28857421875,-0.3131103515625,1.087646484375,-14.58740234375,-400.32958984375,-99.30419921875
0.2884521484375,-0.300537109375,1.211181640625,-84.28955078125,-428.64990234375,-65.85693359375
0.272216796875,-0.301025390625,1.13427734375,-90.576171875,-415.771484375,-80.9326171875
0.21826171875,-0.267578125,1.1669921875,-94.3603515625,-362.060546875,-102.84423828125
0.211181640625,-0.2208251953125,1.956298828125,-34.24072265625,-300.4150390625,-115.53955078125
0.2657470703125,-0.31787109375,2.2318115234375,74.70703125,-208.92333984375,-111.572265625
0.240966796875,-0.4002685546875,2.280517578125,217.28515625,-111.63330078125,-89.4775390625
-0.0262451171875,-0.5247802734375,1.9591064453125,195.00732421875,-34.3017578125,-66.10107421875
-0.2060546875,-0.732177734375,1.641845703125,54.443359375,40.58837890625,-46.32568359375
-0.1583251953125,-0.69775390625,2.382568359375,-9.09423828125,78.67431640625,-25.87890625
0.78466796875,-0.7125244140625,3.5679931640625,-31.25,103.759765625,-4.08935546875
0.385986328125,-0.857177734375,3.899658203125,-17.578125,128.2958984375,12.63427734375
0.3089599609375,-0.45654296875,3.01220703125,1.28173828125,145.263671875,22.5830078125
0.578125,0.118408203125,1.834228515625,24.96337890625,154.6630859375,24.71923828125
0.6534423828125,-0.012939453125,1.30078125,41.19873046875,172.05810546875,24.5361328125
-0.0579833984375,-0.1964111328125,0.9866943359375,45.71533203125,190.0634765625,23.0712890625
0.36962890625,-0.4578857421875,0.78466796875,41.80908203125,204.1015625,21.05712890625
0.9130859375,-0.7711181640625,0.7613525390625,30.57861328125,216.85791015625,18.4326171875
-0.4588623046875,-0.9139404296875,0.80126953125,18.9208984375,227.60009765625,15.7470703125
-1.12353515625,-0.9044189453125,0.844970703125,11.71875,237.060546875,12.451171875
-0.88134765625,-0.790283203125,0.870361328125,8.48388671875,244.384765625,10.498046875
-0.8167724609375,-0.618408203125,0.889892578125,7.87353515625,253.173828125,12.3291015625
-0.9095458984375,-0.443115234375,0.9442138671875,9.765625,259.46044921875,16.845703125
-0.8350830078125,-0.3099365234375,1.010009765625,12.26806640625,266.357421875,24.169921875
-0.68310546875,-0.23779296875,1.07373046875,15.380859375,274.84130859375,33.8134765625
-0.56494140625,-0.20361328125,1.1329345703125,14.892578125,270.08056640625,39.1845703125
-0.4471435546875,-0.1929931640625,1.1724853515625,9.3994140625,265.9912109375,42.96875
-0.3321533203125,-0.1846923828125,1.2197265625,3.11279296875,278.3203125,45.83740234375
-0.2264404296875,-0.1722412109375,1.2960205078125,-6.04248046875,286.56005859375,47.119140625
-0.134033203125,-0.1646728515625,1.4188232421875,-20.5078125,284.85107421875,45.654296875
-0.0589599609375,-0.16455078125,1.4913330078125,-34.3017578125,276.611328125,44.37255859375
-0.00341796875,-0.161376953125,1.5277099609375,-45.10498046875,261.04736328125,42.66357421875
0.0255126953125,-0.1617431640625,1.61669921875,-46.5087890625,249.08447265625,46.69189453125
0.0648193359375,-0.1527099609375,1.6572265625,-36.92626953125,250.1220703125,18.24951171875
0.0948486328125,-0.095458984375,1.65234375,-22.0947265625,260.92529296875,13.97705078125
0.0914306640625,-0.040283203125,1.7198486328125,-8.60595703125,269.47021484375,43.3349609375
0.1324462890625,-0.0125732421875,1.882568359375,0.30517578125,225.28076171875,41.8701171875
0.19287109375,0.00927734375,2.15576171875,19.34814453125,129.08935546875,46.0205078125
0.2176513671875,-0.0052490234375,2.537109375,83.80126953125,221.61865234375,64.75830078125
0.2479248046875,-0.076416015625,2.7984619140625,52.42919921875,361.63330078125,83.6181640625
0.2763671875,-0.146728515625,3.273681640625,-29.96826171875,378.41796875,90.27099609375
0.306396484375,-0.1517333984375,2.9837646484375,-64.697265625,303.64990234375,76.84326171875
0.3809814453125,-0.130615234375,1.8414306640625,-83.19091796875,223.388671875,50.72021484375
0.4813232421875,-0.4166259765625,1.5887451171875,-78.61328125,162.7197265625,30.2734375
0.5924072265625,-0.6287841796875,1.8841552734375,-48.03466796875,122.0703125,27.4658203125
0.7431640625,-0.3443603515625,1.8759765625,-5.615234375,89.9658203125,35.82763671875
0.8194580078125,-0.068115234375,1.5009765625,26.123046875,61.21826171875,47.607421875
1.109375,0.0450439453125,0.9320068359375,26.67236328125,21.8505859375,47.42431640625
1.592041015625,-0.075927734375,0.4237060546875,7.75146484375,-20.08056640625,51.20849609375
1.765380859375,-0.417236328125,0.0821533203125,-8.056640625,-55.419921875,19.22607421875
1.7366943359375,-0.6270751953125,-0.1732177734375,-5.0048828125,-68.78662109375,-30.57861328125
1.8345947265625,-0.4996337890625,-0.3636474609375,7.8125,-75.0732421875,-55.5419921875
2.083984375,-0.103759765625,-0.35302734375,15.44189453125,-49.9267578125,1.89208984375
2.3902587890625,0.248046875,-0.1529541015625,20.56884765625,19.10400390625,10.8642578125
2.7672119140625,0.3016357421875,0.06396484375,29.052734375,-15.869140625,-17.88330078125
3.1976318359375,0.04736328125,0.0081787109375,6.4697265625,-126.15966796875,-27.4658203125
3.5050048828125,-0.3004150390625,0.989013671875,-6.8359375,-234.375,-7.62939453125
3.5079345703125,-0.4901123046875,1.72265625,-47.79052734375,-205.26123046875,18.310546875
3.2333984375,-0.1905517578125,0.961181640625,-58.10546875,-200.13427734375,16.05224609375
2.8460693359375,0.0498046875,0.351318359375,-60.72998046875,-198.30322265625,-8.85009765625
2.5277099609375,0.366943359375,1.092529296875,-50.84228515625,-185.791015625,-28.25927734375
1.806396484375,0.7176513671875,1.964599609375,-47.42431640625,-173.4619140625,-17.39501953125
0.5010986328125,0.4847412109375,2.133056640625,-39.1845703125,-165.22216796875,-17.02880859375
-1.1690673828125,0.0726318359375,1.9990234375,-31.494140625,-159.7900390625,-6.40869140625
-1.9344482421875,0.288818359375,1.8665771484375,-31.3720703125,-160.70556640625,5.18798828125
-1.2572021484375,0.2149658203125,1.713134765625,-33.447265625,-156.73828125,7.87353515625
0.747314453125,-0.3955078125,1.5631103515625,-31.18896484375,-140.869140625,9.33837890625
0.7742919921875,-0.879150390625,1.4588623046875,-38.57421875,-112.79296875,5.126953125
0.4117431640625,-0.6480712890625,1.44970703125,-58.41064453125,-81.0546875,3.11279296875
0.3521728515625,0.109130859375,1.5732421875,-84.5947265625,-83.31298828125,0.30517578125
0.373291015625,0.4595947265625,1.1741943359375,-81.84814453125,-97.22900390625,-0.42724609375
0.3587646484375,-0.001953125,1.0072021484375,-69.091796875,-70.4345703125,-0.91552734375
0.34326171875,-0.618408203125,1.1329345703125,-38.63525390625,-50.23193359375,-1.0986328125
0.2625732421875,-0.22119140625,1.243408203125,-22.3388671875,-41.9921875,0.18310546875
0.1820068359375,-0.2291259765625,1.2259521484375,-9.3994140625,-42.29736328125,0.244140625
0.203125,-0.120849609375,1.093994140625,-2.13623046875,-41.07666015625,-0.48828125
0.241943359375,-0.1737060546875,1.0711669921875,-0.244140625,-33.203125,-1.5869140625
0.30712890625,-0.2325439453125,1.064208984375,-2.99072265625,-23.01025390625,-2.01416015625
0.234619140625,-0.257568359375,1.028564453125,-7.080078125,-15.5029296875,-2.62451171875
0.1624755859375,-0.260009765625,0.98876953125,-10.009765625,-11.3525390625,-2.5634765625
0.191162109375,-0.2467041015625,0.95849609375,-10.6201171875,-8.72802734375,-2.13623046875
0.261474609375,-0.2508544921875,0.9473876953125,-10.43701171875,-7.080078125,-2.50244140625
0.273193359375,-0.249755859375,0.9481201171875,-11.962890625,-6.65283203125,-3.47900390625
0.2515869140625,-0.2496337890625,0.94091796875,-14.16015625,-6.4697265625,-4.57763671875
0.223388671875,-0.2593994140625,0.9361572265625,-17.08984375,-9.8876953125,-5.7373046875
0.2374267578125,-0.274169921875,0.940673828125,-18.85986328125,-11.1083984375,-7.50732421875
0.2489013671875,-0.286376953125,0.944091796875,-16.2353515625,-10.68115234375,-11.3525390625
0.2503662109375,-0.28076171875,0.9483642578125,-12.02392578125,-10.55908203125,-9.33837890625
0.24853515625,-0.267578125,0.9676513671875,-6.4697265625,-10.68115234375,-7.8125
0.2371826171875,-0.261474609375,0.955322265625,-0.6103515625,-11.71875,-7.14111328125
0.238037109375,-0.2615966796875,0.945068359375,5.18798828125,-12.75634765625,-6.103515625
0.2388916015625,-0.26513671875,0.9505615234375,10.25390625,-10.43701171875,-3.96728515625
0.2403564453125,-0.272216796875,0.9478759765625,9.21630859375,-10.009765625,-3.72314453125
0.247314453125,-0.2744140625,0.943115234375,8.9111328125,-10.43701171875,-3.0517578125
0.24853515625,-0.288818359375,0.9429931640625,8.48388671875,-9.8876953125,-3.35693359375
0.25244140625,-0.29443359375,0.953369140625,6.89697265625,-8.4228515625,-5.615234375
0.2525634765625,-0.2833251953125,0.951171875,2.38037109375,-9.033203125,-9.033203125
0.2647705078125,-0.2608642578125,0.9447021484375,-0.06103515625,-9.27734375,-11.77978515625
0.2579345703125,-0.2509765625,0.938232421875,-1.64794921875,-9.94873046875,-12.51220703125
0.2353515625,-0.260498046875,0.9384765625,-1.89208984375,-10.92529296875,-10.986328125
0.2861328125,-0.25927734375,0.9373779296875,-1.40380859375,-12.02392578125,-10.92529296875
0.30419921875,-0.2459716796875,0.9324951171875,-0.42724609375,-12.02392578125,-11.8408203125
0.28564453125,-0.259765625,0.9322509765625,1.0986328125,-17.15087890625,-15.13671875
0.271240234375,-0.25439453125,0.9307861328125,1.03759765625,-23.13232421875,-22.0947265625
0.2796630859375,-0.259765625,0.939453125,-2.50244140625,-29.72412109375,-28.01513671875
0.2823486328125,-0.2813720703125,0.95849609375,-7.26318359375,-36.80419921875,-33.26416015625
0.2764892578125,-0.3009033203125,0.98388671875,-13.427734375,-46.5087890625,-25.390625
0.2808837890625,-0.3150634765625,1.0350341796875,-18.06640625,-61.6455078125,-19.83642578125
0.2744140625,-0.28759765625,1.040771484375,-19.59228515625,-81.54296875,-24.96337890625
0.2591552734375,-0.252197265625,1.045654296875,-19.71435546875,-103.759765625,-39.0625
0.281005859375,-0.213623046875,1.0711669921875,-21.05712890625,-173.828125,-63.1103515625
0.2996826171875,-0.233642578125,1.0963134765625,-23.681640625,-216.73583984375,-72.3876953125
0.2850341796875,-0.2652587890625,1.1134033203125,-21.8505859375,-242.12646484375,-80.62744140625
0.265869140625,-0.2822265625,1.103759765625,-17.9443359375,-257.99560546875,-99.365234375
0.2874755859375,-0.296875,1.283447265625,-16.845703125,-285.70556640625,-104.00390625
0.3193359375,-0.291748046875,1.2314453125,-23.98681640625,-334.41162109375,-114.013671875
0.2447509765625,-0.2684326171875,1.1544189453125,-39.6728515625,-391.845703125,-102.9052734375
0.193603515625,-0.182861328125,1.2354736328125,-64.88037109375,-425.6591796875,-72.57080078125
0.2342529296875,-0.26416015625,1.276611328125,-66.46728515625,-402.9541015625,-69.4580078125
0.2635498046875,-0.3251953125,1.3702392578125,-69.64111328125,-333.67919921875,-80.87158203125
-0.0419921875,-0.3883056640625,1.805908203125,-50.84228515625,-287.841796875,-94.7265625
-0.0916748046875,-0.37890625,2.2119140625,52.79541015625,-203.55224609375,-90.88134765625
-0.266845703125,-0.1773681640625,2.2391357421875,165.6494140625,-99.4873046875,-78.18603515625
-0.2474365234375,-0.395263671875,2.1578369140625,177.6123046875,-18.6767578125,-61.70654296875
0.252197265625,-0.8311767578125,2.0714111328125,51.8798828125,33.87451171875,-44.98291015625
0.76513671875,-0.7037353515625,2.7264404296875,0.54931640625,63.5986328125,-9.21630859375
0.85986328125,-0.705322265625,3.71728515625,-23.193359375,90.576171875,4.94384765625
0.6739501953125,-0.8837890625,3.8870849609375,-3.23486328125,120.05615234375,15.80810546875
0.4927978515625,-0.405517578125,2.9150390625,10.31494140625,131.2255859375,21.8505859375
0.498779296875,0.015380859375,1.698974609375,25.08544921875,168.701171875,25.87890625
0.5545654296875,-0.1549072265625,1.2445068359375,36.07177734375,184.9365234375,29.541015625
-0.276611328125,-0.2698974609375,1.04150390625,35.400390625,197.8759765625,37.353515625
0.3916015625,-0.442626953125,0.878173828125,29.23583984375,210.9375,35.82763671875
1.0975341796875,-0.7091064453125,0.772216796875,23.3154296875,222.83935546875,34.7900390625
-0.5078125,-0.796875,0.7811279296875,19.47021484375,233.70361328125,36.2548828125
-1.2130126953125,-0.7576904296875,0.8062744140625,16.845703125,259.33837890625,37.109375
-0.955322265625,-0.5712890625,0.8531494140625,35.09521484375,265.31982421875,44.12841796875
-0.8719482421875,-0.4705810546875,0.913818359375,44.73876953125,276.18408203125,51.26953125
-0.924072265625,-0.4027099609375,0.9739990234375,45.2880859375,280.33447265625,56.640625
-0.711181640625,-0.376220703125,1.2054443359375,34.85107421875,276.0009765625,58.77685546875
-0.6278076171875,-0.36181640625,1.2677001953125,21.484375,287.41455078125,59.14306640625
-0.515380859375,-0.361328125,1.3482666015625,4.57763671875,290.8935546875,57.31201171875
-0.395263671875,-0.3951416015625,1.4716796875,-11.16943359375,284.85107421875,51.7578125
-0.2852783203125,-0.3807373046875,1.4854736328125,-26.123046875,273.98681640625,44.25048828125
-0.193359375,-0.34716796875,1.451416015625,-37.17041015625,264.22119140625,35.888671875
0.0418701171875,-0.3116455078125,1.4732666015625,-38.4521484375,263.36669921875,39.9169921875
0.1041259765625,-0.2802734375,1.50244140625,-27.9541015625,273.4375,15.5029296875
0.14306640625,-0.258544921875,1.6192626953125,-16.29638671875,285.15625,34.423828125
0.166015625,-0.2354736328125,1.87353515625,-9.82666015625,297.18017578125,29.4189453125
0.2559814453125,-0.220458984375,2.2042236328125,-0.30517578125,263.73291015625,37.353515625
0.333251953125,-0.2078857421875,2.5113525390625,13.36669921875,175.72021484375,54.01611328125
0.3470458984375,-0.228759765625,2.702392578125,68.2373046875,350.76904296875,67.81005859375
0.379150390625,-0.2899169921875,2.70947265625,-41.07666015625,364.07470703125,66.10107421875
0.4183349609375,-0.336181640625,3.052490234375,-87.82958984375,307.31201171875,38.39111328125
0.4930419921875,-0.3975830078125,2.7608642578125,-130.859375,237.97607421875,-0.30517578125
0.5906982421875,-0.4805908203125,1.377685546875,-129.638671875,173.88916015625,-18.24951171875
0.69775390625,-0.78662109375,1.616943359375,-81.54296875,117.00439453125,-5.79833984375
0.8033447265625,-0.96630859375,1.66796875,-29.541015625,63.41552734375,21.78955078125
0.91357421875,-0.3734130859375,1.5296630859375,2.25830078125,14.404296875,47.91259765625
0.971435546875,0.171875,1.166259765625,4.0283203125,-28.6865234375,88.80615234375
1.2816162109375,0.1895751953125,0.6319580078125,-9.6435546875,-60.48583984375,112.24365234375
1.6595458984375,-0.441650390625,0.0743408203125,-17.02880859375,-76.11083984375,53.77197265625
1.7667236328125,-0.714111328125,-0.299072265625,-8.48388671875,-75.0732421875,3.72314453125
1.8280029296875,-0.345703125,-0.4078369140625,8.11767578125,-60.85205078125,-0.30517578125
2.0760498046875,0.236328125,-0.3316650390625,29.6630859375,-16.845703125,-2.50244140625
2.48486328125,0.48974609375,-0.1043701171875,71.83837890625,3.60107421875,-38.14697265625
2.9814453125,0.246826171875,0.2149658203125,34.72900390625,-47.18017578125,-62.19482421875
3.3895263671875,-0.25244140625,0.6973876953125,33.26416015625,-180.7861328125,-43.701171875
3.5599365234375,-0.6639404296875,1.3582763671875,0.30517578125,-203.7353515625,8.4228515625
3.4486083984375,-0.8116455078125,1.4183349609375,-17.822265625,-203.91845703125,39.97802734375
3.098876953125,-0.765869140625,0.610107421875,-44.43359375,-196.044921875,21.30126953125
2.696533203125,-0.040771484375,0.4405517578125,-54.3212890625,-197.265625,-37.841796875
2.3082275390625,0.8038330078125,1.1187744140625,-53.955078125,-189.14794921875,4.39453125
0.783935546875,1.1102294921875,1.9024658203125,-46.08154296875,-175.537109375,-9.3994140625
-0.7159423828125,1.1925048828125,2.106201171875,-23.13232421875,-162.41455078125,-14.95361328125
-1.6553955078125,1.23876953125,1.907958984375,-4.0283203125,-165.34423828125,-8.4228515625
-1.8492431640625,1.0279541015625,1.9251708984375,2.0751953125,-134.27734375,-4.21142578125
0.6322021484375,-0.1470947265625,1.8665771484375,21.66748046875,-85.14404296875,-7.01904296875
0.86572265625,-1.3388671875,1.6513671875,-13.5498046875,-69.27490234375,-3.90625
0.4144287109375,-1.6490478515625,1.6031494140625,-36.2548828125,-79.77294921875,3.84521484375
0.2587890625,-0.696533203125,1.411376953125,-33.8134765625,-92.71240234375,11.90185546875
0.28125,0.5509033203125,1.20654296875,-31.55517578125,-101.1962890625,14.34326171875
0.302978515625,-0.1640625,1.17236328125,-40.283203125,-115.8447265625,10.7421875
0.42236328125,-0.3623046875,1.2227783203125,-44.5556640625,-127.197265625,7.568359375
0.4625244140625,0.319091796875,1.157958984375,-49.8046875,-128.84521484375,1.64794921875
0.1231689453125,0.09521484375,1.0286865234375,-60.24169921875,-130.18798828125,-1.89208984375
0.348876953125,-0.370361328125,0.991943359375,-62.92724609375,-122.98583984375,-5.0048828125
0.2901611328125,-0.2662353515625,1.0697021484375,-60.791015625,-99.30419921875,-7.26318359375
0.0545654296875,-0.0718994140625,1.13330078125,-42.05322265625,-70.80078125,-7.50732421875
0.0963134765625,-0.159912109375,1.162109375,-26.7333984375,-45.5322265625,-6.2255859375
0.24072265625,-0.242431640625,1.1787109375,-13.97705078125,-31.67724609375,-6.16455078125
0.1436767578125,-0.210205078125,1.168701171875,-3.11279296875,-6.2255859375,-6.4697265625
0.01123046875,-0.1517333984375,1.078125,0.3662109375,-5.4931640625,-5.9814453125
0.1297607421875,-0.1856689453125,0.97216796875,-5.37109375,-4.69970703125,-4.82177734375
0.2188720703125,-0.26123046875,0.9637451171875,-12.20703125,-4.638671875,-5.4931640625
0.2132568359375,-0.2701416015625,0.956787109375,-14.46533203125,-5.4931640625,-6.8359375
0.2667236328125,-0.2625732421875,0.9730224609375,-15.19775390625,-7.2021484375,-8.4228515625
0.3179931640625,-0.2659912109375,0.9666748046875,-14.34326171875,-8.30078125,-9.521484375
0.3336181640625,-0.2550048828125,0.963623046875,-12.6953125,-7.9345703125,-9.94873046875
0.2945556640625,-0.2451171875,0.968994140625,0.244140625,-7.87353515625,-9.521484375
0.264404296875,-0.2353515625,0.97119140625,4.5166015625,-7.9345703125,-8.4228515625
0.2701416015625,-0.2247314453125,0.969482421875,8.056640625,-8.544921875,-4.21142578125
0.2506103515625,-0.220947265625,0.9464111328125,10.498046875,-8.1787109375,-4.39453125
0.260498046875,-0.2264404296875,0.9490966796875,10.8642578125,-7.87353515625,-5.43212890625
0.2476806640625,-0.2373046875,0.947998046875,10.80322265625,-8.23974609375,-8.36181640625
0.2486572265625,-0.2679443359375,0.94384765625,9.58251953125,-7.14111328125,-10.80322265625
0.265380859375,-0.2608642578125,0.94287109375,2.01416015625,-6.103515625,-11.5966796875
0.2767333984375,-0.2584228515625,0.94384765625,-1.15966796875,-6.34765625,-11.53564453125
0.2596435546875,-0.2525634765625,0.9482421875,-4.150390625,-8.056640625,-11.29150390625
0.2642822265625,-0.24365234375,0.936767578125,-6.34765625,-8.60595703125,-23.25439453125
0.263671875,-0.2333984375,0.94091796875,-6.7138671875,-7.9345703125,-28.38134765625
0.2559814453125,-0.2154541015625,0.9510498046875,-6.65283203125,-8.85009765625,-30.21240234375
0.2647705078125,-0.234619140625,0.951416015625,-7.4462890625,-12.75634765625,-33.8134765625
0.2667236328125,-0.2413330078125,0.9527587890625,-9.33837890625,-50.4150390625,-39.48974609375
0.264892578125,-0.253662109375,0.9638671875,-22.15576171875,-66.83349609375,-43.212890625
0.2869873046875,-0.2685546875,0.9891357421875,-19.59228515625,-84.1064453125,-43.64013671875
0.28125,-0.26904296875,1.022705078125,-19.1650390625,-103.45458984375,-49.62158203125
0.2633056640625,-0.24560546875,1.0872802734375,-19.287109375,-124.32861328125,-59.63134765625
0.2574462890625,-0.215576171875,1.0826416015625,-19.287109375,-154.60205078125,-80.38330078125
0.2811279296875,-0.2216796875,1.096435546875,-16.845703125,-197.265625,-99.609375
0.2860107421875,-0.2796630859375,1.1087646484375,-14.6484375,-230.8349609375,-103.6376953125
0.2755126953125,-0.2392578125,1.1134033203125,-7.2021484375,-248.779296875,-107.2998046875
0.2750244140625,-0.226806640625,1.165283203125,-4.21142578125,-269.775390625,-114.501953125
0.2835693359375,-0.2591552734375,1.2037353515625,-0.18310546875,-310.36376953125,-131.34765625
0.228515625,-0.279541015625,1.1807861328125,-4.150390625,-370.1171875,-124.0234375
0.265869140625,-0.2364501953125,1.281982421875,-18.98193359375,-403.62548828125,-86.85302734375
0.2659912109375,-0.259765625,1.38623046875,-28.38134765625,-392.02880859375,-55.23681640625
0.2078857421875,-0.38330078125,1.38525390625,-50.23193359375,-354.736328125,-91.6748046875
0.0894775390625,-0.4915771484375,1.70947265625,-20.263671875,-309.63134765625,-87.890625
-0.064208984375,-0.5035400390625,2.1846923828125,62.3779296875,-253.173828125,-76.59912109375
-0.06884765625,-0.3011474609375,2.340576171875,161.31591796875,-156.982421875,-52.06298828125
-0.1483154296875,-0.3472900390625,2.228515625,208.55712890625,-36.19384765625,-31.1279296875
-0.0523681640625,-0.638916015625,2.0947265625,59.87548828125,26.85546875,-13.18359375
0.532958984375,-0.754638671875,2.307861328125,-16.54052734375,63.720703125,5.2490234375
0.89599609375,-0.7802734375,3.264892578125,-36.19384765625,87.40234375,20.20263671875
0.680419921875,-0.79833984375,3.9708251953125,3.47900390625,107.60498046875,28.3203125
0.461181640625,-0.6641845703125,3.2188720703125,35.400390625,108.7646484375,28.13720703125
0.5113525390625,0.1317138671875,1.92578125,52.79541015625,139.7705078125,24.4140625
0.5665283203125,0.074951171875,1.2242431640625,49.1943359375,166.015625,18.00537109375
0.1324462890625,-0.6453857421875,0.9859619140625,32.04345703125,184.9365234375,9.765625
-0.146728515625,-0.8428955078125,0.81884765625,12.5732421875,201.2939453125,-19.1650390625
0.692138671875,-1.0587158203125,0.81201171875,0.8544921875,209.8388671875,-22.4609375
0.145263671875,-1.01513671875,0.8958740234375,-3.41796875,216.064453125,-22.94921875
-1.181396484375,-0.7896728515625,0.8759765625,-3.23486328125,221.25244140625,-23.25439453125
-1.12353515625,-0.5257568359375,0.8160400390625,-2.13623046875,248.6572265625,-20.01953125
-1.0274658203125,-0.3212890625,0.7874755859375,-11.04736328125,254.21142578125,-13.5498046875
-0.9921875,-0.238525390625,0.795166015625,-9.46044921875,260.55908203125,-7.568359375
-0.772705078125,-0.2095947265625,0.838134765625,-12.451171875,260.68115234375,-0.3662109375
-0.650634765625,-0.1483154296875,1.0943603515625,-18.4326171875,254.150390625,7.38525390625
-0.5482177734375,-0.0830078125,1.20458984375,-30.1513671875,261.3525390625,49.01123046875
-0.4501953125,-0.0155029296875,1.2733154296875,-46.44775390625,265.625,63.4765625
-0.3709716796875,0.0472412109375,1.3748779296875,-59.9365234375,266.357421875,78.91845703125
-0.2760009765625,0.000244140625,1.4007568359375,-70.00732421875,265.13671875,58.837890625
-0.1783447265625,0.01318359375,1.4249267578125,-73.2421875,268.37158203125,74.64599609375
0.06103515625,0.0460205078125,1.537841796875,-48.15673828125,280.21240234375,112.060546875
0.0980224609375,0.1163330078125,1.675537109375,-36.62109375,184.02099609375,102.35595703125
0.1146240234375,0.1627197265625,1.877197265625,12.3291015625,146.30126953125,103.271484375
0.1173095703125,0.1593017578125,2.557861328125,66.650390625,277.77099609375,109.0087890625
0.135986328125,0.135986328125,2.81494140625,4.150390625,397.76611328125,105.95703125
0.170166015625,0.0843505859375,3.12451171875,-72.6318359375,363.8916015625,83.6181640625
0.1961669921875,-0.212890625,2.677001953125,-77.63671875,257.99560546875,50.59814453125
0.22021484375,-0.22314453125,1.683837890625,-70.86181640625,168.212890625,17.63916015625
0.275634765625,-0.606201171875,1.5911865234375,-56.70166015625,113.09814453125,3.47900390625
0.58642578125,-0.7431640625,1.96533203125,-33.5693359375,91.00341796875,5.2490234375
0.6365966796875,-0.0438232421875,1.8377685546875,-13.12255859375,74.15771484375,14.5263671875
0.8072509765625,0.2247314453125,1.3603515625,-15.380859375,45.41015625,24.23095703125
1.301513671875,-0.00537109375,0.7958984375,-33.203125,4.33349609375,31.3720703125
1.739013671875,-0.221923828125,0.2943115234375,-50.6591796875,-32.77587890625,45.41015625
1.743408203125,-0.420654296875,-0.0994873046875,-50.72021484375,-48.52294921875,26.9775390625
1.673828125,-0.326416015625,-0.4136962890625,-34.48486328125,-49.8046875,-15.93017578125
1.850341796875,0.01806640625,-0.551025390625,-11.23046875,-51.08642578125,-36.4990234375
2.1787109375,0.320068359375,-0.4227294921875,3.11279296875,-40.46630859375,-13.12255859375
2.593017578125,0.3555908203125,-0.0765380859375,20.08056640625,-2.197265625,10.07080078125
3.0113525390625,0.127685546875,0.3079833984375,17.88330078125,-26.123046875,-0.54931640625
3.3026123046875,-0.2384033203125,0.576416015625,23.5595703125,-109.06982421875,-29.96826171875
3.36376953125,-0.526611328125,1.2086181640625,19.95849609375,-170.41015625,-47.30224609375
3.1820068359375,-0.600341796875,1.6529541015625,-3.47900390625,-200.98876953125,-30.8837890625
2.923828125,-0.517333984375,1.11767578125,-26.0009765625,-207.21435546875,5.0048828125
2.6600341796875,-0.3004150390625,0.3646240234375,-36.62109375,-185.85205078125,16.54052734375
2.3726806640625,-0.041015625,0.2984619140625,-39.794921875,-173.27880859375,-4.45556640625
1.7078857421875,0.19482421875,0.69189453125,-38.9404296875,-176.8798828125,-26.123046875
-0.003662109375,0.4423828125,1.3497314453125,-33.447265625,-182.12890625,-18.4326171875
-1.3516845703125,0.34375,2.1243896484375,-22.94921875,-179.87060546875,1.0986328125
-1.6434326171875,0.346435546875,2.3570556640625,-12.75634765625,-159.912109375,-3.47900390625
-1.2144775390625,0.650390625,2.204345703125,-8.6669921875,-142.02880859375,-17.51708984375
-0.1337890625,0.4886474609375,1.9305419921875,-11.04736328125,-137.02392578125,-17.822265625
0.5003662109375,-0.1666259765625,1.6336669921875,-4.0283203125,-130.2490234375,-9.33837890625
0.5343017578125,-0.8951416015625,1.4677734375,8.056640625,-118.46923828125,-2.38037109375
0.465576171875,-0.945068359375,1.4588623046875,4.69970703125,-112.36572265625,6.8359375
0.4814453125,-0.1778564453125,1.510009765625,-9.3994140625,-114.6240234375,9.94873046875
0.43359375,0.4056396484375,1.455322265625,-21.1181640625,-114.07470703125,6.40869140625
0.36376953125,0.0938720703125,1.284423828125,-30.57861328125,-112.548828125,1.953125
0.3367919921875,-0.628173828125,1.090087890625,-45.34912109375,-115.966796875,0.0
0.3204345703125,-0.66015625,0.9979248046875,-58.89892578125,-113.34228515625,-2.13623046875
0.234375,-0.0816650390625,1.0206298828125,-52.79541015625,-103.6376953125,-3.41796875
0.193359375,0.0672607421875,1.075927734375,-42.78564453125,-81.298828125,-2.74658203125
0.28955078125,-0.2811279296875,1.1416015625,-27.40478515625,-59.26513671875,-2.01416015625
0.2762451171875,-0.3780517578125,1.1925048828125,-14.0380859375,-45.7763671875,-2.50244140625
0.10986328125,-0.166259765625,1.1964111328125,-6.4697265625,-36.1328125,-2.9296875
0.0718994140625,-0.2537841796875,1.2052001953125,-3.11279296875,-30.1513671875,-5.18798828125
0.19482421875,-0.2625732421875,1.112060546875,-2.62451171875,-25.20751953125,-5.31005859375
0.1793212890625,-0.1971435546875,1.041748046875,-5.55419921875,-19.8974609375,-5.55419921875
0.1998291015625,-0.2197265625,1.01123046875,-8.72802734375,-15.2587890625,-4.57763671875
0.2159423828125,-0.2537841796875,0.98388671875,-8.60595703125,-10.07080078125,-3.96728515625
0.2701416015625,-0.2266845703125,0.968994140625,-12.26806640625,-11.29150390625,-3.5400390625
0.311767578125,-0.226318359375,0.9547119140625,-12.6953125,-10.7421875,-4.45556640625
0.3017578125,-0.2537841796875,0.9520263671875,-13.427734375,-9.765625,-7.32421875
0.2801513671875,-0.265869140625,0.9609375,-15.2587890625,-10.31494140625,-10.80322265625
0.2713623046875,-0.27978515625,0.96435546875,-14.892578125,-11.474609375,-14.09912109375
0.2515869140625,-0.2899169921875,0.960693359375,-11.90185546875,-12.51220703125,-15.625
0.239501953125,-0.27392578125,0.958984375,-6.591796875,-13.427734375,-14.7705078125
0.242431640625,-0.270263671875,0.9588623046875,-0.18310546875,-13.97705078125,-11.71875
0.2493896484375,-0.2578125,0.953125,5.37109375,-12.75634765625,-8.4228515625
0.2423095703125,-0.2489013671875,0.9429931640625,9.1552734375,-10.31494140625,-5.18798828125
0.2508544921875,-0.2579345703125,0.930419921875,12.02392578125,-8.11767578125,-2.25830078125
0.2647705078125,-0.2750244140625,0.92529296875,12.63427734375,-6.34765625,-0.67138671875
0.270263671875,-0.2935791015625,0.928466796875,10.80322265625,-6.77490234375,0.91552734375
0.264892578125,-0.3046875,0.9312744140625,7.01904296875,-8.11767578125,1.64794921875
0.263671875,-0.3060302734375,0.9405517578125,3.35693359375,-8.72802734375,0.9765625
0.2513427734375,-0.3006591796875,0.9547119140625,-0.42724609375,-9.27734375,-1.03759765625
0.2353515625,-0.2852783203125,0.9586181640625,-2.38037109375,-9.33837890625,-3.0517578125
0.23876953125,-0.2474365234375,0.953857421875,-3.47900390625,-10.6201171875,-4.82177734375
0.26953125,-0.2015380859375,0.9442138671875,-3.35693359375,-12.3291015625,-4.82177734375
0.293701171875,-0.2041015625,0.93798828125,-3.11279296875,-12.6953125,-7.14111328125
0.30712890625,-0.223876953125,0.9393310546875,-2.62451171875,-12.26806640625,-9.58251953125
0.3046875,-0.2342529296875,0.9405517578125,-2.197265625,-13.97705078125,-13.3056640625
0.2906494140625,-0.2415771484375,0.939208984375,-0.79345703125,-18.49365234375,-19.47021484375
0.2923583984375,-0.24658203125,0.9384765625,-2.62451171875,-34.423828125,-24.35302734375
0.280517578125,-0.2659912109375,0.947265625,-8.7890625,-42.3583984375,-28.564453125
0.2777099609375,-0.2890625,0.987060546875,-13.0615234375,-52.30712890625,-31.73828125
0.289306640625,-0.301025390625,1.0208740234375,-15.31982421875,-66.0400390625,-27.40478515625
0.2811279296875,-0.291015625,1.043212890625,-16.2353515625,-84.16748046875,-19.22607421875
0.2791748046875,-0.24755859375,1.0382080078125,-16.6015625,-103.1494140625,-19.1650390625
0.2904052734375,-0.22802734375,1.054931640625,-18.798828125,-121.15478515625,-32.5927734375
0.3084716796875,-0.2669677734375,1.0792236328125,-20.56884765625,-144.775390625,-53.40576171875
0.2889404296875,-0.27294921875,1.0869140625,-23.13232421875,-182.7392578125,-74.3408203125
0.26904296875,-0.28173828125,1.082275390625,-18.98193359375,-207.6416015625,-83.0078125
0.28173828125,-0.30322265625,1.0791015625,-15.2587890625,-217.22412109375,-91.552734375
0.281982421875,-0.280029296875,1.182861328125,-11.474609375,-246.03271484375,-104.4921875
0.24755859375,-0.26220703125,1.2337646484375,-17.02880859375,-303.955078125,-116.455078125
0.21484375,-0.238037109375,1.1373291015625,-37.9638671875,-370.361328125,-66.46728515625
0.240234375,-0.1790771484375,1.17236328125,-71.4111328125,-416.68701171875,-74.64599609375
0.2799072265625,-0.200927734375,1.30712890625,-93.93310546875,-425.23193359375,-98.44970703125
0.2349853515625,-0.2672119140625,1.3663330078125,-106.38427734375,-394.34814453125,-97.412109375
-0.02685546875,-0.3682861328125,1.6309814453125,-113.037109375,-98.388671875,-92.22412109375
-0.1634521484375,-0.4462890625,2.0821533203125,138.85498046875,-23.193359375,-68.17626953125
-0.1427001953125,-0.2806396484375,2.1422119140625,56.57958984375,10.009765625,-11.77978515625
-0.2470703125,-0.2352294921875,2.161376953125,0.42724609375,33.69140625,2.197265625
0.0601806640625,-0.591796875,3.5452880859375,-33.26416015625,61.21826171875,11.41357421875
0.6871337890625,-0.643310546875,3.908935546875,-19.04296875,126.40380859375,17.02880859375
0.9091796875,-0.6634521484375,3.1689453125,5.4931640625,171.44775390625,21.30126953125
0.742431640625,-0.2777099609375,1.904296875,24.5361328125,187.01171875,24.0478515625
0.34912109375,-0.39111328125,1.256103515625,19.8974609375,198.1201171875,25.390625
0.3968505859375,-0.437744140625,0.9383544921875,15.68603515625,209.53369140625,25.634765625
0.0771484375,-0.3472900390625,0.7691650390625,9.521484375,221.3134765625,24.4140625
0.9267578125,-0.5504150390625,0.7850341796875,2.5634765625,231.38427734375,22.8271484375
0.036865234375,-0.779296875,0.8291015625,-3.47900390625,240.53955078125,23.74267578125
-1.2139892578125,-0.6236572265625,0.870361328125,-6.9580078125,247.86376953125,19.04296875
-1.0374755859375,-0.5467529296875,0.928466796875,-7.01904296875,256.53076171875,17.4560546875
-0.8392333984375,-0.46142578125,1.0074462890625,-3.23486328125,266.9677734375,31.6162109375
-0.6751708984375,-0.378662109375,1.09814453125,3.7841796875,273.74267578125,41.3818359375
-0.5589599609375,-0.3175048828125,1.19091796875,-0.79345703125,272.64404296875,57.2509765625
-0.4339599609375,-0.2801513671875,1.294189453125,-3.84521484375,268.6767578125,58.28857421875
-0.3076171875,-0.2574462890625,1.3751220703125,-4.69970703125,279.052734375,60.97412109375
-0.196533203125,-0.2359619140625,1.4173583984375,-18.12744140625,278.6865234375,70.61767578125
-0.098876953125,-0.2166748046875,1.4844970703125,-25.634765625,252.197265625,56.09130859375
-0.013427734375,-0.1800537109375,1.461181640625,-40.46630859375,246.826171875,27.52685546875
0.056396484375,-0.1715087890625,1.4678955078125,-32.40966796875,250.244140625,63.65966796875
0.1260986328125,-0.216552734375,1.597900390625,-6.9580078125,248.53515625,75.86669921875
0.1895751953125,-0.146728515625,1.88037109375,7.9345703125,116.0888671875,70.37353515625
0.2198486328125,-0.0894775390625,1.9625244140625,79.833984375,154.47998046875,85.51025390625
0.24609375,-0.1170654296875,2.2379150390625,89.90478515625,326.72119140625,101.4404296875
0.2813720703125,-0.16259765625,2.8408203125,7.2021484375,419.7998046875,104.98046875
0.2974853515625,-0.2415771484375,3.0882568359375,-39.73388671875,356.8115234375,91.796875
0.30419921875,-0.425048828125,2.4564208984375,-71.77734375,246.03271484375,65.0634765625
0.3924560546875,-0.533447265625,2.08203125,-92.7734375,170.7763671875,34.24072265625
0.4664306640625,-0.815185546875,2.209716796875,-82.45849609375,136.41357421875,20.93505859375
0.5826416015625,-0.7762451171875,2.1182861328125,-50.59814453125,123.10791015625,27.34375
0.6341552734375,-0.502197265625,1.695556640625,-17.333984375,97.412109375,41.68701171875
0.8607177734375,-0.2705078125,1.2066650390625,-3.0517578125,51.513671875,55.908203125
1.343505859375,-0.03955078125,0.6778564453125,-13.24462890625,-1.28173828125,53.64990234375
1.719970703125,-0.251220703125,0.2330322265625,-27.16064453125,-38.75732421875,19.47021484375
1.7763671875,-0.5872802734375,-0.2105712890625,-27.03857421875,-55.5419921875,-38.63525390625
1.727783203125,-0.6287841796875,-0.6055908203125,-14.58740234375,-96.19140625,-64.5751953125
1.962646484375,-0.33251953125,-0.794189453125,12.0849609375,-78.30810546875,-29.296875
2.356201171875,0.0679931640625,-0.6593017578125,67.07763671875,12.87841796875,-6.591796875
2.766357421875,0.2930908203125,-0.4320068359375,52.55126953125,-10.6201171875,-20.44677734375
3.2623291015625,0.20947265625,-0.334228515625,17.63916015625,-143.5546875,-41.07666015625
3.6505126953125,-0.15087890625,0.9398193359375,15.625,-256.04248046875,-29.84619140625
3.801513671875,-0.5792236328125,1.8426513671875,-5.7373046875,-233.58154296875,6.4697265625
3.6873779296875,-0.70947265625,0.8212890625,-34.423828125,-188.78173828125,19.34814453125
3.3739013671875,-0.1689453125,-0.198974609375,-59.326171875,-217.041015625,5.2490234375
3.0660400390625,0.6270751953125,0.20068359375,-51.513671875,-224.79248046875,-18.85986328125
2.117919921875,0.837646484375,1.9354248046875,-48.095703125,-205.50537109375,-9.09423828125
0.81982421875,0.7691650390625,2.7459716796875,-42.41943359375,-188.96484375,-3.173828125
-1.3739013671875,0.6729736328125,2.224365234375,-19.95849609375,-174.62158203125,-13.427734375
-2.4637451171875,0.5443115234375,1.8668212890625,-9.70458984375,-165.95458984375,-1.77001953125
-1.0537109375,0.4228515625,1.742431640625,-4.33349609375,-151.18408203125,0.1220703125
0.556884765625,-0.1187744140625,1.6082763671875,11.29150390625,-136.3525390625,1.77001953125
1.31591796875,-0.8841552734375,1.5894775390625,9.033203125,-112.48779296875,1.89208984375
0.8514404296875,-1.1002197265625,1.652587890625,-11.474609375,-101.86767578125,1.220703125
0.400390625,-0.4930419921875,1.657958984375,-16.6015625,-88.7451171875,-0.244140625
0.33544921875,0.2218017578125,1.4173583984375,-30.2734375,-82.09228515625,-0.18310546875
0.4375,0.1658935546875,1.1785888671875,-44.0673828125,-76.35498046875,-2.13623046875
0.531005859375,-0.637451171875,1.15185546875,-48.33984375,-66.46728515625,-4.2724609375
0.44775390625,-0.1168212890625,1.1370849609375,-42.48046875,-58.4716796875,-5.31005859375
0.348388671875,-0.2587890625,1.13134765625,-34.5458984375,-48.52294921875,-5.9814453125
0.4892578125,-0.262939453125,1.176025390625,-20.32470703125,-39.97802734375,-5.7373046875
0.405517578125,-0.0543212890625,1.1595458984375,-14.22119140625,-30.94482421875,-5.4931640625
0.20703125,-0.1005859375,1.0892333984375,-9.27734375,-20.6298828125,-5.43212890625
0.216552734375,-0.1943359375,1.0076904296875,-4.57763671875,-13.00048828125,-5.4931640625
0.218017578125,-0.206298828125,0.96484375,-2.50244140625,-11.04736328125,-5.79833984375
0.2122802734375,-0.22509765625,0.9486083984375,-4.33349609375,-13.24462890625,-6.103515625
0.21728515625,-0.2464599609375,0.936767578125,-6.2255859375,-16.05224609375,-5.4931640625
0.2371826171875,-0.259033203125,0.927490234375,-6.7138671875,-16.41845703125,-5.126953125
0.228759765625,-0.28271484375,0.95166015625,-7.87353515625,-14.34326171875,-4.82177734375
0.2520751953125,-0.2861328125,0.9775390625,-10.25390625,-12.6953125,-5.55419921875
0.2498779296875,-0.273681640625,0.9788818359375,-12.26806640625,-12.87841796875,-7.38525390625
0.236328125,-0.263916015625,0.96435546875,-13.48876953125,-15.19775390625,-8.48388671875
0.2330322265625,-0.259765625,0.953369140625,-12.8173828125,-17.02880859375,-9.82666015625
0.22021484375,-0.2552490234375,0.96240234375,-10.6201171875,-16.845703125,-10.8642578125
0.20703125,-0.2470703125,0.9755859375,-6.77490234375,-13.3056640625,-10.1318359375
0.2177734375,-0.2413330078125,0.976806640625,-2.13623046875,-10.25390625,-6.40869140625
0.2353515625,-0.2388916015625,0.96142578125,2.0751953125,-8.11767578125,-5.55419921875
0.2430419921875,-0.2393798828125,0.94970703125,4.82177734375,-7.14111328125,-4.638671875
0.2451171875,-0.24658203125,0.942626953125,6.2255859375,-5.18798828125,-4.638671875
0.25390625,-0.2581787109375,0.9398193359375,5.7373046875,-7.75146484375,-5.0048828125
0.260498046875,-0.2633056640625,0.94384765625,4.8828125,-9.21630859375,-4.5166015625
0.258544921875,-0.2628173828125,0.9432373046875,4.45556640625,-9.521484375,-3.96728515625
0.2589111328125,-0.265380859375,0.9537353515625,3.35693359375,-9.70458984375,-5.37109375
0.271728515625,-0.2679443359375,0.9595947265625,2.5634765625,-9.46044921875,-8.056640625
0.281982421875,-0.2630615234375,0.94970703125,1.52587890625,-8.48388671875,-9.1552734375
0.278076171875,-0.2325439453125,0.94189453125,0.18310546875,-7.4462890625,-8.60595703125
0.2742919921875,-0.224365234375,0.9364013671875,-1.28173828125,-6.7138671875,-5.859375
0.2711181640625,-0.234130859375,0.9344482421875,-2.99072265625,-7.38525390625,-5.4931640625
0.2939453125,-0.239501953125,0.9354248046875,-3.2958984375,-9.1552734375,-8.4228515625
0.2779541015625,-0.254638671875,0.938720703125,-3.60107421875,-12.26806640625,-19.34814453125
0.27783203125,-0.2530517578125,0.9495849609375,-3.2958984375,-16.41845703125,-26.42822265625
0.283935546875,-0.2457275390625,0.9647216796875,-4.150390625,-23.13232421875,-30.6396484375
0.2891845703125,-0.2537841796875,0.9818115234375,-6.28662109375,-31.92138671875,-34.11865234375
0.293701171875,-0.277099609375,1.00341796875,-9.1552734375,-52.8564453125,-34.7900390625
0.2943115234375,-0.26904296875,1.0228271484375,-15.80810546875,-67.0166015625,-32.3486328125
0.2852783203125,-0.247314453125,1.0389404296875,-15.13671875,-84.1064453125,-33.935546875
0.2806396484375,-0.21875,1.04248046875,-16.05224609375,-105.16357421875,-45.41015625
0.2762451171875,-0.1885986328125,1.0751953125,-18.85986328125,-140.93017578125,-89.66064453125
0.2857666015625,-0.2283935546875,1.071044921875,-21.42333984375,-189.208984375,-92.46826171875
0.302001953125,-0.2606201171875,1.083740234375,-23.49853515625,-229.06494140625,-106.0791015625
0.272705078125,-0.2972412109375,1.1287841796875,-25.0244140625,-246.09375,-117.49267578125
0.25732421875,-0.2701416015625,1.2264404296875,-21.42333984375,-282.5927734375,-134.765625
0.279541015625,-0.244873046875,1.2501220703125,-24.96337890625,-342.34619140625,-49.01123046875
0.2276611328125,-0.2353515625,1.1573486328125,-42.54150390625,-409.85107421875,-80.810546875
0.2271728515625,-0.2081298828125,1.2169189453125,-59.50927734375,-429.50439453125,-89.53857421875
0.2518310546875,-0.2421875,1.33935546875,-61.1572265625,-399.35302734375,-89.17236328125
0.1993408203125,-0.3214111328125,1.6241455078125,-64.88037109375,-287.90283203125,-76.23291015625
0.0604248046875,-0.4212646484375,2.1427001953125,104.1259765625,-84.1064453125,-51.57470703125
0.0321044921875,-0.2734375,2.284912109375,136.41357421875,-3.173828125,-32.8369140625
-0.0384521484375,-0.2557373046875,2.30712890625,19.53125,52.1240234375,-19.8974609375
-0.28125,-0.671142578125,1.99609375,-28.80859375,87.2802734375,-4.5166015625
0.33984375,-0.7772216796875,3.786865234375,-35.46142578125,116.51611328125,7.50732421875
0.7860107421875,-0.70556640625,3.63134765625,-15.19775390625,141.17431640625,15.13671875
0.7730712890625,-0.7523193359375,2.4990234375,-3.7841796875,153.4423828125,18.00537109375
0.4656982421875,-0.1864013671875,1.5428466796875,11.53564453125,166.259765625,19.4091796875
0.452392578125,-0.428955078125,1.159423828125,18.37158203125,184.87548828125,19.83642578125
0.4324951171875,-0.4283447265625,0.7945556640625,13.0615234375,195.61767578125,19.775390625
0.6309814453125,-0.68896484375,0.6224365234375,3.662109375,205.87158203125,18.98193359375
0.65673828125,-0.8990478515625,0.6158447265625,-4.638671875,214.41650390625,14.7705078125
-0.9962158203125,-0.83642578125,0.6517333984375,-10.986328125,222.16796875,12.6953125
-1.0958251953125,-0.6793212890625,0.7176513671875,-13.12255859375,228.271484375,10.19287109375
-0.8067626953125,-0.5125732421875,0.7547607421875,-13.0615234375,233.5205078125,10.19287109375
-0.8673095703125,-0.3731689453125,0.7939453125,-12.14599609375,248.046875,6.103515625
-0.874755859375,-0.287841796875,0.8497314453125,-3.11279296875,258.23974609375,11.962890625
-0.7232666015625,-0.2413330078125,0.91650390625,1.708984375,268.12744140625,21.42333984375
-0.5927734375,-0.2099609375,0.99609375,-0.9765625,269.83642578125,29.296875
-0.50634765625,-0.18359375,1.1876220703125,-10.6201171875,263.48876953125,40.771484375
-0.415771484375,-0.14599609375,1.2843017578125,-13.3056640625,271.05712890625,44.86083984375
-0.3389892578125,-0.099365234375,1.38671875,-23.62060546875,275.57373046875,49.13330078125
-0.26123046875,-0.0272216796875,1.5157470703125,-33.75244140625,272.4609375,53.52783203125
-0.1898193359375,0.0037841796875,1.530029296875,-41.07666015625,250.91552734375,61.279296875
-0.1217041015625,0.039306640625,1.510986328125,-38.87939453125,250.1220703125,52.91748046875
0.010009765625,0.0145263671875,1.57958984375,-28.076171875,256.40869140625,28.25927734375
0.067626953125,0.042236328125,1.65966796875,-18.9208984375,264.892578125,61.70654296875
0.1104736328125,0.1114501953125,1.9173583984375,-12.451171875,272.8271484375,88.19580078125
0.115478515625,0.09228515625,2.10302734375,-13.3056640625,145.3857421875,78.43017578125
0.1546630859375,0.0572509765625,2.340087890625,41.80908203125,157.89794921875,81.298828125
0.191162109375,-0.055908203125,2.5977783203125,59.63134765625,313.720703125,89.29443359375
0.19384765625,-0.140869140625,3.0284423828125,-12.63427734375,412.78076171875,88.19580078125
0.227783203125,-0.1951904296875,3.1773681640625,-57.06787109375,355.65185546875,73.2421875
0.3314208984375,-0.197265625,2.475341796875,-54.01611328125,254.08935546875,49.072265625
0.4031982421875,-0.196533203125,1.6942138671875,-60.60791015625,178.16162109375,27.16064453125
0.49609375,-0.5008544921875,1.7235107421875,-46.08154296875,133.48388671875,23.98681640625
0.5994873046875,-0.6070556640625,2.0028076171875,-11.8408203125,110.77880859375,38.14697265625
0.669189453125,-0.2523193359375,1.83056640625,18.06640625,86.0595703125,56.396484375
0.9261474609375,-0.1046142578125,1.3814697265625,24.4140625,48.15673828125,57.861328125
1.4058837890625,-0.0556640625,0.8155517578125,8.60595703125,-0.6103515625,55.908203125
1.7164306640625,-0.1575927734375,0.3016357421875,-12.451171875,-41.50390625,31.43310546875
1.680908203125,-0.453369140625,-0.0870361328125,-22.5830078125,-62.07275390625,-67.19970703125
1.6072998046875,-0.490234375,-0.437255859375,-12.939453125,-78.06396484375,-42.236328125
1.85498046875,-0.2142333984375,-0.6258544921875,-1.03759765625,-92.4072265625,5.126953125
2.24853515625,0.08935546875,-0.52734375,13.97705078125,-11.474609375,9.521484375
2.6510009765625,0.1649169921875,-0.2420654296875,36.4990234375,-83.740234375,-18.98193359375
3.0875244140625,-0.000732421875,-0.3216552734375,-8.36181640625,-189.697265625,-33.75244140625
3.4425048828125,-0.315673828125,0.6536865234375,-21.30126953125,-227.5390625,-27.28271484375
3.5733642578125,-0.5794677734375,1.8443603515625,-26.91650390625,-213.43994140625,3.35693359375
3.4210205078125,-0.3541259765625,0.3953857421875,-38.75732421875,-175.537109375,16.05224609375
3.1290283203125,-0.124267578125,0.050537109375,-53.8330078125,-179.3212890625,0.0
2.82861328125,0.0889892578125,0.9918212890625,-52.001953125,-221.49658203125,-25.45166015625
2.3731689453125,0.4678955078125,1.99853515625,-33.63037109375,-248.6572265625,-25.2685546875
1.1934814453125,0.082275390625,2.027099609375,-13.24462890625,-249.08447265625,-8.60595703125
-0.6278076171875,0.09619140625,1.9407958984375,1.708984375,-205.62744140625,-11.04736328125
-1.5888671875,0.5089111328125,2.0086669921875,-7.080078125,-144.04296875,-17.9443359375
-0.375,0.657470703125,1.824951171875,-42.1142578125,-108.94775390625,0.732421875
0.73583984375,-0.0047607421875,1.515380859375,-73.42529296875,-109.9853515625,9.1552734375
0.91748046875,-0.9110107421875,1.2218017578125,-80.26123046875,-169.73876953125,4.638671875
0.5465087890625,-1.09130859375,1.12744140625,-34.1796875,-143.37158203125,3.72314453125
0.294677734375,-0.3692626953125,1.397216796875,-48.64501953125,-85.693359375,3.7841796875
0.16845703125,0.4249267578125,1.6671142578125,-70.80078125,-79.65087890625,-0.9765625
0.259765625,0.3934326171875,1.400146484375,-68.29833984375,-99.2431640625,-1.0986328125
0.4034423828125,-0.4112548828125,0.970947265625,-45.47119140625,-90.9423828125,0.54931640625
0.4683837890625,-0.763671875,1.04541015625,-26.18408203125,-62.8662109375,1.220703125
0.472900390625,0.0360107421875,1.375244140625,-15.80810546875,-42.17529296875,1.77001953125
0.5177001953125,-0.2071533203125,1.4193115234375,3.662109375,-42.90771484375,1.220703125
0.485107421875,-0.3690185546875,1.2557373046875,6.40869140625,-41.8701171875,0.8544921875
0.2103271484375,-0.2056884765625,1.1134033203125,2.50244140625,-35.15625,-0.732421875
0.2542724609375,-0.1734619140625,1.05517578125,-4.08935546875,-24.658203125,-2.62451171875
0.227783203125,-0.283935546875,1.044677734375,-10.07080078125,-14.58740234375,-3.72314453125
0.220458984375,-0.2803955078125,1.0015869140625,-14.404296875,-7.62939453125,-4.33349609375
0.2353515625,-0.2535400390625,0.941162109375,-16.05224609375,-2.86865234375,-4.33349609375
0.3062744140625,-0.242919921875,0.9031982421875,-16.66259765625,1.953125,-4.39453125
0.3214111328125,-0.2271728515625,0.9119873046875,-13.3056640625,0.732421875,-6.591796875
0.2374267578125,-0.23876953125,0.9232177734375,-11.962890625,-2.197265625,-7.99560546875
0.2552490234375,-0.25,0.92333984375,-11.3525390625,-7.87353515625,-8.97216796875
0.2576904296875,-0.26611328125,0.93994140625,-9.765625,-9.6435546875,-8.9111328125
0.25830078125,-0.2841796875,0.953857421875,-7.32421875,-12.02392578125,-8.4228515625
0.25927734375,-0.29345703125,0.9644775390625,2.62451171875,-12.5732421875,-5.55419921875
0.260498046875,-0.2882080078125,0.953125,8.30078125,-12.0849609375,-4.57763671875
0.2545166015625,-0.2799072265625,0.9505615234375,11.16943359375,-10.8642578125,-4.08935546875
0.24365234375,-0.2742919921875,0.9464111328125,11.29150390625,-10.25390625,-3.96728515625
0.2391357421875,-0.2811279296875,0.9449462890625,10.19287109375,-8.36181640625,-3.662109375
0.234375,-0.2861328125,0.9422607421875,5.55419921875,-7.8125,-3.47900390625
0.238525390625,-0.29150390625,0.945068359375,4.0283203125,-7.14111328125,-4.33349609375
0.25244140625,-0.290771484375,0.95263671875,3.11279296875,-6.65283203125,-6.16455078125
0.2484130859375,-0.272216796875,0.948486328125,1.89208984375,-6.28662109375,-6.591796875
0.2467041015625,-0.255859375,0.9449462890625,0.6103515625,-5.9814453125,-7.14111328125
0.2535400390625,-0.2445068359375,0.937744140625,-0.91552734375,-7.2021484375,-7.2021484375
0.2640380859375,-0.2508544921875,0.9345703125,-1.8310546875,-9.82666015625,-6.53076171875
0.267578125,-0.2510986328125,0.93798828125,-2.3193359375,-11.8408203125,-6.103515625
0.280029296875,-0.256103515625,0.9361572265625,-1.220703125,-14.16015625,-6.40869140625
0.283447265625,-0.2615966796875,0.9293212890625,0.1220703125,-15.80810546875,-7.75146484375
0.2786865234375,-0.261474609375,0.93017578125,1.3427734375,-17.88330078125,-8.544921875
0.273193359375,-0.270751953125,0.9432373046875,2.38037109375,-21.240234375,-11.23046875
0.275390625,-0.274169921875,0.9561767578125,0.48828125,-25.45166015625,-15.5029296875
0.2828369140625,-0.2806396484375,0.9674072265625,-3.173828125,-30.94482421875,-22.5830078125
0.2767333984375,-0.2794189453125,0.9810791015625,-7.75146484375,-36.7431640625,-28.9306640625
0.2598876953125,-0.2747802734375,0.9989013671875,-12.6953125,-43.76220703125,-31.31103515625
0.2613525390625,-0.2659912109375,1.0133056640625,-17.15087890625,-54.38232421875,-32.1044921875
0.2720947265625,-0.24951171875,1.018798828125,-18.798828125,-69.3359375,-28.25927734375
0.29296875,-0.2440185546875,1.0257568359375,-19.34814453125,-88.56201171875,-22.5830078125
0.313720703125,-0.2451171875,1.0401611328125,-19.53125,-107.2998046875,-26.06201171875
0.30517578125,-0.2431640625,1.0665283203125,-20.8740234375,-124.6337890625,-38.330078125
0.2962646484375,-0.2666015625,1.08642578125,-21.6064453125,-144.71435546875,-55.908203125
0.27783203125,-0.2867431640625,1.09423828125,-24.35302734375,-178.955078125,-63.41552734375
0.2711181640625,-0.2965087890625,1.080810546875,-22.88818359375,-208.6181640625,-67.626953125
0.2957763671875,-0.314453125,1.0694580078125,-15.93017578125,-227.35595703125,-94.3603515625
0.2919921875,-0.2919921875,1.15087890625,-15.2587890625,-259.765625,-111.38916015625
0.245361328125,-0.2529296875,1.234130859375,-15.9912109375,-307.6171875,-110.2294921875
0.212158203125,-0.206298828125,1.1568603515625,-24.2919921875,-362.4267578125,-106.8115234375
0.25537109375,-0.1756591796875,1.1832275390625,-51.6357421875,-407.65380859375,-83.43505859375
0.3221435546875,-0.236328125,1.30908203125,-67.07763671875,-410.33935546875,-43.8232421875
0.2586669921875,-0.3272705078125,1.3271484375,-68.29833984375,-360.53466796875,-66.162109375
0.02294921875,-0.372802734375,1.6387939453125,-67.626953125,-316.95556640625,-88.9892578125
-0.24853515625,-0.3387451171875,2.071044921875,16.845703125,-239.3798828125,-99.4873046875
-0.1973876953125,-0.1390380859375,2.1529541015625,125.0,-126.5869140625,-95.703125
-0.06689453125,-0.359619140625,2.19189453125,212.70751953125,-39.9169921875,-84.228515625
0.138916015625,-0.8966064453125,2.0010986328125,130.55419921875,16.17431640625,-70.1904296875
0.610595703125,-0.7308349609375,2.32373046875,53.22265625,69.51904296875,-56.2744140625
0.863037109375,-0.6005859375,3.3709716796875,5.126953125,104.1259765625,-42.90771484375
0.7777099609375,-0.8924560546875,3.90234375,0.67138671875,126.40380859375,-25.7568359375
0.46435546875,-0.6595458984375,3.4730224609375,4.33349609375,133.056640625,-10.31494140625
0.447998046875,-0.128173828125,2.3206787109375,17.4560546875,141.05224609375,20.01953125
0.5989990234375,-0.172119140625,1.470947265625,33.26416015625,146.91162109375,26.0009765625
0.0606689453125,-0.17431640625,1.04248046875,44.921875,153.99169921875,29.96826171875
-0.114990234375,-0.0615234375,0.6549072265625,48.27880859375,177.55126953125,31.31103515625
0.837890625,-0.3621826171875,0.4931640625,40.8935546875,236.6943359375,28.62548828125
0.2757568359375,-0.6002197265625,0.6004638671875,-2.8076171875,246.58203125,23.74267578125
-1.0311279296875,-0.6767578125,0.76171875,-6.591796875,252.01416015625,22.5830078125
-0.9566650390625,-0.70654296875,0.939453125,-3.47900390625,256.77490234375,21.66748046875
-0.831787109375,-0.674560546875,1.07861328125,1.5869140625,261.1083984375,22.27783203125
-0.9208984375,-0.5755615234375,1.04931640625,8.30078125,267.02880859375,30.57861328125
-0.8912353515625,-0.47705078125,1.049560546875,12.6953125,277.40478515625,37.53662109375
-0.8133544921875,-0.3238525390625,1.0782470703125,8.85009765625,268.61572265625,41.07666015625
-0.692626953125,-0.30078125,1.1331787109375,5.92041015625,273.92578125,44.12841796875
-0.540771484375,-0.26318359375,1.19873046875,0.48828125,284.97314453125,43.9453125
-0.2664794921875,-0.221923828125,1.339111328125,-14.5263671875,286.56005859375,40.46630859375
-0.2012939453125,-0.186279296875,1.493408203125,-28.1982421875,276.4892578125,34.7900390625
-0.1202392578125,-0.1505126953125,1.560791015625,-40.22216796875,264.16015625,31.31103515625
-0.0390625,-0.1341552734375,1.5970458984375,-42.236328125,259.033203125,-5.2490234375
0.0279541015625,-0.1558837890625,1.609375,-33.87451171875,265.68603515625,-5.7373046875
0.07568359375,-0.129150390625,1.615966796875,-28.6865234375,276.18408203125,32.8369140625
0.089599609375,-0.0745849609375,1.800048828125,-24.658203125,222.7783203125,36.31591796875
0.1312255859375,-0.058837890625,2.169677734375,8.48388671875,126.89208984375,48.15673828125
0.20361328125,-0.04345703125,2.546142578125,77.5146484375,232.36083984375,67.626953125
0.2364501953125,-0.0384521484375,2.7745361328125,37.17041015625,376.89208984375,90.8203125
0.2657470703125,-0.0562744140625,3.165771484375,-42.3583984375,382.32421875,96.6796875
0.2967529296875,-0.07958984375,2.9345703125,-74.70703125,299.6826171875,80.56640625
0.3564453125,-0.0809326171875,1.8277587890625,-92.6513671875,226.98974609375,50.59814453125
0.48681640625,-0.4459228515625,1.5426025390625,-82.70263671875,170.95947265625,30.82275390625
0.6317138671875,-0.7342529296875,1.8177490234375,-47.66845703125,122.4365234375,32.5927734375
0.750244140625,-0.517578125,1.881591796875,-4.82177734375,78.125,50.4150390625
0.90673828125,-0.3348388671875,1.639892578125,13.12255859375,37.9638671875,66.46728515625
1.2996826171875,-0.028564453125,1.083984375,0.48828125,-0.9765625,79.4677734375
1.7908935546875,-0.0206298828125,0.4189453125,-27.16064453125,-34.36279296875,92.041015625
1.8804931640625,-0.4854736328125,-0.139892578125,-43.76220703125,-46.5087890625,52.001953125
1.807373046875,-0.7708740234375,-0.5302734375,-36.80419921875,-42.6025390625,-6.591796875
1.886962890625,-0.5443115234375,-0.649169921875,-12.0849609375,-39.73388671875,-46.81396484375
2.1343994140625,0.0059814453125,-0.4998779296875,12.26806640625,-21.78955078125,-31.92138671875
2.4375,0.3277587890625,-0.1572265625,34.7900390625,14.404296875,-2.25830078125
2.8267822265625,0.23779296875,0.2188720703125,13.18359375,-19.775390625,-18.1884765625
3.306884765625,-0.1446533203125,0.489013671875,10.19287109375,-112.60986328125,-53.16162109375
3.6024169921875,-0.5880126953125,1.112548828125,-3.5400390625,-196.2890625,-53.03955078125
3.49267578125,-0.8026123046875,1.463134765625,-37.29248046875,-228.69873046875,-10.1318359375
3.1573486328125,-0.5797119140625,0.8662109375,-36.865234375,-203.06396484375,29.11376953125
2.7747802734375,0.1370849609375,0.0283203125,-49.74365234375,-185.97412109375,23.13232421875
2.43212890625,0.62890625,-0.1466064453125,-64.39208984375,-195.37353515625,-7.8125
1.7432861328125,0.7899169921875,0.70556640625,-48.9501953125,-198.486328125,-27.83203125
0.0626220703125,0.9622802734375,1.764404296875,-40.10009765625,-196.4111328125,3.7841796875
-1.45263671875,0.650634765625,2.287841796875,-28.86962890625,-190.85693359375,-4.57763671875
-1.9193115234375,0.4215087890625,2.3319091796875,-20.6298828125,-179.3212890625,-20.6298828125
-1.416015625,0.70849609375,2.1798095703125,-27.28271484375,-178.77197265625,-13.0615234375
-0.0860595703125,0.343505859375,1.9144287109375,-31.06689453125,-168.5791015625,1.5869140625
0.8541259765625,-0.7247314453125,1.6632080078125,-6.53076171875,-155.21240234375,4.94384765625
0.76611328125,-1.3563232421875,1.494873046875,-15.9912109375,-147.76611328125,4.2724609375
0.4078369140625,-0.888427734375,1.444091796875,-35.64453125,-143.49365234375,5.9814453125
0.397705078125,0.2476806640625,1.44091796875,-41.259765625,-138.24462890625,5.0048828125
0.440673828125,0.6722412109375,1.2664794921875,-43.15185546875,-111.14501953125,4.0283203125
0.452880859375,-0.0760498046875,1.192138671875,-64.14794921875,-86.9140625,4.150390625
0.4361572265625,-0.6204833984375,1.2501220703125,-77.94189453125,-72.021484375,2.86865234375
0.319580078125,0.065185546875,1.2386474609375,-62.255859375,-62.68310546875,0.8544921875
0.15625,0.0130615234375,1.1373291015625,-44.677734375,-51.7578125,-0.54931640625
0.4150390625,-0.3763427734375,1.222412109375,-34.85107421875,-38.6962890625,-0.30517578125
0.3870849609375,-0.2791748046875,1.2923583984375,-26.30615234375,-30.517578125,-0.3662109375
0.22412109375,-0.0540771484375,1.2037353515625,-17.9443359375,-30.21240234375,-2.50244140625
0.279296875,-0.1708984375,1.0748291015625,-10.7421875,-30.6396484375,-3.47900390625
0.275634765625,-0.254150390625,1.026123046875,-5.31005859375,-25.5126953125,-4.8828125
0.254150390625,-0.1998291015625,1.013916015625,-3.72314453125,-18.06640625,-4.7607421875
0.2838134765625,-0.208984375,1.003662109375,-6.04248046875,-12.14599609375,-4.33349609375
0.2783203125,-0.2408447265625,0.97607421875,-6.591796875,-10.6201171875,-3.35693359375
0.2724609375,-0.238037109375,0.930419921875,-5.2490234375,-6.04248046875,-2.74658203125
0.2801513671875,-0.2491455078125,0.9185791015625,-10.009765625,-5.4931640625,-2.62451171875
0.28759765625,-0.267822265625,0.94580078125,-13.12255859375,-6.40869140625,-3.11279296875
0.263427734375,-0.278564453125,0.939208984375,-16.7236328125,-9.3994140625,-4.39453125
0.23583984375,-0.2904052734375,0.939208984375,-18.5546875,-11.962890625,-6.8359375
0.2406005859375,-0.318115234375,0.9512939453125,-18.6767578125,-11.71875,-9.46044921875
0.2435302734375,-0.3050537109375,0.9638671875,-15.7470703125,-10.55908203125,-11.71875
0.2325439453125,-0.2713623046875,0.968994140625,-10.31494140625,-10.55908203125,-12.26806640625
0.240234375,-0.2547607421875,0.95751953125,-3.662109375,-10.1318359375,-10.6201171875
0.24853515625,-0.25244140625,0.946044921875,2.38037109375,-10.009765625,-9.033203125
0.2469482421875,-0.2589111328125,0.9407958984375,7.32421875,-9.765625,-7.38525390625
0.2484130859375,-0.2679443359375,0.9368896484375,9.82666015625,-8.48388671875,-3.662109375
0.24951171875,-0.275146484375,0.932861328125,10.19287109375,-7.01904296875,-2.38037109375
0.2520751953125,-0.287109375,0.9229736328125,9.94873046875,-7.50732421875,-1.5869140625
0.256591796875,-0.301513671875,0.92822265625,8.7890625,-8.72802734375,-0.8544921875
0.2655029296875,-0.3077392578125,0.93798828125,6.65283203125,-9.58251953125,-2.25830078125
0.2684326171875,-0.3114013671875,0.9447021484375,1.5869140625,-9.70458984375,-5.9814453125
0.2537841796875,-0.3038330078125,0.9500732421875,-0.3662109375,-10.3759765625,-9.33837890625
0.2469482421875,-0.281982421875,0.947021484375,-1.77001953125,-11.04736328125,-11.3525390625
0.24462890625,-0.2564697265625,0.9400634765625,-2.25830078125,-11.962890625,-11.1083984375
0.2581787109375,-0.25146484375,0.9345703125,-1.40380859375,-12.39013671875,-9.94873046875
0.294921875,-0.2506103515625,0.9285888671875,0.0,-12.26806640625,-9.521484375
0.296875,-0.2554931640625,0.929443359375,2.197265625,-12.451171875,-15.19775390625
0.278076171875,-0.25927734375,0.9302978515625,3.5400390625,-14.34326171875,-18.73779296875
0.2777099609375,-0.2672119140625,0.928955078125,3.2958984375,-19.34814453125,-24.84130859375
0.282958984375,-0.281982421875,0.9361572265625,0.6103515625,-27.16064453125,-29.23583984375
0.28515625,-0.31591796875,0.9566650390625,-3.41796875,-43.212890625,-31.494140625
0.2869873046875,-0.329833984375,0.986083984375,-14.892578125,-52.490234375,-34.72900390625
0.279296875,-0.3184814453125,1.0159912109375,-18.37158203125,-66.7724609375,-35.70556640625
0.2686767578125,-0.27978515625,1.0328369140625,-19.47021484375,-85.0830078125,-31.6162109375
0.2784423828125,-0.2471923828125,1.026611328125,-19.95849609375,-103.515625,-31.31103515625
0.2962646484375,-0.228271484375,1.0455322265625,-21.97265625,-120.7275390625,-37.353515625
0.2908935546875,-0.234130859375,1.0704345703125,-24.7802734375,-142.2119140625,-47.66845703125
0.2896728515625,-0.3021240234375,1.0853271484375,-26.0009765625,-181.396484375,-64.02587890625
0.269775390625,-0.2950439453125,1.0797119140625,-23.98681640625,-209.89990234375,-70.068359375
0.2669677734375,-0.2911376953125,1.080078125,-16.357421875,-223.20556640625,-74.462890625
0.3031005859375,-0.277099609375,1.173828125,-4.94384765625,-246.7041015625,-83.0078125
0.2547607421875,-0.2557373046875,1.20458984375,-0.6103515625,-292.41943359375,-94.482421875
0.2066650390625,-0.26123046875,1.1416015625,-15.0146484375,-355.46875,-99.853515625
0.2691650390625,-0.22119140625,1.2332763671875,-44.7998046875,-405.70068359375,-83.31298828125
0.306396484375,-0.2337646484375,1.3255615234375,-60.9130859375,-419.7998046875,-71.22802734375
0.264892578125,-0.298095703125,1.306640625,-70.1904296875,-395.6298828125,-78.2470703125
0.0191650390625,-0.3013916015625,1.532470703125,-79.28466796875,-343.81103515625,-87.21923828125
-0.048828125,-0.35595703125,1.9647216796875,-39.9169921875,-290.8935546875,-95.88623046875
-0.09130859375,-0.320556640625,2.142578125,61.58447265625,-152.52685546875,-82.3974609375
-0.28955078125,-0.2283935546875,2.1494140625,154.4189453125,-17.08984375,-68.603515625
0.01025390625,-0.4478759765625,2.026611328125,103.515625,39.85595703125,-47.66845703125
0.58984375,-0.6365966796875,2.0367431640625,20.01953125,75.13427734375,-28.38134765625
0.8912353515625,-0.6239013671875,3.0433349609375,-2.01416015625,116.63818359375,-8.056640625
0.772216796875,-0.72314453125,3.944580078125,30.517578125,139.5263671875,8.6669921875
0.458984375,-0.6014404296875,3.632080078125,57.06787109375,142.39501953125,23.13232421875
0.4271240234375,0.175537109375,1.327392578125,73.486328125,139.5263671875,34.97314453125
0.5526123046875,0.165771484375,0.9693603515625,75.68359375,156.25,46.875
0.4637451171875,-0.281982421875,0.785400390625,64.51416015625,178.89404296875,56.57958984375
-0.245849609375,-0.5850830078125,0.7275390625,45.7763671875,200.439453125,62.3779296875
0.7806396484375,-0.8316650390625,0.7567138671875,28.62548828125,218.56689453125,61.70654296875
0.974609375,-0.891845703125,0.7916259765625,15.869140625,232.84912109375,53.7109375
-1.1815185546875,-0.8175048828125,0.88427734375,9.521484375,242.919921875,39.306640625
-0.810546875,-0.71142578125,0.9814453125,6.7138671875,251.15966796875,23.37646484375
-0.914794921875,-0.5931396484375,1.03662109375,7.6904296875,258.7890625,5.92041015625
-0.9764404296875,-0.5113525390625,1.064697265625,9.521484375,268.5546875,-9.33837890625
-0.812744140625,-0.488525390625,1.0802001953125,9.27734375,279.9072265625,-9.033203125
-0.642333984375,-0.5078125,1.1112060546875,8.7890625,287.841796875,-8.9111328125
-0.527587890625,-0.493896484375,1.146484375,2.9296875,278.80859375,-9.94873046875
-0.414306640625,-0.4091796875,1.1910400390625,-6.4697265625,277.2216796875,-11.8408203125
-0.3216552734375,-0.2603759765625,1.2508544921875,-14.83154296875,285.15625,-16.41845703125
-0.2442626953125,-0.0816650390625,1.35693359375,-30.82275390625,278.74755859375,-21.8505859375
-0.15478515625,0.093505859375,1.4444580078125,-40.8935546875,273.49853515625,-25.2685546875
-0.041015625,0.234375,1.4075927734375,-37.65869140625,266.17431640625,-18.5546875
0.0706787109375,0.3397216796875,1.408935546875,-32.04345703125,257.38525390625,-17.02880859375
0.1654052734375,0.321044921875,1.65625,-22.94921875,258.1787109375,-6.8359375
0.241943359375,0.306640625,1.8040771484375,-10.19287109375,269.47021484375,46.5087890625
0.2474365234375,0.3360595703125,1.9981689453125,-4.57763671875,283.8134765625,50.1708984375
0.2611083984375,0.235595703125,2.189208984375,-7.2021484375,162.17041015625,72.021484375
0.2943115234375,0.170166015625,2.3677978515625,38.87939453125,289.85595703125,90.51513671875
0.291748046875,0.0992431640625,2.5760498046875,-33.0810546875,395.32470703125,93.56689453125
0.33349609375,0.0306396484375,2.9364013671875,-91.00341796875,345.458984375,78.67431640625
0.3536376953125,-0.037353515625,3.0650634765625,-66.0400390625,238.6474609375,57.9833984375
0.391357421875,-0.1402587890625,1.476318359375,-49.6826171875,149.96337890625,43.212890625
0.455078125,-0.2904052734375,1.453857421875,-25.81787109375,98.2666015625,48.03466796875
0.5501708984375,-0.640869140625,1.76806640625,8.60595703125,75.8056640625,62.255859375
0.67724609375,-0.0673828125,1.4788818359375,28.01513671875,58.10546875,72.93701171875
0.785400390625,-0.167724609375,0.9749755859375,18.61572265625,24.658203125,73.6083984375
1.059326171875,-0.493408203125,0.4984130859375,-7.99560546875,-19.775390625,64.94140625
1.9371337890625,-0.486328125,0.127197265625,-33.203125,-50.78125,25.45166015625
1.878173828125,-0.5914306640625,-0.162353515625,-42.6025390625,-60.302734375,-35.7666015625
1.906982421875,-0.4810791015625,-0.420654296875,-33.5693359375,-89.66064453125,-55.0537109375
2.1171875,-0.1490478515625,-0.4879150390625,-7.01904296875,-30.6396484375,-38.14697265625
2.468994140625,0.0830078125,-0.2413330078125,25.2685546875,20.6298828125,-13.73291015625
2.879150390625,0.0457763671875,-0.072021484375,32.5927734375,-37.29248046875,-15.07568359375
3.2489013671875,-0.1927490234375,0.41357421875,4.150390625,-142.08984375,-35.2783203125
3.4764404296875,-0.497802734375,1.519775390625,1.8310546875,-206.48193359375,-34.48486328125
3.435302734375,-0.6177978515625,1.6591796875,-14.2822265625,-197.32666015625,-9.765625
3.1722412109375,-0.409423828125,0.65380859375,-26.42822265625,-172.36328125,3.47900390625
2.8707275390625,-0.0721435546875,0.0830078125,-31.31103515625,-177.79541015625,-12.6953125
2.7183837890625,0.560302734375,0.443603515625,-34.1796875,-182.06787109375,-19.287109375
1.785888671875,0.9019775390625,1.4390869140625,-33.75244140625,-172.18017578125,-7.01904296875
0.21875,0.55126953125,2.0950927734375,-35.33935546875,-154.1748046875,-6.53076171875
-1.4830322265625,0.309326171875,1.9677734375,-30.09033203125,-155.2734375,-13.97705078125
-1.9630126953125,0.211669921875,1.7965087890625,-30.6396484375,-166.8701171875,-10.498046875
-0.9072265625,0.226318359375,1.72314453125,-34.11865234375,-173.7060546875,-2.01416015625
0.21875,0.0302734375,1.6126708984375,-32.1044921875,-166.259765625,-0.54931640625
0.8472900390625,-0.5240478515625,1.436767578125,-46.2646484375,-166.3818359375,-4.08935546875
0.536865234375,-0.783203125,1.4149169921875,-52.91748046875,-156.79931640625,-2.50244140625
0.2098388671875,-0.451416015625,1.475341796875,-53.1005859375,-136.90185546875,-2.5634765625
0.2149658203125,0.219970703125,1.2467041015625,-50.4150390625,-113.95263671875,-2.44140625
0.30419921875,-0.2396240234375,1.1883544921875,-48.40087890625,-86.73095703125,-1.46484375
0.3565673828125,-0.6107177734375,1.1845703125,-40.10009765625,-60.60791015625,-0.3662109375
0.2010498046875,-0.0965576171875,1.2232666015625,-24.96337890625,-47.54638671875,0.18310546875
0.1239013671875,-0.1419677734375,1.2265625,-19.04296875,-41.748046875,0.0
0.301025390625,-0.2994384765625,1.271728515625,-16.29638671875,-34.72900390625,-0.30517578125
0.3436279296875,-0.2725830078125,1.2320556640625,-12.3291015625,-29.11376953125,-0.54931640625
0.2039794921875,-0.1722412109375,1.0882568359375,-9.765625,-24.4140625,-2.197265625
0.25244140625,-0.239501953125,1.0543212890625,-8.056640625,-20.69091796875,-3.11279296875
0.229248046875,-0.2725830078125,1.0369873046875,-5.37109375,-17.822265625,-3.5400390625
0.2467041015625,-0.2099609375,0.9991455078125,-4.57763671875,-15.7470703125,-4.33349609375
0.3138427734375,-0.2342529296875,0.9818115234375,-5.0048828125,-14.5263671875,-5.126953125
0.31005859375,-0.2498779296875,0.9664306640625,-5.06591796875,-13.61083984375,-5.06591796875
0.2652587890625,-0.2227783203125,0.952880859375,-5.0048828125,-11.474609375,-5.37109375
0.2686767578125,-0.243896484375,0.952880859375,-6.89697265625,-10.25390625,-6.34765625
0.2808837890625,-0.260986328125,0.95458984375,-9.09423828125,-10.498046875,-7.50732421875
0.260498046875,-0.260009765625,0.94384765625,-11.16943359375,-10.92529296875,-9.033203125
0.2484130859375,-0.275146484375,0.9420166015625,-10.8642578125,-11.8408203125,-9.3994140625
0.2415771484375,-0.2823486328125,0.95166015625,-9.521484375,-12.451171875,-9.033203125
0.2406005859375,-0.275390625,0.9613037109375,-6.89697265625,-10.8642578125,-8.30078125
0.237548828125,-0.2685546875,0.95947265625,-3.11279296875,-8.72802734375,-7.4462890625
0.2423095703125,-0.267822265625,0.9510498046875,0.732421875,-6.591796875,-6.28662109375
0.247314453125,-0.25146484375,0.9417724609375,3.96728515625,-5.43212890625,-4.69970703125
0.25048828125,-0.2523193359375,0.933837890625,5.615234375,-5.126953125,-1.64794921875
0.2508544921875,-0.261962890625,0.933837890625,6.103515625,-5.615234375,-1.708984375
0.2587890625,-0.2763671875,0.935546875,5.7373046875,-6.34765625,-2.25830078125
0.259033203125,-0.28662109375,0.937255859375,5.06591796875,-6.89697265625,-3.23486328125
0.2550048828125,-0.2889404296875,0.9447021484375,4.08935546875,-8.9111328125,-5.0048828125
0.2694091796875,-0.2811279296875,0.949462890625,0.8544921875,-8.97216796875,-7.99560546875
0.2783203125,-0.2677001953125,0.949462890625,0.06103515625,-8.6669921875,-10.31494140625
0.2838134765625,-0.2542724609375,0.9483642578125,-0.732421875,-7.9345703125,-10.7421875
0.287353515625,-0.2445068359375,0.9403076171875,-1.0986328125,-7.568359375,-10.43701171875
0.2806396484375,-0.2406005859375,0.93212890625,-0.79345703125,-7.99560546875,-8.97216796875
0.279296875,-0.2371826171875,0.9300537109375,0.06103515625,-9.1552734375,-8.97216796875
0.2718505859375,-0.2564697265625,0.9329833984375,0.54931640625,-11.16943359375,-13.671875
0.2760009765625,-0.2681884765625,0.93896484375,1.0986328125,-14.7705078125,-18.37158203125
0.283935546875,-0.273681640625,0.9461669921875,0.67138671875,-20.56884765625,-26.18408203125
0.2825927734375,-0.274658203125,0.9609375,-1.0986328125,-28.076171875,-27.77099609375
0.27783203125,-0.2911376953125,0.98095703125,-4.7607421875,-44.25048828125,-28.25927734375
0.285400390625,-0.2996826171875,1.0020751953125,-14.6484375,-56.09130859375,-22.5830078125
0.2864990234375,-0.276123046875,1.0213623046875,-17.02880859375,-91.49169921875,-16.66259765625
0.2772216796875,-0.2545166015625,1.0328369140625,-16.41845703125,-110.16845703125,-18.9208984375
0.278564453125,-0.2318115234375,1.050048828125,-17.27294921875,-131.34765625,-33.5693359375
0.2852783203125,-0.2171630859375,1.071533203125,-20.01953125,-169.677734375,-58.04443359375
0.2899169921875,-0.2386474609375,1.0880126953125,-20.263671875,-210.26611328125,-70.00732421875
0.283935546875,-0.268798828125,1.0885009765625,-17.08984375,-230.04150390625,-77.57568359375
0.272705078125,-0.2890625,1.137451171875,-16.17431640625,-244.9951171875,-94.29931640625
0.2685546875,-0.2432861328125,1.2513427734375,-11.53564453125,-275.20751953125,-105.28564453125
0.25146484375,-0.2393798828125,1.2115478515625,-20.6298828125,-327.08740234375,-120.66650390625
0.2349853515625,-0.2076416015625,1.136474609375,-43.64013671875,-384.765625,-107.84912109375
0.278564453125,-0.2083740234375,1.2430419921875,-69.39697265625,-419.921875,-78.857421875
0.2685546875,-0.2178955078125,1.304931640625,-81.298828125,-412.59765625,-90.087890625
0.1087646484375,-0.294189453125,1.325927734375,-94.42138671875,-359.7412109375,-99.30419921875
-0.0057373046875,-0.4114990234375,1.6566162109375,-109.0087890625,-253.662109375,-95.947265625
-0.1324462890625,-0.429931640625,2.0552978515625,82.09228515625,-118.0419921875,-75.37841796875
-0.2427978515625,-0.1781005859375,2.016845703125,154.11376953125,-37.29248046875,-56.09130859375
-0.1617431640625,-0.2823486328125,2.02880859375,54.74853515625,17.02880859375,-39.61181640625
0.2659912109375,-0.779541015625,2.006103515625,-0.67138671875,60.85205078125,-24.169921875
0.7740478515625,-0.6773681640625,3.2247314453125,-31.79931640625,86.97509765625,-7.9345703125
