-0.283203125,-0.5142822265625,1.0626220703125,-17.822265625,0.0,1.5869140625
-0.4482421875,-0.3385009765625,1.026123046875,-14.5263671875,4.33349609375,5.37109375
0.0103759765625,-0.0084228515625,1.0301513671875,-16.2353515625,5.67626953125,8.11767578125
0.49169921875,0.0513916015625,1.0906982421875,-16.357421875,5.31005859375,7.32421875
0.4320068359375,-0.0765380859375,1.1124267578125,-17.02880859375,5.615234375,6.28662109375
0.2249755859375,-0.178955078125,1.064208984375,-19.6533203125,2.685546875,4.638671875
0.189697265625,-0.179443359375,1.01904296875,-21.240234375,-1.52587890625,0.54931640625
0.286865234375,-0.1810302734375,1.008544921875,-19.53125,-26.3671875,1.3427734375
0.3204345703125,-0.2301025390625,1.0596923828125,-16.90673828125,-23.681640625,2.50244140625
0.268310546875,-0.2183837890625,1.063720703125,-11.23046875,-11.53564453125,1.40380859375
0.27392578125,-0.175537109375,0.994873046875,-16.78466796875,-6.34765625,0.9765625
0.2928466796875,-0.194091796875,0.966796875,-15.5029296875,-8.72802734375,0.48828125
0.27587890625,-0.237548828125,0.9725341796875,-14.58740234375,-10.498046875,0.67138671875
0.2301025390625,-0.218017578125,0.9725341796875,-12.939453125,-10.498046875,0.54931640625
0.248046875,-0.174072265625,0.977294921875,-11.71875,-12.20703125,0.30517578125
0.276123046875,-0.1534423828125,0.9869384765625,-9.765625,-13.427734375,0.48828125
0.2315673828125,-0.1505126953125,1.0445556640625,-7.2021484375,-13.24462890625,0.3662109375
0.1959228515625,-0.1451416015625,0.96923828125,-5.0048828125,-12.5732421875,0.0
0.1962890625,-0.228271484375,0.9547119140625,-2.0751953125,-12.5732421875,-0.48828125
0.1920166015625,-0.2569580078125,0.950927734375,0.0,-12.02392578125,-0.67138671875
0.206787109375,-0.26220703125,0.9521484375,1.15966796875,-11.1083984375,-0.79345703125
0.2249755859375,-0.24365234375,0.95166015625,1.77001953125,-10.80322265625,-0.67138671875
0.282470703125,-0.22265625,0.9547119140625,1.28173828125,-10.19287109375,-0.1220703125
0.239501953125,-0.2183837890625,0.969482421875,0.0,-7.87353515625,-0.244140625
0.2313232421875,-0.233642578125,0.982421875,-1.40380859375,-6.8359375,-0.1220703125
0.2091064453125,-0.2467041015625,0.989013671875,-3.96728515625,-6.16455078125,-0.18310546875
0.2208251953125,-0.256591796875,0.9830322265625,-4.57763671875,-5.79833984375,-0.54931640625
0.2310791015625,-0.265625,0.9686279296875,-4.82177734375,-5.859375,-0.91552734375
0.2216796875,-0.262939453125,0.953125,-4.94384765625,-6.28662109375,-1.0986328125
0.23583984375,-0.2657470703125,0.9537353515625,-4.150390625,-7.14111328125,-3.0517578125
0.26123046875,-0.265380859375,0.9595947265625,-3.60107421875,-8.60595703125,-3.0517578125
0.263427734375,-0.2550048828125,0.9525146484375,-2.8076171875,-8.36181640625,-2.197265625
0.2589111328125,-0.2445068359375,0.9512939453125,-0.30517578125,-8.23974609375,-1.77001953125
0.2615966796875,-0.2459716796875,0.9521484375,0.8544921875,-8.72802734375,-1.3427734375
0.2513427734375,-0.2501220703125,0.9542236328125,1.15966796875,-7.14111328125,-0.79345703125
0.2510986328125,-0.25537109375,0.9459228515625,1.0986328125,-5.31005859375,0.06103515625
0.2659912109375,-0.2587890625,0.94921875,-0.1220703125,-4.150390625,0.8544921875
0.2596435546875,-0.2637939453125,0.9488525390625,-0.9765625,-3.7841796875,1.28173828125
0.2662353515625,-0.2623291015625,0.9483642578125,-2.197265625,-3.5400390625,1.03759765625
0.266845703125,-0.2615966796875,0.955322265625,-3.35693359375,-3.72314453125,0.42724609375
0.267578125,-0.2662353515625,0.9571533203125,-4.5166015625,-4.94384765625,-0.30517578125
0.259033203125,-0.2645263671875,0.9505615234375,-5.31005859375,-5.55419921875,-0.6103515625
0.2578125,-0.248046875,0.94482421875,-5.2490234375,-5.79833984375,-0.54931640625
0.257080078125,-0.2470703125,0.94580078125,-4.0283203125,-7.080078125,-0.18310546875
0.26220703125,-0.252197265625,0.9515380859375,-3.7841796875,-8.36181640625,-0.06103515625
0.287109375,-0.250732421875,0.948486328125,-3.47900390625,-9.6435546875,-0.79345703125
0.2921142578125,-0.249755859375,0.939208984375,-3.41796875,-10.80322265625,-5.7373046875
0.28564453125,-0.2479248046875,0.937744140625,-3.60107421875,-12.451171875,-6.77490234375
0.2939453125,-0.2503662109375,0.9384765625,-3.60107421875,-12.5732421875,-6.04248046875
0.302734375,-0.2569580078125,0.937255859375,-1.0986328125,-13.48876953125,-7.26318359375
0.303955078125,-0.265380859375,0.9395751953125,-0.30517578125,-19.10400390625,-6.28662109375
0.2918701171875,-0.271484375,0.94677734375,-2.62451171875,-24.5361328125,-10.1318359375
0.2728271484375,-0.268798828125,0.9486083984375,-5.4931640625,-51.7578125,-15.380859375
0.2637939453125,-0.2628173828125,0.9461669921875,-6.34765625,-62.07275390625,-19.34814453125
0.2626953125,-0.255615234375,0.94140625,-10.31494140625,-73.1201171875,-23.49853515625
0.27099609375,-0.2506103515625,0.93994140625,-12.0849609375,-83.984375,-26.2451171875
0.2794189453125,-0.257080078125,0.9493408203125,-12.451171875,-95.458984375,-15.380859375
0.2796630859375,-0.2718505859375,0.9652099609375,-13.48876953125,-163.51318359375,-34.60693359375
0.2783203125,-0.2847900390625,1.0054931640625,-12.5732421875,-227.35595703125,-46.56982421875
0.2701416015625,-0.2606201171875,1.0257568359375,-12.5732421875,-262.14599609375,-58.53271484375
0.2667236328125,-0.26416015625,1.0438232421875,-27.16064453125,-312.31689453125,-80.38330078125
0.27197265625,-0.26513671875,1.0465087890625,-38.4521484375,-359.0087890625,-88.7451171875
0.2862548828125,-0.23876953125,1.0567626953125,-64.453125,-343.68896484375,-100.28076171875
0.296875,-0.290771484375,1.053955078125,-107.36083984375,-315.85693359375,-93.20068359375
0.2886962890625,-0.29345703125,1.074462890625,-108.21533203125,-270.263671875,-68.9697265625
0.2890625,-0.274169921875,1.2152099609375,-57.06787109375,-185.85205078125,-49.62158203125
0.25390625,-0.2672119140625,1.2095947265625,9.521484375,-26.2451171875,-52.8564453125
0.2320556640625,-0.2078857421875,1.2943115234375,75.74462890625,34.912109375,-81.0546875
0.224853515625,-0.294189453125,1.5086669921875,147.27783203125,73.1201171875,-92.4072265625
0.2281494140625,-0.385009765625,1.703125,78.18603515625,110.04638671875,-83.251953125
0.138427734375,-0.2386474609375,1.781982421875,20.56884765625,129.0283203125,-69.15283203125
0.1552734375,-0.2396240234375,1.763671875,33.63037109375,145.81298828125,-50.47607421875
0.0789794921875,-0.541259765625,1.5030517578125,43.88427734375,168.8232421875,-28.74755859375
0.51904296875,-0.68798828125,2.25146484375,44.61669921875,193.54248046875,-8.30078125
0.7608642578125,-0.7822265625,3.572021484375,41.3818359375,215.576171875,5.859375
0.2451171875,-0.6827392578125,3.6776123046875,33.87451171875,230.40771484375,24.59716796875
0.38232421875,-0.4495849609375,2.60986328125,23.8037109375,254.45556640625,23.92578125
0.655029296875,-0.2398681640625,0.928955078125,10.8642578125,262.75634765625,22.4609375
0.4840087890625,-0.338134765625,0.7596435546875,-7.8125,253.90625,20.5078125
-0.1778564453125,-0.314208984375,0.900146484375,-4.8828125,252.5634765625,20.08056640625
-0.179443359375,-0.3465576171875,1.0772705078125,-3.0517578125,257.26318359375,23.13232421875
0.531982421875,-0.52392578125,1.151611328125,-7.9345703125,257.01904296875,36.9873046875
-0.234619140625,-0.6397705078125,1.1070556640625,-17.63916015625,240.05126953125,40.95458984375
-1.0611572265625,-0.69775390625,1.0196533203125,-34.7900390625,228.1494140625,45.7763671875
-0.93310546875,-0.677734375,1.2020263671875,-49.8046875,194.2138671875,47.607421875
-0.7669677734375,-0.5870361328125,1.3206787109375,-40.46630859375,45.34912109375,62.98828125
-0.64697265625,-0.4625244140625,1.376220703125,-13.7939453125,328.4912109375,61.03515625
-0.5306396484375,-0.2220458984375,1.3580322265625,62.43896484375,289.97802734375,83.92333984375
-0.4039306640625,-0.17724609375,1.376220703125,-22.52197265625,151.0009765625,75.439453125
-0.2799072265625,-0.0936279296875,1.4134521484375,-32.16552734375,147.705078125,60.11962890625
0.154296875,-0.011474609375,1.712890625,-45.5322265625,135.68115234375,44.49462890625
0.198974609375,0.05517578125,1.7899169921875,-5.55419921875,96.13037109375,30.8837890625
0.24755859375,0.1138916015625,1.7340087890625,-22.76611328125,44.189453125,23.86474609375
0.3101806640625,0.0032958984375,2.3861083984375,-46.0205078125,6.77490234375,23.8037109375
0.33984375,-0.0819091796875,2.367431640625,-58.41064453125,-6.65283203125,26.2451171875
0.3448486328125,-0.22607421875,2.4976806640625,-52.24609375,-8.60595703125,16.54052734375
0.3377685546875,-0.501953125,1.2335205078125,-30.94482421875,-23.0712890625,2.99072265625
0.365966796875,-0.2373046875,0.1707763671875,-4.45556640625,-64.697265625,6.7138671875
0.403076171875,-0.1881103515625,-0.104736328125,11.1083984375,-18.85986328125,-7.14111328125
0.75390625,-0.3828125,-0.3548583984375,18.5546875,7.4462890625,-38.4521484375
1.4302978515625,-0.09228515625,-0.3819580078125,42.29736328125,-47.2412109375,-8.48388671875
1.41748046875,0.182373046875,-0.1973876953125,46.7529296875,-174.62158203125,-0.6103515625
1.781494140625,0.2490234375,0.04833984375,24.7802734375,-184.08203125,-24.10888671875
2.4190673828125,0.05908203125,0.2120361328125,28.076171875,-154.1748046875,-38.63525390625
2.5518798828125,-0.2264404296875,-0.0582275390625,-1.40380859375,-163.9404296875,-11.04736328125
2.50439453125,-0.451416015625,0.3602294921875,-20.32470703125,-171.38671875,7.080078125
2.40673828125,-0.5550537109375,1.4632568359375,-24.35302734375,-160.64453125,10.43701171875
2.3123779296875,-0.3060302734375,1.5556640625,-26.67236328125,-72.44873046875,-2.62451171875
2.175048828125,-0.2176513671875,0.809814453125,-22.705078125,-64.5751953125,1.64794921875
1.967041015625,-0.4837646484375,0.31005859375,-40.283203125,-64.0869140625,3.11279296875
1.8077392578125,-0.1639404296875,0.892333984375,-38.26904296875,-71.4111328125,3.35693359375
0.8963623046875,0.1707763671875,1.8780517578125,-34.36279296875,-77.08740234375,6.89697265625
-0.279052734375,0.0177001953125,1.857421875,-29.23583984375,-77.45361328125,11.90185546875
-1.235595703125,0.360107421875,1.6844482421875,-31.005859375,-71.83837890625,12.8173828125
-1.47607421875,0.4251708984375,1.49755859375,-35.09521484375,-70.3125,10.68115234375
-0.7021484375,0.0911865234375,1.2265625,-35.09521484375,-72.3876953125,8.36181640625
0.265869140625,-0.844970703125,1.1470947265625,-32.8369140625,-68.4814453125,5.92041015625
0.3092041015625,-0.53759765625,1.1761474609375,-26.9775390625,-51.025390625,3.72314453125
0.392578125,-0.3309326171875,1.1712646484375,-22.3388671875,-34.85107421875,0.30517578125
0.280029296875,-0.3033447265625,1.1090087890625,-14.0380859375,-25.5126953125,-3.2958984375
0.314697265625,-0.2762451171875,1.0867919921875,-4.638671875,-15.19775390625,-4.8828125
0.2381591796875,-0.1578369140625,1.0887451171875,0.1220703125,-13.916015625,-3.90625
0.1820068359375,-0.1397705078125,1.06689453125,-2.01416015625,-13.7939453125,-3.84521484375
0.2301025390625,-0.2110595703125,1.04638671875,-11.53564453125,-13.7939453125,-3.84521484375
0.162841796875,-0.2386474609375,1.0411376953125,-15.0146484375,-16.66259765625,-3.72314453125
0.1251220703125,-0.226806640625,1.0391845703125,-15.80810546875,-19.04296875,-3.72314453125
0.156982421875,-0.2464599609375,0.9708251953125,-15.07568359375,-20.08056640625,-3.662109375
0.1788330078125,-0.266845703125,0.9122314453125,-12.3291015625,-19.59228515625,-6.77490234375
0.1778564453125,-0.2891845703125,0.9228515625,-8.23974609375,-15.625,-6.9580078125
0.1763916015625,-0.2978515625,0.9837646484375,-1.77001953125,-14.7705078125,-7.14111328125
0.216796875,-0.2607421875,0.9595947265625,10.19287109375,-14.0380859375,-7.01904296875
0.2757568359375,-0.2459716796875,0.96240234375,11.90185546875,-13.12255859375,-6.7138671875
0.2386474609375,-0.259033203125,0.982666015625,11.77978515625,-11.3525390625,-5.79833984375
0.1944580078125,-0.2799072265625,0.9888916015625,10.6201171875,-10.6201171875,-5.0048828125
0.2183837890625,-0.2738037109375,0.9822998046875,9.27734375,-10.80322265625,-4.39453125
0.2125244140625,-0.2703857421875,0.968017578125,4.39453125,-11.23046875,-4.39453125
0.2252197265625,-0.2730712890625,0.9547119140625,1.15966796875,-11.53564453125,-5.126953125
0.2152099609375,-0.2923583984375,0.9468994140625,-1.89208984375,-11.41357421875,-5.55419921875
0.22119140625,-0.3023681640625,0.9443359375,-3.96728515625,-9.27734375,-5.43212890625
0.238037109375,-0.2960205078125,0.9510498046875,-5.43212890625,-10.8642578125,-5.2490234375
0.252197265625,-0.2801513671875,0.9515380859375,-4.45556640625,-11.474609375,-5.2490234375
0.2513427734375,-0.2701416015625,0.9483642578125,-2.197265625,-12.51220703125,-5.7373046875
0.2626953125,-0.2606201171875,0.9451904296875,-1.40380859375,-13.85498046875,-5.126953125
0.2584228515625,-0.2509765625,0.9473876953125,-0.732421875,-14.95361328125,-4.7607421875
0.2525634765625,-0.243408203125,0.95166015625,-0.3662109375,-16.845703125,-5.43212890625
0.2650146484375,-0.24658203125,0.941650390625,-0.18310546875,-18.37158203125,-6.65283203125
0.2684326171875,-0.2437744140625,0.940185546875,-0.18310546875,-20.81298828125,-6.7138671875
0.254638671875,-0.24609375,0.9365234375,-1.0986328125,-24.4140625,-7.9345703125
0.25732421875,-0.2718505859375,0.9361572265625,-3.0517578125,-29.78515625,-8.36181640625
0.26123046875,-0.272705078125,0.94091796875,-5.92041015625,-36.19384765625,-12.3291015625
0.2669677734375,-0.27685546875,0.9510498046875,-9.46044921875,-54.13818359375,-19.1650390625
0.2734375,-0.2769775390625,0.959716796875,-12.39013671875,-67.3828125,-23.92578125
0.279296875,-0.273681640625,0.96533203125,-20.81298828125,-82.21435546875,-27.52685546875
0.2740478515625,-0.270751953125,0.9798583984375,-22.0947265625,-97.16796875,-19.95849609375
0.2777099609375,-0.26416015625,0.9893798828125,-21.6064453125,-150.390625,-15.2587890625
0.27197265625,-0.27001953125,0.9979248046875,-19.53125,-182.7392578125,-19.71435546875
0.285400390625,-0.275390625,1.0142822265625,-16.6015625,-202.33154296875,-30.70068359375
0.295166015625,-0.2607421875,1.02490234375,-12.26806640625,-225.341796875,-43.64013671875
0.302490234375,-0.24951171875,1.05615234375,-13.7939453125,-265.80810546875,-60.48583984375
0.30908203125,-0.2498779296875,1.0712890625,-16.6015625,-376.5869140625,-87.890625
0.29833984375,-0.254150390625,1.0751953125,-24.71923828125,-408.3251953125,-100.341796875
0.294677734375,-0.29541015625,1.0494384765625,-88.134765625,-402.2216796875,-103.3935546875
0.2884521484375,-0.3138427734375,1.226806640625,-119.9951171875,-359.86328125,-76.11083984375
0.3104248046875,-0.30517578125,1.2122802734375,-121.58203125,-170.2880859375,-42.17529296875
0.234130859375,-0.2816162109375,1.132568359375,-86.5478515625,-29.6630859375,-54.3212890625
0.231689453125,-0.2161865234375,1.2066650390625,63.5986328125,19.1650390625,-77.94189453125
0.2574462890625,-0.2757568359375,1.2413330078125,125.48828125,65.185546875,-73.05908203125
0.2982177734375,-0.3416748046875,1.7574462890625,51.513671875,77.69775390625,-72.57080078125
-0.2403564453125,-0.3582763671875,1.9371337890625,16.357421875,100.52490234375,-66.71142578125
-0.1536865234375,-0.1650390625,1.916259765625,18.1884765625,115.17333984375,-53.40576171875
0.01904296875,-0.528076171875,1.9102783203125,27.9541015625,130.43212890625,-39.61181640625
0.1072998046875,-0.6944580078125,2.869384765625,41.93115234375,151.123046875,-24.71923828125
0.4315185546875,-0.573486328125,3.9482421875,47.79052734375,170.34912109375,-10.986328125
0.76611328125,-0.7646484375,3.770263671875,52.79541015625,185.60791015625,-0.54931640625
0.3883056640625,-0.416015625,2.6661376953125,55.96923828125,198.2421875,6.40869140625
0.2486572265625,-0.4664306640625,1.506103515625,57.06787109375,208.8623046875,10.68115234375
0.5643310546875,-0.5577392578125,1.2060546875,54.8095703125,218.07861328125,15.0146484375
-0.41796875,-0.4371337890625,1.059326171875,48.095703125,225.40283203125,19.22607421875
0.24267578125,-0.367919921875,0.904052734375,39.24560546875,231.99462890625,23.25439453125
1.0416259765625,-0.4248046875,0.8792724609375,31.494140625,238.34228515625,26.3671875
-0.5367431640625,-0.533203125,0.86328125,28.80859375,245.1171875,29.60205078125
-1.18701171875,-0.552978515625,0.849365234375,29.11376953125,253.662109375,33.87451171875
-0.923828125,-0.5972900390625,0.856689453125,30.33447265625,255.859375,35.09521484375
-0.8172607421875,-0.58984375,0.8458251953125,33.935546875,244.32373046875,43.51806640625
-0.792724609375,-0.5294189453125,0.8372802734375,32.04345703125,256.8359375,55.35888671875
-0.7108154296875,-0.4609375,0.8758544921875,26.7333984375,266.845703125,62.255859375
-0.6422119140625,-0.4085693359375,0.9544677734375,15.80810546875,265.380859375,67.2607421875
-0.5552978515625,-0.3787841796875,1.0447998046875,-2.62451171875,258.97216796875,70.12939453125
-0.442626953125,-0.370361328125,1.124267578125,-18.310546875,248.71826171875,70.49560546875
-0.3402099609375,-0.384765625,1.197265625,-29.9072265625,239.990234375,67.44384765625
-0.2518310546875,-0.4195556640625,1.3162841796875,-33.203125,238.22021484375,62.01171875
-0.1761474609375,-0.4658203125,1.33251953125,-24.84130859375,238.8916015625,53.955078125
-0.1053466796875,-0.4766845703125,1.2916259765625,-13.5498046875,238.28125,39.794921875
-0.0382080078125,-0.4439697265625,1.36279296875,-7.26318359375,176.57470703125,8.7890625
0.0302734375,-0.392578125,1.4305419921875,-2.13623046875,124.0234375,8.60595703125
0.0760498046875,-0.3096923828125,1.481689453125,26.06201171875,233.2763671875,17.9443359375
0.088623046875,-0.25830078125,1.588134765625,75.439453125,319.82421875,17.7001953125
0.1602783203125,-0.2506103515625,1.7696533203125,39.61181640625,301.1474609375,44.86083984375
0.22802734375,-0.23583984375,2.0001220703125,-16.6015625,239.013671875,71.59423828125
0.2425537109375,-0.2314453125,2.2183837890625,-58.59375,193.359375,85.87646484375
0.2794189453125,-0.2459716796875,2.3408203125,-112.85400390625,141.90673828125,24.169921875
0.3072509765625,-0.26171875,2.7069091796875,-86.42578125,65.4296875,7.2021484375
0.3399658203125,-0.268798828125,2.39892578125,-41.44287109375,6.65283203125,1.8310546875
0.4024658203125,-0.258544921875,1.81494140625,-26.7333984375,-53.52783203125,9.82666015625
0.4833984375,-0.507568359375,1.800048828125,-26.3671875,-103.21044921875,-12.8173828125
0.5716552734375,-0.725830078125,2.1768798828125,-15.9912109375,-112.3046875,-12.14599609375
0.65185546875,-0.544921875,1.8695068359375,34.0576171875,-43.15185546875,-36.19384765625
0.7552490234375,-0.232421875,1.1578369140625,70.9228515625,4.39453125,-84.47265625
1.0650634765625,0.020751953125,0.5853271484375,61.03515625,-67.81005859375,-73.974609375
1.44775390625,-0.37841796875,-0.5072021484375,32.8369140625,-196.1669921875,-16.11328125
1.5828857421875,-0.73583984375,-0.698974609375,-1.3427734375,-251.220703125,1.89208984375
1.71728515625,-0.6190185546875,-0.8060302734375,-26.611328125,-199.951171875,-28.62548828125
1.9619140625,0.4517822265625,-0.60888671875,-35.94970703125,-168.8232421875,-38.57421875
2.157470703125,0.2281494140625,0.1173095703125,-46.0205078125,-186.09619140625,-19.22607421875
2.476318359375,-0.236083984375,1.202880859375,-46.08154296875,-201.5380859375,6.2255859375
3.414794921875,-0.4608154296875,1.5985107421875,-37.9638671875,-196.8994140625,17.578125
3.128662109375,0.04541015625,0.7222900390625,-35.33935546875,-175.96435546875,7.99560546875
2.7889404296875,0.4066162109375,0.101806640625,-20.3857421875,-146.42333984375,-15.0146484375
2.9437255859375,0.2117919921875,1.0479736328125,0.732421875,-134.3994140625,-4.150390625
2.5791015625,0.044921875,2.436767578125,9.3994140625,-140.9912109375,2.01416015625
0.259521484375,-0.0587158203125,2.4073486328125,14.5263671875,-109.06982421875,-4.638671875
-2.1407470703125,-0.08056640625,1.7938232421875,25.634765625,-91.24755859375,-2.86865234375
-2.098876953125,0.1441650390625,1.627685546875,-8.056640625,-115.29541015625,2.25830078125
-0.44091796875,0.3006591796875,1.522705078125,-40.95458984375,-110.65673828125,5.18798828125
0.892578125,-0.1673583984375,1.4110107421875,-40.95458984375,-105.1025390625,5.43212890625
0.934814453125,-0.8729248046875,1.4398193359375,-46.69189453125,-99.42626953125,0.6103515625
0.4375,-1.022705078125,1.630126953125,-48.15673828125,-38.63525390625,-0.732421875
0.34033203125,-0.4632568359375,1.3658447265625,-44.921875,-25.45166015625,-1.953125
0.25927734375,0.129150390625,1.0322265625,-6.89697265625,-18.37158203125,-2.99072265625
0.3212890625,0.0933837890625,1.10791015625,-2.8076171875,-13.00048828125,-3.84521484375
0.3751220703125,-0.4716796875,1.166015625,-0.79345703125,-9.033203125,-4.21142578125
0.346435546875,-0.0555419921875,1.1168212890625,-2.5634765625,-6.8359375,-4.7607421875
0.25732421875,0.0712890625,1.1195068359375,-5.4931640625,-6.103515625,-4.7607421875
0.433349609375,-0.23095703125,1.179443359375,-7.87353515625,-6.8359375,-5.37109375
0.2919921875,-0.1226806640625,0.94775390625,-9.27734375,-8.48388671875,-5.615234375
0.114501953125,-0.14306640625,0.943115234375,-10.8642578125,-8.60595703125,-4.39453125
0.2515869140625,-0.2392578125,0.9476318359375,-11.1083984375,-8.23974609375,-3.90625
0.1937255859375,-0.282470703125,0.9434814453125,-11.41357421875,-9.033203125,-3.72314453125
0.158447265625,-0.2867431640625,0.9462890625,-11.8408203125,-10.1318359375,-4.150390625
0.2305908203125,-0.2847900390625,0.9500732421875,-11.77978515625,-10.8642578125,-6.04248046875
0.2825927734375,-0.28173828125,0.9549560546875,-9.58251953125,-10.68115234375,-8.6669921875
0.24951171875,-0.27490234375,0.9681396484375,-4.7607421875,-10.8642578125,-11.90185546875
0.24462890625,-0.2755126953125,0.9686279296875,0.54931640625,-10.43701171875,-13.916015625
0.2469482421875,-0.267578125,0.9620361328125,6.591796875,-9.521484375,-13.671875
0.2489013671875,-0.2574462890625,0.96484375,10.6201171875,-7.9345703125,-12.75634765625
0.2491455078125,-0.260986328125,0.9683837890625,13.00048828125,-6.9580078125,-11.3525390625
0.2474365234375,-0.2586669921875,0.9619140625,13.427734375,-7.080078125,-9.46044921875
0.2506103515625,-0.251953125,0.9493408203125,12.3291015625,-7.9345703125,-2.13623046875
0.252685546875,-0.24853515625,0.93896484375,10.31494140625,-10.009765625,-0.8544921875
0.2679443359375,-0.261962890625,0.9354248046875,8.056640625,-10.3759765625,-0.91552734375
0.2728271484375,-0.2733154296875,0.93603515625,1.15966796875,-10.68115234375,-2.86865234375
0.2674560546875,-0.2840576171875,0.9381103515625,-0.06103515625,-10.6201171875,-5.37109375
0.2685546875,-0.2933349609375,0.93896484375,-1.220703125,-10.498046875,-7.62939453125
0.259765625,-0.2952880859375,0.9429931640625,-2.01416015625,-10.986328125,-8.23974609375
0.2481689453125,-0.2886962890625,0.9532470703125,-2.0751953125,-12.63427734375,-7.8125
0.2437744140625,-0.26513671875,0.9527587890625,-1.64794921875,-16.357421875,-6.65283203125
0.2576904296875,-0.23974609375,0.94091796875,-1.8310546875,-21.97265625,-7.4462890625
0.285888671875,-0.2259521484375,0.9345703125,-2.8076171875,-29.052734375,-12.26806640625
0.2950439453125,-0.2239990234375,0.9344482421875,-5.06591796875,-36.80419921875,-16.54052734375
0.28271484375,-0.23876953125,0.9393310546875,-9.1552734375,-44.73876953125,-21.54541015625
0.2750244140625,-0.248046875,0.94970703125,-13.671875,-56.2744140625,-26.18408203125
0.2796630859375,-0.2686767578125,0.9691162109375,-18.61572265625,-71.8994140625,-30.1513671875
0.29052734375,-0.28466796875,0.989990234375,-19.95849609375,-89.66064453125,-33.935546875
0.2879638671875,-0.28662109375,1.0096435546875,-18.61572265625,-108.88671875,-33.99658203125
0.2841796875,-0.268798828125,1.0286865234375,-20.6298828125,-138.36669921875,-33.0810546875
0.279541015625,-0.2431640625,1.0399169921875,-21.78955078125,-211.42578125,-38.02490234375
0.282470703125,-0.2178955078125,1.0386962890625,-22.3388671875,-226.318359375,-51.025390625
0.288818359375,-0.210693359375,1.044189453125,-20.1416015625,-252.50244140625,-69.76318359375
0.2918701171875,-0.247802734375,1.06103515625,-14.0380859375,-297.91259765625,-81.48193359375
0.2828369140625,-0.2830810546875,1.0792236328125,-18.9208984375,-407.71484375,-123.96240234375
0.279052734375,-0.2745361328125,1.0882568359375,-29.60205078125,-354.79736328125,-83.3740234375
0.265625,-0.2777099609375,1.1036376953125,-75.13427734375,-58.41064453125,-98.388671875
0.2734375,-0.271240234375,1.205810546875,-39.0625,11.1083984375,-107.421875
0.2659912109375,-0.260498046875,1.1697998046875,135.8642578125,69.51904296875,-93.93310546875
0.218505859375,-0.2581787109375,1.1708984375,20.3857421875,95.703125,-76.59912109375
0.224853515625,-0.2137451171875,1.268798828125,-21.54541015625,127.86865234375,-59.6923828125
0.288818359375,-0.2877197265625,1.27099609375,-29.72412109375,153.25927734375,-3.662109375
0.235107421875,-0.3427734375,1.9893798828125,-12.63427734375,182.7392578125,8.7890625
0.0462646484375,-0.395263671875,1.914794921875,7.50732421875,194.091796875,15.44189453125
-0.178955078125,-0.194580078125,3.78515625,30.82275390625,208.67919921875,18.85986328125
-0.3094482421875,-0.6026611328125,3.795654296875,16.78466796875,220.39794921875,22.3388671875
-0.036865234375,-0.704345703125,2.6934814453125,0.9765625,232.2998046875,25.634765625
0.4310302734375,-0.0306396484375,1.5677490234375,-11.04736328125,243.83544921875,27.4658203125
0.7781982421875,-0.4354248046875,1.188720703125,-14.83154296875,252.685546875,28.13720703125
0.587890625,-0.4119873046875,0.9183349609375,-13.24462890625,260.07080078125,18.310546875
0.6048583984375,-0.6114501953125,0.671875,-9.09423828125,268.61572265625,20.56884765625
1.005126953125,-0.8642578125,0.6805419921875,-2.01416015625,272.94921875,24.2919921875
-0.8160400390625,-0.9129638671875,0.7176513671875,0.732421875,277.2216796875,32.1044921875
-1.1976318359375,-0.517822265625,0.8262939453125,-9.8876953125,275.0244140625,37.4755859375
-0.8563232421875,-0.3623046875,0.95068359375,-18.310546875,265.625,39.9169921875
-0.8826904296875,-0.2828369140625,1.048828125,-30.029296875,251.953125,42.236328125
-0.6661376953125,-0.27001953125,1.1171875,-36.4990234375,245.54443359375,44.5556640625
-0.5506591796875,-0.29150390625,1.163818359375,-35.94970703125,253.11279296875,45.59326171875
-0.426513671875,-0.29541015625,1.3837890625,-27.03857421875,271.8505859375,54.99267578125
-0.3187255859375,-0.255615234375,1.3751220703125,-18.6767578125,268.85986328125,44.00634765625
-0.22119140625,-0.1881103515625,1.40771484375,-13.24462890625,147.216796875,32.8369140625
-0.1474609375,-0.0037841796875,1.422119140625,-5.55419921875,182.0068359375,93.56689453125
-0.093017578125,0.005859375,1.480224609375,61.4013671875,322.44873046875,101.5625
-0.036865234375,0.0260009765625,1.662841796875,69.82421875,311.5234375,105.8349609375
0.11083984375,0.0618896484375,1.9810791015625,-1.8310546875,253.2958984375,104.18701171875
0.1767578125,0.0538330078125,2.376953125,-48.33984375,191.0400390625,96.74072265625
0.202392578125,0.020263671875,2.7606201171875,-49.8046875,125.91552734375,76.35498046875
0.206787109375,-0.04443359375,3.142333984375,-43.9453125,82.70263671875,38.75732421875
0.232177734375,-0.1375732421875,3.0985107421875,1.0986328125,61.8896484375,4.7607421875
0.29443359375,-0.2884521484375,2.126953125,36.31591796875,34.60693359375,-7.75146484375
0.390625,-0.5042724609375,1.5799560546875,33.87451171875,-8.11767578125,5.31005859375
0.4991455078125,-0.876220703125,2.004638671875,2.50244140625,-40.34423828125,25.08544921875
0.683349609375,-0.9949951171875,2.0694580078125,-26.611328125,-54.931640625,60.6689453125
0.697509765625,-0.87060546875,1.438720703125,-38.9404296875,-93.44482421875,40.95458984375
0.9407958984375,-0.188720703125,0.7738037109375,-33.87451171875,2.13623046875,-23.25439453125
1.369384765625,0.0386962890625,0.265625,-2.62451171875,-43.8232421875,-59.4482421875
1.617431640625,-0.316650390625,-0.1710205078125,29.47998046875,-151.4892578125,-46.5087890625
1.89697265625,-0.516845703125,-0.515869140625,-2.44140625,-226.86767578125,-20.99609375
2.1038818359375,-0.0899658203125,-0.6707763671875,-7.32421875,-218.81103515625,-38.4521484375
2.245361328125,0.3734130859375,-0.511962890625,-36.9873046875,-190.61279296875,-50.35400390625
2.6856689453125,0.429443359375,-0.2691650390625,-40.1611328125,-191.34521484375,-24.5361328125
3.1717529296875,0.08642578125,0.16650390625,-51.513671875,-191.650390625,16.90673828125
3.630126953125,-0.409423828125,1.6029052734375,-57.31201171875,-181.45751953125,4.82177734375
3.7171630859375,-0.8525390625,0.70849609375,-52.24609375,-156.494140625,5.67626953125
3.4180908203125,-0.9541015625,0.0579833984375,-44.7998046875,-133.4228515625,-6.8359375
3.037109375,0.9122314453125,0.4559326171875,-22.3388671875,-123.59619140625,-10.92529296875
2.666259765625,1.166259765625,1.6497802734375,-12.20703125,-114.3798828125,-6.28662109375
1.8438720703125,1.10498046875,2.3343505859375,-23.98681640625,-96.00830078125,-3.72314453125
-1.396728515625,0.8502197265625,2.079345703125,-25.81787109375,-76.23291015625,-2.74658203125
-2.2740478515625,0.519287109375,1.8309326171875,-24.84130859375,-68.84765625,2.74658203125
-0.9852294921875,0.2662353515625,1.7598876953125,-31.982421875,-70.4345703125,6.28662109375
0.475341796875,-0.44287109375,1.5584716796875,-43.64013671875,-75.0732421875,9.6435546875
1.17529296875,-1.216064453125,1.4097900390625,-51.3916015625,-81.9091796875,6.9580078125
0.6708984375,-1.1424560546875,1.24169921875,-51.7578125,-83.8623046875,4.45556640625
0.2398681640625,0.4591064453125,1.2210693359375,-51.513671875,-78.61328125,0.3662109375
0.2713623046875,-0.109619140625,1.2386474609375,-48.52294921875,-64.63623046875,-6.7138671875
0.353271484375,0.1187744140625,1.1715087890625,-40.46630859375,-36.1328125,-7.26318359375
0.375,-0.1478271484375,1.0882568359375,-22.8271484375,-28.9306640625,-5.79833984375
0.4366455078125,-0.2415771484375,1.0804443359375,1.64794921875,-20.32470703125,-5.37109375
0.20654296875,-0.1024169921875,1.073486328125,2.9296875,-11.962890625,-4.69970703125
0.151611328125,-0.0904541015625,1.030517578125,-4.94384765625,-10.6201171875,-3.84521484375
0.27685546875,-0.193603515625,1.01123046875,-9.521484375,-12.0849609375,-2.86865234375
0.25146484375,-0.2381591796875,1.032470703125,-12.02392578125,-13.7939453125,-0.91552734375
0.133544921875,-0.228271484375,1.0439453125,-13.36669921875,-12.5732421875,-0.67138671875
0.114013671875,-0.2392578125,0.993896484375,-13.671875,-12.451171875,-1.220703125
0.1219482421875,-0.2603759765625,0.986083984375,-14.70947265625,-12.87841796875,-2.62451171875
0.1318359375,-0.2734375,0.9796142578125,-12.51220703125,-12.63427734375,-3.90625
0.17138671875,-0.271484375,0.9649658203125,-8.056640625,-11.65771484375,-4.57763671875
0.2071533203125,-0.2623291015625,0.9737548828125,-3.47900390625,-11.04736328125,-5.126953125
0.229736328125,-0.258544921875,0.9864501953125,0.48828125,-12.3291015625,-6.16455078125
0.22412109375,-0.2498779296875,0.9844970703125,3.35693359375,-13.97705078125,-3.90625
0.22412109375,-0.245849609375,0.9625244140625,5.0048828125,-11.1083984375,-2.5634765625
0.2393798828125,-0.247314453125,0.9613037109375,6.28662109375,-11.3525390625,-1.5869140625
0.2486572265625,-0.240234375,0.95654296875,2.9296875,-10.986328125,-1.03759765625
0.243408203125,-0.226806640625,0.9447021484375,1.220703125,-10.31494140625,-1.46484375
0.2542724609375,-0.2562255859375,0.938720703125,-1.220703125,-9.8876953125,-2.5634765625
0.258544921875,-0.2742919921875,0.941162109375,-2.8076171875,-9.3994140625,-3.0517578125
0.2618408203125,-0.2862548828125,0.9464111328125,-3.72314453125,-8.7890625,-4.2724609375
0.255859375,-0.283447265625,0.9488525390625,-2.74658203125,-10.009765625,-4.7607421875
0.2510986328125,-0.2720947265625,0.9471435546875,-1.708984375,-11.04736328125,-6.77490234375
0.25,-0.2669677734375,0.9390869140625,-0.6103515625,-13.0615234375,-8.4228515625
0.251220703125,-0.258544921875,0.936767578125,-0.48828125,-16.4794921875,-9.09423828125
0.249755859375,-0.2353515625,0.933837890625,-0.79345703125,-21.78955078125,-11.71875
0.2412109375,-0.2408447265625,0.929931640625,-2.685546875,-29.11376953125,-11.90185546875
0.2490234375,-0.2518310546875,0.932861328125,-6.16455078125,-36.07177734375,-13.24462890625
0.2838134765625,-0.2650146484375,0.9403076171875,-9.46044921875,-44.12841796875,-20.32470703125
0.26708984375,-0.2711181640625,0.9619140625,-12.20703125,-57.6171875,-26.06201171875
0.271728515625,-0.2744140625,0.96923828125,-17.7001953125,-75.68359375,-31.92138671875
0.271484375,-0.2720947265625,0.9864501953125,-20.44677734375,-94.54345703125,-33.99658203125
0.2579345703125,-0.265869140625,1.0118408203125,-22.15576171875,-113.46435546875,-31.18896484375
0.265869140625,-0.266845703125,1.0318603515625,-24.96337890625,-141.845703125,-25.7568359375
0.281982421875,-0.2672119140625,1.0340576171875,-26.7333984375,-190.3076171875,-25.87890625
0.29931640625,-0.239013671875,1.0360107421875,-28.50341796875,-228.08837890625,-30.8837890625
0.2950439453125,-0.2518310546875,1.061279296875,-25.45166015625,-242.7978515625,-44.86083984375
0.2850341796875,-0.255126953125,1.0867919921875,-24.0478515625,-269.775390625,-57.861328125
0.2684326171875,-0.232421875,1.09814453125,-25.634765625,-314.02587890625,-65.7958984375
0.26611328125,-0.27099609375,1.0897216796875,-31.25,-368.22509765625,-87.34130859375
0.2774658203125,-0.2974853515625,1.0838623046875,-42.54150390625,-412.2314453125,-103.271484375
0.2733154296875,-0.28564453125,1.20751953125,-71.77734375,-411.07177734375,-108.58154296875
0.257568359375,-0.2767333984375,1.2713623046875,-78.55224609375,-359.68017578125,-103.271484375
0.2012939453125,-0.231689453125,1.1861572265625,-75.25634765625,-311.95068359375,-86.48681640625
0.1966552734375,-0.1962890625,1.1605224609375,-64.208984375,-263.916015625,-135.68115234375
0.2789306640625,-0.27490234375,1.22119140625,5.79833984375,-23.681640625,-145.01953125
0.2430419921875,-0.294677734375,1.304931640625,121.64306640625,35.888671875,-161.19384765625
-0.071044921875,-0.2874755859375,1.6851806640625,79.58984375,83.55712890625,-140.68603515625
-0.114990234375,-0.315185546875,2.1632080078125,-19.34814453125,108.642578125,-84.41162109375
-0.140869140625,-0.156005859375,2.2548828125,-52.978515625,150.87890625,-53.7109375
-0.2080078125,-0.312744140625,2.1580810546875,-41.07666015625,165.6494140625,1.15966796875
0.0943603515625,-0.7984619140625,1.8629150390625,9.46044921875,185.60791015625,20.99609375
0.6021728515625,-0.7327880859375,2.11474609375,29.78515625,200.01220703125,33.02001953125
0.921875,-0.6236572265625,3.87451171875,28.50341796875,212.34130859375,40.4052734375
0.6904296875,-0.86328125,3.4686279296875,13.7939453125,224.91455078125,45.2880859375
0.31005859375,-0.4530029296875,2.2806396484375,1.220703125,236.083984375,44.3115234375
0.343505859375,0.668212890625,1.480712890625,-6.77490234375,254.94384765625,39.4287109375
0.5897216796875,-0.0560302734375,0.8292236328125,-9.70458984375,261.16943359375,24.4140625
0.207763671875,-0.248779296875,0.739013671875,1.77001953125,272.76611328125,31.8603515625
0.7939453125,-0.7332763671875,0.7188720703125,11.41357421875,276.0009765625,36.07177734375
0.2210693359375,-1.1234130859375,0.805908203125,1.03759765625,268.98193359375,40.0390625
-1.103759765625,-0.997314453125,0.9227294921875,-16.29638671875,254.94384765625,43.51806640625
-1.067626953125,-0.57421875,1.0242919921875,-31.67724609375,239.2578125,45.7763671875
-0.919921875,-0.43212890625,1.1112060546875,-40.22216796875,238.09814453125,45.34912109375
-0.91650390625,-0.3516845703125,1.23974609375,-35.09521484375,247.61962890625,45.95947265625
-0.6634521484375,-0.3035888671875,1.2601318359375,-21.3623046875,252.3193359375,44.61669921875
-0.5345458984375,-0.258056640625,1.424072265625,-8.4228515625,250.1220703125,50.537109375
-0.3819580078125,-0.1373291015625,1.5042724609375,2.25830078125,193.78662109375,27.89306640625
-0.259521484375,-0.0853271484375,1.523681640625,16.4794921875,138.3056640625,35.82763671875
-0.1683349609375,-0.0040283203125,1.565673828125,44.0673828125,258.9111328125,65.185546875
-0.0035400390625,-0.0052490234375,1.7000732421875,95.0927734375,373.046875,72.8759765625
0.0565185546875,-0.0010986328125,1.891357421875,45.0439453125,276.55029296875,91.49169921875
0.2349853515625,-0.0091552734375,2.1715087890625,-37.90283203125,205.6884765625,105.16357421875
0.2467041015625,-0.0576171875,2.512939453125,-104.18701171875,152.77099609375,98.7548828125
0.2490234375,-0.1302490234375,2.8170166015625,-95.3369140625,112.48779296875,72.1435546875
0.2530517578125,-0.181884765625,3.2421875,-54.26025390625,76.23291015625,34.1796875
0.3228759765625,-0.2056884765625,2.8907470703125,-9.6435546875,40.0390625,8.1787109375
0.4246826171875,-0.255859375,1.936279296875,17.15087890625,-3.23486328125,3.84521484375
0.494140625,-0.650634765625,1.7891845703125,9.21630859375,-41.748046875,16.29638671875
0.5478515625,-0.8807373046875,1.724365234375,-11.8408203125,-62.01171875,31.55517578125
0.6845703125,-0.5633544921875,1.2847900390625,-25.87890625,-61.03515625,10.1318359375
0.84326171875,-0.2119140625,0.714111328125,-20.99609375,17.02880859375,-34.60693359375
1.22119140625,-0.1270751953125,0.22021484375,-1.220703125,-14.2822265625,-63.29345703125
1.651611328125,-0.5438232421875,-0.0889892578125,22.3388671875,-97.65625,-40.0390625
1.7447509765625,-0.6944580078125,-0.300537109375,19.34814453125,-163.63525390625,-12.939453125
1.8792724609375,-0.38623046875,-0.432861328125,8.48388671875,-209.228515625,-10.498046875
2.1771240234375,0.0892333984375,-0.3861083984375,-11.41357421875,-226.5625,-26.3671875
2.4815673828125,0.35986328125,-0.176025390625,-44.98291015625,-193.78662109375,-34.7900390625
2.8624267578125,0.292724609375,0.1038818359375,-67.2607421875,-171.875,-9.8876953125
3.2987060546875,-0.043701171875,1.5740966796875,-68.29833984375,-176.513671875,12.8173828125
3.5706787109375,-0.4815673828125,0.932861328125,-70.1904296875,-171.69189453125,11.23046875
3.5126953125,-0.7760009765625,0.3931884765625,-54.99267578125,-164.97802734375,-4.8828125
3.1790771484375,0.3790283203125,0.364990234375,-44.25048828125,-149.658203125,-16.17431640625
2.77099609375,0.5115966796875,0.633544921875,-29.541015625,-141.7236328125,-6.591796875
2.3797607421875,0.5323486328125,1.3978271484375,-25.146484375,-141.05224609375,5.06591796875
-1.3978271484375,0.282958984375,2.2508544921875,-19.287109375,-131.2255859375,-5.2490234375
-1.87109375,0.2322998046875,2.2313232421875,-9.3994140625,-137.02392578125,-9.21630859375
-1.2901611328125,0.2926025390625,2.0933837890625,2.5634765625,-135.68115234375,4.57763671875
-0.1064453125,0.06201171875,1.983154296875,-23.3154296875,-99.365234375,2.3193359375
0.65087890625,-0.43359375,1.652099609375,-32.5927734375,-118.22509765625,4.33349609375
0.5340576171875,-0.8514404296875,1.440673828125,-74.8291015625,-128.96728515625,7.75146484375
0.438232421875,-0.630126953125,1.4124755859375,-71.1669921875,-113.83056640625,3.35693359375
0.5169677734375,-0.0191650390625,1.4429931640625,-65.97900390625,-60.302734375,2.38037109375
0.4404296875,0.2359619140625,1.4111328125,-60.302734375,-49.6826171875,-0.79345703125
0.401123046875,-0.1561279296875,1.1011962890625,-26.3671875,-44.921875,-0.54931640625
0.3935546875,-0.608642578125,0.9940185546875,-13.18359375,-35.33935546875,-0.48828125
0.2650146484375,-0.4874267578125,1.1783447265625,-3.173828125,-25.57373046875,-0.91552734375
0.1051025390625,-0.0223388671875,1.3037109375,-4.39453125,-18.98193359375,-1.0986328125
0.1322021484375,-0.2674560546875,1.2679443359375,-7.8125,-14.16015625,-2.0751953125
0.28369140625,-0.1600341796875,1.2255859375,-9.82666015625,-11.474609375,-2.685546875
0.141357421875,-0.177734375,1.1773681640625,-10.498046875,-10.009765625,-3.23486328125
0.163818359375,-0.2169189453125,1.085693359375,-10.7421875,-8.4228515625,-4.0283203125
0.239990234375,-0.228271484375,0.9976806640625,-10.8642578125,-6.8359375,-4.5166015625
0.172607421875,-0.220947265625,0.953369140625,-11.8408203125,-7.62939453125,-4.08935546875
0.215576171875,-0.2462158203125,0.936279296875,-14.16015625,-10.19287109375,-3.7841796875
0.2716064453125,-0.2481689453125,0.9400634765625,-15.380859375,-12.14599609375,-4.08935546875
0.297607421875,-0.2584228515625,0.941650390625,-14.892578125,-12.451171875,-5.9814453125
0.2598876953125,-0.2708740234375,0.9423828125,-13.12255859375,-11.53564453125,-6.89697265625
0.259033203125,-0.286376953125,0.942626953125,-9.6435546875,-11.41357421875,-8.1787109375
0.2669677734375,-0.2939453125,0.9378662109375,-0.3662109375,-11.53564453125,-8.85009765625
0.256591796875,-0.2930908203125,0.94189453125,3.2958984375,-11.3525390625,-9.765625
0.2655029296875,-0.2900390625,0.95556640625,5.859375,-11.5966796875,-11.41357421875
0.267578125,-0.284912109375,0.96044921875,7.01904296875,-10.8642578125,-12.14599609375
0.2529296875,-0.281005859375,0.9515380859375,8.36181640625,-9.8876953125,-10.7421875
0.2552490234375,-0.27978515625,0.9423828125,8.97216796875,-8.6669921875,-8.1787109375
0.260498046875,-0.274169921875,0.941162109375,9.521484375,-7.9345703125,-5.79833984375
0.255126953125,-0.271240234375,0.9400634765625,8.85009765625,-8.11767578125,-3.84521484375
0.255126953125,-0.2720947265625,0.934326171875,6.89697265625,-8.23974609375,-2.62451171875
0.2637939453125,-0.287109375,0.9246826171875,4.0283203125,-8.7890625,-2.50244140625
0.264892578125,-0.2913818359375,0.924560546875,0.18310546875,-9.33837890625,-8.72802734375
0.263671875,-0.291259765625,0.93017578125,-1.708984375,-11.3525390625,-11.8408203125
0.267333984375,-0.2879638671875,0.9332275390625,-1.953125,-11.8408203125,-8.1787109375
0.270263671875,-0.2855224609375,0.9400634765625,3.23486328125,-24.96337890625,-9.27734375
0.276123046875,-0.2882080078125,0.949951171875,4.69970703125,-30.3955078125,-12.26806640625
0.2716064453125,-0.2784423828125,0.9490966796875,-5.06591796875,-37.41455078125,-14.83154296875
0.2655029296875,-0.2520751953125,0.937255859375,-11.8408203125,-47.119140625,-19.8974609375
0.2799072265625,-0.243408203125,0.9305419921875,-16.6015625,-62.1337890625,-23.8037109375
0.29736328125,-0.2379150390625,0.9259033203125,-20.44677734375,-79.833984375,-26.0009765625
0.3115234375,-0.2369384765625,0.9322509765625,-20.3857421875,-97.412109375,-25.08544921875
0.3214111328125,-0.250732421875,0.947998046875,-20.56884765625,-118.34716796875,-20.44677734375
0.3121337890625,-0.2679443359375,1.0142822265625,-20.99609375,-156.06689453125,-14.404296875
0.296630859375,-0.3243408203125,1.01611328125,-22.0947265625,-191.7724609375,-13.36669921875
0.283935546875,-0.30029296875,1.0247802734375,-21.8505859375,-214.35546875,-23.49853515625
0.2830810546875,-0.22216796875,1.0546875,-20.93505859375,-227.35595703125,-42.29736328125
0.29833984375,-0.263427734375,1.0743408203125,-16.90673828125,-257.01904296875,-63.04931640625
0.3096923828125,-0.279296875,1.0758056640625,-21.05712890625,-307.92236328125,-75.74462890625
0.28564453125,-0.2803955078125,1.0694580078125,-28.3203125,-368.83544921875,-83.740234375
0.2943115234375,-0.28759765625,1.1165771484375,-48.03466796875,-412.59765625,-92.71240234375
0.3079833984375,-0.27197265625,1.2279052734375,-75.8056640625,-419.49462890625,-105.5908203125
0.2816162109375,-0.23828125,1.2122802734375,-87.158203125,-383.36181640625,-114.013671875
0.2506103515625,-0.2139892578125,1.1092529296875,-97.71728515625,-322.6318359375,-93.017578125
0.2742919921875,-0.22021484375,1.1317138671875,-102.4169921875,-263.36669921875,-77.880859375
0.275146484375,-0.2276611328125,1.2274169921875,-31.06689453125,-103.1494140625,-87.40234375
0.1363525390625,-0.289306640625,1.31982421875,74.76806640625,6.2255859375,-105.65185546875
0.0626220703125,-0.379638671875,1.5440673828125,153.74755859375,63.78173828125,-116.76025390625
-0.0902099609375,-0.399169921875,1.9578857421875,88.80615234375,96.5576171875,-99.12109375
-0.243408203125,-0.28515625,2.1702880859375,8.544921875,116.3330078125,-83.1298828125
-0.0914306640625,-0.2099609375,2.13720703125,-20.56884765625,153.4423828125,-66.34521484375
0.1761474609375,-0.4886474609375,1.83740234375,-5.126953125,177.978515625,-45.2880859375
0.613525390625,-0.6279296875,2.078125,11.65771484375,180.908203125,-26.0009765625
0.915771484375,-0.7127685546875,3.2982177734375,32.3486328125,189.208984375,-10.25390625
0.736083984375,-0.860107421875,3.98974609375,50.47607421875,209.28955078125,0.91552734375
0.3140869140625,-0.516845703125,3.544921875,49.98779296875,222.2900390625,11.71875
0.391357421875,0.18310546875,2.303466796875,39.12353515625,240.234375,21.54541015625
0.6622314453125,0.0174560546875,1.30712890625,23.4375,253.0517578125,24.96337890625
0.4521484375,-0.4410400390625,0.994140625,-1.0986328125,255.43212890625,16.54052734375
-0.320556640625,-0.4200439453125,0.824951171875,-4.69970703125,253.35693359375,14.6484375
0.6329345703125,-0.6331787109375,0.7852783203125,-2.0751953125,239.013671875,14.34326171875
0.7449951171875,-0.8365478515625,0.77294921875,8.72802734375,240.29541015625,21.05712890625
-1.0745849609375,-0.8660888671875,0.7301025390625,13.61083984375,249.267578125,41.80908203125
-1.1339111328125,-0.76220703125,0.7073974609375,15.380859375,257.2021484375,46.69189453125
-0.81494140625,-0.6312255859375,0.7828369140625,7.8125,245.4833984375,51.1474609375
-0.8662109375,-0.472900390625,0.9600830078125,-20.8740234375,233.2763671875,53.466796875
-0.8360595703125,-0.359375,1.0115966796875,-30.82275390625,222.35107421875,53.22265625
-0.6805419921875,-0.3216552734375,1.2509765625,-30.3955078125,217.6513671875,51.7578125
-0.54052734375,-0.30810546875,1.348388671875,-20.8740234375,219.17724609375,51.57470703125
-0.442626953125,-0.255126953125,1.372314453125,-6.28662109375,219.66552734375,60.791015625
-0.2357177734375,-0.07470703125,1.453125,12.26806640625,168.0908203125,26.123046875
-0.081787109375,-0.08984375,1.5888671875,19.34814453125,69.2138671875,16.78466796875
-0.03271484375,-0.091064453125,1.6031494140625,33.5693359375,175.6591796875,52.30712890625
0.0982666015625,-0.0701904296875,1.7113037109375,106.5673828125,332.82470703125,45.95947265625
0.1380615234375,-0.01806640625,1.8983154296875,74.27978515625,352.1728515625,49.98779296875
0.1881103515625,0.0057373046875,2.092529296875,0.42724609375,208.3740234375,66.46728515625
0.20361328125,-0.0050048828125,2.2520751953125,-21.30126953125,181.640625,76.84326171875
0.2369384765625,-0.0892333984375,2.31591796875,-73.8525390625,168.45703125,75.927734375
0.2548828125,-0.2032470703125,2.9263916015625,-69.51904296875,146.3623046875,60.85205078125
0.2979736328125,-0.231201171875,2.8424072265625,-45.166015625,112.60986328125,42.236328125
0.3709716796875,-0.1602783203125,1.8231201171875,-22.64404296875,70.25146484375,28.1982421875
0.44091796875,-0.4324951171875,1.8060302734375,-16.357421875,26.42822265625,25.0244140625
0.491455078125,-0.651611328125,2.28515625,-28.62548828125,-4.0283203125,26.7333984375
0.5927734375,-0.3226318359375,1.80908203125,-39.36767578125,-19.775390625,31.25
0.709228515625,-0.2010498046875,1.330322265625,-37.841796875,-28.076171875,37.41455078125
1.03662109375,-0.0609130859375,0.760986328125,-21.78955078125,-36.56005859375,35.82763671875
1.397705078125,-0.1737060546875,0.212646484375,0.54931640625,-56.884765625,42.96875
1.4739990234375,-0.481201171875,-0.2081298828125,15.07568359375,-41.259765625,8.36181640625
1.4385986328125,-0.568603515625,-0.46142578125,9.521484375,-23.193359375,-28.076171875
1.8065185546875,-0.3548583984375,-0.544677734375,6.04248046875,-72.93701171875,-37.41455078125
2.0775146484375,-0.0498046875,-0.4539794921875,14.83154296875,-148.5595703125,-28.25927734375
2.336181640625,0.11572265625,-0.2093505859375,-2.5634765625,-208.0078125,-23.98681640625
2.5958251953125,0.063232421875,0.0966796875,-14.5263671875,-228.1494140625,-37.29248046875
2.87890625,-0.178466796875,0.3363037109375,-39.61181640625,-196.96044921875,-49.62158203125
3.0439453125,-0.47314453125,0.5057373046875,-45.59326171875,-181.640625,8.11767578125
3.00927734375,-0.5902099609375,1.280029296875,-55.0537109375,-207.94677734375,20.263671875
2.8267822265625,-0.4464111328125,1.480224609375,-57.7392578125,-206.1767578125,1.953125
2.563232421875,-0.119873046875,0.6905517578125,-39.55078125,-191.650390625,-0.3662109375
2.267578125,-0.0474853515625,0.23583984375,-23.74267578125,-147.03369140625,-1.64794921875
2.0028076171875,0.2528076171875,0.25439453125,-20.20263671875,-132.99560546875,-14.7705078125
0.92138671875,0.6318359375,1.100830078125,-6.103515625,-127.0751953125,-11.16943359375
-0.2076416015625,0.573486328125,2.1136474609375,-12.75634765625,-128.5400390625,-0.6103515625
-1.2470703125,0.4898681640625,2.352783203125,-31.92138671875,-122.9248046875,1.64794921875
-1.69921875,0.391845703125,2.007568359375,-44.12841796875,-93.93310546875,6.8359375
-0.8529052734375,0.2152099609375,1.803955078125,-41.6259765625,-66.89453125,10.31494140625
-0.0118408203125,-0.339111328125,1.5628662109375,-50.35400390625,-62.92724609375,9.8876953125
0.6962890625,-1.0262451171875,1.46875,-68.115234375,-65.12451171875,7.9345703125
0.7684326171875,-0.2891845703125,1.3170166015625,-60.546875,-56.70166015625,3.662109375
0.485595703125,0.3582763671875,1.247802734375,-42.17529296875,-32.40966796875,1.46484375
0.4208984375,-0.6365966796875,1.243408203125,-32.2265625,-35.33935546875,0.1220703125
0.5316162109375,-0.077880859375,1.2047119140625,-11.41357421875,-33.5693359375,0.1220703125
0.44189453125,0.0325927734375,1.0938720703125,-1.28173828125,-24.71923828125,0.6103515625
0.3814697265625,-0.257080078125,1.14599609375,2.0751953125,-16.7236328125,0.18310546875
0.418212890625,-0.2669677734375,1.2647705078125,-1.708984375,-12.451171875,-0.54931640625
0.2515869140625,-0.093017578125,1.1810302734375,-5.126953125,-11.1083984375,-0.91552734375
0.263671875,-0.1533203125,1.064453125,-6.9580078125,-8.4228515625,-1.5869140625
0.26416015625,-0.2425537109375,1.0172119140625,-7.4462890625,-5.79833984375,-2.74658203125
0.255126953125,-0.2049560546875,1.026611328125,-8.48388671875,-5.67626953125,-3.0517578125
0.2652587890625,-0.21875,0.95654296875,-10.55908203125,-6.34765625,-2.86865234375
0.2305908203125,-0.252197265625,0.939208984375,-12.63427734375,-6.7138671875,-2.25830078125
0.218994140625,-0.2509765625,0.938720703125,-14.6484375,-7.32421875,-1.708984375
0.2454833984375,-0.250732421875,0.93798828125,-16.78466796875,-7.50732421875,-1.5869140625
0.231201171875,-0.2535400390625,0.93603515625,-17.51708984375,-7.32421875,-1.953125
0.2210693359375,-0.2657470703125,0.9315185546875,-15.7470703125,-7.62939453125,-2.8076171875
0.24365234375,-0.282470703125,0.9339599609375,-11.71875,-9.033203125,-4.57763671875
0.249267578125,-0.285888671875,0.950439453125,-6.04248046875,-10.07080078125,-9.33837890625
0.253173828125,-0.2781982421875,0.963623046875,-0.30517578125,-12.63427734375,-11.90185546875
0.236328125,-0.271484375,0.97021484375,4.21142578125,-13.61083984375,-12.51220703125
0.23095703125,-0.2650146484375,0.969482421875,9.70458984375,-14.09912109375,-11.71875
0.239990234375,-0.2569580078125,0.9619140625,11.474609375,-13.85498046875,-9.765625
0.2357177734375,-0.2496337890625,0.950927734375,12.14599609375,-12.87841796875,-7.87353515625
0.2364501953125,-0.25244140625,0.939453125,10.92529296875,-12.14599609375,-6.65283203125
0.2481689453125,-0.259521484375,0.93359375,8.85009765625,-11.3525390625,-5.0048828125
0.259033203125,-0.2708740234375,0.9334716796875,6.34765625,-10.009765625,-3.84521484375
0.262939453125,-0.285400390625,0.9266357421875,3.662109375,-9.46044921875,-4.08935546875
0.2625732421875,-0.2962646484375,0.9398193359375,1.3427734375,-9.94873046875,-4.638671875
0.2557373046875,-0.3017578125,0.95361328125,-1.0986328125,-10.25390625,-7.080078125
0.24560546875,-0.3038330078125,0.9561767578125,-1.64794921875,-11.1083984375,-10.986328125
0.2362060546875,-0.277099609375,0.95263671875,-0.9765625,-11.90185546875,-14.404296875
0.2330322265625,-0.252197265625,0.94677734375,0.9765625,-12.02392578125,-13.12255859375
0.22021484375,-0.2459716796875,0.9462890625,2.62451171875,-12.5732421875,-10.1318359375
0.2353515625,-0.2396240234375,0.945556640625,4.150390625,-16.2353515625,-7.2021484375
0.2611083984375,-0.2353515625,0.939208984375,3.84521484375,-22.03369140625,-5.79833984375
0.293701171875,-0.241943359375,0.9354248046875,2.50244140625,-28.3203125,-6.40869140625
0.3006591796875,-0.2431640625,0.929443359375,-1.15966796875,-34.66796875,-9.8876953125
0.280029296875,-0.2550048828125,0.9283447265625,-5.7373046875,-42.48046875,-15.2587890625
0.2879638671875,-0.2650146484375,0.941162109375,-12.39013671875,-53.03955078125,-21.91162109375
0.3026123046875,-0.2760009765625,0.962646484375,-17.15087890625,-67.3828125,-31.6162109375
0.288818359375,-0.302001953125,0.989501953125,-20.01953125,-156.31103515625,-30.70068359375
0.280029296875,-0.31787109375,1.0145263671875,-19.53125,-194.03076171875,-36.7431640625
0.2664794921875,-0.28515625,1.0350341796875,-22.27783203125,-217.59033203125,-48.9501953125
0.2513427734375,-0.2203369140625,1.0340576171875,-18.85986328125,-237.1826171875,-70.4345703125
0.2728271484375,-0.1971435546875,1.03271484375,-17.9443359375,-272.52197265625,-96.49658203125
0.3095703125,-0.204345703125,1.0435791015625,-15.13671875,-380.55419921875,-98.9990234375
0.3135986328125,-0.2154541015625,1.0582275390625,-26.06201171875,-409.66796875,-104.1259765625
0.295166015625,-0.2427978515625,1.0748291015625,-62.98828125,-406.18896484375,-119.56787109375
0.2845458984375,-0.2801513671875,1.1357421875,-68.66455078125,-365.966796875,-111.083984375
0.292724609375,-0.2998046875,1.208984375,-71.35009765625,-311.6455078125,-86.24267578125
0.2947998046875,-0.2891845703125,1.1402587890625,-69.3359375,-229.248046875,-48.9501953125
0.2734375,-0.2259521484375,1.19482421875,2.9296875,-87.21923828125,-74.76806640625
0.2408447265625,-0.286376953125,1.2484130859375,109.19189453125,-13.7939453125,-79.89501953125
0.22119140625,-0.351318359375,1.777099609375,188.41552734375,46.2646484375,-88.68408203125
0.070556640625,-0.3819580078125,2.0623779296875,70.00732421875,79.89501953125,-83.3740234375
-0.0101318359375,-0.3841552734375,2.1781005859375,19.22607421875,107.48291015625,-75.37841796875
-0.1434326171875,-0.32861328125,2.1314697265625,-8.1787109375,140.80810546875,-66.89453125
-0.0914306640625,-0.5950927734375,1.8822021484375,6.8359375,147.94921875,-53.955078125
0.35546875,-0.6627197265625,2.2884521484375,23.62060546875,156.06689453125,-41.015625
0.7427978515625,-0.72802734375,3.4693603515625,36.9873046875,176.45263671875,-28.99169921875
0.609130859375,-0.92431640625,3.96044921875,39.0625,187.1337890625,-9.82666015625
0.3641357421875,-0.5899658203125,3.17578125,32.8369140625,208.1298828125,-0.3662109375
0.4388427734375,-0.15185546875,1.875732421875,22.76611328125,216.36962890625,9.033203125
0.6309814453125,-0.3831787109375,1.1724853515625,3.11279296875,224.609375,17.822265625
0.124267578125,-0.5450439453125,0.930419921875,-5.859375,234.375,28.4423828125
0.2364501953125,-0.422607421875,0.77978515625,-12.939453125,255.859375,27.83203125
0.9844970703125,-0.5633544921875,0.6617431640625,-15.13671875,263.48876953125,25.146484375
0.0272216796875,-0.6514892578125,0.624267578125,-12.51220703125,269.47021484375,21.8505859375
-1.1492919921875,-0.573974609375,0.6514892578125,-4.82177734375,265.625,17.4560546875
-0.9976806640625,-0.5030517578125,0.76318359375,-1.77001953125,258.48388671875,18.98193359375
-0.8076171875,-0.4471435546875,0.8272705078125,-1.28173828125,271.484375,26.85546875
-0.8837890625,-0.39013671875,0.8983154296875,-3.60107421875,277.40478515625,32.65380859375
-0.78759765625,-0.3587646484375,1.017822265625,-19.47021484375,272.3388671875,39.24560546875
-0.6787109375,-0.340087890625,1.140869140625,-40.34423828125,260.8642578125,44.7998046875
-0.617919921875,-0.3046875,1.2646484375,-52.30712890625,247.86376953125,47.119140625
-0.4207763671875,-0.25048828125,1.2998046875,-52.67333984375,240.3564453125,49.4384765625
-0.3463134765625,-0.188232421875,1.408447265625,-41.44287109375,245.54443359375,50.35400390625
-0.273681640625,-0.041748046875,1.45849609375,-25.81787109375,254.150390625,53.89404296875
-0.1807861328125,0.0517578125,1.4405517578125,-10.07080078125,263.85498046875,42.41943359375
-0.1126708984375,0.1265869140625,1.5225830078125,-1.64794921875,142.02880859375,7.38525390625
-0.0150146484375,0.159423828125,1.5859375,0.8544921875,125.732421875,48.4619140625
0.0391845703125,0.211669921875,1.6671142578125,60.546875,397.88818359375,45.654296875
0.0771484375,0.21142578125,1.8551025390625,84.47265625,330.2001953125,54.19921875
0.13623046875,0.1533203125,2.134033203125,-12.5732421875,237.6708984375,69.76318359375
0.1702880859375,0.103515625,2.4783935546875,-17.39501953125,197.32666015625,80.01708984375
0.175537109375,0.031005859375,2.716552734375,-55.7861328125,175.9033203125,79.65087890625
0.20458984375,-0.0546875,2.970703125,-85.14404296875,151.2451171875,64.697265625
0.237548828125,-0.113525390625,3.126708984375,-65.49072265625,113.70849609375,38.51318359375
0.2860107421875,-0.116943359375,2.373046875,-25.69580078125,64.63623046875,16.6015625
0.39111328125,-0.0819091796875,1.6240234375,1.5869140625,15.5029296875,8.056640625
0.547607421875,-0.4354248046875,2.1607666015625,-5.859375,-18.61572265625,32.5927734375
0.70068359375,-0.586181640625,1.8056640625,-34.66796875,-27.40478515625,51.33056640625
0.787841796875,-0.4202880859375,1.4241943359375,-53.77197265625,-38.818359375,71.59423828125
0.9522705078125,-0.383544921875,1.0697021484375,-48.27880859375,-67.87109375,75.5615234375
1.3251953125,0.016845703125,0.5687255859375,-0.3662109375,-42.90771484375,36.19384765625
1.5919189453125,-0.234130859375,0.03564453125,13.73291015625,-19.34814453125,-9.70458984375
1.515625,-0.623291015625,-0.409423828125,27.83203125,-64.0869140625,-25.146484375
1.7742919921875,-0.57470703125,-0.6041259765625,26.7333984375,-130.7373046875,-15.44189453125
2.03173828125,-0.1181640625,-0.5291748046875,24.0478515625,-176.513671875,-16.2353515625
2.286376953125,0.2889404296875,-0.236328125,18.37158203125,-202.69775390625,-34.97314453125
2.5712890625,0.324462890625,0.28271484375,-3.60107421875,-198.3642578125,-50.29296875
2.9136962890625,-0.0103759765625,0.519775390625,-22.88818359375,-184.50927734375,-34.48486328125
3.2020263671875,-0.500244140625,1.305419921875,-42.724609375,-186.6455078125,12.5732421875
3.230712890625,-0.7880859375,1.49609375,-48.52294921875,-185.546875,34.5458984375
3.061279296875,-0.433837890625,0.80126953125,-51.81884765625,-179.13818359375,15.625
2.785400390625,0.0115966796875,0.46826171875,-49.13330078125,-177.6123046875,-17.39501953125
2.0284423828125,0.4874267578125,0.5555419921875,-36.9873046875,-178.3447265625,-27.34375
0.86572265625,0.86572265625,1.086181640625,-26.4892578125,-180.96923828125,-5.43212890625
-0.2965087890625,0.95166015625,1.9453125,-28.86962890625,-163.57421875,1.5869140625
-1.3714599609375,0.8656005859375,2.176513671875,-27.34375,-131.53076171875,-10.3759765625
-1.6251220703125,0.9149169921875,1.8677978515625,-12.6953125,-112.6708984375,-21.66748046875
-0.5577392578125,0.650390625,1.80615234375,-2.8076171875,-103.759765625,-15.56396484375
0.28466796875,-0.216796875,1.719482421875,-10.25390625,-95.3369140625,-3.72314453125
0.654541015625,-1.0924072265625,1.5445556640625,-15.56396484375,-85.14404296875,0.18310546875
0.484619140625,-1.2874755859375,1.4718017578125,-18.49365234375,-77.45361328125,2.25830078125
0.36669921875,-0.4749755859375,1.4649658203125,-30.029296875,-80.62744140625,7.38525390625
0.3031005859375,0.4923095703125,1.541748046875,-42.90771484375,-85.205078125,9.3994140625
0.251953125,0.4990234375,1.43896484375,-48.583984375,-85.9375,9.521484375
0.3865966796875,-0.3709716796875,1.264892578125,-50.72021484375,-81.9091796875,3.35693359375
0.408447265625,-0.8673095703125,1.2462158203125,-53.466796875,-54.74853515625,-0.54931640625
0.2596435546875,-0.3720703125,1.2283935546875,-48.9501953125,-42.66357421875,-2.86865234375
0.17041015625,0.1087646484375,1.148681640625,-22.39990234375,-29.35791015625,-2.8076171875
0.326416015625,-0.0865478515625,1.087890625,-13.48876953125,-18.73779296875,-2.74658203125
0.5008544921875,-0.301025390625,1.102294921875,-3.23486328125,-14.58740234375,-2.50244140625
0.3023681640625,-0.1644287109375,1.106689453125,-6.34765625,-10.25390625,-2.25830078125
0.178955078125,-0.03955078125,1.07568359375,-7.6904296875,-9.3994140625,-2.197265625
0.2796630859375,-0.143310546875,1.109130859375,-11.8408203125,-8.72802734375,-2.13623046875
0.2430419921875,-0.1993408203125,1.0550537109375,-13.48876953125,-9.70458984375,-1.953125
0.1527099609375,-0.170166015625,1.019287109375,-14.7705078125,-11.53564453125,-1.3427734375
0.1448974609375,-0.205810546875,0.9713134765625,-15.93017578125,-11.474609375,-1.64794921875
0.1778564453125,-0.2322998046875,0.9718017578125,-15.68603515625,-10.7421875,-2.5634765625
0.1878662109375,-0.2362060546875,0.9559326171875,-14.22119140625,-10.55908203125,-4.21142578125
0.2236328125,-0.2401123046875,0.9580078125,-11.8408203125,-10.8642578125,-5.92041015625
0.2772216796875,-0.2540283203125,0.9554443359375,-7.38525390625,-10.3759765625,-7.01904296875
0.2689208984375,-0.248291015625,0.9613037109375,-1.8310546875,-9.6435546875,-7.87353515625
0.239990234375,-0.250732421875,0.975830078125,2.38037109375,-8.544921875,-8.48388671875
0.2440185546875,-0.2451171875,0.974853515625,5.06591796875,-7.6904296875,-8.6669921875
0.2462158203125,-0.2423095703125,0.95947265625,6.16455078125,-6.77490234375,-8.23974609375
0.248779296875,-0.2408447265625,0.9471435546875,7.14111328125,-6.103515625,-7.38525390625
0.249267578125,-0.239990234375,0.9417724609375,7.568359375,-6.04248046875,-5.9814453125
0.250732421875,-0.2435302734375,0.9405517578125,7.14111328125,-7.26318359375,-4.69970703125
0.2508544921875,-0.2568359375,0.938720703125,5.55419921875,-8.30078125,-4.0283203125
0.2613525390625,-0.2720947265625,0.9417724609375,3.23486328125,-8.23974609375,-3.41796875
0.266357421875,-0.2740478515625,0.9432373046875,0.9765625,-7.6904296875,-3.47900390625
0.259033203125,-0.26953125,0.9442138671875,0.48828125,-6.8359375,-5.0048828125
0.2528076171875,-0.267822265625,0.9461669921875,0.06103515625,-7.14111328125,-10.19287109375
0.2489013671875,-0.2684326171875,0.947998046875,0.06103515625,-8.48388671875,-13.24462890625
0.254638671875,-0.260009765625,0.9525146484375,0.48828125,-9.6435546875,-14.6484375
0.2686767578125,-0.2454833984375,0.9549560546875,1.77001953125,-10.07080078125,-14.34326171875
0.2728271484375,-0.2340087890625,0.951904296875,3.23486328125,-12.6953125,-14.95361328125
0.2677001953125,-0.224609375,0.9459228515625,2.50244140625,-18.310546875,-14.70947265625
0.268798828125,-0.2183837890625,0.94140625,-0.1220703125,-24.35302734375,-15.869140625
0.2734375,-0.236572265625,0.9378662109375,-3.662109375,-31.6162109375,-18.6767578125
0.2698974609375,-0.250244140625,0.937255859375,-7.62939453125,-39.85595703125,-21.6064453125
0.266845703125,-0.243896484375,0.9364013671875,-11.90185546875,-50.35400390625,-26.9775390625
0.280517578125,-0.2554931640625,0.940185546875,-15.44189453125,-66.71142578125,-28.564453125
0.2874755859375,-0.272216796875,0.978759765625,-18.5546875,-83.80126953125,-30.94482421875
0.2860107421875,-0.2857666015625,1.0081787109375,-15.9912109375,-101.5625,-35.64453125
0.2799072265625,-0.2835693359375,1.0367431640625,-16.357421875,-119.44580078125,-35.0341796875
0.26513671875,-0.231201171875,1.04931640625,-16.4794921875,-150.93994140625,-36.68212890625
0.2635498046875,-0.2208251953125,1.0408935546875,-18.06640625,-195.1904296875,-44.3115234375
0.266357421875,-0.2132568359375,1.05517578125,-16.357421875,-224.18212890625,-62.43896484375
0.29052734375,-0.210693359375,1.079345703125,-15.07568359375,-240.6005859375,-86.48681640625
0.2891845703125,-0.2498779296875,1.0877685546875,-13.5498046875,-271.91162109375,-99.12109375
0.2850341796875,-0.2635498046875,1.0885009765625,-9.033203125,-316.71142578125,-100.7080078125
0.2723388671875,-0.266845703125,1.083984375,-16.11328125,-362.73193359375,-113.1591796875
0.29931640625,-0.2532958984375,1.1126708984375,-21.17919921875,-388.18359375,-132.75146484375
0.274658203125,-0.2215576171875,1.2158203125,-35.46142578125,-337.70751953125,-123.53515625
0.2115478515625,-0.22607421875,1.2017822265625,-37.7197265625,-294.921875,-89.599609375
0.2510986328125,-0.243408203125,1.15380859375,-20.6298828125,-219.05517578125,-47.05810546875
0.2904052734375,-0.2437744140625,1.207763671875,53.1005859375,-101.6845703125,-62.43896484375
0.2640380859375,-0.31982421875,1.2781982421875,150.390625,-7.99560546875,-55.48095703125
0.16748046875,-0.40771484375,1.38916015625,199.27978515625,51.69677734375,-47.7294921875
-0.0343017578125,-0.4486083984375,1.7586669921875,69.03076171875,80.56640625,-40.0390625
0.06884765625,-0.4576416015625,2.193359375,8.36181640625,100.341796875,-37.04833984375
-0.0694580078125,-0.2022705078125,2.0509033203125,-17.333984375,120.7275390625,-31.1279296875
-0.1729736328125,-0.3807373046875,1.817626953125,-7.14111328125,122.802734375,-20.751953125
0.2734375,-0.906494140625,2.2308349609375,11.962890625,141.845703125,-12.0849609375
0.5860595703125,-0.6478271484375,3.3538818359375,18.12744140625,161.2548828125,-5.92041015625
0.7607421875,-0.7584228515625,3.943115234375,13.48876953125,177.8564453125,-3.23486328125
0.63232421875,-0.72265625,3.0438232421875,1.89208984375,188.65966796875,-1.40380859375
0.5087890625,-0.385009765625,1.61181640625,-8.4228515625,195.49560546875,-0.06103515625
0.609619140625,-0.5123291015625,0.8990478515625,-15.31982421875,204.7119140625,2.5634765625
0.10107421875,-0.76171875,0.7437744140625,-19.47021484375,214.2333984375,5.31005859375
-0.111328125,-0.626953125,0.7078857421875,-23.8037109375,222.59521484375,7.99560546875
0.6181640625,-0.6954345703125,0.7354736328125,-26.91650390625,230.77392578125,9.521484375
-0.0648193359375,-0.65087890625,0.7769775390625,-28.99169921875,239.2578125,9.6435546875
-1.190673828125,-0.4866943359375,0.7557373046875,-28.13720703125,247.6806640625,8.36181640625
-1.0457763671875,-0.39794921875,0.7249755859375,-25.0244140625,256.34765625,7.62939453125
-0.8907470703125,-0.3304443359375,0.7374267578125,-22.216796875,260.25390625,5.67626953125
-0.883544921875,-0.2939453125,0.815185546875,-21.42333984375,246.88720703125,7.01904296875
-0.7281494140625,-0.2686767578125,0.9285888671875,-23.681640625,252.3193359375,17.7001953125
-0.6409912109375,-0.2330322265625,1.0474853515625,-24.23095703125,261.65771484375,25.69580078125
-0.566650390625,-0.1998291015625,1.162353515625,-28.25927734375,260.68115234375,38.02490234375
-0.5062255859375,-0.166015625,1.2506103515625,-39.48974609375,245.7275390625,41.748046875
-0.431396484375,-0.1287841796875,1.304443359375,-48.88916015625,236.6943359375,47.91259765625
-0.335205078125,-0.08740234375,1.3466796875,-51.08642578125,227.6611328125,51.45263671875
-0.2530517578125,-0.0535888671875,1.45166015625,-41.6259765625,227.4169921875,60.546875
-0.171875,-0.015380859375,1.4755859375,-13.00048828125,212.7685546875,36.56005859375
-0.0992431640625,0.0482177734375,1.4285888671875,3.173828125,71.044921875,17.88330078125
-0.037841796875,0.08251953125,1.500244140625,16.9677734375,130.859375,43.45703125
0.0128173828125,0.095458984375,1.608642578125,81.23779296875,312.19482421875,48.828125
0.0439453125,0.174072265625,1.7646484375,62.5,380.67626953125,44.98291015625
0.053955078125,0.21728515625,1.85791015625,-6.28662109375,303.7109375,56.0302734375
0.1036376953125,0.1907958984375,2.176025390625,-34.1796875,224.365234375,74.3408203125
0.1552734375,0.1527099609375,2.2833251953125,-33.99658203125,178.3447265625,86.0595703125
0.1463623046875,0.1123046875,2.9375,-48.64501953125,147.705078125,90.14892578125
0.1580810546875,-0.029052734375,2.9842529296875,-56.33544921875,124.32861328125,80.26123046875
0.238037109375,-0.0679931640625,1.8370361328125,-37.17041015625,109.619140625,68.54248046875
0.2816162109375,-0.1142578125,1.5615234375,-13.48876953125,94.66552734375,61.09619140625
0.4287109375,-0.12548828125,2.2406005859375,-1.77001953125,59.14306640625,60.11962890625
0.5455322265625,0.055908203125,2.5262451171875,-11.65771484375,14.404296875,50.96435546875
0.6116943359375,0.1573486328125,2.0086669921875,-20.56884765625,-58.77685546875,26.3671875
0.906494140625,-0.0361328125,1.2371826171875,-12.939453125,-108.3984375,14.95361328125
1.3189697265625,-0.1939697265625,0.560302734375,29.23583984375,-54.8095703125,-9.58251953125
1.439697265625,-0.292724609375,0.113525390625,24.10888671875,5.2490234375,-64.453125
1.412841796875,-0.4613037109375,-0.0787353515625,21.54541015625,-49.4384765625,-67.81005859375
1.5330810546875,-0.556396484375,-0.111572265625,36.1328125,-166.1376953125,-33.935546875
1.84033203125,-0.457275390625,-0.1785888671875,-0.42724609375,-235.3515625,9.33837890625
2.133544921875,-0.1959228515625,-0.23779296875,-3.35693359375,-219.482421875,7.99560546875
2.385009765625,0.0528564453125,-0.3936767578125,-18.37158203125,-185.11962890625,-18.61572265625
2.6422119140625,0.099609375,-0.0740966796875,-38.6962890625,-180.60302734375,-16.2353515625
2.9632568359375,-0.042724609375,1.34765625,-36.2548828125,-181.33544921875,4.7607421875
3.186767578125,0.0465087890625,1.7962646484375,-39.36767578125,-170.34912109375,14.09912109375
3.180908203125,0.33154296875,0.8173828125,-40.95458984375,-159.0576171875,2.3193359375
2.97705078125,0.1123046875,0.1767578125,-43.212890625,-149.0478515625,-11.474609375
2.6015625,0.4127197265625,0.4927978515625,-39.73388671875,-136.23046875,-13.0615234375
2.0379638671875,0.5142822265625,1.5179443359375,-36.62109375,-129.638671875,-1.89208984375
0.542236328125,-0.09033203125,2.231201171875,-33.50830078125,-117.49267578125,-1.40380859375
-1.3983154296875,-0.2667236328125,2.120849609375,-28.9306640625,-98.14453125,-5.06591796875
-2.12890625,-0.234375,1.872314453125,-18.798828125,-90.63720703125,-6.7138671875
-1.17333984375,0.060302734375,1.773193359375,-13.916015625,-86.73095703125,-4.94384765625
0.179443359375,0.1502685546875,1.66796875,-17.88330078125,-81.11572265625,-2.0751953125
0.9326171875,-0.335693359375,1.5491943359375,-31.6162109375,-79.7119140625,1.15966796875
0.689453125,-0.5421142578125,1.4964599609375,-46.32568359375,-77.392578125,4.82177734375
0.333984375,-0.2034912109375,1.5233154296875,-58.349609375,-78.4912109375,7.75146484375
0.304443359375,0.1961669921875,1.5860595703125,-58.9599609375,-81.54296875,6.2255859375
0.3851318359375,0.1248779296875,1.4521484375,-53.89404296875,-82.70263671875,4.08935546875
0.37646484375,-0.3226318359375,1.2127685546875,-46.7529296875,-78.2470703125,2.62451171875
0.2935791015625,-0.5361328125,1.0567626953125,-41.68701171875,-70.86181640625,-0.67138671875
0.2454833984375,-0.2928466796875,1.045166015625,-36.2548828125,-57.80029296875,-0.732421875
0.26220703125,-0.076904296875,1.076171875,-28.4423828125,-38.75732421875,0.54931640625
0.3458251953125,-0.2313232421875,1.1109619140625,-15.31982421875,-27.9541015625,0.54931640625
0.390380859375,-0.1778564453125,1.0989990234375,-2.62451171875,-25.146484375,-0.06103515625
0.2388916015625,-0.146240234375,1.05322265625,0.42724609375,-23.25439453125,-0.54931640625
0.148193359375,-0.208740234375,1.0184326171875,-2.62451171875,-20.69091796875,-0.06103515625
0.1806640625,-0.2510986328125,1.01123046875,-7.38525390625,-18.85986328125,-0.67138671875
0.1422119140625,-0.227783203125,1.02685546875,-11.41357421875,-19.4091796875,-1.64794921875
0.1412353515625,-0.211181640625,1.0926513671875,-15.07568359375,-19.6533203125,-1.0986328125
0.1259765625,-0.24951171875,1.1009521484375,-17.27294921875,-19.1650390625,-0.244140625
0.111328125,-0.2598876953125,1.01708984375,-19.04296875,-19.47021484375,-1.0986328125
0.1466064453125,-0.243896484375,0.96337890625,-20.263671875,-19.71435546875,-2.0751953125
0.1806640625,-0.260009765625,0.9578857421875,-19.6533203125,-19.4091796875,-3.11279296875
0.205810546875,-0.2578125,0.9697265625,-17.88330078125,-18.73779296875,-4.5166015625
0.235107421875,-0.244384765625,0.969482421875,-15.13671875,-17.822265625,-5.79833984375
0.2626953125,-0.2606201171875,0.9571533203125,-11.1083984375,-17.02880859375,-6.89697265625
0.2379150390625,-0.2633056640625,0.96240234375,-5.79833984375,-16.6015625,-7.38525390625
0.1961669921875,-0.2569580078125,0.97412109375,-1.64794921875,-16.54052734375,-10.009765625
0.1986083984375,-0.271240234375,0.97314453125,0.732421875,-18.4326171875,-10.55908203125
0.2178955078125,-0.2763671875,0.96435546875,1.89208984375,-17.39501953125,-9.765625
0.218017578125,-0.2762451171875,0.9588623046875,4.5166015625,-14.2822265625,-8.4228515625
0.206298828125,-0.28759765625,0.9556884765625,6.16455078125,-14.09912109375,-6.103515625
0.2188720703125,-0.286865234375,0.9559326171875,6.04248046875,-13.916015625,-3.96728515625
0.2421875,-0.2825927734375,0.9552001953125,5.0048828125,-13.36669921875,-2.38037109375
0.2430419921875,-0.28857421875,0.953125,2.62451171875,-11.8408203125,-2.197265625
0.236572265625,-0.28466796875,0.9503173828125,-0.244140625,-10.6201171875,-2.99072265625
0.241455078125,-0.2794189453125,0.9212646484375,-2.3193359375,-9.82666015625,-3.0517578125
0.24462890625,-0.284912109375,0.923828125,-2.25830078125,-9.1552734375,-3.96728515625
0.2393798828125,-0.291015625,0.945556640625,-0.79345703125,-9.765625,-6.2255859375
0.2384033203125,-0.31884765625,0.9644775390625,0.42724609375,-10.92529296875,-8.85009765625
0.2457275390625,-0.2928466796875,0.9617919921875,1.64794921875,-11.3525390625,-11.1083984375
0.24755859375,-0.251708984375,0.943603515625,2.74658203125,-11.16943359375,-12.5732421875
0.2440185546875,-0.2467041015625,0.9327392578125,3.7841796875,-11.53564453125,-12.02392578125
0.2662353515625,-0.2432861328125,0.9227294921875,4.7607421875,-13.5498046875,-10.6201171875
0.2796630859375,-0.2479248046875,0.9273681640625,4.2724609375,-18.4326171875,-10.25390625
0.29443359375,-0.2626953125,0.9337158203125,2.74658203125,-25.45166015625,-10.80322265625
0.30322265625,-0.2899169921875,0.93359375,-0.6103515625,-32.5927734375,-12.14599609375
0.2919921875,-0.2933349609375,0.9361572265625,-4.5166015625,-39.85595703125,-13.97705078125
0.283203125,-0.2801513671875,0.936767578125,-9.46044921875,-49.31640625,-19.34814453125
0.274658203125,-0.29638671875,0.9449462890625,-14.0380859375,-64.453125,-23.86474609375
0.2843017578125,-0.3072509765625,0.970703125,-16.845703125,-83.8623046875,-28.6865234375
0.292236328125,-0.310302734375,1.001220703125,-17.578125,-103.69873046875,-31.982421875
0.2796630859375,-0.3045654296875,1.024169921875,-18.310546875,-121.39892578125,-30.517578125
0.26904296875,-0.265625,1.033447265625,-19.287109375,-142.9443359375,-26.67236328125
0.28466796875,-0.2320556640625,1.0274658203125,-20.08056640625,-179.0771484375,-23.681640625
0.3017578125,-0.2315673828125,1.0341796875,-23.0712890625,-208.0078125,-30.21240234375
0.2957763671875,-0.2401123046875,1.0633544921875,-17.9443359375,-228.515625,-49.560546875
0.2960205078125,-0.258544921875,1.0843505859375,-11.53564453125,-261.16943359375,-67.7490234375
0.2979736328125,-0.2667236328125,1.09619140625,-17.88330078125,-314.88037109375,-71.8994140625
0.29150390625,-0.271484375,1.0826416015625,-25.45166015625,-377.9296875,-81.54296875
0.2950439453125,-0.2938232421875,1.0712890625,-45.2880859375,-425.537109375,-101.806640625
0.28955078125,-0.296142578125,1.17041015625,-73.3642578125,-438.78173828125,-113.037109375
0.24658203125,-0.27734375,1.2486572265625,-100.89111328125,-415.283203125,-103.69873046875
0.2197265625,-0.248779296875,1.167236328125,-113.76953125,-291.93115234375,-75.439453125
0.2518310546875,-0.2227783203125,1.19140625,-122.37548828125,-174.560546875,-86.48681640625
0.2696533203125,-0.2244873046875,1.2745361328125,69.580078125,-55.35888671875,-82.82470703125
0.220458984375,-0.2769775390625,1.300537109375,181.94580078125,20.99609375,-94.42138671875
-0.0009765625,-0.367431640625,1.5672607421875,115.1123046875,101.318359375,-76.5380859375
-0.282470703125,-0.41796875,2.013671875,20.99609375,141.66259765625,-60.11962890625
-0.2083740234375,-0.1907958984375,2.1824951171875,-17.76123046875,172.9736328125,-48.9501953125
-0.0946044921875,-0.1136474609375,2.0941162109375,-18.61572265625,180.23681640625,-36.19384765625
0.1136474609375,-0.6373291015625,1.8040771484375,-5.2490234375,178.64990234375,-26.0009765625
0.6292724609375,-0.7437744140625,2.79541015625,9.521484375,181.82373046875,-14.70947265625
0.8775634765625,-0.638916015625,3.7664794921875,26.67236328125,188.04931640625,-5.2490234375
0.7230224609375,-0.6859130859375,3.8848876953125,36.80419921875,197.265625,1.708984375
0.2874755859375,-0.1695556640625,3.0123291015625,35.15625,210.63232421875,6.40869140625
0.3065185546875,-0.3372802734375,1.9295654296875,27.2216796875,227.5390625,9.3994140625
0.650634765625,-0.704833984375,1.3592529296875,19.22607421875,241.0888671875,13.97705078125
-0.0430908203125,-0.419921875,0.834716796875,10.43701171875,252.25830078125,17.15087890625
0.6920166015625,-0.549072265625,0.449951171875,1.15966796875,260.68115234375,18.73779296875
0.7640380859375,-0.718017578125,0.3505859375,-2.01416015625,268.61572265625,18.37158203125
-0.912109375,-0.6995849609375,0.43115234375,-1.77001953125,277.34375,16.2353515625
-1.2158203125,-0.6075439453125,0.62353515625,1.708984375,285.58349609375,15.80810546875
-0.917236328125,-0.4769287109375,0.8436279296875,8.7890625,282.470703125,15.07568359375
-0.9085693359375,-0.3514404296875,0.9981689453125,14.83154296875,272.76611328125,37.4755859375
-0.9068603515625,-0.2919921875,1.080078125,22.216796875,301.025390625,43.88427734375
-0.8153076171875,-0.26416015625,1.129150390625,26.611328125,294.25048828125,50.47607421875
-0.6915283203125,-0.2431640625,1.172607421875,-20.8740234375,283.935546875,55.7861328125
-0.560791015625,-0.2197265625,1.2408447265625,-30.1513671875,269.95849609375,59.02099609375
-0.4281005859375,-0.1719970703125,1.31201171875,-31.18896484375,264.0380859375,57.861328125
-0.3204345703125,-0.108642578125,1.3724365234375,-21.30126953125,265.13671875,17.333984375
-0.2408447265625,-0.0609130859375,1.5240478515625,4.2724609375,124.45068359375,29.6630859375
-0.1646728515625,-0.0350341796875,1.5924072265625,29.1748046875,276.91650390625,58.16650390625
-0.0853271484375,-0.0047607421875,1.7620849609375,113.6474609375,398.3154296875,62.92724609375
-0.0107421875,0.0274658203125,1.8289794921875,37.65869140625,351.98974609375,103.1494140625
0.0443115234375,0.067626953125,1.9281005859375,-48.03466796875,207.51953125,127.86865234375
0.0736083984375,0.161865234375,2.068359375,-66.46728515625,134.033203125,127.9296875
0.0909423828125,0.111083984375,2.248046875,-86.48681640625,83.251953125,96.25244140625
0.159912109375,0.030517578125,2.5120849609375,-55.419921875,66.162109375,52.06298828125
0.28173828125,-0.0780029296875,2.7200927734375,-8.7890625,42.90771484375,14.58740234375
0.310546875,-0.1776123046875,1.5606689453125,8.7890625,-34.48486328125,17.9443359375
0.357421875,-0.2120361328125,1.34814453125,-5.79833984375,-52.3681640625,26.0009765625
0.41845703125,-0.828125,1.8848876953125,-38.6962890625,-91.796875,19.34814453125
0.4991455078125,-0.4256591796875,1.3270263671875,-28.01513671875,-41.68701171875,-5.31005859375
0.636474609375,-0.4442138671875,0.5946044921875,-3.0517578125,31.18896484375,-63.5986328125
1.6241455078125,-0.57763671875,0.1309814453125,15.0146484375,-22.27783203125,-80.2001953125
2.064697265625,-0.6849365234375,-0.14599609375,10.1318359375,-159.3017578125,-40.83251953125
1.9798583984375,-0.9197998046875,-0.3916015625,-16.66259765625,-243.46923828125,3.662109375
2.0498046875,-0.578125,-0.4234619140625,-18.61572265625,-203.857421875,-2.3193359375
