0.308349609375,-0.16162109375,0.95654296875,0.0,-0.18310546875,0.244140625
0.3084716796875,-0.1619873046875,0.9569091796875,0.0,-0.18310546875,0.244140625
0.3089599609375,-0.16162109375,0.9561767578125,-0.06103515625,-0.18310546875,0.244140625
0.3076171875,-0.160888671875,0.955810546875,-0.18310546875,-0.1220703125,0.18310546875
0.3060302734375,-0.1602783203125,0.9554443359375,-0.30517578125,-0.18310546875,0.244140625
0.306884765625,-0.1612548828125,0.955078125,-0.42724609375,-0.18310546875,0.244140625
0.308837890625,-0.161865234375,0.9564208984375,-0.42724609375,-0.244140625,0.18310546875
0.3094482421875,-0.160888671875,0.9564208984375,-0.42724609375,-0.30517578125,0.1220703125
0.3096923828125,-0.1605224609375,0.9564208984375,-0.48828125,-0.30517578125,0.1220703125
0.3096923828125,-0.160888671875,0.9564208984375,-0.3662109375,-0.30517578125,0.18310546875
0.3076171875,-0.16015625,0.955810546875,-0.30517578125,-0.3662109375,0.18310546875
0.3082275390625,-0.160400390625,0.9564208984375,-0.244140625,-0.3662109375,0.244140625
0.3092041015625,-0.16064453125,0.95654296875,-0.18310546875,-0.3662109375,0.1220703125
0.3077392578125,-0.1607666015625,0.9552001953125,-0.1220703125,-0.3662109375,0.18310546875
0.308349609375,-0.16064453125,0.95556640625,-0.244140625,-0.3662109375,0.18310546875
0.3079833984375,-0.162109375,0.9561767578125,-0.18310546875,-0.48828125,0.18310546875
0.3076171875,-0.1617431640625,0.9564208984375,-0.244140625,-0.3662109375,0.244140625
0.30712890625,-0.1624755859375,0.9569091796875,-0.42724609375,-0.3662109375,0.244140625
0.3070068359375,-0.1622314453125,0.956298828125,-0.30517578125,-0.48828125,0.18310546875
0.30517578125,-0.160400390625,0.955078125,-0.30517578125,-0.48828125,0.18310546875
0.30517578125,-0.162109375,0.95849609375,-0.48828125,-0.42724609375,0.18310546875
0.3067626953125,-0.161376953125,0.956787109375,-0.48828125,-0.42724609375,0.18310546875
0.307373046875,-0.1611328125,0.95556640625,-0.48828125,-0.3662109375,0.42724609375
0.306640625,-0.1630859375,0.9561767578125,-0.48828125,-0.1220703125,0.6103515625
0.306884765625,-0.1617431640625,0.956787109375,-0.42724609375,-0.06103515625,0.8544921875
0.304443359375,-0.1607666015625,0.9560546875,-0.3662109375,0.0,1.15966796875
0.304443359375,-0.1612548828125,0.95556640625,-0.42724609375,0.0,1.3427734375
0.309326171875,-0.162353515625,0.9566650390625,-0.54931640625,-0.1220703125,1.3427734375
0.3072509765625,-0.1629638671875,0.95654296875,-0.67138671875,-0.1220703125,1.0986328125
0.3074951171875,-0.162353515625,0.9559326171875,-0.91552734375,-0.244140625,-1.52587890625
0.3084716796875,-0.16259765625,0.9556884765625,-1.220703125,-0.3662109375,5.0048828125
0.3076171875,-0.1629638671875,0.9561767578125,-1.3427734375,-0.3662109375,2.9296875
0.3065185546875,-0.1607666015625,0.9564208984375,-1.40380859375,0.48828125,2.50244140625
0.3079833984375,-0.1607666015625,0.9573974609375,-1.220703125,13.97705078125,-2.25830078125
0.3082275390625,-0.1597900390625,0.9595947265625,-4.7607421875,39.1845703125,-0.244140625
0.3076171875,-0.1583251953125,0.9580078125,-52.24609375,61.1572265625,-0.1220703125
0.30859375,-0.1571044921875,0.95751953125,-41.015625,53.1005859375,-0.9765625
0.3087158203125,-0.160888671875,1.019287109375,-18.06640625,48.583984375,-1.0986328125
0.308837890625,-0.1649169921875,1.0032958984375,0.244140625,45.83740234375,-1.0986328125
0.307861328125,-0.16650390625,1.32275390625,3.2958984375,43.88427734375,-1.03759765625
0.3074951171875,-0.1536865234375,1.2197265625,11.5966796875,38.51318359375,-0.3662109375
0.3074951171875,-0.180419921875,0.8758544921875,17.9443359375,31.3720703125,0.732421875
0.3072509765625,-0.2188720703125,0.8701171875,19.775390625,24.10888671875,1.8310546875
0.32421875,-0.248291015625,0.878173828125,19.4091796875,18.4326171875,2.5634765625
0.3333740234375,-0.2288818359375,0.8641357421875,19.287109375,13.3056640625,2.99072265625
0.6060791015625,-0.2838134765625,0.828125,20.08056640625,8.48388671875,3.35693359375
0.5970458984375,-0.29638671875,0.8360595703125,20.81298828125,4.69970703125,4.21142578125
0.1668701171875,-0.2646484375,0.8638916015625,21.78955078125,2.5634765625,4.638671875
0.1868896484375,-0.2322998046875,0.88330078125,23.37646484375,1.15966796875,4.7607421875
0.173583984375,-0.22900390625,0.8851318359375,24.658203125,-0.42724609375,1.89208984375
0.1405029296875,-0.2431640625,0.8907470703125,26.06201171875,-3.35693359375,-0.9765625
0.0943603515625,-0.2464599609375,0.904052734375,27.34375,-6.89697265625,-0.54931640625
0.0767822265625,-0.24072265625,0.923828125,28.86962890625,-14.70947265625,-0.18310546875
0.092529296875,-0.2244873046875,0.93212890625,30.94482421875,-21.17919921875,-1.3427734375
0.10546875,-0.1976318359375,0.92626953125,35.21728515625,-24.47509765625,17.2119140625
0.11279296875,-0.175537109375,0.921630859375,39.61181640625,-27.099609375,17.51708984375
0.114501953125,-0.1697998046875,0.9150390625,41.015625,-27.587890625,18.37158203125
0.1119384765625,-0.173583984375,0.9522705078125,41.8701171875,-37.90283203125,21.30126953125
0.1229248046875,-0.17626953125,0.983154296875,39.85595703125,-39.6728515625,25.390625
0.1385498046875,-0.1783447265625,1.0086669921875,52.79541015625,-35.94970703125,27.7099609375
0.1328125,-0.1978759765625,1.0562744140625,27.03857421875,-29.96826171875,27.28271484375
0.11767578125,-0.225341796875,1.14697265625,13.24462890625,-23.49853515625,24.5361328125
0.1058349609375,-0.2103271484375,1.34521484375,12.8173828125,-16.29638671875,20.1416015625
0.0931396484375,-0.142578125,1.3201904296875,17.51708984375,-8.056640625,15.7470703125
0.079833984375,-0.3187255859375,1.280517578125,14.892578125,2.197265625,13.12255859375
0.0802001953125,-0.2603759765625,1.2470703125,3.23486328125,13.97705078125,11.962890625
0.08251953125,-0.216552734375,1.2144775390625,-10.31494140625,26.91650390625,7.87353515625
-0.076171875,-0.4310302734375,1.198486328125,-19.04296875,39.1845703125,5.0048828125
-0.4298095703125,-0.595947265625,1.1982421875,-21.240234375,49.01123046875,-3.84521484375
-0.51806640625,-0.578125,1.222412109375,-19.287109375,55.7861328125,-0.732421875
-0.652587890625,-0.4205322265625,1.24169921875,-15.44189453125,50.72021484375,3.96728515625
-0.7821044921875,-0.2601318359375,1.25390625,0.6103515625,35.15625,18.00537109375
-0.860107421875,-0.1715087890625,1.2479248046875,2.99072265625,29.6630859375,21.05712890625
-0.89306640625,-0.1505126953125,1.2037353515625,-2.197265625,38.2080078125,22.4609375
-0.8876953125,-0.1470947265625,1.017578125,-12.6953125,64.75830078125,20.1416015625
-0.84521484375,-0.1295166015625,0.9974365234375,-9.521484375,70.37353515625,17.02880859375
-0.79443359375,-0.094482421875,1.0135498046875,-9.70458984375,72.93701171875,13.24462890625
-0.738037109375,0.043701171875,1.3575439453125,-13.0615234375,68.66455078125,9.033203125
-0.66796875,0.0780029296875,1.425048828125,-14.83154296875,63.41552734375,4.5166015625
-0.59423828125,0.0855712890625,1.407958984375,-12.8173828125,57.7392578125,-0.244140625
-0.3951416015625,-0.092529296875,1.243896484375,-11.04736328125,52.490234375,-5.859375
-0.339599609375,-0.12841796875,1.147705078125,-9.27734375,48.4619140625,-11.77978515625
-0.2081298828125,-0.0675048828125,0.972900390625,-7.2021484375,47.05810546875,-17.27294921875
0.166015625,0.02490234375,0.914794921875,-5.31005859375,47.4853515625,-21.97265625
0.2276611328125,0.0404052734375,0.8878173828125,-2.44140625,49.072265625,-30.8837890625
0.310302734375,0.048095703125,0.8875732421875,0.06103515625,51.45263671875,-30.1513671875
0.3397216796875,0.0478515625,0.911376953125,1.77001953125,52.978515625,-28.1982421875
0.341796875,0.0372314453125,0.952880859375,1.46484375,40.8935546875,-25.2685546875
0.353759765625,0.0174560546875,0.9783935546875,-1.52587890625,26.18408203125,-21.42333984375
0.37060546875,-0.0015869140625,0.974853515625,-14.09912109375,19.287109375,-8.544921875
0.399658203125,-0.0194091796875,0.9466552734375,-16.17431640625,12.75634765625,-8.85009765625
0.43505859375,-0.0369873046875,0.8829345703125,-14.0380859375,6.40869140625,28.25927734375
0.478759765625,-0.043701171875,0.63818359375,-11.16943359375,-8.36181640625,34.66796875
0.5299072265625,-0.0423583984375,0.6156005859375,-6.89697265625,-26.123046875,17.333984375
0.56591796875,-0.046142578125,0.625732421875,13.73291015625,-62.98828125,-12.6953125
0.5870361328125,-0.1142578125,0.6322021484375,26.67236328125,-60.72998046875,-21.17919921875
0.5985107421875,-0.1859130859375,0.6385498046875,11.41357421875,-72.1435546875,-4.2724609375
0.589599609375,-0.20654296875,0.7047119140625,10.92529296875,-112.060546875,15.869140625
0.5196533203125,-0.2100830078125,0.5631103515625,-4.8828125,-84.8388671875,18.00537109375
0.5338134765625,-0.209716796875,1.18359375,-46.2646484375,-74.0966796875,-3.662109375
0.5543212890625,-0.190673828125,1.29150390625,-37.04833984375,-72.1435546875,-0.67138671875
0.576171875,-0.2603759765625,0.95458984375,-26.42822265625,-77.2705078125,8.9111328125
0.6007080078125,-0.03173828125,1.2081298828125,-18.98193359375,-73.30322265625,8.85009765625
0.7459716796875,-0.0321044921875,1.6240234375,-22.0947265625,-64.5751953125,1.64794921875
0.7637939453125,0.4666748046875,1.3135986328125,-21.05712890625,-59.87548828125,7.26318359375
0.0223388671875,0.8426513671875,1.04638671875,-16.66259765625,-58.837890625,7.62939453125
-0.5367431640625,-0.3299560546875,1.100830078125,-10.009765625,-52.91748046875,6.89697265625
-0.437744140625,-0.8079833984375,1.1239013671875,-7.14111328125,-41.19873046875,6.34765625
0.3419189453125,-0.7802734375,1.1673583984375,-14.09912109375,-41.32080078125,5.4931640625
0.60693359375,0.31640625,1.13037109375,-14.6484375,-36.376953125,4.21142578125
0.3345947265625,0.008056640625,1.198486328125,-12.63427734375,-32.3486328125,4.21142578125
0.160400390625,-0.4920654296875,1.203369140625,-6.04248046875,-27.28271484375,4.638671875
0.22021484375,-0.530029296875,0.98779296875,-1.3427734375,-21.8505859375,4.150390625
0.2867431640625,-0.149658203125,1.017822265625,1.77001953125,-15.80810546875,3.23486328125
0.4761962890625,0.0216064453125,1.0313720703125,2.5634765625,-9.46044921875,2.0751953125
0.387451171875,-0.139404296875,1.0045166015625,2.99072265625,-0.244140625,1.77001953125
0.3426513671875,-0.157470703125,0.98486328125,0.48828125,0.42724609375,0.54931640625
0.365966796875,-0.175048828125,0.9718017578125,-5.126953125,-0.30517578125,-0.732421875
0.2567138671875,-0.1829833984375,0.9654541015625,-5.92041015625,-0.48828125,-1.953125
0.272705078125,-0.183837890625,0.9638671875,-7.080078125,0.1220703125,-3.11279296875
0.300537109375,-0.184814453125,0.960205078125,-7.9345703125,-0.8544921875,-4.2724609375
0.3104248046875,-0.1929931640625,0.951904296875,-6.89697265625,-2.9296875,-5.43212890625
0.3038330078125,-0.1939697265625,0.96044921875,-4.7607421875,-5.2490234375,-6.04248046875
0.3094482421875,-0.2000732421875,0.9617919921875,-2.38037109375,-6.591796875,-5.9814453125
0.313232421875,-0.199951171875,0.9447021484375,-1.03759765625,-7.4462890625,-5.4931640625
0.313232421875,-0.19384765625,0.945068359375,0.06103515625,-8.36181640625,-3.84521484375
0.29443359375,-0.19287109375,0.9464111328125,0.3662109375,-8.60595703125,-2.25830078125
0.2666015625,-0.1990966796875,0.9483642578125,1.40380859375,-12.0849609375,0.54931640625
0.2703857421875,-0.2264404296875,0.9434814453125,1.46484375,-11.8408203125,2.13623046875
0.2862548828125,-0.220947265625,0.9393310546875,0.67138671875,-11.474609375,5.9814453125
0.2803955078125,-0.2171630859375,0.943603515625,-0.244140625,-12.51220703125,7.8125
0.2589111328125,-0.21630859375,0.947509765625,-0.18310546875,-21.05712890625,3.5400390625
0.262939453125,-0.2220458984375,0.958740234375,-0.48828125,-25.08544921875,-3.84521484375
0.270263671875,-0.22314453125,0.95458984375,0.9765625,-45.41015625,-9.3994140625
0.2723388671875,-0.210693359375,0.95068359375,0.8544921875,-55.5419921875,-12.8173828125
0.2728271484375,-0.1796875,0.952880859375,-2.44140625,-67.44384765625,-17.2119140625
0.2818603515625,-0.16650390625,0.9425048828125,-5.67626953125,-80.6884765625,-16.66259765625
0.2877197265625,-0.17138671875,0.9581298828125,-8.30078125,-96.19140625,-9.58251953125
0.29248046875,-0.1719970703125,1.0579833984375,-11.41357421875,-147.64404296875,-18.24951171875
0.3311767578125,-0.1729736328125,1.07177734375,-13.427734375,-180.0537109375,-36.07177734375
0.3197021484375,-0.1640625,1.073974609375,-7.568359375,-237.12158203125,-78.18603515625
0.30712890625,-0.1939697265625,1.076904296875,-14.70947265625,-282.3486328125,-89.29443359375
0.3082275390625,-0.2451171875,1.1219482421875,-7.01904296875,-320.86181640625,-106.4453125
0.2823486328125,-0.267822265625,1.150390625,-20.93505859375,-420.7763671875,-116.8212890625
0.3536376953125,-0.23388671875,1.107177734375,-30.33447265625,-437.68310546875,-135.31494140625
0.3245849609375,-0.2347412109375,1.1746826171875,-90.63720703125,-428.1005859375,-134.70458984375
0.3277587890625,-0.195556640625,1.368408203125,-90.6982421875,-389.58740234375,-133.4228515625
0.3572998046875,-0.1666259765625,1.35302734375,-72.8759765625,-344.1162109375,-90.02685546875
0.3472900390625,-0.1920166015625,1.9786376953125,-65.49072265625,-274.47509765625,-125.8544921875
0.2525634765625,-0.2767333984375,2.215087890625,10.009765625,-118.2861328125,-109.130859375
-0.044921875,-0.330078125,2.3590087890625,97.7783203125,28.86962890625,-57.06787109375
-0.364990234375,-0.3336181640625,2.2928466796875,157.8369140625,137.87841796875,-30.70068359375
0.4061279296875,-0.5460205078125,2.062255859375,72.8759765625,161.4990234375,-8.11767578125
0.61376953125,-0.5413818359375,2.77001953125,18.6767578125,200.62255859375,8.72802734375
0.8485107421875,-0.5614013671875,3.8004150390625,29.47998046875,215.8203125,18.4326171875
0.6693115234375,-0.75341796875,3.907958984375,23.37646484375,227.6611328125,20.751953125
0.4954833984375,-0.427001953125,1.3211669921875,8.23974609375,238.1591796875,17.63916015625
0.500244140625,-0.02001953125,1.2430419921875,-3.41796875,248.22998046875,12.02392578125
0.5987548828125,-0.042236328125,0.9752197265625,-15.0146484375,258.544921875,4.8828125
0.290771484375,-0.6832275390625,0.8870849609375,-22.5830078125,265.31982421875,-0.48828125
0.5374755859375,-0.7490234375,0.8402099609375,-28.9306640625,268.9208984375,-10.43701171875
0.906494140625,-0.7078857421875,0.8575439453125,-36.62109375,270.93505859375,-8.36181640625
-1.00634765625,-0.6092529296875,0.9384765625,-42.236328125,274.35302734375,-2.9296875
-0.7486572265625,-0.4677734375,1.009033203125,-43.15185546875,283.87451171875,4.33349609375
-0.5867919921875,-0.3128662109375,1.063720703125,-42.3583984375,284.72900390625,13.00048828125
-0.499755859375,-0.159912109375,1.14990234375,-39.1845703125,283.87451171875,23.3154296875
-0.394287109375,-0.0057373046875,1.2469482421875,-42.48046875,278.74755859375,43.212890625
-0.2718505859375,0.122802734375,1.3499755859375,-45.59326171875,268.37158203125,49.74365234375
-0.1337890625,0.205322265625,1.56640625,-49.4384765625,257.14111328125,50.96435546875
-0.0242919921875,0.245361328125,1.5755615234375,-52.734375,251.3427734375,21.97265625
0.0506591796875,0.252197265625,1.587890625,-50.048828125,253.96728515625,7.2021484375
0.10009765625,0.3057861328125,1.5694580078125,-27.83203125,250.54931640625,-0.48828125
0.146240234375,0.3067626953125,1.5589599609375,-18.6767578125,246.09375,0.67138671875
0.2032470703125,0.2847900390625,1.66845703125,-4.45556640625,251.03759765625,8.48388671875
0.3411865234375,0.2532958984375,2.2373046875,-12.87841796875,242.1875,22.3388671875
0.3529052734375,0.218994140625,2.382568359375,-18.06640625,214.66064453125,35.5224609375
0.3558349609375,0.1732177734375,2.1072998046875,-16.6015625,173.2177734375,44.7998046875
0.343994140625,0.080810546875,2.2490234375,-13.85498046875,128.7841796875,49.74365234375
0.325439453125,0.085205078125,2.1986083984375,-6.2255859375,90.02685546875,51.6357421875
0.357666015625,0.1505126953125,1.62158203125,4.7607421875,60.72998046875,52.91748046875
0.6226806640625,0.3985595703125,0.8538818359375,14.58740234375,33.69140625,53.3447265625
0.786376953125,0.2362060546875,0.35498046875,17.2119140625,13.12255859375,51.26953125
1.1583251953125,0.021728515625,0.19140625,8.1787109375,-17.27294921875,43.3349609375
2.0380859375,-0.162353515625,0.150146484375,-10.43701171875,-43.88427734375,13.18359375
2.3441162109375,-0.3314208984375,0.05712890625,-16.90673828125,-60.48583984375,-20.08056640625
2.499267578125,-0.447998046875,-0.1815185546875,-8.056640625,-62.80517578125,-28.50341796875
2.526123046875,-0.455078125,-0.3294677734375,2.685546875,-51.57470703125,-0.48828125
2.578125,-0.316162109375,-0.221923828125,6.103515625,-92.529296875,27.52685546875
2.7027587890625,-0.112060546875,0.0145263671875,0.8544921875,-162.841796875,11.1083984375
2.84619140625,-0.0260009765625,0.2529296875,-7.26318359375,-232.177734375,-18.37158203125
2.952880859375,-0.1343994140625,0.5084228515625,-35.64453125,-239.013671875,15.19775390625
2.9996337890625,-0.29248046875,1.472412109375,-72.3876953125,-229.4921875,1.03759765625
2.9151611328125,-0.260009765625,0.3719482421875,-86.181640625,-208.6181640625,-7.6904296875
2.7286376953125,-0.067138671875,-0.165283203125,-83.740234375,-148.74267578125,2.50244140625
2.5262451171875,0.1370849609375,0.4638671875,-70.25146484375,-138.61083984375,3.41796875
2.2864990234375,0.296875,1.724365234375,-30.2734375,-130.92041015625,8.36181640625
1.0220947265625,0.398193359375,2.435302734375,-27.16064453125,-120.7275390625,8.4228515625
-1.4305419921875,0.39990234375,2.29296875,-20.56884765625,-72.998046875,4.57763671875
-1.91162109375,0.5008544921875,1.62353515625,-8.4228515625,-60.9130859375,5.859375
-0.8128662109375,0.673095703125,1.499755859375,0.6103515625,-55.60302734375,8.7890625
0.2601318359375,0.2034912109375,1.430908203125,-5.2490234375,-55.48095703125,9.33837890625
0.949951171875,-0.092529296875,1.4483642578125,-10.986328125,-54.0771484375,10.80322265625
1.1162109375,0.220458984375,1.1580810546875,-19.47021484375,-53.16162109375,4.69970703125
0.905517578125,-0.1231689453125,1.144287109375,-26.7333984375,-51.94091796875,1.8310546875
0.44580078125,-0.732666015625,1.1512451171875,-35.94970703125,-52.06298828125,-0.1220703125
0.4056396484375,-0.1187744140625,1.13232421875,-43.15185546875,-53.28369140625,-1.89208984375
0.3934326171875,-0.2137451171875,1.05419921875,-48.03466796875,-49.86572265625,-4.2724609375
0.3990478515625,-0.0360107421875,1.0189208984375,-45.71533203125,-42.66357421875,-3.84521484375
0.3037109375,0.0054931640625,1.0072021484375,-33.99658203125,-35.46142578125,-3.23486328125
0.2864990234375,-0.0946044921875,0.9998779296875,-17.39501953125,-29.1748046875,-1.5869140625
0.2357177734375,-0.0970458984375,1.0106201171875,-5.4931640625,-21.17919921875,-0.18310546875
0.2425537109375,-0.081787109375,1.0435791015625,-3.7841796875,-16.29638671875,-0.732421875
0.2198486328125,-0.148193359375,1.0482177734375,0.1220703125,-13.73291015625,-2.197265625
0.1925048828125,-0.1689453125,1.033935546875,-0.6103515625,-13.12255859375,-5.55419921875
0.1939697265625,-0.2164306640625,1.0341796875,-5.67626953125,-11.16943359375,-6.103515625
0.20849609375,-0.251708984375,1.0157470703125,-6.77490234375,-9.21630859375,-7.01904296875
0.2337646484375,-0.2318115234375,0.9681396484375,-5.37109375,-8.60595703125,-6.591796875
0.2447509765625,-0.2093505859375,0.9686279296875,-4.39453125,-10.19287109375,-5.67626953125
0.2501220703125,-0.2332763671875,0.9688720703125,3.72314453125,-10.986328125,-4.5166015625
0.2674560546875,-0.209716796875,0.9666748046875,4.2724609375,-11.65771484375,-2.685546875
0.30810546875,-0.188232421875,0.97021484375,4.2724609375,-13.0615234375,0.48828125
0.305419921875,-0.203857421875,0.9447021484375,3.0517578125,-14.34326171875,0.9765625
0.2691650390625,-0.208740234375,0.947265625,2.13623046875,-15.44189453125,0.67138671875
0.267822265625,-0.206298828125,0.9471435546875,1.220703125,-17.822265625,-3.35693359375
0.2755126953125,-0.21142578125,0.9586181640625,1.28173828125,-19.59228515625,-3.47900390625
0.2716064453125,-0.212646484375,0.9591064453125,0.48828125,-21.54541015625,-3.173828125
0.2733154296875,-0.213134765625,0.9603271484375,2.197265625,-26.91650390625,-5.92041015625
0.2623291015625,-0.1717529296875,0.952392578125,4.39453125,-31.18896484375,-10.1318359375
0.2684326171875,-0.1646728515625,0.9453125,4.8828125,-36.07177734375,-15.869140625
0.2874755859375,-0.165283203125,0.946533203125,1.5869140625,-44.00634765625,-17.9443359375
0.2923583984375,-0.17041015625,0.9434814453125,-2.74658203125,-53.28369140625,-19.04296875
0.283935546875,-0.1907958984375,0.9661865234375,-7.26318359375,-64.51416015625,-17.63916015625
0.2874755859375,-0.199951171875,1.022705078125,-10.6201171875,-80.62744140625,-19.775390625
0.30078125,-0.2161865234375,1.0540771484375,-11.474609375,-98.388671875,-32.3486328125
0.2958984375,-0.225341796875,1.0792236328125,-10.7421875,-158.447265625,-39.97802734375
0.29345703125,-0.1552734375,1.089599609375,-9.70458984375,-198.91357421875,-55.6640625
0.279541015625,-0.1634521484375,1.0950927734375,-12.14599609375,-260.009765625,-63.96484375
0.2733154296875,-0.200439453125,1.1243896484375,-10.07080078125,-299.31640625,-65.24658203125
0.329833984375,-0.2333984375,1.1170654296875,7.75146484375,-337.70751953125,-83.1298828125
0.3243408203125,-0.2191162109375,1.1622314453125,-4.638671875,-388.97705078125,-105.16357421875
0.3121337890625,-0.2015380859375,1.1260986328125,-25.32958984375,-430.7861328125,-130.31005859375
0.314208984375,-0.1861572265625,1.1434326171875,-50.84228515625,-439.3310546875,-107.2998046875
0.310791015625,-0.189208984375,1.3583984375,-77.5146484375,-410.64453125,-105.712890625
0.3043212890625,-0.261962890625,1.4935302734375,-70.49560546875,-359.4970703125,-82.82470703125
0.3060302734375,-0.246826171875,1.56640625,-50.4150390625,-274.169921875,-95.39794921875
0.2430419921875,-0.3729248046875,2.0653076171875,-42.78564453125,-122.61962890625,-92.28515625
0.27099609375,-0.26904296875,2.60009765625,191.89453125,1.8310546875,-83.67919921875
-0.5440673828125,0.0526123046875,2.7713623046875,187.19482421875,51.57470703125,-68.90869140625
0.0843505859375,-0.2723388671875,2.495361328125,33.50830078125,70.98388671875,-52.490234375
0.5159912109375,-0.867431640625,2.71435546875,-14.0380859375,85.63232421875,-36.07177734375
0.90771484375,-0.69970703125,3.718505859375,-6.16455078125,104.67529296875,-23.681640625
0.9068603515625,-0.5535888671875,3.77783203125,17.39501953125,130.43212890625,-15.80810546875
0.769287109375,-0.5518798828125,2.6727294921875,29.78515625,162.353515625,-11.90185546875
0.5985107421875,-0.0635986328125,1.5384521484375,31.982421875,191.83349609375,-11.65771484375
0.50439453125,-0.119140625,1.2442626953125,31.55517578125,216.796875,-13.427734375
0.335205078125,-0.3135986328125,1.19384765625,26.611328125,235.4736328125,-15.0146484375
1.251220703125,-0.6097412109375,1.2183837890625,19.47021484375,249.0234375,-16.78466796875
1.186767578125,-0.6634521484375,1.2216796875,10.19287109375,259.09423828125,-18.49365234375
-0.4508056640625,-0.6160888671875,1.1358642578125,-1.15966796875,267.76123046875,-15.13671875
-1.099609375,-0.538818359375,1.0068359375,-13.24462890625,276.30615234375,-10.68115234375
-1.0341796875,-0.4625244140625,0.9029541015625,-23.13232421875,285.400390625,-6.2255859375
-0.82470703125,-0.332275390625,0.8424072265625,-30.70068359375,288.57421875,-2.62451171875
-0.68505859375,-0.21044921875,0.7996826171875,-39.73388671875,289.73388671875,0.54931640625
-0.5634765625,-0.101318359375,0.822998046875,-40.283203125,291.1376953125,3.60107421875
-0.498291015625,-0.003173828125,0.888427734375,-36.9873046875,293.3349609375,6.9580078125
-0.4285888671875,0.0699462890625,1.03076171875,-35.400390625,295.0439453125,11.04736328125
-0.3382568359375,0.1278076171875,1.112548828125,-37.109375,293.9453125,15.13671875
-0.2432861328125,0.151123046875,1.1956787109375,-41.07666015625,289.73388671875,17.15087890625
-0.158447265625,0.14111328125,1.290771484375,-47.36328125,282.89794921875,15.13671875
-0.07568359375,0.118408203125,1.3907470703125,-52.734375,276.06201171875,15.56396484375
-0.0064697265625,0.1199951171875,1.47900390625,-52.79541015625,274.90234375,18.85986328125
0.0574951171875,0.171142578125,1.5499267578125,-44.61669921875,287.29248046875,19.6533203125
0.096435546875,0.2333984375,1.6129150390625,-30.82275390625,297.54638671875,18.49365234375
0.1343994140625,0.2801513671875,1.7005615234375,-14.58740234375,296.44775390625,17.333984375
0.18115234375,0.2987060546875,1.9134521484375,-17.02880859375,290.283203125,27.52685546875
0.229736328125,0.2816162109375,2.27685546875,-22.3388671875,278.4423828125,39.306640625
0.262451171875,0.2479248046875,2.7374267578125,-30.09033203125,256.8359375,51.8798828125
0.282470703125,0.21044921875,2.4967041015625,-35.33935546875,197.265625,57.55615234375
0.3052978515625,0.1856689453125,2.2117919921875,-29.78515625,160.400390625,56.5185546875
0.3458251953125,0.14208984375,1.9410400390625,2.13623046875,122.6806640625,57.31201171875
0.4208984375,0.1282958984375,1.7427978515625,29.72412109375,82.45849609375,63.1103515625
0.555908203125,0.177001953125,1.5576171875,57.0068359375,45.0439453125,75.86669921875
0.984375,0.2724609375,1.048095703125,68.2373046875,8.6669921875,30.1513671875
1.4368896484375,0.2630615234375,0.771240234375,47.42431640625,-20.99609375,-36.2548828125
1.6676025390625,0.164306640625,0.4697265625,13.671875,-125.30517578125,-56.15234375
1.84423828125,-0.1798095703125,0.074462890625,-10.3759765625,-95.8251953125,-19.04296875
1.9903564453125,-0.428955078125,-0.314453125,-1.03759765625,-138.00048828125,9.521484375
2.135986328125,-0.492431640625,-0.5064697265625,28.13720703125,-225.5859375,-4.69970703125
2.51806640625,-0.2413330078125,-0.3499755859375,-34.1796875,-282.28759765625,10.80322265625
2.7264404296875,0.0784912109375,-0.19091796875,-53.22265625,-252.685546875,10.498046875
2.9459228515625,0.149658203125,1.1806640625,-74.8291015625,-207.3974609375,0.48828125
3.19091796875,-0.0379638671875,0.660888671875,-116.39404296875,-190.4296875,0.06103515625
3.333740234375,-0.1187744140625,-0.3463134765625,-72.1435546875,-177.1240234375,12.939453125
3.264404296875,0.3553466796875,0.662109375,-55.0537109375,-164.0625,19.4091796875
3.0362548828125,1.0224609375,2.2606201171875,-42.236328125,-150.390625,10.19287109375
2.2772216796875,0.5528564453125,1.866943359375,-34.3017578125,-133.23974609375,4.94384765625
1.1689453125,0.3861083984375,1.6422119140625,-16.7236328125,-118.1640625,7.99560546875
-2.1790771484375,0.1583251953125,1.5587158203125,7.080078125,-102.96630859375,6.591796875
-1.1529541015625,-0.5618896484375,1.695556640625,12.3291015625,-87.5244140625,5.18798828125
0.6373291015625,-0.3538818359375,1.82568359375,1.64794921875,-73.30322265625,7.26318359375
1.67333984375,0.0738525390625,1.65283203125,-14.70947265625,-65.4296875,8.72802734375
0.4678955078125,0.1536865234375,1.402099609375,-21.17919921875,-64.75830078125,7.75146484375
0.498291015625,-0.3253173828125,1.3038330078125,-28.25927734375,-63.17138671875,8.97216796875
0.5126953125,-0.551025390625,1.227294921875,-38.9404296875,-52.1240234375,7.32421875
0.5887451171875,-0.1763916015625,1.155517578125,-46.08154296875,-47.91259765625,4.33349609375
0.6265869140625,0.1092529296875,1.117919921875,-56.09130859375,-42.90771484375,1.46484375
0.52783203125,-0.0498046875,1.1136474609375,-57.7392578125,-38.330078125,-1.15966796875
0.4071044921875,-0.179443359375,1.07421875,-48.828125,-31.982421875,-3.96728515625
0.38623046875,-0.0355224609375,1.039306640625,-36.0107421875,-28.01513671875,-5.4931640625
0.3662109375,-0.01123046875,1.020263671875,-20.93505859375,-23.13232421875,-2.86865234375
0.2716064453125,-0.1090087890625,1.035888671875,-12.3291015625,-15.380859375,-8.48388671875
0.2548828125,-0.0980224609375,1.0594482421875,-5.126953125,-13.36669921875,-9.46044921875
0.27294921875,-0.1646728515625,1.03759765625,2.62451171875,-8.36181640625,-11.16943359375
0.2430419921875,-0.2000732421875,0.994873046875,4.5166015625,-7.50732421875,-11.8408203125
0.2503662109375,-0.1900634765625,0.981201171875,-3.5400390625,-6.591796875,-10.3759765625
0.248779296875,-0.2027587890625,0.9696044921875,1.708984375,-7.32421875,-8.7890625
0.234619140625,-0.205322265625,0.962646484375,1.8310546875,-8.48388671875,-7.32421875
0.2454833984375,-0.205810546875,0.9832763671875,3.11279296875,-9.6435546875,-5.18798828125
0.2650146484375,-0.2117919921875,0.9605712890625,4.82177734375,-12.20703125,-0.6103515625
0.2740478515625,-0.20166015625,0.95458984375,5.31005859375,-13.61083984375,-0.30517578125
0.2718505859375,-0.193359375,0.9437255859375,5.7373046875,-15.0146484375,-0.6103515625
0.28125,-0.1884765625,0.9522705078125,6.04248046875,-17.578125,-2.685546875
0.2796630859375,-0.18896484375,0.9569091796875,6.34765625,-18.85986328125,-5.9814453125
0.2972412109375,-0.1959228515625,0.9530029296875,4.638671875,-20.81298828125,-4.69970703125
0.28466796875,-0.1778564453125,0.953125,4.7607421875,-25.08544921875,-4.94384765625
0.282470703125,-0.156982421875,0.949951171875,4.45556640625,-30.94482421875,-8.85009765625
0.2789306640625,-0.1571044921875,0.946533203125,3.11279296875,-36.4990234375,-11.1083984375
0.3016357421875,-0.1533203125,0.9515380859375,-0.244140625,-45.59326171875,-12.5732421875
0.3018798828125,-0.1458740234375,0.9595947265625,-4.33349609375,-58.59375,-15.7470703125
0.2918701171875,-0.1522216796875,0.9759521484375,-8.36181640625,-72.69287109375,-15.7470703125
0.289794921875,-0.169921875,1.024169921875,-9.8876953125,-94.78759765625,-15.56396484375
0.2896728515625,-0.1744384765625,1.0567626953125,-12.6953125,-112.60986328125,-12.8173828125
0.292236328125,-0.1829833984375,1.1029052734375,-10.19287109375,-141.78466796875,-20.6298828125
0.2828369140625,-0.1890869140625,1.1151123046875,-9.58251953125,-172.79052734375,-33.26416015625
0.2767333984375,-0.1280517578125,1.130859375,-5.79833984375,-211.0595703125,-53.89404296875
0.2838134765625,-0.17236328125,1.13720703125,-4.5166015625,-255.7373046875,-63.232421875
0.3072509765625,-0.181884765625,1.122314453125,-11.16943359375,-318.90869140625,-63.5986328125
0.31884765625,-0.1561279296875,1.14990234375,0.732421875,-361.2060546875,-80.9326171875
0.2978515625,-0.167236328125,1.15283203125,-3.7841796875,-412.29248046875,-102.4169921875
0.2967529296875,-0.161865234375,1.194091796875,-26.3671875,-446.4111328125,-119.5068359375
0.290283203125,-0.1578369140625,1.11962890625,-41.44287109375,-442.44384765625,-89.84375
0.316650390625,-0.1546630859375,1.429443359375,-49.13330078125,-397.64404296875,-97.96142578125
0.3096923828125,-0.2508544921875,1.557861328125,-27.77099609375,-343.32275390625,-82.82470703125
0.2545166015625,-0.240234375,1.720458984375,0.30517578125,-245.78857421875,-87.34130859375
0.2235107421875,-0.357177734375,2.2598876953125,11.962890625,-82.3974609375,-47.18017578125
0.439453125,-0.2677001953125,2.76904296875,270.44677734375,18.798828125,-27.587890625
-0.3953857421875,-0.01171875,2.8511962890625,156.73828125,53.64990234375,-8.30078125
0.2410888671875,-0.418701171875,2.5355224609375,36.31591796875,93.44482421875,6.16455078125
0.6011962890625,-1.021728515625,2.966552734375,6.2255859375,110.4736328125,16.54052734375
0.9111328125,-0.805908203125,3.900146484375,51.94091796875,133.60595703125,21.6064453125
0.9237060546875,-0.6995849609375,3.56103515625,51.3916015625,157.470703125,22.4609375
0.7696533203125,-0.2298583984375,2.349609375,43.8232421875,180.96923828125,16.9677734375
0.6490478515625,0.245849609375,1.1007080078125,27.40478515625,204.04052734375,12.0849609375
0.560791015625,-0.222412109375,1.0557861328125,11.962890625,224.609375,7.2021484375
0.5645751953125,-0.47509765625,1.039794921875,0.67138671875,253.662109375,4.0283203125
1.4869384765625,-0.742919921875,1.0048828125,-4.57763671875,263.85498046875,5.18798828125
0.8209228515625,-0.6553955078125,0.9964599609375,-3.41796875,273.74267578125,14.95361328125
-0.78857421875,-0.524658203125,1.023193359375,-2.685546875,285.2783203125,21.240234375
-0.9488525390625,-0.371337890625,1.046142578125,-4.45556640625,297.9736328125,33.38623046875
-0.843505859375,-0.270751953125,1.0296630859375,-6.53076171875,313.3544921875,39.48974609375
-0.721435546875,-0.2125244140625,1.066650390625,-10.3759765625,316.34521484375,45.59326171875
-0.6224365234375,-0.1807861328125,1.158203125,-14.70947265625,315.36865234375,52.55126953125
-0.500732421875,-0.11376953125,1.2864990234375,-17.63916015625,309.6923828125,57.7392578125
-0.3729248046875,-0.0726318359375,1.3785400390625,-24.658203125,301.69677734375,35.33935546875
-0.260986328125,-0.056640625,1.4100341796875,-31.6162109375,296.875,30.029296875
-0.081787109375,-0.0830078125,1.4342041015625,-37.7197265625,297.4853515625,20.08056640625
-0.001708984375,-0.1392822265625,1.5550537109375,-36.865234375,315.5517578125,10.43701171875
0.0828857421875,-0.1802978515625,1.64453125,-28.9306640625,315.91796875,4.33349609375
0.163818359375,-0.15283203125,1.7828369140625,-3.662109375,309.9365234375,8.72802734375
0.23193359375,-0.0733642578125,2.0509033203125,-2.13623046875,297.18017578125,19.6533203125
0.28662109375,-0.0411376953125,2.392578125,-13.61083984375,275.57373046875,24.35302734375
0.323486328125,-0.0234375,2.92626953125,-32.1044921875,245.78857421875,17.9443359375
0.38330078125,-0.0101318359375,2.5748291015625,-41.80908203125,202.0263671875,2.5634765625
0.3953857421875,0.00927734375,2.1422119140625,-47.79052734375,157.40966796875,24.2919921875
0.43017578125,-0.158203125,1.802978515625,-41.3818359375,113.4033203125,69.76318359375
0.526123046875,-0.0465087890625,1.4913330078125,-21.6064453125,-39.55078125,30.82275390625
0.6595458984375,0.1142578125,1.0408935546875,-6.28662109375,-84.8388671875,-14.22119140625
1.68017578125,0.0958251953125,0.5928955078125,-29.6630859375,-81.48193359375,25.08544921875
1.968994140625,0.030517578125,0.3360595703125,-5.55419921875,-65.7958984375,1.64794921875
2.2001953125,-0.02099609375,0.154052734375,44.86083984375,-121.39892578125,-38.0859375
2.3951416015625,-0.185546875,-0.8177490234375,12.14599609375,-237.060546875,5.18798828125
2.6016845703125,-0.2991943359375,-0.3712158203125,-24.2919921875,-247.802734375,32.53173828125
2.7471923828125,-0.0906982421875,1.5299072265625,-83.80126953125,-213.9892578125,18.37158203125
2.8861083984375,-0.282470703125,1.3106689453125,-130.126953125,-193.9697265625,-8.36181640625
3.17822265625,-0.762939453125,0.0457763671875,-82.6416015625,-179.01611328125,-4.5166015625
3.6156005859375,0.3055419921875,-0.4285888671875,-46.0205078125,-170.34912109375,20.56884765625
3.5615234375,0.596435546875,2.764892578125,-13.427734375,-159.423828125,25.0244140625
3.2149658203125,1.0322265625,2.1055908203125,4.5166015625,-140.68603515625,6.65283203125
-0.8975830078125,1.2352294921875,1.850341796875,4.39453125,-121.76513671875,5.4931640625
-2.1534423828125,1.02978515625,1.752685546875,2.38037109375,-113.09814453125,6.8359375
-1.7958984375,0.331787109375,1.730712890625,17.02880859375,-85.02197265625,5.18798828125
-0.00390625,-1.397216796875,1.66064453125,19.287109375,-57.67822265625,2.62451171875
1.7596435546875,-0.63525390625,1.5924072265625,-10.6201171875,-52.91748046875,-1.03759765625
1.0838623046875,0.366943359375,1.5390625,-43.39599609375,-35.7666015625,-2.62451171875
0.5238037109375,0.3973388671875,1.381103515625,-40.46630859375,-31.67724609375,-3.96728515625
0.5450439453125,-0.4365234375,1.115966796875,-23.681640625,-28.564453125,-4.8828125
0.5889892578125,-0.669189453125,1.0872802734375,-14.892578125,-24.23095703125,-5.67626953125
0.596435546875,-0.0203857421875,1.0823974609375,-7.4462890625,-22.216796875,-7.8125
0.5323486328125,-0.26806640625,1.0758056640625,0.18310546875,-19.8974609375,-12.75634765625
0.481201171875,-0.1649169921875,1.0565185546875,2.44140625,-16.845703125,-12.8173828125
0.393310546875,-0.1734619140625,1.040771484375,3.35693359375,-15.44189453125,-14.83154296875
0.3182373046875,-0.1783447265625,1.0108642578125,4.39453125,-12.5732421875,-17.88330078125
0.2510986328125,-0.197509765625,0.96826171875,4.150390625,-11.29150390625,-16.4794921875
0.263671875,-0.208740234375,0.9620361328125,4.8828125,-5.0048828125,-12.6953125
0.2308349609375,-0.22314453125,0.9559326171875,-1.15966796875,-5.37109375,-10.25390625
0.266845703125,-0.2230224609375,0.952392578125,1.0986328125,-6.4697265625,-8.48388671875
0.28173828125,-0.2196044921875,0.9534912109375,3.7841796875,-9.33837890625,-7.4462890625
0.2730712890625,-0.21484375,0.94677734375,4.39453125,-10.92529296875,-6.77490234375
0.25830078125,-0.21484375,0.9556884765625,6.89697265625,-12.8173828125,-4.7607421875
0.2652587890625,-0.197021484375,0.94873046875,7.87353515625,-14.83154296875,-3.0517578125
0.2674560546875,-0.1768798828125,0.950927734375,7.75146484375,-16.2353515625,-2.74658203125
0.26171875,-0.1968994140625,0.9552001953125,7.62939453125,-17.7001953125,-3.72314453125
0.2667236328125,-0.18115234375,0.95458984375,6.591796875,-18.98193359375,-3.90625
0.2698974609375,-0.1697998046875,0.9527587890625,4.8828125,-20.32470703125,-3.11279296875
0.2896728515625,-0.1595458984375,0.9520263671875,3.5400390625,-28.1982421875,-3.41796875
0.27734375,-0.154541015625,0.9522705078125,2.5634765625,-33.87451171875,-5.859375
0.300048828125,-0.1549072265625,0.9647216796875,-14.2822265625,-42.54150390625,-7.9345703125
0.3067626953125,-0.162353515625,0.9747314453125,-2.5634765625,-55.11474609375,-11.5966796875
0.3033447265625,-0.15673828125,0.982666015625,-5.92041015625,-72.8759765625,-13.916015625
0.288818359375,-0.1387939453125,0.992919921875,-10.07080078125,-92.59033203125,-50.4150390625
0.285888671875,-0.1468505859375,1.0452880859375,-11.29150390625,-108.33740234375,-74.21875
0.2916259765625,-0.1566162109375,1.0885009765625,-12.26806640625,-132.14111328125,-85.38818359375
0.2935791015625,-0.1651611328125,1.1143798828125,-13.3056640625,-309.4482421875,-84.8388671875
0.2796630859375,-0.1343994140625,1.1572265625,-10.1318359375,-361.572265625,-98.9990234375
0.2744140625,-0.1187744140625,1.1439208984375,6.591796875,-407.71484375,-138.18359375
0.28759765625,-0.15380859375,1.111328125,-16.66259765625,-441.7724609375,-130.4931640625
0.3094482421875,-0.172607421875,1.1282958984375,-32.8369140625,-435.36376953125,-75.1953125
0.298583984375,-0.178466796875,1.293701171875,-39.306640625,-348.93798828125,-33.75244140625
0.291015625,-0.17041015625,1.576416015625,-12.26806640625,-317.56591796875,-26.611328125
0.2608642578125,-0.1561279296875,1.83251953125,13.427734375,-96.435546875,-14.16015625
0.2967529296875,-0.3787841796875,2.2562255859375,107.666015625,86.9140625,-9.765625
0.3223876953125,-0.4520263671875,2.799072265625,143.06640625,110.90087890625,-6.16455078125
0.276123046875,-0.043212890625,2.59912109375,3.90625,161.62109375,-6.4697265625
-0.44287109375,-0.350341796875,2.2735595703125,9.6435546875,185.24169921875,-6.89697265625
0.4578857421875,-1.064208984375,3.88427734375,-15.9912109375,219.23828125,-6.04248046875
0.873046875,-0.623291015625,1.621826171875,-31.3720703125,231.3232421875,-3.90625
0.9822998046875,-1.025634765625,1.4195556640625,-46.9970703125,240.78369140625,-2.38037109375
0.8822021484375,-0.3468017578125,1.16455078125,-45.34912109375,250.244140625,3.96728515625
0.471923828125,-0.6910400390625,1.02099609375,-41.3818359375,268.12744140625,8.1787109375
0.206787109375,-0.5159912109375,0.861328125,-37.7197265625,275.45166015625,12.6953125
1.0992431640625,-0.23046875,0.8743896484375,-39.24560546875,287.17041015625,17.333984375
-1.3851318359375,-0.1446533203125,0.9136962890625,-41.19873046875,294.189453125,21.6064453125
-1.1243896484375,-0.0791015625,0.9755859375,-39.85595703125,303.5888671875,25.5126953125
-0.8326416015625,-0.078125,1.1171875,-36.07177734375,310.24169921875,29.23583984375
-0.7315673828125,-0.0516357421875,1.1990966796875,-35.09521484375,311.4013671875,33.99658203125
-0.5224609375,0.017333984375,1.443359375,-35.888671875,305.48095703125,37.90283203125
-0.40185546875,0.1697998046875,1.604736328125,-35.400390625,294.25048828125,37.90283203125
-0.2879638671875,0.1937255859375,1.728271484375,-35.46142578125,283.02001953125,34.24072265625
-0.1845703125,0.2288818359375,1.778564453125,-37.109375,278.9306640625,32.89794921875
-0.031982421875,0.2752685546875,1.77197265625,-32.28759765625,279.35791015625,33.0810546875
0.0159912109375,0.32568359375,1.732177734375,-21.1181640625,288.02490234375,32.958984375
0.12890625,0.3541259765625,1.7353515625,-16.66259765625,289.24560546875,26.18408203125
0.205078125,0.369140625,1.9310302734375,-1.15966796875,290.1611328125,29.96826171875
0.2838134765625,0.3780517578125,2.3082275390625,9.09423828125,292.17529296875,40.46630859375
0.3359375,0.3763427734375,2.65478515625,14.58740234375,273.37646484375,53.89404296875
0.3585205078125,0.352783203125,2.8270263671875,5.55419921875,257.50732421875,52.734375
0.36181640625,0.3114013671875,2.696533203125,-12.8173828125,224.853515625,35.15625
0.3780517578125,0.2645263671875,2.521728515625,-34.60693359375,176.1474609375,18.61572265625
0.4573974609375,0.0650634765625,2.261962890625,-25.634765625,128.47900390625,11.474609375
0.62744140625,-0.08154296875,1.9686279296875,-0.06103515625,87.95166015625,47.66845703125
0.8382568359375,-0.1175537109375,1.279296875,23.37646484375,42.66357421875,63.41552734375
1.283203125,0.025634765625,0.8411865234375,14.5263671875,8.6669921875,25.390625
1.525634765625,0.146240234375,0.392822265625,-13.427734375,-73.486328125,-19.71435546875
1.8062744140625,-0.0247802734375,0.0736083984375,-48.15673828125,-106.5673828125,-41.32080078125
2.0833740234375,-0.307373046875,-0.146484375,-17.578125,-54.38232421875,8.056640625
2.30029296875,-0.5389404296875,-0.573486328125,11.23046875,-100.64697265625,14.0380859375
2.6785888671875,-0.343505859375,-0.7744140625,0.48828125,-185.36376953125,-0.06103515625
2.8009033203125,0.118408203125,0.0283203125,0.06103515625,-272.705078125,20.01953125
2.9681396484375,0.32373046875,0.1962890625,-40.52734375,-244.32373046875,15.380859375
3.3306884765625,0.0653076171875,1.7470703125,-68.78662109375,-190.49072265625,25.634765625
3.757080078125,-0.80322265625,0.6759033203125,-76.35498046875,-176.6357421875,9.82666015625
3.8961181640625,-0.6146240234375,-0.4761962890625,-49.072265625,-160.46142578125,7.99560546875
3.6611328125,0.204345703125,0.2193603515625,-31.3720703125,-126.28173828125,6.9580078125
2.94189453125,0.148193359375,1.9249267578125,-26.611328125,-117.5537109375,4.150390625
1.956787109375,0.363037109375,1.89306640625,24.90234375,-94.05517578125,-0.1220703125
-1.8807373046875,0.4185791015625,1.6787109375,12.20703125,-51.94091796875,-2.3193359375
-2.547607421875,0.865966796875,1.636474609375,-5.31005859375,-44.921875,-4.21142578125
-1.0955810546875,-1.1151123046875,1.2630615234375,-37.78076171875,-32.89794921875,-5.92041015625
0.5404052734375,-0.5098876953125,1.262939453125,-31.43310546875,-26.79443359375,-7.080078125
1.510009765625,0.2027587890625,1.0836181640625,-19.4091796875,-24.35302734375,-8.9111328125
0.5574951171875,-0.022705078125,1.1285400390625,-11.65771484375,-21.97265625,-10.7421875
0.4937744140625,0.172607421875,1.1422119140625,-6.7138671875,-19.8974609375,-11.29150390625
0.51904296875,-0.2490234375,1.12353515625,-2.9296875,-17.9443359375,-10.1318359375
0.35595703125,-0.1702880859375,1.0548095703125,0.18310546875,-16.29638671875,-13.12255859375
0.3406982421875,-0.16259765625,1.016357421875,1.8310546875,-10.1318359375,-13.73291015625
0.2757568359375,-0.167724609375,0.9921875,2.5634765625,-7.62939453125,-13.24462890625
0.2864990234375,-0.1942138671875,0.9732666015625,-6.103515625,-2.99072265625,-10.07080078125
0.2899169921875,-0.2052001953125,0.9635009765625,-5.92041015625,-2.38037109375,-7.38525390625
0.3057861328125,-0.2265625,0.9576416015625,0.30517578125,-2.99072265625,-5.79833984375
0.2926025390625,-0.23388671875,0.9603271484375,0.48828125,-11.962890625,-4.150390625
0.2744140625,-0.2279052734375,0.97216796875,1.03759765625,-14.7705078125,-3.47900390625
0.27197265625,-0.22314453125,0.947021484375,6.04248046875,-15.7470703125,-3.72314453125
0.267578125,-0.1651611328125,0.9473876953125,5.859375,-16.29638671875,-5.126953125
0.2691650390625,-0.18896484375,0.947021484375,4.0283203125,-19.59228515625,-6.16455078125
0.26806640625,-0.198974609375,0.9532470703125,2.0751953125,-21.78955078125,-8.36181640625
0.2928466796875,-0.1920166015625,0.947021484375,2.01416015625,-28.6865234375,-11.5966796875
0.314697265625,-0.188232421875,0.9525146484375,1.0986328125,-34.97314453125,-19.6533203125
0.283447265625,-0.1602783203125,0.9542236328125,-1.15966796875,-57.06787109375,-22.4609375
0.2845458984375,-0.1572265625,0.9654541015625,-3.173828125,-72.32666015625,-20.93505859375
0.281005859375,-0.1497802734375,0.974853515625,-11.04736328125,-107.91015625,-97.10693359375
0.29248046875,-0.1600341796875,1.0181884765625,-13.36669921875,-163.57421875,-119.44580078125
0.2918701171875,-0.171142578125,1.06591796875,-13.73291015625,-203.7353515625,-18.24951171875
0.2977294921875,-0.1785888671875,1.111572265625,-10.1318359375,-427.6123046875,-5.859375
0.294677734375,-0.174560546875,1.1356201171875,-1.40380859375,-386.71875,10.19287109375
0.2640380859375,-0.145751953125,1.0943603515625,-63.720703125,67.5048828125,15.625
0.2572021484375,-0.1700439453125,1.128173828125,-63.720703125,84.41162109375,5.2490234375
0.3358154296875,-0.196044921875,1.1392822265625,5.4931640625,92.95654296875,-15.9912109375
0.34912109375,-0.1759033203125,2.6295166015625,12.0849609375,162.2314453125,-29.47998046875
0.286865234375,-0.18017578125,2.52490234375,31.1279296875,179.8095703125,-22.76611328125
0.2938232421875,-0.2437744140625,2.74365234375,3.662109375,209.16748046875,-14.58740234375
0.3018798828125,-0.7237548828125,1.4696044921875,-5.06591796875,264.7705078125,-7.50732421875
0.2811279296875,-0.576904296875,1.0479736328125,-10.07080078125,273.92578125,-0.8544921875
0.196533203125,-0.8333740234375,0.8441162109375,-7.62939453125,283.5693359375,7.4462890625
0.635498046875,-0.7987060546875,0.81640625,-12.75634765625,292.41943359375,9.6435546875
0.6966552734375,-0.6226806640625,0.8587646484375,-15.2587890625,301.69677734375,11.71875
-0.4805908203125,0.0880126953125,1.085205078125,-14.6484375,316.650390625,13.85498046875
-1.0684814453125,0.136474609375,1.1676025390625,-15.93017578125,319.580078125,21.97265625
