-0.3770751953125,-0.1165771484375,1.0682373046875,-7.32421875,5.55419921875,8.9111328125
0.3702392578125,-0.2935791015625,1.0447998046875,-6.40869140625,1.708984375,8.056640625
0.6563720703125,-0.52001953125,0.990234375,-5.7373046875,-3.173828125,8.30078125
0.40771484375,-0.2701416015625,0.986572265625,-5.0048828125,-9.6435546875,6.40869140625
0.1148681640625,-0.1456298828125,1.00439453125,0.06103515625,-13.61083984375,5.18798828125
0.0771484375,-0.2215576171875,1.0059814453125,9.3994140625,-18.310546875,4.21142578125
0.223388671875,-0.1973876953125,0.9967041015625,18.37158203125,-21.3623046875,3.5400390625
0.2669677734375,-0.105224609375,0.99658203125,18.12744140625,-22.216796875,2.9296875
0.2144775390625,-0.141845703125,0.972900390625,17.63916015625,-20.93505859375,1.953125
0.1810302734375,-0.2095947265625,0.9168701171875,14.83154296875,-18.798828125,0.54931640625
0.1875,-0.2010498046875,0.8846435546875,11.23046875,-16.7236328125,-0.67138671875
0.2000732421875,-0.223876953125,0.946044921875,7.6904296875,-14.7705078125,-1.40380859375
0.1905517578125,-0.292236328125,0.941162109375,5.126953125,-14.22119140625,-2.38037109375
0.18212890625,-0.3486328125,0.94921875,3.47900390625,-13.3056640625,-2.50244140625
0.1708984375,-0.193115234375,0.9720458984375,3.41796875,-12.14599609375,-1.64794921875
0.1551513671875,-0.2259521484375,0.985107421875,4.39453125,-9.1552734375,-1.89208984375
0.1558837890625,-0.228759765625,0.988037109375,5.4931640625,-8.23974609375,-2.44140625
0.1761474609375,-0.2049560546875,0.98828125,6.103515625,-7.9345703125,-3.2958984375
0.154296875,-0.1966552734375,0.987548828125,5.9814453125,-6.34765625,-3.84521484375
0.17578125,-0.2076416015625,0.9783935546875,6.103515625,-6.2255859375,-5.79833984375
0.2000732421875,-0.220458984375,0.97216796875,5.79833984375,-7.32421875,-1.3427734375
0.2255859375,-0.219970703125,0.975341796875,6.40869140625,-3.5400390625,-0.06103515625
0.240966796875,-0.2249755859375,0.976806640625,6.53076171875,-2.50244140625,0.244140625
0.2437744140625,-0.2281494140625,0.9775390625,6.40869140625,-1.708984375,0.48828125
0.25244140625,-0.2218017578125,0.9713134765625,1.89208984375,-0.67138671875,0.48828125
0.249755859375,-0.2064208984375,0.9700927734375,0.3662109375,0.42724609375,-4.7607421875
0.2496337890625,-0.1971435546875,0.9615478515625,-0.91552734375,9.27734375,-5.43212890625
0.25439453125,-0.202880859375,0.95751953125,-1.8310546875,10.25390625,-6.04248046875
0.26416015625,-0.1956787109375,0.95263671875,-2.44140625,9.58251953125,-6.4697265625
0.2696533203125,-0.20654296875,0.9737548828125,-6.28662109375,9.58251953125,-2.86865234375
0.255615234375,-0.2103271484375,0.96728515625,-7.38525390625,26.91650390625,-1.0986328125
0.248291015625,-0.2305908203125,0.9649658203125,-11.1083984375,47.79052734375,1.64794921875
0.2626953125,-0.150146484375,0.9605712890625,-22.0947265625,69.9462890625,2.01416015625
0.25537109375,-0.1846923828125,0.9610595703125,-47.9736328125,84.53369140625,-2.5634765625
0.2681884765625,-0.18212890625,0.9892578125,-48.76708984375,90.9423828125,-5.0048828125
0.3009033203125,-0.1888427734375,0.96826171875,-33.50830078125,82.763671875,-5.859375
0.27880859375,-0.19580078125,1.0084228515625,-9.6435546875,72.81494140625,-6.591796875
0.2763671875,-0.2095947265625,1.0518798828125,5.43212890625,62.98828125,-6.89697265625
0.278076171875,-0.2039794921875,1.1280517578125,8.11767578125,47.91259765625,-7.32421875
0.27783203125,-0.1907958984375,1.2218017578125,16.6015625,42.66357421875,-7.4462890625
0.2979736328125,-0.183837890625,1.1756591796875,23.4375,39.12353515625,-2.197265625
0.2647705078125,-0.1947021484375,1.1053466796875,21.05712890625,32.1044921875,-1.03759765625
0.2742919921875,-0.248291015625,0.976806640625,15.31982421875,27.16064453125,-0.79345703125
0.3282470703125,-0.3150634765625,0.907470703125,11.41357421875,21.3623046875,-0.3662109375
0.4237060546875,-0.3016357421875,0.904052734375,1.64794921875,15.56396484375,-0.732421875
0.44580078125,-0.2384033203125,0.8955078125,0.0,8.97216796875,-0.79345703125
0.357177734375,-0.204833984375,0.925048828125,-1.46484375,1.953125,0.0
0.2698974609375,-0.2279052734375,0.9158935546875,-2.9296875,-3.84521484375,0.8544921875
0.2041015625,-0.2564697265625,0.9437255859375,-6.16455078125,-8.544921875,0.8544921875
0.1607666015625,-0.142822265625,0.905517578125,-8.36181640625,-11.71875,0.91552734375
0.137939453125,-0.1387939453125,0.862060546875,-6.65283203125,-13.18359375,1.15966796875
0.1038818359375,-0.173828125,0.842041015625,-1.3427734375,-13.73291015625,1.220703125
0.131591796875,-0.197021484375,0.8328857421875,4.08935546875,-15.31982421875,0.91552734375
0.123779296875,-0.201416015625,0.825927734375,9.033203125,-18.12744140625,0.91552734375
0.1177978515625,-0.1976318359375,0.824462890625,13.427734375,-21.30126953125,0.91552734375
0.0673828125,-0.1878662109375,0.8468017578125,18.49365234375,-24.4140625,1.40380859375
0.021240234375,-0.1951904296875,0.8724365234375,23.01025390625,-27.40478515625,2.01416015625
0.0147705078125,-0.23095703125,0.9093017578125,27.7099609375,-31.55517578125,2.25830078125
0.0101318359375,-0.272705078125,0.9561767578125,31.55517578125,-36.56005859375,1.64794921875
-0.010009765625,-0.2744140625,0.9664306640625,36.43798828125,-41.19873046875,-0.1220703125
-0.012939453125,-0.2578125,0.93994140625,42.236328125,-45.0439453125,-3.7841796875
0.0035400390625,-0.259521484375,0.9146728515625,46.9970703125,-48.828125,-11.29150390625
0.023681640625,-0.2581787109375,0.9158935546875,51.20849609375,-53.16162109375,-28.25927734375
0.0484619140625,-0.2420654296875,0.93212890625,55.35888671875,-81.0546875,-74.40185546875
0.0716552734375,-0.2340087890625,0.9249267578125,59.9365234375,-128.0517578125,-46.5087890625
0.08251953125,-0.2335205078125,0.900634765625,66.34521484375,-116.3330078125,-6.65283203125
0.0682373046875,-0.2281494140625,0.9071044921875,80.26123046875,-115.8447265625,32.89794921875
0.0513916015625,-0.2357177734375,0.9383544921875,55.60302734375,-118.1640625,70.12939453125
0.0533447265625,-0.238037109375,0.9820556640625,66.2841796875,-109.06982421875,107.177734375
0.0614013671875,-0.228515625,1.0399169921875,71.533203125,-81.72607421875,127.8076171875
0.068115234375,-0.216064453125,1.0684814453125,80.6884765625,-52.1240234375,131.103515625
0.04541015625,-0.2105712890625,1.114013671875,54.0771484375,-28.6865234375,90.087890625
0.0323486328125,-0.2469482421875,2.118896484375,3.72314453125,24.71923828125,39.24560546875
0.0634765625,-0.335693359375,2.2939453125,-46.38671875,82.275390625,15.56396484375
0.0784912109375,-0.2841796875,2.052734375,-75.86669921875,101.1962890625,-2.99072265625
0.0479736328125,-0.515625,1.706298828125,-63.232421875,113.8916015625,-14.892578125
-0.0166015625,-1.2723388671875,1.5399169921875,-36.80419921875,121.7041015625,-13.85498046875
-0.160888671875,-1.943359375,1.4385986328125,-18.98193359375,129.2724609375,-4.7607421875
-0.1763916015625,-2.11181640625,1.294921875,-2.3193359375,124.755859375,6.2255859375
-0.2061767578125,-1.6470947265625,1.1947021484375,5.31005859375,113.09814453125,15.7470703125
-0.8624267578125,-1.0413818359375,1.4893798828125,11.71875,93.07861328125,25.146484375
-1.3565673828125,-0.7041015625,1.710693359375,16.6015625,67.9931640625,37.17041015625
-1.633544921875,-0.520263671875,1.57275390625,17.9443359375,44.00634765625,51.20849609375
-1.7528076171875,0.3172607421875,1.3720703125,10.009765625,26.611328125,65.185546875
-1.8795166015625,0.4288330078125,1.21484375,-7.50732421875,18.49365234375,86.36474609375
-1.9288330078125,0.350341796875,1.1292724609375,-24.2919921875,24.2919921875,93.8720703125
-1.3575439453125,0.3082275390625,0.925537109375,-32.53173828125,33.38623046875,101.62353515625
-1.0135498046875,0.2293701171875,0.80078125,-32.2265625,45.7763671875,106.93359375
-0.9122314453125,0.0726318359375,0.7021484375,-22.8271484375,63.41552734375,103.45458984375
-0.8277587890625,-0.207763671875,0.660888671875,-24.71923828125,82.8857421875,95.21484375
-0.7322998046875,-0.2315673828125,0.7327880859375,-29.47998046875,111.75537109375,77.45361328125
-0.6431884765625,-0.21923828125,0.9384765625,-26.30615234375,140.13671875,53.22265625
-0.542236328125,-0.2001953125,1.25927734375,-2.197265625,156.73828125,26.4892578125
-0.529052734375,-0.2047119140625,1.7642822265625,26.7333984375,163.330078125,2.01416015625
-0.5386962890625,-0.2603759765625,1.8516845703125,41.8701171875,152.587890625,-17.333984375
-0.50390625,-0.32958984375,1.88134765625,46.81396484375,131.103515625,-26.91650390625
-0.39208984375,-0.3399658203125,1.9710693359375,51.513671875,107.91015625,-28.13720703125
-0.2354736328125,-0.2672119140625,2.0423583984375,54.99267578125,85.14404296875,-27.03857421875
-0.0615234375,-0.1490478515625,2.0985107421875,51.20849609375,55.84716796875,-22.88818359375
0.211181640625,-0.0894775390625,2.0439453125,45.8984375,23.37646484375,-12.6953125
0.3798828125,-0.038818359375,1.7481689453125,41.19873046875,-9.521484375,0.91552734375
0.5928955078125,0.06201171875,1.2398681640625,42.236328125,-43.0908203125,10.986328125
0.8743896484375,0.1163330078125,0.604736328125,49.4384765625,-77.08740234375,26.7333984375
1.163330078125,0.1243896484375,0.1368408203125,56.33544921875,-108.154296875,44.86083984375
1.4630126953125,0.086181640625,-0.0799560546875,50.537109375,-100.40283203125,11.1083984375
1.74462890625,0.0225830078125,-0.152587890625,28.6865234375,-104.736328125,-46.44775390625
1.91259765625,-0.0521240234375,-0.2049560546875,8.9111328125,-126.0986328125,-47.36328125
1.95751953125,-0.1595458984375,-0.238037109375,19.1650390625,-157.958984375,-27.34375
1.95947265625,-0.2772216796875,-0.28271484375,-6.103515625,-165.22216796875,-8.85009765625
2.0482177734375,-0.38916015625,-0.337890625,-57.2509765625,-145.20263671875,11.5966796875
2.2059326171875,-0.447265625,-0.3529052734375,-58.04443359375,-131.16455078125,16.66259765625
2.302734375,-0.4095458984375,0.0185546875,-17.02880859375,-124.1455078125,11.1083984375
2.3416748046875,-0.298095703125,1.4866943359375,-5.615234375,-111.63330078125,6.591796875
2.398681640625,-0.21484375,2.4737548828125,3.662109375,-49.25537109375,-1.8310546875
2.4541015625,-0.163818359375,1.6790771484375,-1.28173828125,-37.841796875,-1.46484375
2.570068359375,0.0775146484375,0.87890625,-5.06591796875,-30.57861328125,5.2490234375
2.7071533203125,0.489013671875,1.216796875,-16.845703125,-26.123046875,2.13623046875
2.0123291015625,0.7855224609375,1.9058837890625,-28.50341796875,-16.7236328125,2.9296875
0.296142578125,0.389892578125,1.59716796875,-34.97314453125,-15.68603515625,3.72314453125
-1.1502685546875,-0.392578125,1.0301513671875,-27.77099609375,-14.34326171875,3.5400390625
-0.9437255859375,-0.984375,1.3658447265625,-23.74267578125,-13.916015625,3.23486328125
0.326904296875,-0.9913330078125,1.3331298828125,-22.52197265625,-13.671875,3.90625
0.910888671875,-0.1741943359375,1.364501953125,-21.1181640625,-14.83154296875,4.57763671875
0.565673828125,0.6156005859375,1.142578125,-20.56884765625,-16.357421875,6.34765625
0.2601318359375,-0.0220947265625,1.1043701171875,-20.263671875,-21.54541015625,7.75146484375
0.2965087890625,0.285888671875,1.071533203125,-19.34814453125,-28.74755859375,9.033203125
0.49755859375,-0.12939453125,1.0313720703125,-21.484375,-33.3251953125,9.521484375
0.3720703125,-0.318359375,1.0164794921875,-27.03857421875,-34.60693359375,8.36181640625
0.420166015625,-0.039306640625,1.005126953125,-32.8369140625,-32.3486328125,3.2958984375
0.2762451171875,-0.133544921875,0.998779296875,-38.9404296875,-23.37646484375,1.5869140625
0.215576171875,-0.131591796875,0.966064453125,-43.76220703125,-19.83642578125,0.0
0.2222900390625,-0.1099853515625,0.9296875,-44.37255859375,-17.15087890625,-0.48828125
0.18701171875,-0.1544189453125,0.90478515625,-33.0810546875,-14.22119140625,-1.708984375
0.189453125,-0.2113037109375,0.939697265625,-25.7568359375,-14.404296875,-2.99072265625
0.1854248046875,-0.20068359375,0.982421875,-18.98193359375,-13.916015625,-5.4931640625
0.1741943359375,-0.197998046875,1.00146484375,-12.5732421875,-6.40869140625,-6.77490234375
0.1629638671875,-0.1878662109375,1.0003662109375,-8.23974609375,-8.30078125,-8.30078125
0.1546630859375,-0.1680908203125,1.0020751953125,-8.1787109375,-10.7421875,-9.58251953125
0.1318359375,-0.15087890625,0.9908447265625,0.54931640625,-13.0615234375,-13.0615234375
0.148193359375,-0.163818359375,0.9921875,3.90625,-15.80810546875,-10.80322265625
0.1839599609375,-0.176513671875,0.9779052734375,6.9580078125,-14.5263671875,-7.4462890625
0.2110595703125,-0.246826171875,0.9586181640625,8.48388671875,-13.73291015625,-5.79833984375
0.2197265625,-0.258544921875,0.983154296875,7.01904296875,-13.3056640625,-3.96728515625
0.20947265625,-0.2647705078125,0.944091796875,6.103515625,-15.2587890625,-4.82177734375
0.205078125,-0.2535400390625,0.9307861328125,4.82177734375,-15.80810546875,-7.01904296875
0.2218017578125,-0.2440185546875,0.9287109375,5.67626953125,-16.90673828125,-9.033203125
0.2232666015625,-0.252685546875,0.9149169921875,5.2490234375,-17.822265625,-8.11767578125
0.21533203125,-0.2569580078125,0.967529296875,8.056640625,-19.53125,-2.3193359375
0.240478515625,-0.2647705078125,0.9544677734375,10.1318359375,-21.54541015625,-1.03759765625
0.2215576171875,-0.272705078125,0.96923828125,9.09423828125,-33.0810546875,-3.47900390625
0.2008056640625,-0.215087890625,0.972900390625,5.92041015625,-54.6875,-8.36181640625
0.210205078125,-0.1943359375,0.966552734375,-2.99072265625,-79.77294921875,-9.765625
0.2022705078125,-0.1785888671875,0.95654296875,-5.37109375,-106.38427734375,-7.14111328125
0.2666015625,-0.20068359375,0.9635009765625,-8.30078125,-129.5166015625,-3.96728515625
0.29150390625,-0.2144775390625,0.973876953125,-8.60595703125,-152.83203125,-3.96728515625
0.2740478515625,-0.2496337890625,0.9786376953125,-10.92529296875,-175.59814453125,-36.68212890625
0.26416015625,-0.2491455078125,1.059814453125,-13.3056640625,-270.3857421875,-71.533203125
0.2706298828125,-0.2216796875,1.1138916015625,-14.16015625,-434.814453125,-92.8955078125
0.2431640625,-0.1954345703125,1.166015625,-14.70947265625,-445.00732421875,-110.04638671875
0.2113037109375,-0.1480712890625,1.1883544921875,12.0849609375,-322.20458984375,-68.29833984375
0.2056884765625,-0.16357421875,1.166748046875,-61.82861328125,-259.27734375,-64.27001953125
0.2041015625,-0.2515869140625,1.1494140625,-64.5751953125,-103.45458984375,-42.90771484375
0.2506103515625,-0.275390625,1.1708984375,140.56396484375,33.935546875,-42.17529296875
0.26806640625,-0.2030029296875,1.181396484375,253.7841796875,84.228515625,-38.330078125
0.3089599609375,-0.1646728515625,1.20166015625,195.4345703125,109.7412109375,-30.45654296875
0.29736328125,-0.1839599609375,2.18115234375,48.88916015625,127.25830078125,-24.71923828125
0.2410888671875,-0.224609375,2.630126953125,6.34765625,145.69091796875,-19.53125
0.194091796875,-0.391357421875,2.427734375,8.48388671875,170.22705078125,-16.9677734375
0.1754150390625,-0.41748046875,3.1610107421875,15.5029296875,196.8994140625,-17.08984375
0.182373046875,-1.084716796875,3.909912109375,5.92041015625,217.83447265625,-17.4560546875
-0.449951171875,-0.9599609375,3.7254638671875,-4.45556640625,232.48291015625,-17.822265625
0.721923828125,-0.6849365234375,2.5806884765625,-16.66259765625,242.67578125,-17.9443359375
0.486328125,-0.2196044921875,1.4814453125,-28.3203125,250.0,-17.578125
0.1802978515625,-0.2564697265625,1.2244873046875,-34.24072265625,255.4931640625,-16.6015625
-0.0908203125,-0.3604736328125,1.17529296875,-35.15625,260.80322265625,-15.13671875
0.73388671875,-0.457763671875,1.14892578125,-32.1044921875,266.05224609375,-12.3291015625
0.4072265625,-0.3721923828125,1.09130859375,-28.38134765625,271.1181640625,-7.6904296875
-1.1593017578125,-0.2652587890625,0.9844970703125,-25.08544921875,276.7333984375,9.3994140625
-1.5494384765625,-0.1783447265625,0.8955078125,-20.99609375,290.6494140625,15.2587890625
-1.3486328125,-0.1021728515625,0.8729248046875,-19.22607421875,294.12841796875,21.8505859375
-1.1444091796875,-0.0718994140625,0.9212646484375,-21.05712890625,295.34912109375,29.1748046875
-0.9566650390625,-0.0745849609375,1.0028076171875,-28.6865234375,295.654296875,36.62109375
-0.8016357421875,-0.070068359375,1.092529296875,-31.43310546875,296.69189453125,44.12841796875
-0.6815185546875,-0.06298828125,1.17822265625,-33.63037109375,297.54638671875,48.828125
-0.559326171875,-0.0501708984375,1.258544921875,-32.71484375,296.875,47.79052734375
-0.44140625,-0.038818359375,1.345458984375,-29.72412109375,295.0439453125,41.8701171875
-0.3232421875,-0.030029296875,1.64306640625,-25.81787109375,295.34912109375,32.89794921875
-0.2152099609375,-0.00830078125,1.747802734375,-18.98193359375,297.8515625,22.8271484375
-0.129150390625,0.0244140625,1.8553466796875,-11.962890625,306.70166015625,10.55908203125
-0.0654296875,0.10693359375,1.9903564453125,-0.67138671875,324.03564453125,-2.0751953125
-0.0162353515625,0.1195068359375,2.1402587890625,13.00048828125,333.92333984375,-12.0849609375
0.0216064453125,0.1109619140625,2.2796630859375,16.9677734375,323.66943359375,-9.8876953125
0.130859375,0.0936279296875,2.4049072265625,2.50244140625,296.7529296875,1.46484375
0.193115234375,0.0797119140625,2.5633544921875,-15.80810546875,267.63916015625,17.15087890625
0.2325439453125,0.0804443359375,2.7884521484375,-26.2451171875,223.08349609375,35.33935546875
0.291015625,0.1151123046875,2.9886474609375,-30.09033203125,175.1708984375,46.5087890625
0.3740234375,0.14697265625,3.078857421875,-31.06689453125,130.2490234375,47.119140625
0.4642333984375,0.0904541015625,2.9586181640625,-23.92578125,89.90478515625,46.0205078125
0.54248046875,0.0008544921875,2.572021484375,9.33837890625,42.05322265625,52.42919921875
0.6605224609375,0.060302734375,1.9678955078125,34.60693359375,-10.31494140625,64.453125
0.86767578125,0.1553955078125,1.3519287109375,28.86962890625,-76.96533203125,107.91015625
1.1519775390625,0.0283203125,0.8328857421875,6.40869140625,-133.36181640625,92.83447265625
1.565673828125,-0.2181396484375,0.47705078125,-15.380859375,-99.9755859375,20.93505859375
1.9952392578125,-0.3447265625,0.3687744140625,-27.64892578125,-138.18359375,-49.1943359375
2.271728515625,-0.3883056640625,0.234130859375,38.26904296875,-237.548828125,-45.166015625
2.50634765625,-0.6033935546875,-0.1434326171875,43.701171875,-331.6650390625,-10.25390625
2.78759765625,-0.8057861328125,-0.54052734375,-15.13671875,-295.5322265625,-29.6630859375
3.0062255859375,-0.5821533203125,-0.529052734375,-13.0615234375,-267.7001953125,-53.03955078125
3.23486328125,-0.17529296875,-0.48193359375,-17.4560546875,-252.13623046875,-18.310546875
3.5347900390625,0.01220703125,0.865234375,-55.2978515625,-220.03173828125,18.5546875
3.833984375,-0.068603515625,2.08642578125,-57.06787109375,-197.57080078125,19.775390625
3.9945068359375,-0.3944091796875,0.8238525390625,-52.001953125,-181.884765625,-1.89208984375
3.9967041015625,-0.18310546875,-0.728515625,-52.1240234375,-165.83251953125,-6.28662109375
3.8670654296875,0.9310302734375,0.165771484375,-48.52294921875,-147.15576171875,10.19287109375
3.103515625,1.2127685546875,2.6890869140625,-32.77587890625,-115.53955078125,22.4609375
1.856201171875,0.856201171875,3.1099853515625,-28.86962890625,-85.205078125,8.7890625
-0.9237060546875,0.7313232421875,2.259765625,-26.30615234375,-75.13427734375,-4.45556640625
-3.10791015625,0.427734375,1.92919921875,-9.33837890625,-67.44384765625,4.21142578125
-1.887939453125,0.311279296875,1.7279052734375,-1.8310546875,-60.85205078125,7.38525390625
0.83544921875,-0.203369140625,1.7164306640625,-11.53564453125,-60.97412109375,2.3193359375
2.1202392578125,-0.885009765625,1.713623046875,-20.5078125,-65.85693359375,3.5400390625
1.2247314453125,-0.7230224609375,1.8778076171875,-16.357421875,-73.6083984375,6.7138671875
0.3961181640625,0.0079345703125,1.896728515625,-17.333984375,-81.11572265625,6.53076171875
0.3956298828125,0.3453369140625,1.5631103515625,-27.40478515625,-87.646484375,7.01904296875
0.5228271484375,-0.2066650390625,1.390380859375,-33.63037109375,-92.28515625,7.14111328125
0.4713134765625,-0.6927490234375,1.314453125,-37.59765625,-88.8671875,4.94384765625
0.541015625,-0.225341796875,1.190673828125,-41.32080078125,-81.97021484375,1.220703125
0.6143798828125,0.2923583984375,1.1414794921875,-41.259765625,-70.98388671875,-0.3662109375
0.577392578125,0.0189208984375,1.111083984375,-38.87939453125,-57.7392578125,2.99072265625
0.4013671875,-0.253662109375,1.0277099609375,-38.75732421875,-42.90771484375,4.2724609375
0.23828125,-0.034423828125,0.9742431640625,-39.306640625,-27.28271484375,3.60107421875
0.19873046875,0.0787353515625,0.969970703125,-42.6025390625,-17.822265625,2.685546875
0.1082763671875,-0.08935546875,0.9910888671875,-42.66357421875,-10.55908203125,0.67138671875
0.1058349609375,-0.1710205078125,0.9879150390625,-37.65869140625,-7.2021484375,-1.5869140625
0.1236572265625,-0.1689453125,0.991455078125,-36.31591796875,-6.2255859375,-3.23486328125
0.0802001953125,-0.2142333984375,1.00537109375,-31.6162109375,-7.9345703125,-4.45556640625
0.0565185546875,-0.2484130859375,0.983642578125,-25.5126953125,-10.43701171875,-6.103515625
0.0853271484375,-0.2274169921875,1.0067138671875,-19.53125,-11.41357421875,-7.6904296875
0.1287841796875,-0.1795654296875,1.0601806640625,-16.05224609375,-11.65771484375,-10.009765625
0.15087890625,-0.1978759765625,1.0623779296875,-13.18359375,-11.474609375,-13.671875
0.1597900390625,-0.2388916015625,1.037841796875,-10.7421875,-12.14599609375,-15.625
0.1961669921875,-0.23681640625,1.0240478515625,-9.27734375,-12.939453125,-17.2119140625
0.2001953125,-0.23583984375,0.99560546875,-6.8359375,-13.12255859375,-19.10400390625
0.190185546875,-0.2261962890625,0.964111328125,-3.47900390625,-13.7939453125,-20.44677734375
0.231201171875,-0.2249755859375,0.96240234375,1.0986328125,-11.474609375,-20.56884765625
0.2640380859375,-0.2359619140625,0.95068359375,4.150390625,-12.451171875,-17.02880859375
0.265625,-0.246337890625,0.939697265625,4.638671875,-11.3525390625,-12.75634765625
0.2454833984375,-0.25048828125,0.935791015625,6.7138671875,-12.14599609375,-8.056640625
0.2215576171875,-0.25439453125,0.93115234375,8.544921875,-18.37158203125,-5.79833984375
0.2119140625,-0.269775390625,0.9451904296875,7.75146484375,-17.76123046875,-1.46484375
0.208251953125,-0.2894287109375,0.955810546875,7.87353515625,-18.12744140625,1.953125
0.20166015625,-0.2977294921875,0.9659423828125,-0.732421875,-17.7001953125,2.74658203125
0.20654296875,-0.292724609375,0.9520263671875,0.91552734375,-18.5546875,1.3427734375
0.18896484375,-0.26513671875,0.9393310546875,-2.5634765625,-21.8505859375,-0.8544921875
0.193603515625,-0.242431640625,0.951171875,-3.5400390625,-27.099609375,-0.1220703125
0.2308349609375,-0.2740478515625,0.9481201171875,-6.28662109375,-39.0625,-1.52587890625
0.227783203125,-0.26123046875,0.9638671875,-7.50732421875,-59.50927734375,-2.13623046875
0.242919921875,-0.2171630859375,0.96923828125,-7.75146484375,-179.74853515625,-17.88330078125
0.2503662109375,-0.2015380859375,0.9752197265625,-9.1552734375,-235.29052734375,-21.42333984375
0.2578125,-0.2088623046875,0.9912109375,-10.55908203125,-261.23046875,-21.240234375
0.2886962890625,-0.1944580078125,1.0040283203125,-26.55029296875,-299.6826171875,-37.17041015625
0.272216796875,-0.17529296875,1.0296630859375,-20.93505859375,-369.44580078125,-52.001953125
0.2652587890625,-0.2137451171875,1.0538330078125,-3.72314453125,-449.03564453125,-75.25634765625
0.26806640625,-0.2406005859375,1.097900390625,-17.7001953125,-492.73681640625,-109.7412109375
0.25048828125,-0.2454833984375,1.14404296875,-46.142578125,-495.78857421875,-131.53076171875
0.2325439453125,-0.23046875,1.1951904296875,-89.05029296875,-464.05029296875,-118.10302734375
0.2247314453125,-0.22900390625,1.1771240234375,-120.4833984375,-383.23974609375,-104.736328125
0.25732421875,-0.261962890625,1.2130126953125,-122.0703125,-309.814453125,-114.990234375
0.268310546875,-0.2252197265625,1.4566650390625,-41.1376953125,-152.4658203125,-97.2900390625
0.2388916015625,-0.319091796875,1.6971435546875,60.4248046875,-1.3427734375,-126.77001953125
0.2232666015625,-0.1910400390625,2.0767822265625,176.08642578125,64.8193359375,-127.62451171875
0.1517333984375,-0.3485107421875,2.663818359375,188.720703125,100.40283203125,-97.412109375
0.130126953125,-0.253173828125,2.9822998046875,49.98779296875,152.89306640625,-52.978515625
-0.703857421875,-0.092529296875,2.94580078125,-18.06640625,202.20947265625,-36.19384765625
0.0906982421875,-0.6312255859375,2.6064453125,-4.57763671875,224.67041015625,-24.96337890625
0.4296875,-1.1392822265625,2.9691162109375,24.84130859375,241.943359375,-17.39501953125
0.85546875,-0.9271240234375,3.7833251953125,28.01513671875,254.69970703125,-11.1083984375
0.649658203125,-0.8343505859375,3.92041015625,19.4091796875,264.70947265625,-5.9814453125
0.289306640625,-0.1895751953125,3.063720703125,6.40869140625,272.94921875,-2.38037109375
0.279541015625,0.325439453125,1.98876953125,-6.34765625,279.9072265625,1.03759765625
0.20361328125,0.1844482421875,1.3612060546875,-15.5029296875,286.1328125,4.33349609375
0.037841796875,-0.0313720703125,1.031005859375,-19.59228515625,290.8935546875,7.32421875
0.9124755859375,-0.4241943359375,0.906494140625,-16.845703125,296.5087890625,9.27734375
0.8028564453125,-0.6536865234375,0.808837890625,-12.26806640625,303.22265625,10.19287109375
-0.818115234375,-0.53564453125,0.7825927734375,-6.34765625,309.99755859375,11.1083984375
-1.399169921875,-0.4139404296875,0.815185546875,-0.3662109375,316.58935546875,13.3056640625
-1.1387939453125,-0.3116455078125,0.8837890625,2.50244140625,320.12939453125,16.9677734375
-0.8533935546875,-0.247802734375,0.98388671875,0.30517578125,318.4814453125,21.3623046875
-0.697265625,-0.2117919921875,1.0831298828125,-4.7607421875,309.87548828125,26.2451171875
-0.56005859375,-0.1898193359375,1.183349609375,-12.6953125,298.76708984375,32.40966796875
-0.431396484375,-0.180419921875,1.2958984375,-20.32470703125,290.0390625,27.77099609375
-0.313232421875,-0.177490234375,1.4193115234375,-28.25927734375,292.96875,24.7802734375
-0.2137451171875,-0.15966796875,1.545166015625,-33.87451171875,301.69677734375,27.16064453125
-0.1231689453125,-0.115478515625,1.64306640625,-21.42333984375,311.21826171875,36.62109375
-0.0416259765625,-0.0509033203125,1.6907958984375,-15.13671875,318.84765625,50.78125
0.02685546875,0.0140380859375,1.683349609375,-4.638671875,324.03564453125,59.6923828125
0.08837890625,0.0546875,1.6683349609375,3.173828125,325.50048828125,55.908203125
0.158203125,0.0701904296875,1.7667236328125,4.33349609375,315.185546875,50.29296875
0.2366943359375,0.0789794921875,2.412841796875,-6.34765625,291.56494140625,55.6640625
0.2913818359375,0.0966796875,2.796142578125,-33.447265625,253.0517578125,77.5146484375
0.31591796875,0.1153564453125,3.037109375,-59.2041015625,153.4423828125,62.19482421875
0.3292236328125,0.071044921875,3.0208740234375,-70.37353515625,117.67578125,32.40966796875
0.3414306640625,-0.0535888671875,2.8060302734375,-58.59375,88.07373046875,10.8642578125
0.404052734375,-0.27392578125,2.4521484375,16.2353515625,42.78564453125,11.65771484375
0.65771484375,-0.5423583984375,2.0716552734375,25.7568359375,-14.22119140625,30.8837890625
0.83203125,-0.7554931640625,1.813720703125,2.38037109375,-66.58935546875,58.89892578125
1.0518798828125,-0.6683349609375,1.546142578125,-17.39501953125,-104.1259765625,85.51025390625
1.2518310546875,-0.29833984375,1.0941162109375,-13.61083984375,-117.49267578125,34.7900390625
1.46826171875,-0.0792236328125,0.4117431640625,18.24951171875,-115.53955078125,-9.33837890625
1.7864990234375,-0.2093505859375,0.2864990234375,47.4853515625,-333.19091796875,9.521484375
2.0850830078125,-0.51025390625,-0.089599609375,75.01220703125,-307.92236328125,-63.1103515625
2.34423828125,-0.673095703125,-0.4466552734375,23.01025390625,-241.88232421875,-1.03759765625
2.6246337890625,-0.12451171875,-0.283203125,-98.6328125,-202.0263671875,28.564453125
2.8656005859375,0.3211669921875,0.3006591796875,-65.85693359375,-170.7763671875,7.38525390625
3.4666748046875,0.3143310546875,0.6627197265625,-50.10986328125,-148.8037109375,-15.2587890625
3.8385009765625,-0.093994140625,1.34716796875,-53.3447265625,-132.50732421875,-6.89697265625
3.9976806640625,-0.44775390625,1.38134765625,-46.142578125,-112.60986328125,19.1650390625
3.9349365234375,-0.30615234375,0.9222412109375,-45.5322265625,-84.16748046875,18.49365234375
3.6429443359375,0.33740234375,3.25830078125,-57.6171875,-72.44873046875,-2.50244140625
3.1842041015625,0.5390625,2.560302734375,-49.01123046875,-73.974609375,-0.67138671875
1.9725341796875,0.3583984375,2.0321044921875,-21.97265625,-71.1669921875,12.02392578125
-0.13037109375,0.888916015625,1.980712890625,-24.90234375,-70.556640625,8.6669921875
-2.41552734375,-0.29833984375,1.7071533203125,-31.67724609375,-79.16259765625,3.11279296875
1.6685791015625,-1.1158447265625,1.47265625,-25.7568359375,-89.4775390625,6.77490234375
2.2657470703125,-0.4404296875,1.739013671875,-16.90673828125,-95.88623046875,9.3994140625
0.8779296875,0.542724609375,1.653564453125,-25.87890625,-103.271484375,7.01904296875
0.58251953125,0.3433837890625,1.2847900390625,-36.865234375,-107.72705078125,1.220703125
0.4168701171875,-0.69921875,1.2440185546875,-37.29248046875,-105.16357421875,0.9765625
0.48193359375,-0.8084716796875,1.189453125,-33.63037109375,-97.59521484375,1.52587890625
0.3880615234375,0.0054931640625,1.1046142578125,-31.1279296875,-59.814453125,4.8828125
0.342041015625,0.0947265625,1.07080078125,-23.681640625,-38.39111328125,4.57763671875
0.3896484375,-0.3961181640625,1.073974609375,-11.962890625,-25.7568359375,2.3193359375
0.2554931640625,-0.3345947265625,1.0621337890625,7.8125,-21.484375,-0.6103515625
0.138916015625,0.0078125,1.0504150390625,5.126953125,-19.53125,-6.04248046875
0.1334228515625,-0.0782470703125,1.02197265625,-8.1787109375,-20.08056640625,-11.3525390625
0.089599609375,-0.24072265625,0.9803466796875,-13.916015625,-20.93505859375,-23.5595703125
0.0877685546875,-0.1767578125,0.97998046875,-13.916015625,-25.69580078125,-27.28271484375
0.10302734375,-0.106201171875,1.071533203125,-10.07080078125,-24.5361328125,-31.494140625
0.1060791015625,-0.1793212890625,1.0557861328125,-7.75146484375,-15.19775390625,-32.89794921875
0.1121826171875,-0.257080078125,1.0462646484375,-3.0517578125,-4.7607421875,-29.23583984375
0.1431884765625,-0.2213134765625,1.02197265625,-3.0517578125,0.1220703125,-25.390625
0.1517333984375,-0.21826171875,1.0130615234375,-2.99072265625,0.42724609375,-21.484375
0.1494140625,-0.1781005859375,0.9874267578125,-4.33349609375,0.244140625,-17.333984375
0.2398681640625,-0.1966552734375,0.9591064453125,-2.9296875,-0.18310546875,-13.3056640625
0.23974609375,-0.24462890625,0.951171875,-2.3193359375,-6.103515625,-9.765625
0.249267578125,-0.2493896484375,0.966796875,-2.25830078125,-8.23974609375,-4.150390625
0.2340087890625,-0.2545166015625,0.9776611328125,-3.5400390625,-16.41845703125,-3.72314453125
0.218017578125,-0.30126953125,0.97802734375,-5.18798828125,-17.2119140625,-3.662109375
0.21044921875,-0.259521484375,0.973876953125,-7.38525390625,-20.56884765625,-2.86865234375
0.208251953125,-0.2449951171875,0.976318359375,-14.404296875,-25.20751953125,-3.96728515625
0.197509765625,-0.1796875,0.968017578125,-13.7939453125,-28.6865234375,-6.591796875
0.2822265625,-0.180908203125,0.9630126953125,-13.85498046875,-34.60693359375,-6.4697265625
0.2984619140625,-0.160888671875,0.9544677734375,-15.07568359375,-46.0205078125,-5.67626953125
0.3114013671875,-0.1600341796875,0.955078125,-15.93017578125,-64.75830078125,-1.8310546875
0.31298828125,-0.15234375,0.965576171875,-17.63916015625,-116.0888671875,2.01416015625
0.2808837890625,-0.154541015625,0.993896484375,-21.54541015625,-144.71435546875,4.94384765625
0.25390625,-0.158935546875,0.9893798828125,-23.5595703125,-174.8046875,15.380859375
0.2279052734375,-0.177978515625,1.008056640625,-24.71923828125,-266.9677734375,29.1748046875
0.2337646484375,-0.2108154296875,1.0458984375,-25.57373046875,-291.07666015625,47.18017578125
0.25732421875,-0.219970703125,1.07763671875,-28.01513671875,-414.9169921875,-2.44140625
0.2412109375,-0.2320556640625,1.1060791015625,-26.42822265625,-478.6376953125,-62.1337890625
0.2286376953125,-0.2381591796875,1.1561279296875,-19.10400390625,-500.244140625,-78.61328125
0.2137451171875,-0.2137451171875,1.158935546875,-98.7548828125,-477.1728515625,-76.2939453125
0.236572265625,-0.1827392578125,1.1783447265625,-157.65380859375,-397.705078125,-128.7841796875
0.2584228515625,-0.1842041015625,1.19921875,-147.76611328125,-255.859375,-139.22119140625
0.25634765625,-0.1689453125,1.216796875,-29.9072265625,-66.650390625,-213.2568359375
0.25,-0.1812744140625,1.307861328125,59.814453125,83.6181640625,-217.46826171875
0.2545166015625,-0.1917724609375,2.0159912109375,104.8583984375,86.5478515625,-156.18896484375
0.2369384765625,-0.018798828125,2.8895263671875,111.572265625,132.4462890625,-109.80224609375
0.1964111328125,-0.0079345703125,3.1900634765625,-61.8896484375,167.90771484375,-65.61279296875
0.1549072265625,0.1053466796875,3.1444091796875,-25.45166015625,213.9892578125,-31.005859375
-0.85546875,-0.8187255859375,2.893310546875,74.951171875,250.3662109375,29.84619140625
-0.4566650390625,-1.32373046875,3.34033203125,103.08837890625,294.37255859375,44.12841796875
0.7584228515625,-1.0491943359375,3.997314453125,102.9052734375,296.56982421875,59.326171875
0.728515625,-0.4161376953125,2.4180908203125,81.72607421875,292.90771484375,53.7109375
0.28173828125,0.9833984375,1.5130615234375,10.25390625,294.37255859375,52.1240234375
0.125,1.4228515625,1.5032958984375,9.27734375,296.93603515625,58.10546875
-0.05078125,0.11767578125,1.63818359375,28.076171875,301.513671875,65.97900390625
-0.234130859375,-0.5618896484375,1.4476318359375,26.67236328125,307.06787109375,67.3828125
0.949462890625,-1.06298828125,1.10791015625,23.5595703125,308.16650390625,65.5517578125
-1.042724609375,-1.1944580078125,0.7694091796875,17.2119140625,308.16650390625,59.02099609375
-1.4869384765625,-0.9600830078125,0.8753662109375,0.42724609375,305.7861328125,20.5078125
-1.3585205078125,-0.6845703125,1.0423583984375,-7.26318359375,299.13330078125,17.4560546875
-0.93310546875,-0.455810546875,1.3568115234375,-6.103515625,267.15087890625,37.41455078125
-0.73291015625,-0.4935302734375,1.47607421875,4.0283203125,232.666015625,66.58935546875
-0.5819091796875,-0.388916015625,1.6612548828125,25.5126953125,190.97900390625,74.951171875
-0.137939453125,-0.205078125,1.8985595703125,-113.22021484375,153.4423828125,49.74365234375
-0.0411376953125,-0.2562255859375,2.02880859375,-94.23828125,123.71826171875,6.77490234375
0.1259765625,-0.2724609375,2.1492919921875,-20.1416015625,90.6982421875,-23.25439453125
0.3602294921875,-0.146240234375,2.2628173828125,33.14208984375,49.13330078125,-23.3154296875
0.3984375,-0.1407470703125,2.35107421875,37.53662109375,5.31005859375,0.8544921875
0.4169921875,-0.1724853515625,1.5201416015625,5.37109375,-36.92626953125,24.4140625
0.4869384765625,-0.2308349609375,1.409423828125,-33.14208984375,-75.3173828125,30.09033203125
0.5411376953125,-0.4381103515625,1.24267578125,-49.86572265625,-112.36572265625,-31.92138671875
0.6134033203125,0.200927734375,0.8477783203125,-25.81787109375,-125.0,-68.42041015625
0.7037353515625,-0.66943359375,0.3873291015625,14.34326171875,-191.71142578125,-47.18017578125
1.257568359375,-1.0106201171875,-0.078369140625,32.04345703125,-282.89794921875,24.59716796875
1.849609375,-0.531982421875,-0.3131103515625,35.33935546875,-285.2783203125,16.29638671875
2.019775390625,0.145751953125,-0.039306640625,29.541015625,-270.69091796875,-48.15673828125
2.41845703125,0.4246826171875,0.5078125,-26.91650390625,-240.1123046875,0.42724609375
2.935791015625,0.2249755859375,0.656494140625,-52.91748046875,-208.49609375,34.97314453125
3.4727783203125,-0.320556640625,1.107177734375,-50.84228515625,-192.32177734375,31.43310546875
3.8411865234375,-0.8553466796875,0.9388427734375,-59.4482421875,-175.78125,6.9580078125
3.799072265625,-0.7581787109375,-0.5863037109375,-59.5703125,-156.005859375,23.92578125
3.43115234375,-0.1365966796875,-0.392822265625,-58.77685546875,-87.158203125,5.31005859375
3.0191650390625,-0.2576904296875,1.87158203125,-56.33544921875,-86.24267578125,2.44140625
2.6068115234375,-0.373046875,2.9078369140625,-60.60791015625,-82.275390625,5.37109375
1.026611328125,-0.3336181640625,2.278564453125,-38.51318359375,-76.23291015625,2.197265625
-2.6544189453125,-0.154052734375,1.95361328125,-46.56982421875,-73.1201171875,-4.8828125
-2.328857421875,0.7076416015625,1.7098388671875,-43.8232421875,-69.580078125,-5.0048828125
-0.1424560546875,-0.115478515625,1.7027587890625,-40.71044921875,-62.255859375,-1.0986328125
1.41357421875,-1.0576171875,1.6278076171875,-43.701171875,-29.6630859375,1.64794921875
1.1807861328125,-0.69287109375,1.2662353515625,-47.36328125,-18.310546875,2.0751953125
0.6234130859375,0.1912841796875,1.2177734375,-41.8701171875,-13.00048828125,0.42724609375
0.533935546875,0.34814453125,1.228271484375,-29.052734375,-12.451171875,-6.04248046875
0.3284912109375,0.2569580078125,1.1851806640625,-26.2451171875,-17.4560546875,-8.85009765625
0.368408203125,0.1328125,1.14013671875,-24.10888671875,-20.32470703125,-10.55908203125
0.4658203125,-0.1815185546875,1.123291015625,-22.3388671875,-25.634765625,-16.78466796875
0.176025390625,-0.1329345703125,1.08935546875,-20.751953125,-42.90771484375,-23.25439453125
0.1422119140625,0.0357666015625,1.103759765625,-18.6767578125,-44.61669921875,-27.587890625
0.1629638671875,-0.013427734375,1.0574951171875,-14.70947265625,-48.828125,-31.8603515625
0.1595458984375,-0.1444091796875,1.0162353515625,-13.916015625,-54.443359375,-33.50830078125
0.095458984375,-0.2392578125,0.9888916015625,-13.0615234375,-56.2744140625,-32.2265625
0.096435546875,-0.2762451171875,0.9754638671875,-5.67626953125,-47.8515625,-30.82275390625
0.11376953125,-0.2681884765625,0.9541015625,3.84521484375,-38.57421875,-27.587890625
0.1737060546875,-0.236328125,0.906494140625,14.83154296875,-32.28759765625,-23.681640625
0.15771484375,-0.2183837890625,0.9195556640625,18.1884765625,-25.57373046875,-11.3525390625
0.1375732421875,-0.26904296875,0.90478515625,17.578125,-16.4794921875,-8.056640625
0.1177978515625,-0.3162841796875,0.8968505859375,14.09912109375,-15.9912109375,-5.859375
0.11376953125,-0.299560546875,0.920166015625,11.29150390625,-16.2353515625,-6.16455078125
0.124267578125,-0.3203125,0.9686279296875,3.2958984375,-18.1884765625,-10.009765625
0.100341796875,-0.3570556640625,0.9989013671875,1.5869140625,-20.44677734375,-9.21630859375
0.1221923828125,-0.3853759765625,0.99169921875,1.40380859375,-20.99609375,-8.23974609375
0.104736328125,-0.3868408203125,0.991455078125,2.13623046875,-22.76611328125,-18.85986328125
0.076171875,-0.3094482421875,1.0140380859375,2.74658203125,-95.76416015625,-18.00537109375
0.0989990234375,-0.228759765625,0.9783935546875,-3.0517578125,-120.4833984375,-16.4794921875
0.18359375,-0.195556640625,0.9796142578125,-5.67626953125,-144.71435546875,-12.939453125
0.2574462890625,-0.1748046875,0.9664306640625,-10.986328125,-204.345703125,-17.822265625
0.2633056640625,-0.1689453125,0.955322265625,-16.05224609375,-239.56298828125,-27.64892578125
0.2525634765625,-0.1910400390625,0.9774169921875,-21.17919921875,-287.4755859375,-37.2314453125
0.260498046875,-0.2125244140625,1.009765625,-22.0947265625,-336.669921875,-101.37939453125
0.2430419921875,-0.263671875,1.045654296875,-17.39501953125,-490.29541015625,-132.26318359375
0.2479248046875,-0.2301025390625,1.1754150390625,13.7939453125,-465.63720703125,-104.55322265625
0.2357177734375,-0.199951171875,1.14404296875,1.3427734375,-313.720703125,-36.31591796875
0.2396240234375,-0.1949462890625,1.149169921875,-77.69775390625,133.72802734375,-21.484375
0.2164306640625,-0.24169921875,1.179931640625,-41.56494140625,165.58837890625,-12.0849609375
0.2327880859375,-0.1865234375,1.179931640625,147.15576171875,196.6552734375,-6.9580078125
0.2435302734375,-0.171630859375,1.468505859375,51.3916015625,221.61865234375,-2.5634765625
0.276123046875,-0.283203125,1.6243896484375,37.78076171875,248.4130859375,-0.9765625
0.2486572265625,-0.243896484375,2.447998046875,16.29638671875,255.43212890625,0.8544921875
0.217041015625,-0.3026123046875,3.1046142578125,-2.01416015625,263.00048828125,2.50244140625
0.1435546875,-0.33203125,2.9710693359375,-19.775390625,272.0947265625,4.33349609375
-0.257568359375,-0.515625,1.27734375,-20.8740234375,280.45654296875,7.32421875
-0.3262939453125,-1.025390625,1.235107421875,-19.53125,287.4755859375,11.29150390625
0.161865234375,-0.6441650390625,1.1068115234375,-17.76123046875,295.47119140625,14.46533203125
0.80126953125,-0.5115966796875,0.9599609375,-16.54052734375,303.8330078125,16.66259765625
0.548095703125,-0.33984375,0.8369140625,-13.61083984375,310.60791015625,18.6767578125
0.3782958984375,-0.2030029296875,0.892822265625,-11.53564453125,315.97900390625,25.32958984375
-1.122802734375,-0.148193359375,0.9990234375,-12.26806640625,319.03076171875,31.982421875
-0.9239501953125,-0.1439208984375,1.12744140625,-16.7236328125,320.25146484375,45.95947265625
-0.776611328125,-0.12890625,1.23779296875,-22.03369140625,319.7021484375,32.77587890625
-0.6458740234375,-0.0970458984375,1.34228515625,-31.8603515625,305.11474609375,23.3154296875
-0.41748046875,-0.074951171875,1.4605712890625,-30.21240234375,305.7861328125,1.8310546875
-0.3016357421875,-0.075439453125,1.564453125,-23.3154296875,319.88525390625,-8.48388671875
-0.17333984375,-0.070068359375,1.6461181640625,2.3193359375,300.72021484375,0.48828125
-0.0567626953125,-0.03564453125,1.7137451171875,14.09912109375,269.775390625,35.2783203125
0.0155029296875,0.0201416015625,1.89306640625,6.04248046875,187.68310546875,41.93115234375
0.06884765625,0.0750732421875,2.06591796875,-25.0244140625,148.01025390625,31.55517578125
0.1380615234375,0.1148681640625,2.316162109375,-37.841796875,14.892578125,47.18017578125
0.207763671875,0.114013671875,2.73095703125,-11.29150390625,-41.93115234375,89.90478515625
0.268310546875,0.0821533203125,2.8897705078125,10.55908203125,-123.9013671875,-30.029296875
0.3162841796875,0.11474609375,2.6741943359375,-40.83251953125,-336.9140625,-28.6865234375
0.3741455078125,0.06103515625,1.6796875,-52.06298828125,-285.15625,-20.20263671875
0.420654296875,-0.017578125,1.128173828125,-5.43212890625,-231.01806640625,18.98193359375
0.53857421875,-0.0091552734375,0.5804443359375,-30.82275390625,-208.06884765625,19.6533203125
1.05712890625,-0.2603759765625,0.450439453125,-32.71484375,-198.974609375,-2.01416015625
1.3787841796875,-0.4149169921875,-0.573486328125,-41.80908203125,-184.99755859375,-4.0283203125
2.0474853515625,-0.7545166015625,-0.456298828125,-40.34423828125,-164.85595703125,11.41357421875
2.4986572265625,-0.606689453125,0.291748046875,-35.46142578125,-133.23974609375,4.82177734375
2.7547607421875,-0.1358642578125,2.17529296875,-31.79931640625,-87.0361328125,4.94384765625
3.388671875,-0.4874267578125,3.4791259765625,-28.25927734375,-83.55712890625,2.38037109375
3.765869140625,-0.7484130859375,1.9473876953125,-17.08984375,-19.22607421875,-19.8974609375
3.9114990234375,0.364990234375,1.6292724609375,-28.6865234375,-6.2255859375,-21.97265625
3.561767578125,0.1668701171875,1.579345703125,-31.25,-3.662109375,-16.845703125
2.638916015625,-0.86376953125,1.682861328125,-24.96337890625,-1.0986328125,-13.3056640625
2.4248046875,-0.745849609375,1.902587890625,0.54931640625,-4.0283203125,-11.3525390625
1.647705078125,-0.0191650390625,1.85400390625,2.8076171875,-6.2255859375,-9.46044921875
0.444580078125,0.2811279296875,1.1868896484375,5.43212890625,-11.71875,-8.30078125
0.523193359375,-0.2744140625,1.1798095703125,5.859375,-18.24951171875,-6.34765625
0.3480224609375,-0.6646728515625,0.983642578125,7.32421875,-22.52197265625,-7.8125
0.4071044921875,-0.25927734375,0.965087890625,2.86865234375,-33.69140625,-8.6669921875
0.661376953125,0.0008544921875,0.9617919921875,1.0986328125,-48.15673828125,-12.451171875
0.6644287109375,-0.241455078125,0.95703125,-8.4228515625,-97.22900390625,-22.64404296875
0.1229248046875,-0.2630615234375,0.958984375,-11.29150390625,-199.462890625,-29.6630859375
0.18994140625,-0.2459716796875,0.9619140625,-11.1083984375,-231.01806640625,-43.02978515625
0.25341796875,-0.1844482421875,0.9210205078125,-10.1318359375,-258.1787109375,-50.9033203125
0.2725830078125,-0.193115234375,0.9453125,-10.19287109375,-282.2265625,-79.4677734375
0.260986328125,-0.2003173828125,1.003662109375,-8.4228515625,-460.8154296875,-110.41259765625
0.2567138671875,-0.2032470703125,1.0933837890625,7.568359375,-347.47314453125,-71.83837890625
0.2481689453125,-0.2100830078125,1.143798828125,19.59228515625,-270.08056640625,-72.8759765625
0.235107421875,-0.212158203125,1.1845703125,-50.048828125,67.32177734375,-49.072265625
0.2171630859375,-0.2171630859375,1.13427734375,143.00537109375,116.76025390625,-33.87451171875
0.237548828125,-0.2047119140625,1.1478271484375,260.009765625,135.3759765625,2.25830078125
0.243896484375,-0.2198486328125,1.177001953125,-17.2119140625,257.14111328125,0.732421875
0.28759765625,-0.265869140625,1.3746337890625,24.96337890625,275.57373046875,-1.40380859375
0.250244140625,-0.3001708984375,2.1959228515625,28.86962890625,282.8369140625,-3.41796875
0.242431640625,-0.2657470703125,2.60107421875,-22.94921875,293.15185546875,-0.91552734375
0.2352294921875,-0.31103515625,3.4027099609375,-20.44677734375,297.18017578125,8.4228515625
0.068603515625,-0.275634765625,2.50537109375,-18.98193359375,307.06787109375,14.2822265625
-0.5546875,-0.928466796875,1.26806640625,-20.93505859375,310.4248046875,20.99609375
-0.5025634765625,-0.360107421875,1.1849365234375,-19.83642578125,311.70654296875,54.3212890625
0.961181640625,-0.5068359375,0.9791259765625,-21.6064453125,319.091796875,52.001953125
0.1146240234375,-0.6632080078125,0.99609375,-26.3671875,324.64599609375,43.3349609375
0.0479736328125,-0.5482177734375,1.05078125,-31.25,327.69775390625,34.24072265625
-1.343505859375,-0.1483154296875,1.2093505859375,-21.30126953125,328.7353515625,27.77099609375
-1.3797607421875,-0.1319580078125,1.3260498046875,-16.17431640625,331.1767578125,20.56884765625
-1.155029296875,-0.0478515625,1.577392578125,-11.90185546875,336.42578125,14.34326171875
-0.364990234375,-0.0526123046875,1.6409912109375,-5.2490234375,315.673828125,14.404296875
-0.240478515625,-0.0732421875,1.7178955078125,-5.126953125,136.04736328125,5.31005859375
-0.0030517578125,-0.06982421875,2.60791015625,-21.1181640625,78.43017578125,10.8642578125
0.11328125,-0.0369873046875,2.7779541015625,-47.66845703125,23.62060546875,32.40966796875
0.162109375,-0.0084228515625,2.8778076171875,-34.912109375,-26.9775390625,121.2158203125
0.2728271484375,0.0408935546875,2.9205322265625,-43.15185546875,-102.35595703125,75.86669921875
0.308837890625,0.09716796875,2.8712158203125,-39.1845703125,-112.24365234375,-62.01171875
0.3524169921875,0.071044921875,2.6640625,-26.123046875,-278.25927734375,38.818359375
0.6854248046875,-0.021240234375,1.9034423828125,32.3486328125,-202.5146484375,27.9541015625
0.812744140625,0.0128173828125,0.4066162109375,7.9345703125,-181.7626953125,-11.29150390625
0.949951171875,0.08935546875,-0.27587890625,-23.13232421875,-151.18408203125,-2.13623046875
1.170654296875,-0.2801513671875,-0.386962890625,-11.53564453125,-99.42626953125,8.056640625
1.4962158203125,-0.1484375,-0.00390625,-8.056640625,-91.73583984375,5.18798828125
1.834716796875,0.0107421875,1.3953857421875,-28.86962890625,-95.64208984375,1.89208984375
2.338134765625,-0.1602783203125,1.54052734375,-21.6064453125,-99.79248046875,5.4931640625
3.8583984375,-0.381591796875,2.6632080078125,-12.26806640625,-97.35107421875,5.92041015625
3.9981689453125,-0.4422607421875,2.101806640625,-19.34814453125,-93.56689453125,3.5400390625
3.8687744140625,0.1910400390625,1.86376953125,-26.0009765625,-91.49169921875,0.732421875
3.5150146484375,-0.2718505859375,1.6053466796875,-22.88818359375,-80.13916015625,-4.8828125
1.919921875,-0.6494140625,1.43212890625,-19.95849609375,-70.1904296875,4.5166015625
-2.23388671875,0.466796875,1.2171630859375,-21.78955078125,-11.77978515625,3.11279296875
0.9715576171875,-0.3797607421875,1.1488037109375,-25.5126953125,-8.60595703125,-11.65771484375
0.599853515625,0.3135986328125,1.156494140625,-28.01513671875,-9.6435546875,-18.06640625
0.5721435546875,-0.3492431640625,1.1207275390625,-32.28759765625,-8.85009765625,-18.85986328125
0.373046875,0.0406494140625,1.0946044921875,-30.029296875,-6.4697265625,-18.12744140625
0.3245849609375,-0.0362548828125,1.0670166015625,-8.97216796875,-3.60107421875,-17.2119140625
0.1563720703125,-0.1767578125,1.0516357421875,-4.21142578125,-2.38037109375,-17.15087890625
