0.40087890625,-0.2335205078125,0.903076171875,-0.30517578125,-0.18310546875,0.1220703125
0.4010009765625,-0.23291015625,0.902587890625,-0.30517578125,-0.18310546875,0.1220703125
0.4010009765625,-0.2330322265625,0.9029541015625,-0.3662109375,-0.30517578125,0.1220703125
0.401123046875,-0.2333984375,0.90283203125,-0.3662109375,-0.3662109375,0.18310546875
0.4005126953125,-0.2335205078125,0.9027099609375,-0.3662109375,-0.3662109375,0.244140625
0.4005126953125,-0.2330322265625,0.9036865234375,-0.3662109375,-0.3662109375,0.244140625
0.4019775390625,-0.2335205078125,0.9041748046875,-0.3662109375,-0.30517578125,0.244140625
0.402099609375,-0.235107421875,0.9039306640625,-0.3662109375,-0.244140625,0.30517578125
0.4007568359375,-0.235107421875,0.9034423828125,-0.3662109375,-0.06103515625,0.30517578125
0.400390625,-0.234619140625,0.9034423828125,-0.30517578125,0.0,0.3662109375
0.4002685546875,-0.2344970703125,0.9041748046875,-0.244140625,0.06103515625,0.42724609375
0.3990478515625,-0.2344970703125,0.904052734375,-0.18310546875,0.06103515625,0.42724609375
0.3985595703125,-0.2340087890625,0.90380859375,-0.18310546875,0.06103515625,0.3662109375
0.39892578125,-0.2330322265625,0.903564453125,-0.18310546875,0.0,0.244140625
0.399658203125,-0.2333984375,0.90283203125,-0.18310546875,-0.1220703125,0.18310546875
0.4000244140625,-0.23388671875,0.9034423828125,-0.244140625,-0.244140625,0.18310546875
0.400146484375,-0.2342529296875,0.903076171875,-0.30517578125,-0.30517578125,0.1220703125
0.4007568359375,-0.234130859375,0.903076171875,-0.3662109375,-0.3662109375,0.1220703125
0.4012451171875,-0.2335205078125,0.9034423828125,-0.42724609375,-0.3662109375,0.1220703125
0.4012451171875,-0.233154296875,0.9046630859375,-0.30517578125,-0.54931640625,0.18310546875
0.400390625,-0.234130859375,0.9049072265625,-0.30517578125,-0.3662109375,0.244140625
0.40087890625,-0.2344970703125,0.9039306640625,-0.244140625,-0.18310546875,0.244140625
0.4005126953125,-0.2349853515625,0.90380859375,-0.18310546875,-0.18310546875,0.244140625
0.3992919921875,-0.2349853515625,0.9044189453125,-0.18310546875,-0.244140625,0.244140625
0.399658203125,-0.235107421875,0.9049072265625,-0.244140625,-0.244140625,0.244140625
0.3973388671875,-0.2349853515625,0.904541015625,-0.244140625,-0.30517578125,0.244140625
0.3966064453125,-0.235107421875,0.9041748046875,-0.244140625,-0.3662109375,0.244140625
0.3974609375,-0.2353515625,0.9031982421875,-0.18310546875,-0.30517578125,0.18310546875
0.398681640625,-0.2342529296875,0.9034423828125,-0.1220703125,-0.244140625,0.18310546875
0.3992919921875,-0.23388671875,0.9044189453125,-0.18310546875,-0.3662109375,0.18310546875
0.39990234375,-0.234130859375,0.904052734375,-0.30517578125,-0.42724609375,0.1220703125
0.39892578125,-0.2344970703125,0.9036865234375,-0.30517578125,-0.42724609375,0.18310546875
0.399658203125,-0.2347412109375,0.903564453125,-0.3662109375,-0.42724609375,0.244140625
0.3992919921875,-0.2349853515625,0.9036865234375,-0.3662109375,-0.3662109375,0.18310546875
0.3992919921875,-0.2349853515625,0.9044189453125,-0.3662109375,-0.30517578125,0.244140625
0.399169921875,-0.234619140625,0.904541015625,-0.30517578125,-0.18310546875,0.244140625
0.400146484375,-0.2347412109375,0.904052734375,-0.30517578125,-0.18310546875,0.244140625
0.4002685546875,-0.2349853515625,0.904052734375,-0.244140625,-0.18310546875,0.3662109375
0.3994140625,-0.235107421875,0.9046630859375,-0.1220703125,0.0,0.48828125
0.3984375,-0.2349853515625,0.90478515625,-0.06103515625,0.244140625,0.67138671875
0.398193359375,-0.2349853515625,0.9046630859375,0.0,0.54931640625,0.79345703125
0.3990478515625,-0.2352294921875,0.9046630859375,0.1220703125,0.6103515625,1.8310546875
0.3997802734375,-0.2352294921875,0.905029296875,0.30517578125,0.67138671875,8.11767578125
0.3994140625,-0.23486328125,0.9044189453125,0.42724609375,8.85009765625,-5.06591796875
0.399169921875,-0.234619140625,0.9039306640625,0.3662109375,-24.96337890625,-18.4326171875
0.400146484375,-0.235107421875,0.904052734375,-2.0751953125,-49.74365234375,-55.96923828125
0.401123046875,-0.2352294921875,0.9044189453125,-3.11279296875,-53.28369140625,-81.54296875
0.4012451171875,-0.23388671875,0.905517578125,-43.701171875,-76.23291015625,-156.982421875
0.4010009765625,-0.23388671875,0.9073486328125,-75.1953125,-65.36865234375,-109.7412109375
0.40087890625,-0.230712890625,0.915283203125,-122.61962890625,-34.60693359375,-73.8525390625
0.4027099609375,-0.229736328125,0.9876708984375,-155.94482421875,-14.6484375,-45.654296875
0.4039306640625,-0.224609375,1.0865478515625,-106.38427734375,1.220703125,-24.169921875
0.40283203125,-0.20556640625,1.421875,-5.18798828125,11.71875,23.5595703125
0.4024658203125,-0.2149658203125,1.322509765625,-3.60107421875,49.1943359375,33.203125
0.421875,0.0023193359375,1.3526611328125,-23.25439453125,60.1806640625,61.70654296875
0.44921875,-0.021484375,1.752685546875,-37.109375,93.07861328125,92.6513671875
0.1533203125,-0.146728515625,1.6259765625,-14.2822265625,142.88330078125,108.70361328125
0.1861572265625,-1.5758056640625,1.30322265625,-4.638671875,170.8984375,123.779296875
0.30322265625,-1.76904296875,1.23779296875,50.048828125,196.59423828125,132.32421875
0.3944091796875,-1.1898193359375,1.387451171875,42.6025390625,213.07373046875,132.99560546875
-0.1856689453125,-0.81640625,1.3546142578125,30.70068359375,217.59033203125,126.64794921875
-0.3343505859375,-0.69775390625,1.450439453125,30.09033203125,213.2568359375,115.53955078125
-0.6768798828125,-0.394287109375,1.7850341796875,40.1611328125,203.7353515625,104.248046875
-0.908203125,-0.26513671875,2.0126953125,57.06787109375,193.2373046875,86.7919921875
-0.9913330078125,-0.22900390625,1.9256591796875,71.1669921875,169.86083984375,77.81982421875
-0.9862060546875,-0.28515625,1.7076416015625,75.68359375,149.71923828125,71.71630859375
-0.9749755859375,-0.475341796875,1.44482421875,68.84765625,122.13134765625,93.07861328125
-0.8150634765625,-0.6573486328125,1.192626953125,35.2783203125,41.56494140625,71.1669921875
-0.124755859375,-0.798095703125,0.9798583984375,25.634765625,-10.80322265625,49.98779296875
0.5958251953125,-0.8389892578125,0.8062744140625,22.705078125,-35.33935546875,-1.40380859375
0.7940673828125,-0.785400390625,0.59130859375,38.0859375,-75.927734375,-26.55029296875
0.870849609375,-0.6845703125,0.5089111328125,74.40185546875,-83.55712890625,-49.25537109375
0.9140625,-0.5771484375,0.3612060546875,65.3076171875,-89.90478515625,-68.54248046875
0.96044921875,-0.5213623046875,0.0780029296875,15.9912109375,-97.96142578125,-84.3505859375
1.011474609375,-0.590087890625,-0.26953125,3.96728515625,-110.2294921875,-83.49609375
1.0482177734375,-0.5733642578125,-0.47900390625,6.04248046875,-95.947265625,-95.703125
1.013916015625,-0.4039306640625,-0.34130859375,12.26806640625,25.0244140625,-84.228515625
0.9974365234375,0.0677490234375,-0.079345703125,13.427734375,-73.54736328125,-1.3427734375
1.0179443359375,0.37939453125,0.1376953125,15.07568359375,-192.44384765625,29.23583984375
1.557861328125,0.418212890625,0.2611083984375,-99.853515625,-151.85546875,-26.55029296875
1.6728515625,0.1358642578125,0.330322265625,-89.84375,-92.7734375,-11.1083984375
1.68505859375,-0.1024169921875,2.24267578125,-66.5283203125,-46.93603515625,-1.46484375
1.724609375,-0.2115478515625,1.9791259765625,-31.92138671875,-25.81787109375,0.79345703125
1.7314453125,-0.2440185546875,-1.2650146484375,-20.93505859375,-23.49853515625,0.30517578125
1.671875,-0.1573486328125,1.314208984375,28.01513671875,-20.99609375,0.30517578125
1.562744140625,-0.9951171875,2.8011474609375,15.380859375,-15.80810546875,0.18310546875
1.454833984375,-0.76806640625,1.4583740234375,15.56396484375,-12.20703125,0.06103515625
-1.2310791015625,-1.24658203125,1.40185546875,13.671875,-9.27734375,1.40380859375
-1.0828857421875,-0.9412841796875,1.0345458984375,9.27734375,-7.6904296875,2.25830078125
-0.861328125,-0.35546875,1.02001953125,8.97216796875,-7.38525390625,2.197265625
1.0731201171875,-0.020263671875,0.9857177734375,5.2490234375,-7.4462890625,1.64794921875
1.607177734375,-0.4163818359375,0.9781494140625,2.25830078125,-4.638671875,1.5869140625
0.8033447265625,-0.4759521484375,0.9443359375,1.0986328125,-3.72314453125,1.46484375
0.8267822265625,-0.2950439453125,0.95703125,1.5869140625,-3.41796875,0.732421875
0.4178466796875,-0.2890625,0.9609375,5.67626953125,-3.0517578125,0.1220703125
0.385009765625,-0.348388671875,0.944091796875,6.591796875,-4.45556640625,-0.42724609375
0.3792724609375,-0.183837890625,0.93603515625,6.89697265625,-4.2724609375,-0.48828125
0.3875732421875,-0.1907958984375,0.93212890625,7.080078125,-5.7373046875,-0.6103515625
0.358642578125,-0.21435546875,0.9239501953125,5.0048828125,-5.9814453125,-0.244140625
0.3634033203125,-0.2213134765625,0.9267578125,4.33349609375,-6.8359375,-0.06103515625
0.36865234375,-0.235595703125,0.925537109375,2.3193359375,-7.87353515625,-0.18310546875
0.3544921875,-0.2369384765625,0.9193115234375,0.3662109375,-8.36181640625,-0.06103515625
0.355224609375,-0.2451171875,0.9207763671875,-1.708984375,-8.6669921875,-0.3662109375
0.3643798828125,-0.2587890625,0.9141845703125,-3.35693359375,-8.48388671875,-1.15966796875
0.349853515625,-0.2410888671875,0.9146728515625,-4.08935546875,-9.46044921875,-1.77001953125
0.3499755859375,-0.2303466796875,0.92138671875,-4.94384765625,-11.1083984375,-2.01416015625
0.3409423828125,-0.22900390625,0.923828125,-5.9814453125,-12.0849609375,-2.25830078125
0.3306884765625,-0.2227783203125,0.9193115234375,-7.568359375,-12.63427734375,-2.38037109375
0.3333740234375,-0.215576171875,0.90869140625,-9.21630859375,-13.00048828125,-2.13623046875
0.3302001953125,-0.2330322265625,0.89697265625,-10.009765625,-13.61083984375,-2.0751953125
0.3345947265625,-0.2491455078125,0.8951416015625,-9.765625,-13.916015625,-2.5634765625
0.33984375,-0.242919921875,0.9102783203125,-9.33837890625,-15.31982421875,-3.5400390625
0.3404541015625,-0.2408447265625,0.9205322265625,-9.765625,-18.798828125,-7.50732421875
0.3436279296875,-0.2421875,0.9173583984375,-9.58251953125,-25.7568359375,-9.033203125
0.3427734375,-0.2392578125,0.9146728515625,-9.94873046875,-25.2685546875,-9.033203125
0.3221435546875,-0.2431640625,0.9144287109375,-9.3994140625,-24.35302734375,-9.33837890625
0.305908203125,-0.2537841796875,0.90673828125,-9.82666015625,-26.55029296875,-9.27734375
0.3248291015625,-0.24951171875,0.9041748046875,-12.20703125,-28.62548828125,-8.9111328125
0.3492431640625,-0.2449951171875,0.902099609375,-13.12255859375,-31.8603515625,-15.07568359375
0.35205078125,-0.2508544921875,0.909912109375,-14.70947265625,-114.3798828125,-20.81298828125
0.3531494140625,-0.254150390625,0.9246826171875,-14.70947265625,-127.8076171875,-20.99609375
0.359619140625,-0.2635498046875,0.92431640625,-14.7705078125,-154.84619140625,-16.4794921875
0.3505859375,-0.262939453125,0.9317626953125,-30.57861328125,-176.33056640625,-14.58740234375
0.3291015625,-0.234130859375,0.9324951171875,-25.2685546875,-206.0546875,-64.63623046875
0.3125,-0.235595703125,0.9273681640625,-15.7470703125,-396.42333984375,-137.87841796875
0.3359375,-0.2440185546875,0.97021484375,-16.9677734375,-438.720703125,-60.4248046875
0.4010009765625,-0.248046875,0.9769287109375,-31.06689453125,145.6298828125,-23.681640625
0.3875732421875,-0.2301025390625,1.0184326171875,-127.9296875,175.1708984375,-7.62939453125
0.375244140625,-0.3106689453125,1.1099853515625,-187.3779296875,178.28369140625,13.12255859375
0.386962890625,-0.309814453125,1.09619140625,-16.05224609375,188.8427734375,36.31591796875
0.3787841796875,-0.303466796875,2.146484375,57.55615234375,204.2236328125,54.5654296875
0.3438720703125,-0.262939453125,1.98193359375,48.03466796875,216.73583984375,76.171875
0.38037109375,-0.227783203125,2.662841796875,27.099609375,251.28173828125,68.4814453125
0.5035400390625,-0.833984375,0.7213134765625,7.8125,269.47021484375,61.767578125
0.534912109375,-0.439453125,0.697265625,-1.40380859375,281.005859375,54.87060546875
0.4693603515625,-1.188232421875,0.73876953125,32.16552734375,292.78564453125,49.13330078125
1.1328125,-0.378173828125,0.784423828125,34.11865234375,302.1240234375,45.166015625
0.7979736328125,-0.2110595703125,0.837646484375,33.38623046875,308.89892578125,43.76220703125
0.0482177734375,-0.133544921875,0.976318359375,31.73828125,314.14794921875,44.5556640625
-0.34033203125,-0.162353515625,1.1444091796875,29.541015625,317.138671875,58.2275390625
-0.25146484375,-0.22802734375,1.2249755859375,26.123046875,314.453125,67.32177734375
-0.138427734375,-0.118408203125,1.2666015625,21.78955078125,309.2041015625,103.69873046875
-0.080322265625,-0.056640625,1.2901611328125,18.61572265625,298.03466796875,128.96728515625
-0.0465087890625,-0.076171875,1.3253173828125,12.939453125,289.97802734375,153.62548828125
0.2257080078125,-0.10888671875,1.3724365234375,12.8173828125,281.79931640625,172.18017578125
0.465087890625,-0.149658203125,1.42138671875,22.76611328125,277.77099609375,176.8798828125
0.5645751953125,-0.1993408203125,1.6624755859375,38.02490234375,275.390625,171.44775390625
0.62890625,-0.2589111328125,1.7958984375,54.26025390625,269.1650390625,167.96875
0.677490234375,-0.3232421875,2.0999755859375,68.115234375,258.72802734375,165.4052734375
0.7379150390625,-0.542236328125,2.1998291015625,85.51025390625,239.6240234375,151.9775390625
0.8070068359375,-0.66943359375,2.237060546875,89.599609375,214.599609375,120.60546875
0.85791015625,-1.0162353515625,2.157470703125,65.24658203125,172.9736328125,73.6083984375
1.008056640625,-1.1290283203125,1.9207763671875,26.85546875,105.224609375,8.30078125
1.092041015625,-1.1529541015625,1.5145263671875,-10.1318359375,17.76123046875,-62.8662109375
1.3388671875,-1.2047119140625,0.961669921875,-42.29736328125,-58.4716796875,-210.51025390625
1.4891357421875,-1.2491455078125,0.34326171875,-50.78125,-180.5419921875,-166.748046875
1.72314453125,-1.058837890625,-0.2828369140625,-27.2216796875,-174.01123046875,16.54052734375
2.0640869140625,-0.666015625,-0.8349609375,9.46044921875,-223.44970703125,-14.16015625
2.4329833984375,-0.256591796875,-1.339111328125,-43.88427734375,-197.20458984375,-46.0205078125
2.75390625,0.232177734375,-1.784423828125,-117.431640625,-172.54638671875,-45.71533203125
2.96923828125,0.697509765625,-2.0382080078125,-26.2451171875,-166.07666015625,-26.67236328125
3.141357421875,0.8372802734375,0.2530517578125,-5.2490234375,-165.4052734375,-27.587890625
3.3436279296875,0.7154541015625,1.404052734375,-17.9443359375,-77.94189453125,1.5869140625
3.6455078125,0.66796875,2.1212158203125,-34.72900390625,-18.06640625,1.953125
3.8822021484375,0.237548828125,2.458251953125,-22.52197265625,-12.20703125,0.91552734375
3.81396484375,-2.61962890625,2.1058349609375,31.982421875,-9.8876953125,1.3427734375
3.4876708984375,-0.59423828125,1.6165771484375,1.77001953125,-9.21630859375,1.8310546875
0.2978515625,0.69287109375,1.2076416015625,2.9296875,-3.7841796875,2.86865234375
-0.44921875,0.8751220703125,1.2601318359375,1.64794921875,-10.7421875,0.54931640625
1.5135498046875,-0.106689453125,0.9891357421875,0.42724609375,-6.591796875,-0.244140625
1.8302001953125,-1.1002197265625,0.9420166015625,-3.11279296875,-5.126953125,-0.244140625
1.4752197265625,0.0802001953125,0.944580078125,-6.7138671875,-4.45556640625,0.244140625
1.018310546875,-0.3179931640625,0.9423828125,-4.82177734375,-4.82177734375,1.03759765625
0.710205078125,-0.320068359375,0.9219970703125,-4.69970703125,-5.67626953125,0.67138671875
0.651123046875,-0.269287109375,0.92431640625,-4.8828125,-6.2255859375,-0.30517578125
0.438720703125,-0.23974609375,0.9150390625,-5.55419921875,-8.72802734375,-1.40380859375
0.38720703125,-0.273681640625,0.9102783203125,-7.2021484375,-11.04736328125,-2.38037109375
0.369384765625,-0.2520751953125,0.908203125,-8.4228515625,-11.77978515625,-3.23486328125
0.353515625,-0.279541015625,0.9061279296875,-9.21630859375,-11.65771484375,-4.94384765625
0.3524169921875,-0.263916015625,0.898193359375,-8.9111328125,-13.48876953125,-4.94384765625
0.3629150390625,-0.2568359375,0.8946533203125,-7.75146484375,-14.404296875,-6.103515625
0.3575439453125,-0.2559814453125,0.9039306640625,-6.7138671875,-16.78466796875,-8.60595703125
0.35791015625,-0.2530517578125,0.9097900390625,-6.53076171875,-20.5078125,-8.23974609375
0.355224609375,-0.2535400390625,0.90380859375,-5.859375,-25.5126953125,-8.6669921875
0.3446044921875,-0.266845703125,0.8992919921875,-5.859375,-28.564453125,-8.4228515625
0.3292236328125,-0.27685546875,0.8992919921875,-10.07080078125,-32.16552734375,-5.4931640625
0.3092041015625,-0.2772216796875,0.89208984375,-13.18359375,-43.15185546875,-4.150390625
0.310791015625,-0.2755126953125,0.890625,-13.18359375,-53.22265625,-9.82666015625
0.3355712890625,-0.260498046875,0.91796875,-13.916015625,-96.3134765625,-12.939453125
0.3602294921875,-0.2769775390625,0.9293212890625,-16.90673828125,-112.6708984375,-17.88330078125
0.35986328125,-0.2845458984375,0.9288330078125,-18.798828125,-127.38037109375,-23.01025390625
0.3492431640625,-0.2469482421875,0.92333984375,-28.50341796875,-155.8837890625,-23.49853515625
0.3338623046875,-0.2698974609375,0.933837890625,-29.96826171875,-172.42431640625,-22.39990234375
0.29296875,-0.2642822265625,0.950439453125,-25.57373046875,-199.70703125,-24.10888671875
0.3743896484375,-0.239990234375,0.9447021484375,-13.61083984375,-233.2763671875,-21.42333984375
0.3770751953125,-0.219482421875,0.95947265625,-7.01904296875,-258.4228515625,-17.02880859375
0.3865966796875,-0.2325439453125,0.952392578125,-12.39013671875,-289.794921875,-5.55419921875
0.384765625,-0.279052734375,1.0238037109375,-15.07568359375,-314.208984375,-13.0615234375
0.3822021484375,-0.3111572265625,1.04736328125,-11.16943359375,-357.11669921875,-51.025390625
0.361328125,-0.334716796875,1.081298828125,-6.2255859375,-395.01953125,-86.181640625
0.33740234375,-0.32568359375,1.113525390625,-16.29638671875,-454.40673828125,-109.4970703125
0.331787109375,-0.3011474609375,1.1197509765625,-56.09130859375,-475.7080078125,-129.21142578125
0.3572998046875,-0.2781982421875,1.12744140625,-105.40771484375,-473.388671875,-137.8173828125
0.4246826171875,-0.2691650390625,1.3538818359375,-125.0,-468.07861328125,-146.30126953125
0.4736328125,-0.2109375,1.8563232421875,-121.15478515625,-423.15673828125,-168.27392578125
0.520263671875,-0.1168212890625,2.168212890625,-132.14111328125,-265.5029296875,-139.34326171875
0.501708984375,-0.2025146484375,2.0548095703125,-170.7763671875,-54.3212890625,-94.90966796875
0.27734375,-0.570068359375,1.9837646484375,-162.109375,93.26171875,-78.18603515625
0.131591796875,-0.8406982421875,2.038818359375,-149.35302734375,173.4619140625,-61.70654296875
0.4482421875,-0.9747314453125,2.1502685546875,-131.28662109375,201.23291015625,-54.99267578125
0.902099609375,-1.0703125,2.614501953125,-43.212890625,203.0029296875,-48.095703125
1.166748046875,-0.9459228515625,3.2740478515625,-37.353515625,202.7587890625,-34.1796875
1.165771484375,-0.5911865234375,3.802001953125,0.91552734375,198.79150390625,-15.380859375
1.0377197265625,-0.5142822265625,3.8092041015625,35.888671875,200.68359375,6.28662109375
0.885009765625,-0.5799560546875,2.8538818359375,53.52783203125,210.51025390625,27.099609375
0.6953125,-1.039306640625,1.729736328125,54.0771484375,223.20556640625,44.5556640625
0.94580078125,-1.4405517578125,1.1068115234375,41.19873046875,234.86328125,58.16650390625
1.480224609375,-1.2398681640625,0.7335205078125,19.53125,245.30029296875,68.05419921875
1.7449951171875,-1.0760498046875,0.6336669921875,4.7607421875,254.69970703125,74.76806640625
1.130615234375,-0.79541015625,0.6602783203125,2.3193359375,263.7939453125,79.65087890625
0.0845947265625,-0.5140380859375,0.755615234375,6.34765625,287.65869140625,79.1015625
-0.391357421875,-0.3385009765625,0.8636474609375,11.29150390625,301.7578125,76.66015625
-0.48046875,-0.2457275390625,0.9288330078125,13.48876953125,312.98828125,74.27978515625
-0.46484375,-0.2586669921875,0.957275390625,13.7939453125,320.37353515625,73.18115234375
-0.3880615234375,-0.33349609375,0.98388671875,17.333984375,325.25634765625,73.30322265625
-0.2672119140625,-0.3941650390625,1.0465087890625,21.42333984375,327.33154296875,75.439453125
-0.163818359375,-0.38916015625,1.295654296875,20.56884765625,329.2236328125,80.13916015625
-0.068603515625,-0.3275146484375,1.3770751953125,15.31982421875,332.51953125,97.2900390625
-0.0047607421875,-0.2568359375,1.3785400390625,8.72802734375,331.72607421875,140.869140625
0.04150390625,-0.2418212890625,1.3441162109375,3.0517578125,307.4951171875,157.470703125
0.1143798828125,-0.2847900390625,1.3385009765625,-1.3427734375,300.537109375,171.875
0.225830078125,-0.283447265625,1.398193359375,-3.0517578125,299.072265625,181.33544921875
0.531982421875,-0.2596435546875,1.5069580078125,22.76611328125,301.025390625,114.1357421875
0.6368408203125,-0.265380859375,1.6363525390625,40.83251953125,163.87939453125,65.0634765625
0.678955078125,-0.3101806640625,1.854736328125,53.52783203125,119.81201171875,13.24462890625
0.7156982421875,-0.38671875,2.1968994140625,52.79541015625,41.259765625,-112.4267578125
0.7742919921875,-0.4736328125,2.294677734375,-61.95068359375,-176.7578125,-155.45654296875
0.8482666015625,-0.6707763671875,2.25732421875,-79.52880859375,-221.37451171875,-192.32177734375
0.9283447265625,-1.1754150390625,1.9918212890625,-67.626953125,-204.65087890625,-160.5224609375
1.0069580078125,-1.28564453125,-0.828369140625,17.2119140625,-196.71630859375,-98.93798828125
1.1309814453125,-1.263671875,-1.3487548828125,51.6357421875,-223.20556640625,-15.7470703125
1.56982421875,-1.1282958984375,-1.7940673828125,27.7099609375,-249.6337890625,3.0517578125
1.9036865234375,0.4765625,-1.54150390625,-42.17529296875,-238.95263671875,-34.3017578125
2.2880859375,0.5289306640625,0.3262939453125,-38.57421875,-207.82470703125,-55.17578125
2.595458984375,0.4019775390625,1.2193603515625,-23.193359375,-202.63671875,-52.24609375
3.799072265625,-0.126708984375,1.372314453125,-39.1845703125,-196.83837890625,-23.49853515625
3.9947509765625,0.130126953125,1.1656494140625,-30.33447265625,-198.1201171875,0.0
3.9127197265625,-0.9029541015625,1.469482421875,-57.31201171875,-186.70654296875,-10.68115234375
3.0960693359375,-1.467041015625,2.3138427734375,-58.89892578125,-149.169921875,-26.3671875
-0.1173095703125,-1.5709228515625,2.476806640625,-34.97314453125,-102.60009765625,-26.91650390625
-1.3170166015625,-0.8392333984375,1.9466552734375,-16.17431640625,-82.51953125,-5.9814453125
-0.40625,0.17529296875,1.5557861328125,40.0390625,-49.31640625,-0.18310546875
1.3868408203125,0.941162109375,1.1348876953125,47.54638671875,-35.82763671875,1.5869140625
1.48046875,0.6351318359375,1.23974609375,41.44287109375,-22.705078125,1.0986328125
1.6751708984375,-0.7122802734375,1.8017578125,18.85986328125,-16.54052734375,-1.3427734375
1.845703125,-1.38916015625,1.564208984375,11.1083984375,-10.80322265625,-2.9296875
1.3345947265625,-1.0928955078125,1.2305908203125,3.72314453125,-5.92041015625,-0.42724609375
0.9044189453125,-0.2711181640625,1.2161865234375,7.2021484375,-9.58251953125,1.220703125
0.8062744140625,0.251953125,1.1485595703125,9.94873046875,-11.04736328125,2.13623046875
1.009765625,-0.2877197265625,1.035888671875,9.09423828125,-10.986328125,2.13623046875
1.1591796875,-0.541015625,0.9578857421875,1.0986328125,-9.27734375,1.03759765625
0.7896728515625,-0.1717529296875,0.937255859375,-1.03759765625,-4.638671875,0.9765625
0.54052734375,-0.2210693359375,0.93505859375,-0.06103515625,-1.708984375,2.44140625
0.6307373046875,-0.4278564453125,0.9376220703125,1.40380859375,-7.4462890625,2.685546875
0.6212158203125,-0.337646484375,0.93310546875,3.662109375,-9.70458984375,1.52587890625
0.5013427734375,-0.248046875,0.9141845703125,1.64794921875,-9.33837890625,0.54931640625
0.4171142578125,-0.197265625,0.90380859375,-2.25830078125,-7.62939453125,0.0
0.389892578125,-0.2091064453125,0.9002685546875,-3.60107421875,-6.04248046875,-0.18310546875
0.3597412109375,-0.2254638671875,0.91552734375,-1.953125,-6.103515625,0.244140625
0.341064453125,-0.2459716796875,0.9271240234375,-1.15966796875,-7.080078125,0.42724609375
0.3619384765625,-0.26025390625,0.920654296875,-2.0751953125,-7.99560546875,0.06103515625
0.364990234375,-0.2562255859375,0.9156494140625,-6.4697265625,-9.27734375,-0.67138671875
0.3541259765625,-0.24609375,0.90380859375,-8.72802734375,-10.55908203125,-1.8310546875
0.3533935546875,-0.250732421875,0.895751953125,-10.55908203125,-11.8408203125,-3.41796875
0.3564453125,-0.25732421875,0.8935546875,-11.3525390625,-13.00048828125,-5.18798828125
0.365966796875,-0.25634765625,0.904541015625,-11.474609375,-13.97705078125,-6.53076171875
0.3770751953125,-0.2548828125,0.9073486328125,-10.1318359375,-15.0146484375,-7.080078125
0.373779296875,-0.250244140625,0.9039306640625,-9.1552734375,-16.7236328125,-8.97216796875
0.3582763671875,-0.247314453125,0.9034423828125,-8.48388671875,-19.71435546875,-9.70458984375
0.3408203125,-0.2532958984375,0.9005126953125,-8.72802734375,-20.8740234375,-7.50732421875
0.3258056640625,-0.2606201171875,0.8951416015625,-8.97216796875,-25.0244140625,-6.34765625
0.332763671875,-0.265869140625,0.892822265625,-10.7421875,-31.3720703125,-5.7373046875
0.333251953125,-0.2752685546875,0.8927001953125,-12.0849609375,-37.7197265625,-5.31005859375
0.338623046875,-0.2852783203125,0.8922119140625,-12.3291015625,-57.2509765625,-6.04248046875
0.3487548828125,-0.283447265625,0.91015625,-13.85498046875,-73.42529296875,-7.568359375
0.346923828125,-0.2779541015625,0.921142578125,-16.54052734375,-94.1162109375,-8.6669921875
0.3380126953125,-0.2781982421875,0.9205322265625,-22.216796875,-111.51123046875,-12.51220703125
0.33935546875,-0.2509765625,0.924560546875,-25.32958984375,-130.43212890625,-17.63916015625
0.339599609375,-0.240234375,0.93212890625,-28.50341796875,-145.99609375,-22.4609375
0.3350830078125,-0.2550048828125,0.95361328125,-31.18896484375,-160.0341796875,-26.123046875
0.36181640625,-0.240478515625,0.9632568359375,-29.78515625,-176.33056640625,-25.32958984375
0.3773193359375,-0.2244873046875,0.9619140625,-20.8740234375,-199.8291015625,-25.146484375
0.405029296875,-0.2337646484375,0.9669189453125,-15.625,-236.38916015625,-23.01025390625
0.3662109375,-0.2342529296875,0.9781494140625,-7.2021484375,-261.29150390625,-16.90673828125
0.363525390625,-0.254150390625,0.9664306640625,-6.16455078125,-295.0439453125,-2.13623046875
0.33203125,-0.27880859375,0.9937744140625,-13.85498046875,-326.84326171875,-11.1083984375
0.3199462890625,-0.32763671875,1.063720703125,-11.8408203125,-358.7646484375,-51.513671875
0.3214111328125,-0.339111328125,1.09716796875,-2.3193359375,-410.0341796875,-94.54345703125
0.30419921875,-0.343505859375,1.1099853515625,-7.2021484375,-472.900390625,-125.244140625
0.3302001953125,-0.3349609375,1.1593017578125,-45.2880859375,-492.67578125,-143.5546875
0.36474609375,-0.2664794921875,1.127197265625,-107.0556640625,-481.201171875,-149.5361328125
0.400390625,-0.22998046875,1.215087890625,-139.892578125,-483.0322265625,-159.5458984375
0.45751953125,-0.220703125,1.8319091796875,-134.6435546875,-437.68310546875,-185.791015625
0.475830078125,-0.1016845703125,2.3497314453125,-145.32470703125,-299.560546875,-154.23583984375
0.4228515625,-0.1875,2.2125244140625,-177.18505859375,-96.25244140625,-75.8056640625
0.286865234375,-0.5975341796875,2.0350341796875,-162.59765625,166.80908203125,-44.677734375
0.107177734375,-0.883544921875,2.0924072265625,-135.68115234375,201.7822265625,-27.099609375
0.3690185546875,-1.0711669921875,2.1068115234375,-123.6572265625,213.5009765625,-12.14599609375
0.9056396484375,-1.201904296875,2.4417724609375,-25.81787109375,218.81103515625,5.4931640625
1.2706298828125,-1.0130615234375,3.1524658203125,9.1552734375,222.7783203125,25.20751953125
1.3380126953125,-0.5562744140625,3.748779296875,40.10009765625,230.5908203125,45.59326171875
1.1810302734375,-0.424560546875,3.0733642578125,61.58447265625,242.98095703125,63.720703125
0.9364013671875,-0.6103515625,1.92138671875,63.41552734375,259.27734375,75.37841796875
0.6533203125,-1.1611328125,1.2265625,45.95947265625,272.0947265625,80.26123046875
0.7081298828125,-1.3431396484375,0.8265380859375,24.169921875,281.005859375,80.87158203125
1.2178955078125,-1.1513671875,0.6746826171875,6.34765625,284.11865234375,78.79638671875
1.8087158203125,-0.8817138671875,0.692626953125,1.77001953125,284.48486328125,74.52392578125
0.20458984375,-0.5966796875,0.78857421875,6.8359375,284.5458984375,68.7255859375
-0.267822265625,-0.3662109375,0.8751220703125,15.56396484375,286.1328125,62.80517578125
-0.3822021484375,-0.1934814453125,0.91162109375,21.728515625,291.68701171875,57.4951171875
-0.325439453125,-0.1324462890625,0.8961181640625,23.5595703125,297.9736328125,50.84228515625
-0.2486572265625,-0.1590576171875,0.865478515625,23.86474609375,307.80029296875,50.84228515625
-0.1383056640625,-0.210693359375,0.8643798828125,25.7568359375,308.4716796875,54.0771484375
0.00244140625,-0.232666015625,0.9202880859375,27.77099609375,308.04443359375,60.11962890625
0.1126708984375,-0.2010498046875,1.0196533203125,30.517578125,307.80029296875,68.17626953125
0.156005859375,-0.1419677734375,1.138916015625,29.1748046875,308.04443359375,76.5380859375
0.165771484375,-0.1090087890625,1.2379150390625,23.681640625,307.0068359375,85.51025390625
0.18310546875,-0.1295166015625,1.3492431640625,16.9677734375,306.70166015625,95.27587890625
0.236328125,-0.196533203125,1.376708984375,9.1552734375,306.15234375,106.93359375
0.3270263671875,-0.276611328125,1.425537109375,5.2490234375,303.5888671875,120.849609375
0.442138671875,-0.4013671875,1.5252685546875,4.57763671875,299.6826171875,135.6201171875
0.5517578125,-0.4339599609375,1.66796875,8.97216796875,295.10498046875,149.7802734375
0.6309814453125,-0.4573974609375,1.8292236328125,18.1884765625,294.73876953125,156.55517578125
0.7510986328125,-0.492431640625,1.997802734375,25.93994140625,289.85595703125,156.3720703125
0.785400390625,-0.5560302734375,2.1619873046875,29.4189453125,279.541015625,153.50341796875
0.819580078125,-0.643798828125,2.251953125,27.83203125,258.9111328125,146.91162109375
0.885498046875,-0.7589111328125,2.23486328125,27.16064453125,227.05078125,126.953125
0.974609375,-0.91162109375,2.1217041015625,24.35302734375,200.0732421875,91.49169921875
1.0699462890625,-1.04638671875,1.9619140625,12.87841796875,163.75732421875,50.10986328125
1.181884765625,-1.095703125,1.73046875,-8.4228515625,88.37890625,3.11279296875
1.335693359375,-1.0439453125,1.3419189453125,-36.07177734375,-9.765625,-41.44287109375
1.537109375,-0.9918212890625,0.8165283203125,-79.04052734375,-101.37939453125,-82.70263671875
1.749755859375,-0.9832763671875,0.1763916015625,-97.22900390625,-173.828125,-98.388671875
2.0015869140625,-0.8956298828125,-0.55126953125,-68.66455078125,-196.10595703125,-95.52001953125
2.2998046875,-0.656494140625,-1.283203125,-10.8642578125,-170.83740234375,-78.67431640625
2.607666015625,-0.24072265625,-1.952392578125,56.09130859375,-105.89599609375,-116.88232421875
2.90380859375,0.367431640625,-2.46728515625,69.091796875,-54.443359375,-122.55859375
3.144287109375,0.76513671875,-2.31005859375,55.2978515625,-120.91064453125,-77.81982421875
3.4134521484375,0.689453125,-1.2962646484375,79.2236328125,-261.29150390625,-19.6533203125
3.7783203125,0.390869140625,-0.1544189453125,-45.166015625,-262.39013671875,4.0283203125
3.987548828125,-0.004150390625,1.2899169921875,-146.54541015625,-247.1923828125,-49.072265625
3.961669921875,-0.2950439453125,2.62548828125,-15.0146484375,-263.85498046875,-56.2744140625
3.62890625,-0.397705078125,2.0518798828125,-77.08740234375,-253.23486328125,-14.0380859375
3.092041015625,0.2451171875,-0.458740234375,-54.99267578125,-226.13525390625,-8.36181640625
2.9073486328125,-0.2935791015625,-1.4688720703125,-68.54248046875,-149.5361328125,-23.193359375
3.033203125,-1.22412109375,1.3033447265625,-82.8857421875,-83.67919921875,-17.27294921875
1.2547607421875,-0.699462890625,2.902099609375,-60.546875,-67.2607421875,-15.13671875
-0.4849853515625,-0.3841552734375,1.8670654296875,31.982421875,-45.59326171875,-10.009765625
-1.4312744140625,-0.460693359375,1.8248291015625,43.212890625,-38.818359375,-2.74658203125
-1.298828125,-0.0235595703125,2.1385498046875,40.10009765625,-22.5830078125,-2.3193359375
0.6387939453125,0.71826171875,1.47607421875,32.71484375,-16.4794921875,-2.86865234375
1.63720703125,-0.1190185546875,1.401611328125,22.15576171875,-14.6484375,-2.25830078125
1.684326171875,-1.521484375,1.1622314453125,8.23974609375,-16.357421875,0.42724609375
1.3970947265625,-0.4881591796875,1.1494140625,5.126953125,-17.4560546875,2.25830078125
1.3968505859375,-0.0679931640625,0.947265625,3.84521484375,-18.00537109375,1.64794921875
1.7027587890625,-0.644287109375,0.9288330078125,3.173828125,-16.6015625,-1.15966796875
1.0228271484375,-0.116455078125,0.9158935546875,1.89208984375,-12.14599609375,-3.84521484375
0.6392822265625,-0.206298828125,0.9287109375,0.3662109375,-6.89697265625,-5.79833984375
0.512451171875,-0.2261962890625,0.933349609375,-0.30517578125,-0.91552734375,-3.90625
0.5860595703125,-0.2353515625,0.9271240234375,0.732421875,-12.39013671875,-4.39453125
0.4622802734375,-0.244140625,0.9188232421875,1.3427734375,-14.58740234375,-4.08935546875
0.35009765625,-0.2103271484375,0.9058837890625,4.0283203125,-12.20703125,-3.84521484375
0.360595703125,-0.172119140625,0.8973388671875,-6.40869140625,-10.6201171875,-3.72314453125
0.352783203125,-0.21240234375,0.89990234375,-5.92041015625,-9.46044921875,-3.90625
0.3687744140625,-0.29248046875,0.8997802734375,-4.8828125,-8.85009765625,-6.65283203125
0.39111328125,-0.317138671875,0.906982421875,-3.47900390625,-12.8173828125,-7.01904296875
0.38427734375,-0.319091796875,0.9168701171875,-3.47900390625,-14.892578125,-6.8359375
0.376953125,-0.312255859375,0.9075927734375,-5.615234375,-15.625,-5.67626953125
0.3909912109375,-0.25,0.901123046875,-8.85009765625,-15.380859375,-4.0283203125
0.40625,-0.2650146484375,0.8912353515625,-10.3759765625,-15.380859375,-3.2958984375
0.4085693359375,-0.260498046875,0.8944091796875,-11.1083984375,-16.29638671875,-3.60107421875
0.355712890625,-0.2554931640625,0.8995361328125,-10.68115234375,-18.9208984375,-5.67626953125
0.3895263671875,-0.2542724609375,0.8941650390625,-9.6435546875,-35.09521484375,-6.77490234375
0.4083251953125,-0.2550048828125,0.8931884765625,-9.3994140625,-43.88427734375,-7.01904296875
0.4097900390625,-0.260498046875,0.892333984375,-9.82666015625,-54.6875,-8.056640625
0.392822265625,-0.2542724609375,0.8927001953125,-12.63427734375,-69.76318359375,-8.4228515625
0.3758544921875,-0.2509765625,0.8953857421875,-13.916015625,-87.70751953125,-7.99560546875
0.3759765625,-0.24365234375,0.898193359375,-15.625,-118.59130859375,-8.4228515625
0.382568359375,-0.244140625,0.9168701171875,-18.4326171875,-131.53076171875,-12.14599609375
0.4044189453125,-0.2554931640625,0.925537109375,-19.47021484375,-142.02880859375,-18.6767578125
0.42431640625,-0.2554931640625,0.9296875,-20.6298828125,-151.79443359375,-19.6533203125
0.41064453125,-0.2542724609375,0.93701171875,-18.61572265625,-169.43359375,-27.64892578125
0.3902587890625,-0.2503662109375,0.958984375,-14.892578125,-189.208984375,-31.79931640625
0.3717041015625,-0.2408447265625,0.945556640625,-5.4931640625,-224.91455078125,-36.68212890625
0.3731689453125,-0.2413330078125,0.957275390625,-1.64794921875,-267.7001953125,-27.77099609375
0.3687744140625,-0.240234375,0.9569091796875,0.18310546875,-294.86083984375,-10.19287109375
0.3553466796875,-0.234619140625,1.0010986328125,-3.72314453125,-332.03125,-15.2587890625
0.349365234375,-0.26806640625,1.0496826171875,5.43212890625,-368.95751953125,-145.6298828125
0.3602294921875,-0.3519287109375,1.0577392578125,16.29638671875,-477.60009765625,-156.18896484375
0.375,-0.34130859375,1.1470947265625,6.591796875,-475.4638671875,-167.66357421875
0.3890380859375,-0.3150634765625,1.1553955078125,-36.2548828125,-408.63037109375,-173.40087890625
0.437255859375,-0.3421630859375,1.05615234375,-181.09130859375,-222.65625,-57.861328125
0.45947265625,-0.3712158203125,1.333740234375,-224.67041015625,160.09521484375,-16.90673828125
0.476806640625,-0.23583984375,1.8876953125,-169.677734375,193.603515625,-0.30517578125
0.4039306640625,-0.005126953125,2.237060546875,-138.5498046875,199.3408203125,49.01123046875
0.506103515625,-0.1702880859375,2.3614501953125,20.69091796875,205.56640625,70.00732421875
0.2257080078125,-0.5748291015625,2.75048828125,53.5888671875,219.1162109375,76.47705078125
0.0601806640625,-0.851318359375,3.48046875,55.17578125,227.9052734375,79.77294921875
0.5269775390625,-0.6248779296875,2.646240234375,14.83154296875,238.037109375,80.078125
0.91015625,-0.6365966796875,1.003662109375,21.30126953125,249.81689453125,77.392578125
0.9210205078125,-1.1123046875,0.636962890625,31.67724609375,262.451171875,71.2890625
0.9134521484375,-1.2060546875,0.641357421875,39.61181640625,275.5126953125,63.3544921875
1.022705078125,-0.5379638671875,0.891845703125,42.05322265625,289.794921875,55.35888671875
1.6363525390625,-0.2706298828125,0.954345703125,42.1142578125,302.91748046875,41.6259765625
0.0257568359375,-0.13720703125,0.9910888671875,43.76220703125,322.08251953125,39.61181640625
-0.361328125,-0.245361328125,1.054443359375,46.69189453125,330.56640625,41.56494140625
-0.35986328125,-0.2152099609375,1.1534423828125,49.13330078125,336.669921875,47.2412109375
-0.1995849609375,-0.135986328125,1.2391357421875,44.921875,341.24755859375,56.94580078125
-0.019287109375,-0.0650634765625,1.2930908203125,38.4521484375,343.68896484375,84.77783203125
0.0660400390625,-0.0606689453125,1.3070068359375,31.25,341.30859375,98.69384765625
0.1478271484375,-0.1025390625,1.366455078125,24.23095703125,334.28955078125,113.76953125
0.25830078125,-0.1453857421875,1.4388427734375,17.2119140625,328.91845703125,128.90625
0.3936767578125,-0.2025146484375,1.52978515625,8.30078125,325.01220703125,151.2451171875
0.5118408203125,-0.3380126953125,1.6016845703125,13.36669921875,322.8759765625,155.76171875
0.606201171875,-0.42236328125,1.6690673828125,22.3388671875,296.38671875,126.03759765625
0.6839599609375,-0.5145263671875,1.8492431640625,34.423828125,191.83349609375,-28.38134765625
0.8358154296875,-0.6016845703125,2.01513671875,29.35791015625,7.62939453125,-65.49072265625
0.9383544921875,-0.6827392578125,2.1943359375,-16.90673828125,-65.73486328125,-96.5576171875
1.01904296875,-0.9439697265625,2.2822265625,-56.640625,-137.6953125,-111.81640625
1.081298828125,-1.126708984375,1.882568359375,-60.11962890625,-184.02099609375,-101.25732421875
1.142333984375,-1.3154296875,1.0770263671875,-50.048828125,-191.7724609375,-107.72705078125
1.3082275390625,-1.41064453125,0.1751708984375,-10.55908203125,-121.2158203125,-64.51416015625
1.4664306640625,-1.0714111328125,-1.91259765625,16.9677734375,-194.39697265625,-24.59716796875
1.709716796875,-0.6424560546875,-1.926025390625,56.94580078125,-262.3291015625,13.0615234375
2.0029296875,-0.1307373046875,-1.326904296875,-61.279296875,-240.78369140625,-22.52197265625
2.4637451171875,0.5892333984375,-0.463623046875,-68.54248046875,-229.1259765625,-67.7490234375
2.8204345703125,0.2540283203125,1.0662841796875,0.30517578125,-219.29931640625,-68.4814453125
3.14599609375,-0.265625,1.7684326171875,-57.12890625,-206.4208984375,-36.7431640625
3.9619140625,-0.6641845703125,0.0455322265625,-35.21728515625,-206.11572265625,-7.568359375
3.12353515625,-0.6031494140625,0.258544921875,-54.931640625,-200.50048828125,-3.7841796875
2.7410888671875,-1.3001708984375,1.9656982421875,-34.66796875,-162.41455078125,-30.2734375
2.3621826171875,-0.522216796875,2.5513916015625,-20.99609375,-111.083984375,-27.587890625
-0.00390625,-0.1097412109375,2.12841796875,29.541015625,-79.16259765625,-3.23486328125
-1.163818359375,0.513671875,1.7703857421875,65.12451171875,-69.39697265625,-2.44140625
0.083251953125,1.10498046875,1.343505859375,69.3359375,-50.72021484375,-2.3193359375
1.2813720703125,0.9342041015625,1.20458984375,34.85107421875,-24.90234375,-2.197265625
1.68603515625,-0.6214599609375,1.6605224609375,7.50732421875,-16.357421875,1.3427734375
1.76220703125,-1.9521484375,1.953857421875,4.150390625,-14.5263671875,2.25830078125
1.6251220703125,-1.7125244140625,1.466796875,5.859375,-15.7470703125,2.9296875
1.243408203125,-0.18701171875,1.203369140625,1.28173828125,-16.66259765625,1.52587890625
0.9788818359375,0.7774658203125,1.1865234375,-3.0517578125,-14.58740234375,-1.64794921875
0.8333740234375,0.0072021484375,0.9908447265625,-2.44140625,-8.6669921875,-4.57763671875
1.078857421875,-0.7657470703125,0.92236328125,-0.79345703125,-2.197265625,-6.53076171875
1.19970703125,-0.2999267578125,0.946044921875,-2.5634765625,-4.7607421875,-4.94384765625
0.68798828125,-0.354736328125,0.9241943359375,-2.8076171875,-12.3291015625,-3.60107421875
0.513671875,-0.183349609375,0.9158935546875,-2.9296875,-11.65771484375,-3.23486328125
0.5955810546875,-0.2359619140625,0.906494140625,-3.173828125,-11.41357421875,-3.41796875
0.400146484375,-0.2210693359375,0.89208984375,-10.68115234375,-13.0615234375,-4.2724609375
0.394775390625,-0.244140625,0.896240234375,-11.90185546875,-13.36669921875,-5.4931640625
0.3482666015625,-0.296875,0.9049072265625,-13.00048828125,-13.916015625,-6.34765625
0.365966796875,-0.3343505859375,0.90966796875,-12.0849609375,-13.671875,-6.40869140625
0.353759765625,-0.338134765625,0.910400390625,-10.43701171875,-12.87841796875,-6.7138671875
0.3572998046875,-0.31689453125,0.9046630859375,-9.3994140625,-14.2822265625,-6.65283203125
0.3636474609375,-0.220703125,0.90576171875,-9.70458984375,-17.02880859375,-5.92041015625
0.363525390625,-0.23583984375,0.9034423828125,-9.6435546875,-21.240234375,-5.4931640625
0.3460693359375,-0.25390625,0.900634765625,-10.19287109375,-23.92578125,-4.45556640625
0.375732421875,-0.2728271484375,0.90185546875,-11.04736328125,-28.99169921875,-3.2958984375
0.3748779296875,-0.283935546875,0.8975830078125,-10.25390625,-35.09521484375,-3.2958984375
0.3717041015625,-0.277587890625,0.8955078125,-11.16943359375,-44.25048828125,-4.33349609375
0.3751220703125,-0.265625,0.8985595703125,-12.14599609375,-55.60302734375,-6.34765625
0.3704833984375,-0.26416015625,0.90087890625,-14.7705078125,-70.98388671875,-7.38525390625
0.363525390625,-0.2664794921875,0.9022216796875,-16.90673828125,-88.68408203125,-7.4462890625
0.3856201171875,-0.261962890625,0.90380859375,-19.22607421875,-120.7275390625,-9.033203125
0.39404296875,-0.2529296875,0.9095458984375,-23.25439453125,-133.36181640625,-12.939453125
0.37060546875,-0.250732421875,0.924072265625,-24.658203125,-142.2119140625,-20.32470703125
0.388916015625,-0.2379150390625,0.927001953125,-25.0244140625,-149.2919921875,-20.6298828125
0.386474609375,-0.23828125,0.9359130859375,-19.71435546875,-163.26904296875,-21.05712890625
0.382568359375,-0.2529296875,0.956787109375,-15.380859375,-191.95556640625,-21.91162109375
0.3812255859375,-0.25732421875,0.9501953125,-7.2021484375,-228.94287109375,-16.845703125
0.3748779296875,-0.2635498046875,0.94921875,-1.220703125,-257.62939453125,0.42724609375
0.3551025390625,-0.2470703125,0.9359130859375,-5.43212890625,-287.04833984375,13.85498046875
0.3388671875,-0.2713623046875,0.9736328125,-10.68115234375,-312.8662109375,-41.6259765625
0.33984375,-0.2938232421875,1.0262451171875,-13.36669921875,-405.94482421875,-93.07861328125
0.34375,-0.3699951171875,1.0965576171875,-11.77978515625,-476.37939453125,-177.24609375
0.3751220703125,-0.3673095703125,1.0997314453125,-28.13720703125,-383.30078125,-113.70849609375
0.3828125,-0.2730712890625,1.078857421875,-147.0947265625,129.7607421875,-100.40283203125
0.423095703125,-0.2659912109375,1.0443115234375,-161.80419921875,179.6875,-75.5615234375
0.480224609375,-0.27880859375,1.3070068359375,-188.96484375,186.8896484375,-61.03515625
0.4803466796875,-0.1005859375,2.41552734375,-43.76220703125,185.302734375,-3.96728515625
0.4393310546875,-0.0333251953125,2.209228515625,-18.37158203125,196.8994140625,29.052734375
0.4481201171875,-0.201171875,2.8046875,45.34912109375,209.228515625,57.43408203125
0.0963134765625,-0.9495849609375,3.523681640625,56.5185546875,218.3837890625,77.81982421875
0.1302490234375,-1.2205810546875,2.3841552734375,27.77099609375,227.783203125,98.32763671875
0.6544189453125,-0.593017578125,0.903564453125,9.8876953125,253.173828125,100.89111328125
1.307861328125,-1.3072509765625,0.6661376953125,1.64794921875,267.822265625,98.93798828125
1.3214111328125,-1.158935546875,0.6505126953125,5.9814453125,282.3486328125,92.041015625
0.9403076171875,-0.750244140625,0.72607421875,24.35302734375,295.2880859375,81.60400390625
0.5751953125,-0.502197265625,0.8306884765625,31.494140625,306.5185546875,70.37353515625
-0.1728515625,-0.3004150390625,0.9385986328125,36.19384765625,317.32177734375,60.05859375
-0.4901123046875,-0.356201171875,1.0948486328125,38.26904296875,325.74462890625,52.978515625
-0.3902587890625,-0.426513671875,1.1651611328125,39.12353515625,333.1298828125,49.86572265625
-0.2073974609375,-0.4378662109375,1.23095703125,35.82763671875,338.19580078125,51.1474609375
-0.143310546875,-0.299560546875,1.2802734375,29.35791015625,342.22412109375,57.80029296875
-0.0870361328125,-0.211669921875,1.2940673828125,21.3623046875,345.703125,67.626953125
0.0179443359375,-0.1517333984375,1.2852783203125,14.58740234375,347.412109375,78.61328125
0.26220703125,-0.1219482421875,1.295166015625,10.3759765625,342.8955078125,90.39306640625
0.3858642578125,-0.106689453125,1.3487548828125,8.056640625,334.28955078125,104.248046875
0.5067138671875,-0.1114501953125,1.4373779296875,8.85009765625,327.1484375,118.896484375
0.6043701171875,-0.16015625,1.5318603515625,12.63427734375,318.78662109375,132.50732421875
0.68212890625,-0.251708984375,1.607421875,18.4326171875,309.9365234375,144.95849609375
0.740966796875,-0.3671875,1.6702880859375,24.7802734375,305.2978515625,154.052734375
0.7969970703125,-0.4871826171875,1.7484130859375,31.43310546875,302.18505859375,157.65380859375
0.8677978515625,-0.5999755859375,1.8524169921875,34.72900390625,280.2734375,152.28271484375
0.93798828125,-0.7030029296875,1.987060546875,28.50341796875,253.23486328125,144.10400390625
0.993408203125,-0.8033447265625,2.12744140625,12.75634765625,217.4072265625,124.08447265625
1.0411376953125,-0.92138671875,2.2041015625,-34.11865234375,181.94580078125,84.28955078125
1.0692138671875,-1.067138671875,2.151611328125,-50.29296875,142.88330078125,31.06689453125
1.091064453125,-1.2027587890625,1.94677734375,-64.8193359375,73.3642578125,-20.08056640625
1.156982421875,-1.2623291015625,1.6058349609375,-76.2939453125,-19.4091796875,-59.5703125
1.289306640625,-1.18701171875,0.69482421875,-81.298828125,-98.81591796875,-92.7734375
1.4822998046875,-1.0111083984375,0.2408447265625,-75.62255859375,-161.43798828125,-111.87744140625
1.75439453125,-0.832275390625,-0.262939453125,-61.46240234375,-197.81494140625,-101.98974609375
2.0677490234375,-0.428955078125,-0.893310546875,-34.423828125,-176.1474609375,-87.158203125
2.32275390625,-0.04443359375,-1.6246337890625,11.962890625,-134.765625,-95.88623046875
2.5184326171875,0.3153076171875,-2.15771484375,41.93115234375,-88.80615234375,-66.0400390625
2.9136962890625,0.484130859375,-2.016845703125,73.30322265625,-194.03076171875,-46.9970703125
3.140625,0.600830078125,-1.218017578125,63.96484375,-261.29150390625,3.0517578125
3.5908203125,0.594482421875,0.0023193359375,-72.93701171875,-236.083984375,-17.51708984375
3.9468994140625,0.23095703125,1.765625,-27.587890625,-221.98486328125,-65.12451171875
3.9593505859375,-0.291259765625,2.9276123046875,6.34765625,-215.33203125,-60.36376953125
3.6097412109375,-0.6683349609375,1.5262451171875,-47.119140625,-204.1015625,-4.57763671875
3.0111083984375,-0.5736083984375,-0.6761474609375,-14.70947265625,-210.8154296875,0.79345703125
2.6787109375,-1.3052978515625,0.1800537109375,-48.76708984375,-178.7109375,-24.59716796875
2.3515625,-1.2120361328125,2.4791259765625,-34.36279296875,-137.939453125,-20.3857421875
0.2554931640625,-0.1126708984375,2.524658203125,-7.080078125,-81.9091796875,-5.0048828125
-1.6976318359375,0.0916748046875,1.9102783203125,46.0205078125,-59.14306640625,-8.9111328125
-1.3731689453125,0.3175048828125,1.7978515625,67.93212890625,-51.025390625,-5.615234375
-0.1202392578125,0.94091796875,1.025390625,41.80908203125,-21.3623046875,-5.79833984375
1.1463623046875,0.802978515625,1.4053955078125,21.54541015625,-15.13671875,-3.96728515625
1.7010498046875,-0.7244873046875,1.935546875,17.08984375,-15.68603515625,-1.5869140625
1.7208251953125,-1.4945068359375,1.1517333984375,16.66259765625,-17.9443359375,0.48828125
1.4503173828125,-0.3172607421875,1.2044677734375,18.6767578125,-18.98193359375,2.13623046875
1.0675048828125,0.574951171875,1.1563720703125,14.83154296875,-17.7001953125,3.2958984375
0.6517333984375,-0.6357421875,0.960693359375,11.04736328125,-14.2822265625,2.13623046875
0.9014892578125,-0.4954833984375,0.9560546875,7.87353515625,-10.55908203125,-1.40380859375
1.2978515625,-0.0450439453125,0.9520263671875,4.5166015625,-11.23046875,-3.7841796875
