0.3724365234375,-0.228515625,0.9190673828125,-0.67138671875,-0.3662109375,0.244140625
0.372802734375,-0.228759765625,0.9180908203125,-0.6103515625,0.0,0.244140625
0.370361328125,-0.2275390625,0.918212890625,-0.48828125,0.06103515625,0.244140625
0.368408203125,-0.2288818359375,0.9200439453125,-0.42724609375,0.06103515625,0.244140625
0.369384765625,-0.2281494140625,0.9207763671875,-0.42724609375,-0.06103515625,0.30517578125
0.3702392578125,-0.2266845703125,0.9188232421875,-0.54931640625,-0.06103515625,0.30517578125
0.3692626953125,-0.22705078125,0.9190673828125,-0.6103515625,-0.1220703125,0.42724609375
0.368408203125,-0.226318359375,0.9188232421875,-0.54931640625,-0.1220703125,0.3662109375
0.3670654296875,-0.2276611328125,0.919189453125,-0.42724609375,-0.06103515625,0.3662109375
0.3665771484375,-0.22998046875,0.9197998046875,-0.30517578125,0.0,0.3662109375
0.36767578125,-0.2298583984375,0.920654296875,-0.244140625,0.1220703125,0.30517578125
0.3695068359375,-0.2294921875,0.9208984375,-0.244140625,0.244140625,0.30517578125
0.369384765625,-0.2288818359375,0.9202880859375,-0.18310546875,0.244140625,0.30517578125
0.367919921875,-0.2275390625,0.92041015625,-0.1220703125,0.18310546875,0.244140625
0.3673095703125,-0.226806640625,0.9202880859375,-0.1220703125,0.1220703125,0.30517578125
0.3681640625,-0.2275390625,0.9195556640625,-0.18310546875,0.1220703125,0.30517578125
0.36962890625,-0.228271484375,0.919677734375,-0.244140625,0.1220703125,0.30517578125
0.3697509765625,-0.2286376953125,0.9197998046875,-0.244140625,0.1220703125,0.244140625
0.3692626953125,-0.228271484375,0.9195556640625,-0.244140625,0.06103515625,0.244140625
0.36865234375,-0.2291259765625,0.919677734375,-0.244140625,-0.1220703125,0.18310546875
0.3687744140625,-0.2301025390625,0.9195556640625,-0.30517578125,-0.30517578125,0.18310546875
0.3695068359375,-0.2305908203125,0.9197998046875,-0.3662109375,-0.3662109375,0.244140625
0.3692626953125,-0.2298583984375,0.9195556640625,-0.1220703125,-0.42724609375,0.244140625
0.3685302734375,-0.228759765625,0.91943359375,-0.1220703125,-0.42724609375,0.30517578125
0.3677978515625,-0.2279052734375,0.92041015625,-0.18310546875,-0.48828125,0.244140625
0.366943359375,-0.2265625,0.921630859375,-0.244140625,-0.18310546875,0.18310546875
0.3665771484375,-0.2275390625,0.921142578125,-0.244140625,-0.18310546875,0.1220703125
0.3670654296875,-0.2296142578125,0.9207763671875,-0.244140625,-0.18310546875,0.06103515625
0.36669921875,-0.2283935546875,0.9212646484375,-0.1220703125,-0.18310546875,0.06103515625
0.365966796875,-0.229736328125,0.92138671875,0.0,-0.18310546875,0.0
0.3665771484375,-0.23046875,0.920654296875,0.0,-0.30517578125,0.0
0.3670654296875,-0.2291259765625,0.919921875,0.0,-0.42724609375,0.0
0.36669921875,-0.2294921875,0.9193115234375,0.0,-0.54931640625,0.0
0.3675537109375,-0.2288818359375,0.9195556640625,-0.06103515625,-0.6103515625,0.0
0.3681640625,-0.2296142578125,0.9202880859375,-0.06103515625,-0.6103515625,0.0
0.367919921875,-0.2310791015625,0.920654296875,-0.18310546875,-0.6103515625,0.06103515625
0.3671875,-0.23046875,0.9207763671875,-0.06103515625,-0.48828125,0.1220703125
0.367431640625,-0.229248046875,0.921142578125,0.0,-0.48828125,0.1220703125
0.366455078125,-0.2283935546875,0.921142578125,0.0,-0.42724609375,0.1220703125
0.3663330078125,-0.2279052734375,0.9205322265625,-0.1220703125,-0.3662109375,0.1220703125
0.3660888671875,-0.228759765625,0.920166015625,-0.06103515625,-0.30517578125,0.1220703125
0.36474609375,-0.2286376953125,0.9200439453125,0.0,-0.30517578125,0.1220703125
0.3651123046875,-0.22802734375,0.9202880859375,0.06103515625,-0.30517578125,0.18310546875
0.365966796875,-0.2281494140625,0.9205322265625,0.1220703125,-0.18310546875,0.30517578125
0.3665771484375,-0.2274169921875,0.9208984375,0.1220703125,-0.732421875,0.48828125
0.36767578125,-0.228271484375,0.9212646484375,0.18310546875,-0.3662109375,0.91552734375
0.367919921875,-0.2293701171875,0.9207763671875,-0.54931640625,0.1220703125,1.52587890625
0.3673095703125,-0.228759765625,0.9208984375,-0.42724609375,0.48828125,3.96728515625
0.3682861328125,-0.2293701171875,0.9208984375,-0.30517578125,1.40380859375,5.55419921875
0.368896484375,-0.2305908203125,0.9222412109375,-0.54931640625,7.6904296875,6.9580078125
0.367431640625,-0.2313232421875,0.92431640625,-0.48828125,14.09912109375,9.58251953125
0.3673095703125,-0.2294921875,0.927490234375,-1.708984375,38.57421875,9.6435546875
0.36767578125,-0.2315673828125,0.9261474609375,-2.685546875,51.3916015625,10.498046875
0.367919921875,-0.2291259765625,0.9346923828125,-13.18359375,52.6123046875,13.671875
0.367919921875,-0.2279052734375,1.014892578125,-25.08544921875,55.11474609375,15.5029296875
0.371337890625,-0.2308349609375,1.0504150390625,-26.4892578125,56.2744140625,16.29638671875
0.3760986328125,-0.241943359375,1.02734375,-25.45166015625,59.50927734375,16.41845703125
0.380615234375,-0.26123046875,1.005126953125,-25.69580078125,61.82861328125,15.19775390625
0.3914794921875,-0.279541015625,0.9742431640625,-24.7802734375,61.5234375,13.36669921875
0.39794921875,-0.202392578125,0.9857177734375,-23.74267578125,58.2275390625,8.056640625
0.469482421875,-0.218994140625,1.0086669921875,-20.20263671875,53.22265625,6.53076171875
0.53857421875,-0.2403564453125,1.016357421875,-18.1884765625,37.841796875,4.39453125
0.47265625,-0.2679443359375,0.98876953125,-15.625,31.79931640625,2.99072265625
0.3594970703125,-0.3206787109375,0.933837890625,-8.7890625,19.775390625,-1.15966796875
0.357421875,-0.3326416015625,0.886474609375,-4.94384765625,13.18359375,-3.0517578125
0.3780517578125,-0.2890625,0.8594970703125,-3.0517578125,0.1220703125,-4.94384765625
0.3843994140625,-0.2427978515625,0.856689453125,-1.40380859375,-5.859375,-6.65283203125
0.390380859375,-0.2308349609375,0.8414306640625,3.173828125,-23.37646484375,-9.09423828125
0.3641357421875,-0.2327880859375,0.8260498046875,5.67626953125,-29.72412109375,-11.90185546875
0.292724609375,-0.2265625,0.821044921875,13.427734375,-36.31591796875,-20.69091796875
0.2242431640625,-0.2518310546875,0.8302001953125,16.11328125,-44.0673828125,-27.16064453125
0.1842041015625,-0.2662353515625,0.836669921875,17.9443359375,-67.19970703125,-38.818359375
0.1468505859375,-0.2529296875,0.8546142578125,18.73779296875,-78.61328125,-58.9599609375
0.1036376953125,-0.2581787109375,0.8544921875,16.78466796875,-92.1630859375,-74.462890625
0.08984375,-0.2952880859375,0.866455078125,14.95361328125,-114.07470703125,-81.9091796875
0.07275390625,-0.2738037109375,0.8472900390625,20.20263671875,-116.51611328125,-92.71240234375
0.07080078125,-0.2388916015625,0.81494140625,52.3681640625,-95.39794921875,-99.12109375
0.067138671875,-0.237060546875,0.8843994140625,40.1611328125,-72.8759765625,-93.3837890625
0.1053466796875,-0.2493896484375,1.067138671875,10.7421875,-65.73486328125,-33.8134765625
0.1038818359375,-0.3114013671875,1.5333251953125,0.0,-62.255859375,-10.68115234375
0.09228515625,-0.3876953125,2.0057373046875,8.1787109375,-33.26416015625,12.451171875
0.0548095703125,-0.6553955078125,2.17626953125,19.04296875,-20.44677734375,36.0107421875
-0.065673828125,-0.6124267578125,2.0552978515625,6.8359375,-3.23486328125,85.02197265625
-0.0491943359375,-0.255615234375,1.75830078125,-3.662109375,17.39501953125,109.43603515625
-0.1978759765625,-0.32861328125,1.4864501953125,-21.42333984375,71.83837890625,129.45556640625
-0.1329345703125,-0.773193359375,1.0494384765625,-43.15185546875,101.4404296875,143.73779296875
0.2056884765625,-1.0927734375,1.025634765625,-57.9833984375,126.5869140625,153.01513671875
0.2325439453125,-1.079833984375,1.082275390625,-52.24609375,145.93505859375,157.89794921875
-0.08251953125,-0.938720703125,1.2791748046875,-42.1142578125,158.02001953125,156.67724609375
-0.4876708984375,-0.829833984375,1.546875,-29.1748046875,161.56005859375,141.66259765625
-0.7802734375,-0.6724853515625,1.9234619140625,-20.8740234375,149.96337890625,131.4697265625
-1.53564453125,-0.603515625,1.9342041015625,-14.892578125,120.54443359375,121.826171875
-1.6463623046875,-0.6474609375,1.821044921875,-0.9765625,104.06494140625,113.76953125
-1.640869140625,-0.7314453125,1.66748046875,11.41357421875,90.14892578125,101.1962890625
-1.539306640625,-0.6934814453125,1.5272216796875,14.892578125,82.1533203125,100.52490234375
-1.343994140625,-0.592529296875,1.25732421875,15.44189453125,81.48193359375,101.9287109375
-0.8736572265625,-0.491455078125,1.02685546875,20.6298828125,88.19580078125,101.01318359375
-0.6431884765625,-0.4447021484375,0.9969482421875,27.03857421875,94.42138671875,94.7265625
-0.44091796875,-0.465576171875,1.0513916015625,25.20751953125,95.88623046875,83.80126953125
-0.2762451171875,-0.4783935546875,1.1385498046875,18.00537109375,89.78271484375,68.359375
-0.11865234375,-0.4898681640625,1.24365234375,8.23974609375,76.5380859375,49.8046875
0.1275634765625,-0.5247802734375,1.326171875,2.197265625,57.9833984375,14.892578125
0.3204345703125,-0.57421875,1.1982421875,1.0986328125,38.02490234375,1.77001953125
0.4375,-0.6123046875,0.994384765625,3.60107421875,5.615234375,-15.5029296875
0.57666015625,-0.465576171875,0.75244140625,7.38525390625,-8.9111328125,-21.91162109375
0.7139892578125,-0.2899169921875,0.51611328125,6.65283203125,-19.71435546875,-48.15673828125
0.8387451171875,-0.1390380859375,0.3131103515625,2.74658203125,-27.16064453125,-40.4052734375
1.05712890625,-0.0330810546875,0.1715087890625,6.34765625,-169.7998046875,-110.53466796875
1.06298828125,0.0491943359375,0.05322265625,12.02392578125,-155.94482421875,-12.3291015625
1.0286865234375,0.104248046875,0.0401611328125,54.931640625,-54.19921875,14.404296875
1.0003662109375,0.139404296875,0.0770263671875,65.5517578125,-172.4853515625,-33.75244140625
0.995849609375,0.13330078125,-0.009521484375,-135.31494140625,-172.8515625,-27.40478515625
1.0306396484375,0.0771484375,0.3828125,-25.0244140625,-137.75634765625,-21.97265625
1.1175537109375,-0.157470703125,1.9927978515625,-37.2314453125,-132.75146484375,-10.25390625
1.402099609375,-0.2520751953125,1.3310546875,-28.564453125,-124.45068359375,-4.45556640625
1.5538330078125,0.4339599609375,-0.281005859375,-40.8935546875,-112.4267578125,-8.60595703125
1.8580322265625,0.1461181640625,1.714599609375,-27.16064453125,-95.27587890625,-12.939453125
1.94287109375,-1.3416748046875,1.260498046875,-8.30078125,-70.49560546875,-7.26318359375
0.302978515625,-0.62255859375,1.337158203125,16.2353515625,-41.56494140625,-2.5634765625
-1.0648193359375,-0.558837890625,1.3848876953125,22.705078125,-25.20751953125,-1.64794921875
-0.76123046875,0.53564453125,1.0513916015625,20.44677734375,-18.61572265625,-0.6103515625
0.8712158203125,-0.2562255859375,1.0439453125,19.8974609375,-13.97705078125,1.5869140625
1.36083984375,-0.9725341796875,1.4710693359375,18.6767578125,-10.92529296875,1.89208984375
0.6551513671875,-1.012939453125,1.353515625,12.8173828125,-10.43701171875,3.23486328125
0.6839599609375,-0.5321044921875,1.07763671875,7.50732421875,-9.58251953125,4.2724609375
0.7418212890625,0.019287109375,1.0560302734375,3.23486328125,-8.7890625,4.2724609375
0.4923095703125,0.0230712890625,1.0330810546875,0.67138671875,-5.4931640625,3.96728515625
0.555419921875,-0.4490966796875,0.993896484375,-0.42724609375,-4.5166015625,3.35693359375
0.9041748046875,-0.459716796875,0.9593505859375,0.30517578125,-4.0283203125,2.44140625
0.7738037109375,-0.203857421875,0.960205078125,0.79345703125,-3.60107421875,1.15966796875
0.4669189453125,-0.2315673828125,0.954833984375,0.79345703125,-3.23486328125,-0.06103515625
0.3900146484375,-0.3057861328125,0.929931640625,0.91552734375,-3.35693359375,-1.03759765625
0.4122314453125,-0.194580078125,0.9188232421875,1.15966796875,-4.0283203125,-1.0986328125
0.38330078125,-0.2342529296875,0.9140625,1.0986328125,-4.7607421875,-1.220703125
0.3505859375,-0.2515869140625,0.9110107421875,0.67138671875,-5.126953125,-0.18310546875
0.3602294921875,-0.260498046875,0.906982421875,0.732421875,-7.87353515625,-0.54931640625
0.36962890625,-0.266357421875,0.9058837890625,-0.18310546875,-7.38525390625,0.54931640625
0.349853515625,-0.275390625,0.9046630859375,-5.4931640625,-5.92041015625,0.67138671875
0.33642578125,-0.2767333984375,0.9075927734375,-6.28662109375,-7.568359375,-0.48828125
0.3292236328125,-0.2733154296875,0.91015625,-6.28662109375,-6.9580078125,-2.685546875
0.32763671875,-0.268798828125,0.92529296875,-6.34765625,-6.8359375,-5.0048828125
0.3214111328125,-0.2552490234375,0.9293212890625,-2.197265625,-9.765625,-5.18798828125
0.31103515625,-0.24072265625,0.92529296875,0.0,-12.3291015625,-4.8828125
0.3095703125,-0.234375,0.927734375,-1.3427734375,-18.9208984375,-5.43212890625
0.3155517578125,-0.2384033203125,0.925048828125,-1.46484375,-22.88818359375,-10.8642578125
0.31396484375,-0.25146484375,0.9073486328125,-6.65283203125,-23.0712890625,-10.43701171875
0.3236083984375,-0.2537841796875,0.9007568359375,-12.0849609375,-19.8974609375,-9.21630859375
0.347900390625,-0.2615966796875,0.9088134765625,-11.962890625,-21.91162109375,-7.62939453125
0.345703125,-0.273681640625,0.908935546875,-11.71875,-22.5830078125,-1.03759765625
0.3502197265625,-0.29052734375,0.9007568359375,-14.0380859375,-26.42822265625,0.732421875
0.352294921875,-0.2996826171875,0.910400390625,-14.404296875,-56.15234375,1.89208984375
0.3209228515625,-0.278564453125,0.9163818359375,-17.4560546875,-58.2275390625,-0.54931640625
0.295654296875,-0.261962890625,0.92822265625,-23.193359375,-70.49560546875,-4.69970703125
0.312255859375,-0.2724609375,0.9241943359375,-28.076171875,-99.54833984375,-10.80322265625
0.3271484375,-0.251708984375,0.926025390625,-30.76171875,-116.63818359375,-15.2587890625
0.3292236328125,-0.242431640625,0.930419921875,-36.0107421875,-131.8359375,-15.625
0.357177734375,-0.2301025390625,0.9281005859375,-39.12353515625,-142.15087890625,-12.14599609375
0.3560791015625,-0.201416015625,0.9163818359375,-36.1328125,-151.2451171875,-10.498046875
0.381103515625,-0.1990966796875,0.9222412109375,-33.38623046875,-164.48974609375,-12.51220703125
0.404052734375,-0.2291259765625,0.9351806640625,-30.3955078125,-184.08203125,-12.39013671875
0.345458984375,-0.2545166015625,0.9541015625,-25.390625,-208.251953125,-3.60107421875
0.3475341796875,-0.2967529296875,0.949462890625,-30.1513671875,-238.22021484375,14.70947265625
0.34228515625,-0.3343505859375,0.967529296875,-35.82763671875,-270.32470703125,-107.0556640625
0.351806640625,-0.3671875,1.04541015625,-35.888671875,-292.17529296875,-160.58349609375
0.343505859375,-0.347900390625,1.059814453125,-28.62548828125,-482.72705078125,-130.4931640625
0.33203125,-0.3251953125,1.0467529296875,-82.70263671875,-439.3310546875,-109.619140625
0.3673095703125,-0.2828369140625,1.1339111328125,-180.7861328125,30.8837890625,-97.47314453125
0.4295654296875,-0.26904296875,1.06201171875,-177.55126953125,146.66748046875,-83.06884765625
0.5330810546875,-0.287353515625,1.4649658203125,-88.19580078125,191.58935546875,-74.951171875
0.5791015625,-0.212646484375,1.9093017578125,-69.82421875,204.16259765625,-61.8896484375
0.48046875,-0.111083984375,2.483154296875,-50.78125,201.66015625,-39.55078125
0.39990234375,-0.3028564453125,3.7696533203125,-18.5546875,198.79150390625,-12.51220703125
0.2437744140625,-1.197509765625,3.3084716796875,10.009765625,201.171875,14.09912109375
0.0731201171875,-0.763671875,2.18359375,30.517578125,207.763671875,36.62109375
0.802734375,-1.3499755859375,1.4110107421875,33.447265625,216.064453125,55.11474609375
1.1265869140625,-1.0751953125,0.917724609375,32.5927734375,224.365234375,69.7021484375
1.11865234375,-0.943603515625,0.6661376953125,28.62548828125,233.154296875,79.9560546875
1.6075439453125,-0.8883056640625,0.625,29.35791015625,243.10302734375,86.60888671875
0.3218994140625,-0.727294921875,0.655517578125,31.79931640625,253.11279296875,90.8203125
-0.1492919921875,-0.530517578125,0.7213134765625,31.67724609375,263.3056640625,92.8955078125
-0.3804931640625,-0.4466552734375,0.7960205078125,29.47998046875,275.7568359375,88.56201171875
-0.404296875,-0.43408203125,0.84228515625,27.03857421875,288.39111328125,85.14404296875
-0.3634033203125,-0.4705810546875,0.8719482421875,25.57373046875,321.044921875,82.09228515625
-0.2830810546875,-0.4918212890625,0.9132080078125,26.18408203125,325.1953125,80.26123046875
-0.1923828125,-0.4517822265625,0.9954833984375,33.50830078125,323.79150390625,79.52880859375
-0.1295166015625,-0.3892822265625,1.113037109375,31.982421875,325.62255859375,81.9091796875
-0.072021484375,-0.3409423828125,1.23583984375,25.32958984375,327.5146484375,85.9375
-0.00146484375,-0.3182373046875,1.346923828125,15.625,331.4208984375,91.00341796875
0.076171875,-0.3192138671875,1.35693359375,9.21630859375,331.11572265625,97.35107421875
0.1610107421875,-0.33349609375,1.353759765625,5.7373046875,325.62255859375,105.95703125
0.27685546875,-0.3587646484375,1.3802490234375,7.75146484375,318.90869140625,117.3095703125
0.4052734375,-0.3372802734375,1.443603515625,11.90185546875,312.07275390625,128.47900390625
0.5408935546875,-0.3291015625,1.5274658203125,17.27294921875,306.640625,138.85498046875
0.7364501953125,-0.3731689453125,1.6387939453125,23.4375,301.81884765625,157.04345703125
0.7861328125,-0.465576171875,1.7813720703125,28.86962890625,300.47607421875,156.6162109375
0.8624267578125,-0.5780029296875,1.965576171875,32.5927734375,298.7060546875,135.43701171875
0.9273681640625,-0.698974609375,2.156494140625,32.40966796875,210.87646484375,28.4423828125
0.96923828125,-0.826904296875,2.30712890625,7.38525390625,169.12841796875,-33.87451171875
1.0101318359375,-0.9730224609375,2.366455078125,-26.85546875,63.29345703125,-79.77294921875
1.0433349609375,-1.119140625,2.288818359375,-27.89306640625,-10.55908203125,-108.2763671875
1.0947265625,-1.240966796875,1.5865478515625,-36.19384765625,-92.6513671875,-127.685546875
1.216064453125,-1.324951171875,0.1268310546875,-27.83203125,-148.37646484375,-153.9306640625
1.3997802734375,-1.3228759765625,-0.3529052734375,9.3994140625,-184.38720703125,-130.67626953125
1.610107421875,-0.9267578125,-1.8797607421875,50.84228515625,-180.419921875,-76.96533203125
1.86328125,-0.0926513671875,-2.1240234375,81.787109375,-197.44873046875,-9.09423828125
2.1531982421875,0.389892578125,-1.7769775390625,-0.9765625,-247.6806640625,-35.94970703125
2.557861328125,0.9801025390625,-0.9923095703125,-48.33984375,-246.64306640625,-43.9453125
3.1090087890625,0.8665771484375,1.9803466796875,6.77490234375,-224.9755859375,-22.52197265625
3.5989990234375,0.363525390625,1.89501953125,-8.9111328125,-207.45849609375,-0.79345703125
3.9710693359375,-0.2093505859375,0.501220703125,-9.521484375,-197.44873046875,-7.4462890625
3.5716552734375,-0.4989013671875,0.2252197265625,-31.8603515625,-174.31640625,-21.91162109375
3.0479736328125,-1.5068359375,1.46875,-10.19287109375,-146.3623046875,-18.49365234375
2.763427734375,-1.43896484375,2.127685546875,30.70068359375,-106.01806640625,-10.009765625
-1.1439208984375,-1.2166748046875,1.83203125,40.22216796875,-88.43994140625,-7.9345703125
-1.175048828125,-0.664794921875,1.4158935546875,26.06201171875,-61.8896484375,-4.57763671875
-0.3150634765625,0.93798828125,1.3216552734375,9.21630859375,-43.0908203125,-1.89208984375
1.0877685546875,0.5445556640625,1.7198486328125,4.57763671875,-28.01513671875,-1.953125
1.29296875,-1.3203125,1.6771240234375,0.30517578125,-17.822265625,-2.38037109375
1.5758056640625,-0.9019775390625,1.221435546875,-3.90625,-10.25390625,-2.50244140625
1.3001708984375,0.0986328125,1.1324462890625,-3.35693359375,-3.72314453125,-2.685546875
0.8951416015625,0.3648681640625,1.0875244140625,-3.41796875,1.52587890625,-0.42724609375
0.8426513671875,-0.3541259765625,1.0369873046875,-2.50244140625,2.99072265625,1.40380859375
1.0980224609375,-0.5953369140625,0.966796875,0.42724609375,-1.0986328125,3.90625
0.87451171875,-0.198974609375,0.9266357421875,0.79345703125,-4.0283203125,6.2255859375
0.477783203125,-0.2003173828125,0.9283447265625,-5.615234375,-7.080078125,6.40869140625
0.5125732421875,-0.33544921875,0.9437255859375,-10.68115234375,-9.1552734375,5.79833984375
0.5916748046875,-0.2779541015625,0.9422607421875,-16.90673828125,-7.4462890625,3.41796875
0.537353515625,-0.247314453125,0.9267578125,-21.484375,-4.7607421875,1.3427734375
0.443115234375,-0.242919921875,0.9222412109375,-21.240234375,-0.732421875,-1.77001953125
0.3763427734375,-0.2091064453125,0.927001953125,-20.56884765625,1.52587890625,-1.40380859375
0.380615234375,-0.2374267578125,0.9283447265625,-18.98193359375,3.2958984375,-1.15966796875
0.3685302734375,-0.2337646484375,0.927001953125,-17.333984375,2.9296875,-0.6103515625
0.3370361328125,-0.2384033203125,0.9091796875,-13.18359375,3.96728515625,0.42724609375
0.3480224609375,-0.2587890625,0.9034423828125,-12.51220703125,0.54931640625,0.0
0.3382568359375,-0.2783203125,0.908447265625,-8.97216796875,-8.7890625,-1.77001953125
0.3465576171875,-0.3074951171875,0.90478515625,-7.62939453125,-7.080078125,-5.9814453125
0.3656005859375,-0.3170166015625,0.911376953125,-8.36181640625,-12.8173828125,-8.60595703125
0.3671875,-0.3072509765625,0.9124755859375,-8.1787109375,-13.18359375,-8.85009765625
0.36083984375,-0.2957763671875,0.9268798828125,-3.84521484375,-15.31982421875,-8.11767578125
0.3494873046875,-0.278076171875,0.907470703125,-0.3662109375,-15.80810546875,-7.2021484375
0.345458984375,-0.275634765625,0.8824462890625,-1.953125,-16.845703125,-5.615234375
0.346435546875,-0.2789306640625,0.9029541015625,-2.3193359375,-16.6015625,-4.39453125
0.34814453125,-0.27587890625,0.882568359375,-3.41796875,-15.2587890625,-4.150390625
0.343505859375,-0.2735595703125,0.892822265625,-5.0048828125,-16.11328125,-4.82177734375
0.31396484375,-0.309326171875,0.89013671875,-5.06591796875,-18.12744140625,-6.04248046875
0.3192138671875,-0.3370361328125,0.89892578125,-5.79833984375,-21.484375,-7.32421875
0.32958984375,-0.3077392578125,0.91845703125,-6.7138671875,-24.2919921875,-7.87353515625
0.346435546875,-0.2923583984375,0.9185791015625,-8.056640625,-27.34375,-7.32421875
0.3148193359375,-0.2750244140625,0.907470703125,-8.7890625,-32.3486328125,-6.2255859375
0.33984375,-0.2598876953125,0.9072265625,-9.765625,-37.59765625,-5.126953125
0.3514404296875,-0.258056640625,0.912109375,-12.3291015625,-45.83740234375,-4.33349609375
0.3634033203125,-0.2662353515625,0.913330078125,-14.95361328125,-59.99755859375,-3.7841796875
0.3984375,-0.2744140625,0.9151611328125,-18.1884765625,-77.69775390625,-4.82177734375
0.3992919921875,-0.2784423828125,0.924072265625,-22.0947265625,-97.10693359375,-14.34326171875
0.356689453125,-0.281982421875,0.9315185546875,-27.4658203125,-117.24853515625,-20.69091796875
0.325927734375,-0.274169921875,0.93896484375,-32.28759765625,-148.74267578125,-23.74267578125
0.324951171875,-0.2528076171875,0.9476318359375,-34.48486328125,-159.24072265625,-24.71923828125
0.3319091796875,-0.2452392578125,0.9395751953125,-31.31103515625,-176.7578125,-33.63037109375
0.3209228515625,-0.2398681640625,0.9520263671875,-28.25927734375,-197.44873046875,-34.7900390625
0.3402099609375,-0.2333984375,0.969970703125,-21.240234375,-220.3369140625,-26.06201171875
0.3536376953125,-0.24462890625,0.938232421875,-15.869140625,-251.77001953125,-12.75634765625
0.34423828125,-0.241943359375,0.9537353515625,-13.5498046875,-286.80419921875,-11.1083984375
0.3310546875,-0.2867431640625,1.039794921875,-7.50732421875,-296.44775390625,-29.96826171875
0.3284912109375,-0.377197265625,1.041748046875,10.25390625,-301.26953125,-119.93408203125
0.3258056640625,-0.396240234375,1.033203125,16.29638671875,-359.55810546875,-143.6767578125
0.322509765625,-0.34423828125,1.1346435546875,-20.751953125,-495.4833984375,-157.958984375
0.356201171875,-0.358154296875,1.114501953125,-92.6513671875,-492.431640625,-173.828125
0.427978515625,-0.3768310546875,1.0372314453125,-145.1416015625,-478.82080078125,-184.14306640625
0.4925537109375,-0.299072265625,1.6044921875,-153.62548828125,-458.1298828125,-126.89208984375
0.512939453125,-0.115234375,2.36669921875,-187.19482421875,-333.67919921875,-104.91943359375
0.45166015625,-0.0955810546875,2.0540771484375,-177.001953125,19.775390625,-72.57080078125
0.3204345703125,-0.3868408203125,2.0811767578125,-112.85400390625,121.58203125,-47.8515625
0.0384521484375,-0.6871337890625,2.207275390625,-32.65380859375,170.10498046875,-30.76171875
0.2569580078125,-1.298828125,2.435302734375,-29.541015625,193.2373046875,-10.009765625
0.821533203125,-1.0921630859375,3.032470703125,-7.01904296875,208.984375,11.16943359375
1.1085205078125,-0.751220703125,3.748291015625,16.29638671875,216.12548828125,29.1748046875
1.236328125,-0.7763671875,3.3504638671875,42.724609375,218.56689453125,43.76220703125
1.0042724609375,-0.4813232421875,2.2783203125,56.45751953125,219.66552734375,54.74853515625
0.783935546875,-1.5181884765625,1.4815673828125,52.3681640625,221.74072265625,67.0166015625
0.9967041015625,-1.205810546875,0.993408203125,43.45703125,226.6845703125,69.580078125
0.9195556640625,-1.0484619140625,0.7113037109375,35.33935546875,247.9248046875,70.1904296875
1.4464111328125,-0.9078369140625,0.5543212890625,32.40966796875,259.21630859375,68.42041015625
0.2657470703125,-0.712890625,0.5313720703125,38.63525390625,268.85986328125,65.185546875
-0.122314453125,-0.4876708984375,0.628662109375,39.85595703125,281.55517578125,61.5234375
-0.3040771484375,-0.2978515625,0.781005859375,37.65869140625,296.142578125,57.55615234375
-0.2872314453125,-0.2119140625,0.9591064453125,36.19384765625,304.0771484375,54.87060546875
-0.280029296875,-0.220703125,0.9879150390625,35.58349609375,309.9365234375,53.52783203125
-0.2855224609375,-0.258056640625,1.0234375,34.60693359375,321.1669921875,54.38232421875
-0.2313232421875,-0.2498779296875,1.072998046875,33.0810546875,332.8857421875,57.80029296875
-0.1328125,-0.200439453125,1.151611328125,28.01513671875,338.9892578125,64.3310546875
-0.0145263671875,-0.1748046875,1.2681884765625,21.66748046875,340.88134765625,72.6318359375
0.150390625,-0.199462890625,1.3555908203125,12.02392578125,341.6748046875,82.21435546875
0.2109375,-0.243896484375,1.3919677734375,2.197265625,340.8203125,93.505859375
0.3011474609375,-0.2952880859375,1.4058837890625,-6.591796875,337.5244140625,106.4453125
0.41015625,-0.344482421875,1.427734375,-10.3759765625,334.47265625,119.9951171875
0.499755859375,-0.3880615234375,1.47119140625,-8.6669921875,330.74951171875,132.26318359375
0.5872802734375,-0.437255859375,1.5267333984375,-3.5400390625,328.125,141.29638671875
0.70458984375,-0.4910888671875,1.6236572265625,3.60107421875,324.64599609375,148.5595703125
0.8106689453125,-0.55908203125,1.806396484375,10.25390625,322.1435546875,154.23583984375
0.87158203125,-0.640869140625,2.0565185546875,12.51220703125,316.71142578125,158.3251953125
0.9141845703125,-0.736328125,2.27783203125,6.9580078125,307.4951171875,159.60693359375
0.9581298828125,-0.853759765625,2.4102783203125,-8.056640625,288.75732421875,156.18896484375
0.99560546875,-1.0020751953125,2.408447265625,-27.2216796875,260.3759765625,142.7001953125
1.027099609375,-1.1392822265625,2.263916015625,-41.50390625,221.6796875,107.48291015625
1.1031494140625,-1.2110595703125,1.999755859375,-45.71533203125,182.0068359375,53.28369140625
1.2349853515625,-1.2044677734375,1.666259765625,-41.19873046875,135.6201171875,-5.18798828125
1.3956298828125,-1.1114501953125,1.311767578125,-44.189453125,75.37841796875,-54.38232421875
1.579833984375,-0.9466552734375,0.921630859375,-61.21826171875,1.708984375,-86.85302734375
1.79150390625,-0.7886962890625,0.4609375,-75.927734375,-95.8251953125,-97.83935546875
2.0068359375,-0.6846923828125,-0.16357421875,-65.00244140625,-156.8603515625,-99.4873046875
2.1910400390625,-0.585693359375,-1.065673828125,-7.38525390625,-199.52392578125,-133.30078125
2.360107421875,-0.2576904296875,-2.0565185546875,45.5322265625,-179.13818359375,2.01416015625
2.5758056640625,0.30126953125,-2.3863525390625,82.03125,-143.49365234375,-23.49853515625
2.8341064453125,0.760986328125,-1.948486328125,93.26171875,-255.92041015625,-64.0869140625
3.14697265625,0.9827880859375,-0.9556884765625,-93.6279296875,-252.01416015625,-48.9501953125
3.6484375,0.770751953125,0.3643798828125,-36.865234375,-235.90087890625,-31.79931640625
3.98046875,0.260986328125,1.8470458984375,-9.27734375,-229.67529296875,-14.58740234375
3.9962158203125,-0.248291015625,1.2701416015625,-25.81787109375,-217.7734375,-43.0908203125
3.636962890625,-0.4658203125,2.4735107421875,-31.005859375,-216.796875,-15.5029296875
3.11572265625,-0.004150390625,2.4759521484375,-11.41357421875,-148.86474609375,-8.48388671875
2.8629150390625,-1.4647216796875,1.7760009765625,34.66796875,-85.8154296875,-1.77001953125
2.2069091796875,-0.2601318359375,1.7012939453125,62.744140625,-58.41064453125,-1.220703125
0.33740234375,0.53125,1.4539794921875,10.498046875,-29.72412109375,-3.7841796875
-1.577880859375,0.7296142578125,1.2794189453125,5.37109375,-27.28271484375,-4.7607421875
1.471923828125,-0.457275390625,1.9522705078125,-0.54931640625,-9.521484375,-5.67626953125
1.587158203125,-1.3919677734375,1.236572265625,4.39453125,-5.9814453125,-5.31005859375
1.294189453125,-1.271728515625,1.184814453125,12.939453125,-1.5869140625,-4.0283203125
1.065185546875,0.5142822265625,1.0059814453125,16.17431640625,0.54931640625,-2.25830078125
1.0565185546875,-0.634521484375,1.02880859375,21.17919921875,-0.06103515625,3.90625
0.857177734375,-0.357177734375,0.949951171875,22.3388671875,-2.3193359375,5.9814453125
1.3062744140625,-0.3404541015625,0.885498046875,23.37646484375,-7.26318359375,5.67626953125
0.5767822265625,-0.34033203125,0.9630126953125,21.240234375,-7.4462890625,3.84521484375
0.67138671875,-0.22998046875,0.956298828125,5.859375,-6.04248046875,1.40380859375
0.494140625,-0.2333984375,0.938720703125,-2.5634765625,-1.52587890625,-1.708984375
0.490478515625,-0.2197265625,0.921630859375,-5.55419921875,3.23486328125,-4.39453125
0.423828125,-0.2113037109375,0.8985595703125,-4.2724609375,5.79833984375,-5.06591796875
0.3560791015625,-0.216796875,0.9017333984375,-2.01416015625,6.591796875,-1.89208984375
0.3883056640625,-0.203369140625,0.90771484375,0.06103515625,3.60107421875,-1.0986328125
0.371826171875,-0.19970703125,0.90673828125,1.28173828125,-7.568359375,0.06103515625
0.3594970703125,-0.21923828125,0.9024658203125,0.244140625,-6.77490234375,0.8544921875
0.349365234375,-0.2381591796875,0.901123046875,-6.2255859375,-10.8642578125,0.54931640625
0.319580078125,-0.2430419921875,0.90576171875,-10.43701171875,-12.51220703125,-0.732421875
0.326171875,-0.24853515625,0.9117431640625,-15.80810546875,-10.25390625,-2.86865234375
0.354736328125,-0.259521484375,0.9110107421875,-19.47021484375,-10.07080078125,-4.45556640625
0.37255859375,-0.2503662109375,0.912841796875,-18.5546875,-10.92529296875,-5.37109375
0.3653564453125,-0.218994140625,0.9117431640625,-19.47021484375,-11.474609375,-5.55419921875
0.33984375,-0.2169189453125,0.9149169921875,-19.8974609375,-11.71875,-6.04248046875
0.3187255859375,-0.216552734375,0.91259765625,-20.01953125,-12.6953125,-7.4462890625
0.2952880859375,-0.2008056640625,0.903564453125,-19.34814453125,-14.83154296875,-8.60595703125
0.3177490234375,-0.220458984375,0.90576171875,-20.20263671875,-18.98193359375,-9.1552734375
0.3348388671875,-0.2451171875,0.90625,-21.91162109375,-23.3154296875,-9.033203125
0.32373046875,-0.2523193359375,0.9017333984375,-25.81787109375,-25.7568359375,-4.39453125
0.349853515625,-0.2584228515625,0.8983154296875,-26.123046875,-28.62548828125,-2.5634765625
0.347900390625,-0.2601318359375,0.89990234375,-25.0244140625,-46.875,-1.8310546875
0.32421875,-0.2508544921875,0.9195556640625,-23.49853515625,-59.814453125,-2.25830078125
0.3231201171875,-0.2410888671875,0.9285888671875,-26.3671875,-75.927734375,-5.06591796875
0.33935546875,-0.24072265625,0.93115234375,-29.296875,-95.15380859375,-10.25390625
0.34912109375,-0.255615234375,0.9345703125,-32.2265625,-116.14990234375,-13.24462890625
0.3406982421875,-0.259033203125,0.9453125,-34.85107421875,-137.26806640625,-15.5029296875
0.320068359375,-0.2750244140625,0.95654296875,-35.888671875,-151.123046875,-22.15576171875
0.320068359375,-0.2647705078125,0.94921875,-36.62109375,-163.87939453125,-28.9306640625
0.33544921875,-0.2169189453125,0.966796875,-32.8369140625,-202.2705078125,-27.2216796875
0.367431640625,-0.2286376953125,0.974609375,-29.11376953125,-226.4404296875,-21.05712890625
0.3729248046875,-0.234619140625,0.9727783203125,-18.12744140625,-261.3525390625,-10.68115234375
0.3612060546875,-0.24853515625,0.967041015625,-17.08984375,-286.2548828125,-18.798828125
0.344482421875,-0.30126953125,0.9898681640625,-11.04736328125,-302.91748046875,-49.13330078125
0.335693359375,-0.33837890625,0.9990234375,-2.13623046875,-321.533203125,-94.482421875
0.31787109375,-0.3272705078125,1.058349609375,-12.87841796875,-395.1416015625,-144.6533203125
0.314208984375,-0.362060546875,1.1949462890625,-53.3447265625,-483.642578125,-159.85107421875
0.3299560546875,-0.360107421875,1.1607666015625,-108.154296875,-489.07470703125,-167.96875
0.343017578125,-0.3179931640625,1.19091796875,-136.65771484375,-479.3701171875,-181.15234375
0.404052734375,-0.2509765625,1.8944091796875,-152.89306640625,-442.19970703125,-111.81640625
0.5235595703125,-0.111572265625,2.545654296875,-161.2548828125,-277.2216796875,-91.552734375
0.4644775390625,-0.152587890625,2.335205078125,-127.13623046875,85.205078125,-52.79541015625
0.2509765625,-0.5347900390625,2.0670166015625,-110.04638671875,179.443359375,71.22802734375
0.012451171875,-0.880615234375,2.11181640625,-44.37255859375,230.52978515625,77.880859375
0.36181640625,-1.178466796875,2.56201171875,-34.11865234375,264.34326171875,80.74951171875
0.8936767578125,-0.929931640625,3.2462158203125,24.4140625,276.611328125,80.50537109375
1.1923828125,-0.6622314453125,3.8670654296875,19.4091796875,287.9638671875,78.125
1.2559814453125,-0.64306640625,3.1474609375,25.08544921875,298.7060546875,74.15771484375
0.90869140625,-0.6529541015625,1.27685546875,24.90234375,308.04443359375,68.78662109375
0.6724853515625,-1.2962646484375,1.06884765625,21.17919921875,315.5517578125,65.00244140625
0.7161865234375,-1.17041015625,1.123046875,16.54052734375,320.73974609375,63.41552734375
1.292236328125,-0.8492431640625,1.1480712890625,11.5966796875,327.20947265625,64.8193359375
0.958251953125,-0.386962890625,1.1754150390625,10.25390625,332.1533203125,70.556640625
0.1568603515625,-0.304931640625,1.215087890625,7.2021484375,338.43994140625,78.79638671875
-0.3753662109375,-0.221923828125,1.2628173828125,3.7841796875,339.78271484375,87.58544921875
0.1939697265625,-0.1676025390625,1.314453125,-1.0986328125,334.16748046875,113.83056640625
0.3004150390625,-0.1605224609375,1.3966064453125,-9.1552734375,324.0966796875,130.92041015625
0.3988037109375,-0.202880859375,1.500732421875,-16.11328125,334.53369140625,139.58740234375
0.48876953125,-0.25439453125,1.60205078125,-15.31982421875,317.626953125,153.13720703125
0.575927734375,-0.3094482421875,1.691650390625,9.8876953125,311.58447265625,155.029296875
0.6318359375,-0.37646484375,1.7950439453125,19.22607421875,288.57421875,151.91650390625
0.6949462890625,-0.4378662109375,1.90869140625,1.46484375,261.5966796875,133.9111328125
0.78369140625,-0.49365234375,2.36572265625,-52.91748046875,222.900390625,94.3603515625
0.8671875,-0.575439453125,2.2862548828125,-65.85693359375,177.42919921875,-64.14794921875
0.9364013671875,-0.6982421875,1.985595703125,-67.56591796875,121.4599609375,-69.27490234375
0.980712890625,-1.201416015625,1.269775390625,-77.63671875,-178.28369140625,-50.72021484375
1.01904296875,-1.1783447265625,0.82958984375,-94.66552734375,-202.63671875,-89.84375
1.095947265625,-0.95751953125,0.285888671875,34.3017578125,-167.6025390625,-81.60400390625
1.5360107421875,-0.6778564453125,-0.4866943359375,63.29345703125,-134.70458984375,-63.17138671875
2.0743408203125,-0.5721435546875,-1.5029296875,98.6328125,-270.751953125,-15.56396484375
2.3360595703125,-0.2152099609375,-0.5615234375,-81.60400390625,-289.0625,-59.4482421875
2.8905029296875,0.2845458984375,0.8037109375,25.20751953125,-271.728515625,-88.7451171875
3.1693115234375,0.634521484375,2.3389892578125,-4.57763671875,-265.93017578125,-25.69580078125
3.5064697265625,-0.5374755859375,0.6605224609375,-20.751953125,-259.1552734375,-4.57763671875
3.8594970703125,-0.5833740234375,-1.3807373046875,-8.056640625,-228.69873046875,-28.1982421875
3.9981689453125,-0.528076171875,0.424072265625,-46.56982421875,-211.7919921875,-21.54541015625
2.801513671875,-0.8773193359375,2.7900390625,5.859375,-115.90576171875,-15.2587890625
1.855224609375,0.513671875,2.267333984375,32.04345703125,-90.33203125,-15.0146484375
-0.10400390625,0.519287109375,1.769287109375,43.27392578125,-71.71630859375,-10.25390625
-1.8031005859375,0.4815673828125,1.5372314453125,30.09033203125,-50.6591796875,-6.40869140625
0.183837890625,1.0087890625,1.4644775390625,28.62548828125,-38.57421875,-5.0048828125
1.5006103515625,0.3494873046875,1.750244140625,16.29638671875,-31.18896484375,-4.08935546875
1.759521484375,-1.9747314453125,1.19580078125,5.0048828125,-5.55419921875,0.67138671875
1.541748046875,-0.86669921875,1.1842041015625,4.45556640625,-4.0283203125,1.89208984375
1.365966796875,0.5140380859375,1.180419921875,0.9765625,-5.55419921875,2.8076171875
1.349365234375,-0.53662109375,1.0328369140625,4.69970703125,-10.6201171875,2.74658203125
1.212646484375,-0.7254638671875,0.9659423828125,-1.3427734375,-13.671875,0.9765625
0.9150390625,-0.1715087890625,0.9271240234375,-8.056640625,-15.625,-0.9765625
0.447021484375,-0.2034912109375,0.9156494140625,-14.70947265625,-13.24462890625,-1.708984375
0.5003662109375,-0.3538818359375,0.9190673828125,-18.1884765625,-9.3994140625,-3.72314453125
0.6275634765625,-0.228759765625,0.912353515625,-16.29638671875,-6.40869140625,-5.55419921875
0.53955078125,-0.204345703125,0.9066162109375,-13.18359375,-2.62451171875,-4.08935546875
0.442138671875,-0.2193603515625,0.8994140625,-11.8408203125,-2.0751953125,-5.06591796875
0.373779296875,-0.25634765625,0.90576171875,-8.97216796875,-0.244140625,-7.32421875
0.3687744140625,-0.2806396484375,0.8988037109375,-6.7138671875,3.60107421875,-5.92041015625
0.35009765625,-0.3115234375,0.8876953125,-10.1318359375,1.5869140625,-4.39453125
0.3447265625,-0.3262939453125,0.890625,-9.27734375,-12.26806640625,-3.23486328125
0.358154296875,-0.3109130859375,0.8973388671875,-5.06591796875,-13.7939453125,-2.74658203125
0.376220703125,-0.296142578125,0.89892578125,-10.31494140625,-18.61572265625,-2.01416015625
0.384765625,-0.287841796875,0.90380859375,-17.51708984375,-30.94482421875,-0.91552734375
0.3878173828125,-0.27001953125,0.902587890625,-16.9677734375,-16.845703125,-1.52587890625
0.385498046875,-0.2607421875,0.89599609375,-12.39013671875,-16.29638671875,-2.5634765625
0.3702392578125,-0.282958984375,0.912841796875,-11.90185546875,-16.90673828125,-1.40380859375
0.362548828125,-0.2669677734375,0.9195556640625,-11.04736328125,-22.4609375,4.33349609375
0.3604736328125,-0.2540283203125,0.90478515625,-10.07080078125,-26.67236328125,5.43212890625
0.3509521484375,-0.2603759765625,0.8839111328125,-13.916015625,-43.701171875,5.92041015625
0.3167724609375,-0.2698974609375,0.8826904296875,-16.29638671875,-51.94091796875,5.67626953125
0.3623046875,-0.289306640625,0.8875732421875,-21.91162109375,-62.92724609375,4.5166015625
0.390625,-0.28125,0.9071044921875,-24.4140625,-75.439453125,0.732421875
0.381591796875,-0.28662109375,0.9083251953125,-27.77099609375,-89.111328125,-2.3193359375
0.4007568359375,-0.2889404296875,0.8941650390625,-29.1748046875,-102.35595703125,-6.9580078125
0.4056396484375,-0.2802734375,0.8907470703125,-31.005859375,-116.0888671875,-10.986328125
0.406005859375,-0.2445068359375,0.8935546875,-29.72412109375,-128.60107421875,-16.11328125
0.36181640625,-0.2606201171875,0.908447265625,-28.80859375,-138.73291015625,-22.39990234375
0.36474609375,-0.274169921875,0.9263916015625,-22.8271484375,-176.08642578125,-24.96337890625
0.38037109375,-0.291015625,0.9376220703125,-21.1181640625,-200.62255859375,-14.2822265625
0.3743896484375,-0.2901611328125,0.9493408203125,-18.6767578125,-229.43115234375,3.11279296875
0.3619384765625,-0.3116455078125,0.9393310546875,-23.49853515625,-260.92529296875,-6.7138671875
0.364501953125,-0.3323974609375,0.9395751953125,-23.49853515625,-273.98681640625,-63.5986328125
0.346923828125,-0.351318359375,1.0242919921875,-18.1884765625,-369.81201171875,-124.32861328125
0.343017578125,-0.3792724609375,1.00732421875,-19.83642578125,-457.1533203125,-149.47509765625
0.35693359375,-0.3785400390625,1.055419921875,-119.2626953125,-508.23974609375,-165.0390625
0.3699951171875,-0.32958984375,1.052734375,-163.57421875,-502.197265625,-181.70166015625
0.3800048828125,-0.3560791015625,1.09912109375,-166.259765625,-490.53955078125,-135.8642578125
0.4217529296875,-0.271484375,2.4122314453125,-163.87939453125,-463.0126953125,-123.9013671875
0.4674072265625,-0.0576171875,2.41943359375,-168.02978515625,41.1376953125,-103.21044921875
0.42724609375,-0.101318359375,2.096435546875,-124.81689453125,159.912109375,-68.90869140625
0.3314208984375,-0.7784423828125,2.14501953125,-23.01025390625,204.16259765625,-50.1708984375
0.01611328125,-1.20166015625,2.362060546875,-35.33935546875,227.294921875,44.5556640625
0.23095703125,-1.35107421875,2.7637939453125,-17.88330078125,235.9619140625,56.21337890625
1.0343017578125,-1.164794921875,3.800048828125,21.30126953125,258.72802734375,61.8896484375
1.36669921875,-0.900146484375,3.36865234375,43.701171875,262.39013671875,62.8662109375
1.3656005859375,-0.890625,2.275634765625,37.841796875,265.44189453125,60.6689453125
1.044677734375,-0.636474609375,0.9906005859375,39.73388671875,268.06640625,57.373046875
0.7298583984375,-0.9229736328125,0.7979736328125,42.1142578125,274.2919921875,53.466796875
0.8670654296875,-0.7901611328125,0.7625732421875,44.677734375,286.2548828125,39.4287109375
1.5301513671875,-0.6739501953125,0.805908203125,44.7998046875,303.955078125,35.0341796875
0.2781982421875,-0.5299072265625,0.8441162109375,43.15185546875,335.8154296875,32.8369140625
-0.2010498046875,-0.29833984375,0.9266357421875,39.4287109375,341.064453125,36.62109375
-0.338134765625,-0.27685546875,1.0831298828125,32.40966796875,344.90966796875,46.69189453125
-0.2626953125,-0.2598876953125,1.2467041015625,22.76611328125,345.88623046875,60.546875
-0.059814453125,-0.2408447265625,1.363037109375,11.962890625,338.68408203125,79.4677734375
0.00146484375,-0.2427978515625,1.322509765625,-1.46484375,323.79150390625,131.89697265625
0.0732421875,-0.2640380859375,1.3040771484375,-16.17431640625,315.36865234375,149.96337890625
0.172119140625,-0.2891845703125,1.3267822265625,-28.62548828125,331.35986328125,165.34423828125
0.3314208984375,-0.3555908203125,1.4005126953125,-39.00146484375,323.66943359375,171.9970703125
0.5225830078125,-0.400390625,1.49951171875,-20.81298828125,312.19482421875,187.31689453125
0.6739501953125,-0.4837646484375,1.594482421875,-18.310546875,305.908203125,166.1376953125
0.7640380859375,-0.584716796875,1.6820068359375,-18.5546875,266.41845703125,118.2861328125
0.8258056640625,-0.692626953125,2.1573486328125,-44.43359375,186.09619140625,37.7197265625
0.88427734375,-0.7930908203125,2.2950439453125,-81.72607421875,137.0849609375,-38.57421875
0.9334716796875,-0.91845703125,2.0384521484375,-29.84619140625,83.19091796875,-87.70751953125
0.9644775390625,-1.3851318359375,1.6748046875,-3.11279296875,10.25390625,-117.919921875
0.997314453125,-1.470703125,1.053466796875,-4.08935546875,-73.79150390625,-114.56298828125
1.0841064453125,-1.20166015625,0.7493896484375,-27.4658203125,-171.56982421875,-136.65771484375
1.4835205078125,-0.764892578125,-0.72509765625,-21.97265625,-167.236328125,-149.96337890625
1.74755859375,-0.4527587890625,-1.8587646484375,65.61279296875,-151.18408203125,-108.88671875
2.3026123046875,-0.3336181640625,-2.34033203125,108.45947265625,-162.9638671875,-35.09521484375
2.4288330078125,0.6431884765625,-1.9864501953125,32.470703125,-245.2392578125,4.39453125
2.8302001953125,1.368896484375,0.457763671875,-63.5986328125,-273.49853515625,-44.00634765625
3.1077880859375,1.5230712890625,1.9918212890625,-3.7841796875,-272.64404296875,-59.99755859375
3.9437255859375,0.7901611328125,2.2977294921875,-8.23974609375,-266.845703125,-51.025390625
3.9986572265625,-0.2928466796875,0.7313232421875,-9.27734375,-259.21630859375,-29.1748046875
3.87890625,-0.164306640625,-0.6365966796875,-2.44140625,-245.2392578125,-6.65283203125
3.5419921875,-1.0931396484375,0.9205322265625,-35.7666015625,-232.84912109375,-8.6669921875
1.716552734375,-1.6522216796875,2.7061767578125,-39.1845703125,-211.48681640625,-30.1513671875
-0.0887451171875,-1.0277099609375,2.332275390625,-0.732421875,-163.87939453125,-27.28271484375
-1.7115478515625,-0.6651611328125,1.91064453125,26.67236328125,-112.1826171875,-18.85986328125
-1.5452880859375,0.0152587890625,1.932373046875,52.001953125,-85.5712890625,-15.869140625
0.5460205078125,1.06494140625,1.562744140625,45.95947265625,-67.138671875,-10.8642578125
1.3424072265625,0.721923828125,1.37939453125,28.62548828125,-48.583984375,-7.080078125
1.5218505859375,-0.7811279296875,1.8104248046875,25.2685546875,-37.17041015625,-6.04248046875
1.681884765625,-1.542724609375,1.7733154296875,19.71435546875,-29.6630859375,-4.5166015625
1.48681640625,-1.0234375,1.2393798828125,7.62939453125,-23.37646484375,-3.173828125
1.2503662109375,0.0882568359375,1.137451171875,3.90625,-16.2353515625,-2.74658203125
1.1502685546875,0.4150390625,1.1553955078125,0.79345703125,-7.9345703125,-2.3193359375
1.0648193359375,-0.392822265625,1.0301513671875,0.8544921875,-7.6904296875,0.18310546875
1.1380615234375,-0.669677734375,0.9630126953125,3.0517578125,1.953125,3.0517578125
0.9639892578125,-0.166015625,0.9371337890625,6.77490234375,-1.40380859375,5.4931640625
0.4810791015625,-0.1658935546875,0.942626953125,3.72314453125,-8.544921875,5.4931640625
0.4822998046875,-0.3345947265625,0.943115234375,-2.74658203125,-12.0849609375,3.0517578125
0.611328125,-0.2412109375,0.9586181640625,-7.99560546875,-14.95361328125,-0.91552734375
0.490478515625,-0.2071533203125,0.937255859375,-12.451171875,-10.68115234375,-0.30517578125
0.38623046875,-0.20166015625,0.90576171875,-13.7939453125,-15.5029296875,1.708984375
0.3916015625,-0.2176513671875,0.91748046875,-11.77978515625,-12.8173828125,-2.5634765625
0.42529296875,-0.203369140625,0.924560546875,-13.671875,0.79345703125,-7.8125
0.4007568359375,-0.170654296875,0.93798828125,-17.02880859375,11.71875,-8.544921875
0.374755859375,-0.208740234375,0.8912353515625,-17.9443359375,15.2587890625,-5.31005859375
0.3619384765625,-0.233154296875,0.9049072265625,-10.25390625,19.47021484375,-5.0048828125
0.3350830078125,-0.2486572265625,0.8935546875,0.732421875,-11.41357421875,-6.8359375
0.3414306640625,-0.2974853515625,0.888671875,1.89208984375,-7.01904296875,-8.48388671875
0.3515625,-0.29638671875,0.90380859375,-4.82177734375,-16.357421875,-9.33837890625
0.3521728515625,-0.276123046875,0.918212890625,-8.48388671875,-18.5546875,-10.07080078125
0.3734130859375,-0.275146484375,0.9730224609375,-8.97216796875,-21.728515625,-8.6669921875
0.33837890625,-0.2965087890625,0.9169921875,-6.53076171875,-20.81298828125,-5.55419921875
0.3690185546875,-0.2906494140625,0.8524169921875,-5.0048828125,-19.95849609375,-3.35693359375
0.3822021484375,-0.2587890625,0.9228515625,-2.50244140625,-29.84619140625,-1.220703125
0.3658447265625,-0.2484130859375,0.9166259765625,-4.82177734375,-28.62548828125,0.06103515625
0.352783203125,-0.2572021484375,0.9083251953125,-9.58251953125,-28.9306640625,1.28173828125
0.2916259765625,-0.283935546875,0.9019775390625,-12.0849609375,-28.62548828125,1.89208984375
0.3292236328125,-0.267578125,0.897216796875,-15.68603515625,-28.4423828125,1.40380859375
0.3834228515625,-0.2713623046875,0.9012451171875,-19.10400390625,-29.296875,-0.42724609375
0.3673095703125,-0.2705078125,0.888671875,-20.751953125,-29.296875,-2.13623046875
0.3829345703125,-0.25439453125,0.89697265625,-21.8505859375,-33.14208984375,-2.44140625
0.38671875,-0.24609375,0.900390625,-20.5078125,-41.748046875,-0.732421875
0.39306640625,-0.2315673828125,0.9034423828125,-19.6533203125,-51.3916015625,-3.0517578125
0.364501953125,-0.2327880859375,0.90380859375,-21.1181640625,-82.33642578125,-13.36669921875
0.373291015625,-0.23486328125,0.9088134765625,-26.0009765625,-95.8251953125,-20.01953125
0.3792724609375,-0.236083984375,0.918701171875,-33.69140625,-130.55419921875,-26.2451171875
0.361083984375,-0.244873046875,0.9217529296875,-37.29248046875,-140.31982421875,-28.86962890625
0.3709716796875,-0.2568359375,0.933837890625,-36.19384765625,-153.3203125,-36.68212890625
0.3824462890625,-0.27099609375,0.9393310546875,-33.203125,-170.59326171875,-44.3115234375
0.3873291015625,-0.2613525390625,0.9525146484375,-25.32958984375,-191.2841796875,-45.10498046875
0.381103515625,-0.248291015625,0.9656982421875,-18.37158203125,-219.66552734375,-30.33447265625
0.3570556640625,-0.252685546875,0.9266357421875,-10.986328125,-264.2822265625,-4.39453125
0.341796875,-0.290771484375,0.9639892578125,-4.8828125,-301.45263671875,-32.16552734375
0.3302001953125,-0.3521728515625,1.010986328125,5.79833984375,-329.40673828125,-85.51025390625
0.3409423828125,-0.3721923828125,1.00537109375,20.93505859375,-371.03271484375,-155.76171875
0.3426513671875,-0.37060546875,1.0531005859375,-50.10986328125,-454.833984375,-169.49462890625
0.3494873046875,-0.365478515625,1.163818359375,-112.9150390625,-450.0732421875,-178.1005859375
0.4063720703125,-0.3746337890625,1.0843505859375,-151.3671875,-419.0673828125,-151.18408203125
0.4517822265625,-0.3272705078125,1.65234375,-183.59375,-284.3017578125,-84.228515625
0.5018310546875,-0.2509765625,2.403076171875,-126.15966796875,-106.01806640625,-53.77197265625
0.487060546875,-0.0360107421875,2.351318359375,-71.22802734375,74.70703125,-43.02978515625
0.421630859375,-0.418212890625,2.20556640625,-56.0302734375,206.1767578125,-33.8134765625
0.3045654296875,-0.8662109375,2.58447265625,2.01416015625,217.8955078125,-19.6533203125
0.044921875,-1.26123046875,3.2652587890625,26.9775390625,222.5341796875,15.7470703125
0.8934326171875,-0.800048828125,3.7098388671875,32.04345703125,229.18701171875,32.89794921875
1.2874755859375,-0.7723388671875,3.8175048828125,46.56982421875,247.13134765625,47.9736328125
1.4088134765625,-0.735595703125,1.958740234375,47.8515625,256.28662109375,60.11962890625
0.658935546875,-1.1341552734375,1.185791015625,26.123046875,264.16015625,70.37353515625
0.7586669921875,-1.46142578125,0.8243408203125,26.123046875,267.08984375,78.61328125
1.05126953125,-0.815185546875,0.7449951171875,34.912109375,269.71435546875,85.02197265625
1.4273681640625,-0.604736328125,0.782958984375,45.41015625,273.193359375,88.31787109375
1.0283203125,-0.4073486328125,0.8885498046875,52.42919921875,281.982421875,88.19580078125
-0.3284912109375,-0.2835693359375,0.88525390625,51.1474609375,302.001953125,85.205078125
-0.4952392578125,-0.2529296875,0.853515625,45.34912109375,324.40185546875,81.60400390625
-0.403564453125,-0.45361328125,0.8372802734375,41.68701171875,320.1904296875,78.857421875
-0.269775390625,-0.521484375,0.917724609375,38.26904296875,318.29833984375,76.66015625
-0.12890625,-0.5137939453125,1.078125,34.5458984375,322.08251953125,75.37841796875
0.013427734375,-0.4495849609375,1.2342529296875,27.77099609375,328.79638671875,76.5380859375
0.0245361328125,-0.3787841796875,1.3779296875,20.56884765625,326.72119140625,81.23779296875
0.032958984375,-0.36376953125,1.3818359375,14.892578125,321.8994140625,89.2333984375
0.07861328125,-0.3995361328125,1.370849609375,12.451171875,316.71142578125,97.65625
0.1905517578125,-0.431640625,1.384765625,10.31494140625,317.07763671875,112.9150390625
0.37841796875,-0.432861328125,1.43701171875,5.67626953125,322.265625,116.2109375
0.551513671875,-0.4559326171875,1.5101318359375,1.46484375,342.22412109375,118.95751953125
0.6707763671875,-0.51171875,1.6353759765625,3.5400390625,328.79638671875,126.15966796875
0.7119140625,-0.5916748046875,1.8466796875,8.4228515625,320.068359375,132.87353515625
0.77880859375,-0.6617431640625,2.1092529296875,5.92041015625,310.4248046875,133.7890625
0.8662109375,-0.726806640625,2.3741455078125,-18.798828125,293.27392578125,130.7373046875
0.9102783203125,-0.830810546875,2.5263671875,-58.41064453125,263.671875,114.92919921875
0.929443359375,-0.981201171875,2.1925048828125,-86.5478515625,221.74072265625,75.5615234375
0.989501953125,-1.149169921875,1.8070068359375,-87.09716796875,178.8330078125,-70.3125
1.102783203125,-1.28564453125,1.43310546875,-68.359375,129.150390625,-89.4775390625
1.266357421875,-1.169189453125,1.154052734375,-51.025390625,-75.3173828125,-90.8203125
1.46728515625,-0.81298828125,0.87060546875,-48.88916015625,-141.845703125,-72.8759765625
1.686767578125,-0.5,0.4967041015625,-26.0009765625,-190.73486328125,-34.72900390625
2.0308837890625,-0.497802734375,-0.1112060546875,20.20263671875,-190.673828125,-72.998046875
2.1697998046875,-0.5618896484375,-1.011474609375,52.8564453125,-155.6396484375,-67.9931640625
2.320068359375,-0.353271484375,-2.2423095703125,81.298828125,-124.08447265625,-56.7626953125
2.53369140625,0.09912109375,-1.0472412109375,124.1455078125,-187.01171875,-15.44189453125
2.7607421875,0.5958251953125,-0.0609130859375,-30.1513671875,-296.5087890625,-27.52685546875
