1.16357421875,0.05029296875,0.921875,8.60595703125,-11.04736328125,2.62451171875
0.32275390625,-0.062744140625,0.9549560546875,2.3193359375,-12.26806640625,-1.64794921875
0.4378662109375,-0.615478515625,0.9066162109375,-1.220703125,-1.8310546875,-2.5634765625
1.0013427734375,-0.5972900390625,0.8587646484375,-6.4697265625,3.5400390625,-2.74658203125
0.88330078125,-0.2198486328125,0.87060546875,-9.1552734375,-0.732421875,-2.685546875
0.6243896484375,-0.24755859375,0.848876953125,-11.5966796875,-5.92041015625,-2.62451171875
0.6002197265625,-0.3428955078125,0.826416015625,-6.103515625,-11.53564453125,-3.41796875
0.5970458984375,-0.2900390625,0.8602294921875,-1.03759765625,-15.07568359375,-4.57763671875
0.583740234375,-0.29443359375,0.8056640625,1.220703125,-15.0146484375,-5.9814453125
0.5438232421875,-0.327392578125,0.798583984375,1.28173828125,-6.28662109375,-8.11767578125
0.51953125,-0.3319091796875,0.8463134765625,0.0,-4.94384765625,-9.33837890625
0.512939453125,-0.3419189453125,0.842041015625,-4.94384765625,-5.79833984375,-9.765625
0.5001220703125,-0.3504638671875,0.8284912109375,-3.173828125,-3.60107421875,-10.6201171875
0.481689453125,-0.365478515625,0.8187255859375,-0.30517578125,-2.62451171875,-13.427734375
0.5146484375,-0.3660888671875,0.8035888671875,4.2724609375,-3.41796875,-13.427734375
0.48583984375,-0.37744140625,0.801025390625,5.55419921875,-6.9580078125,-11.474609375
0.433349609375,-0.382080078125,0.801513671875,4.82177734375,-15.625,-11.71875
0.4388427734375,-0.37451171875,0.798583984375,4.08935546875,-18.1884765625,-11.71875
0.45068359375,-0.372314453125,0.798095703125,6.2255859375,-29.052734375,-11.1083984375
0.4722900390625,-0.379638671875,0.7987060546875,4.638671875,-33.75244140625,-8.36181640625
0.4833984375,-0.3839111328125,0.796875,-5.37109375,-39.36767578125,-6.9580078125
0.484619140625,-0.3800048828125,0.802490234375,-8.23974609375,-47.7294921875,-7.9345703125
0.4820556640625,-0.3646240234375,0.839111328125,-10.55908203125,-75.8056640625,-11.5966796875
0.463623046875,-0.3726806640625,0.8375244140625,-16.9677734375,-93.505859375,-18.12744140625
0.472412109375,-0.36962890625,0.8511962890625,-36.2548828125,-111.81640625,-25.7568359375
0.4683837890625,-0.3380126953125,0.863037109375,-48.7060546875,-131.8359375,-32.1044921875
0.467041015625,-0.32470703125,0.8804931640625,-57.55615234375,-156.1279296875,-40.4052734375
0.46826171875,-0.3240966796875,0.9072265625,-69.27490234375,-181.82373046875,-52.978515625
0.470947265625,-0.3236083984375,0.905029296875,-82.3974609375,-209.716796875,-71.83837890625
0.489990234375,-0.3018798828125,0.913330078125,-87.890625,-232.91015625,-80.38330078125
0.4609375,-0.2808837890625,0.9119873046875,-80.6884765625,-250.91552734375,-68.7255859375
0.4581298828125,-0.2764892578125,0.908447265625,-67.5048828125,-263.916015625,-70.98388671875
0.464599609375,-0.270751953125,0.9053955078125,-69.15283203125,-335.99853515625,-91.85791015625
0.452880859375,-0.3265380859375,0.92041015625,-75.5615234375,-405.57861328125,-129.21142578125
0.470703125,-0.3511962890625,0.934814453125,-83.06884765625,-456.35986328125,-171.5087890625
0.465576171875,-0.3614501953125,0.9342041015625,-120.30029296875,-445.3125,-185.9130859375
0.4407958984375,-0.3927001953125,0.9130859375,-159.912109375,-396.78955078125,-186.46240234375
0.4063720703125,-0.4503173828125,0.9456787109375,-145.5078125,-365.90576171875,-168.0908203125
0.3792724609375,-0.475341796875,1.0726318359375,-100.5859375,-327.69775390625,-143.4326171875
0.39111328125,-0.463623046875,1.2095947265625,-50.6591796875,-286.1328125,-91.24755859375
0.4324951171875,-0.4405517578125,1.2347412109375,-29.296875,-249.0234375,-66.7724609375
0.4639892578125,-0.3194580078125,1.178466796875,-40.52734375,-115.41748046875,-66.7724609375
0.5152587890625,-0.3765869140625,1.059326171875,-44.98291015625,-3.662109375,-60.85205078125
0.45458984375,-0.6990966796875,0.9921875,-80.74951171875,130.4931640625,-2.62451171875
0.6187744140625,-1.1549072265625,1.2213134765625,-86.0595703125,201.7822265625,19.10400390625
0.860107421875,-1.51318359375,2.272216796875,-41.6259765625,201.7822265625,39.794921875
1.3212890625,-1.6080322265625,2.5877685546875,20.56884765625,196.1669921875,59.4482421875
1.8411865234375,-1.371826171875,2.5330810546875,32.89794921875,200.5615234375,75.86669921875
1.9613037109375,-1.0438232421875,2.8087158203125,29.47998046875,212.09716796875,88.07373046875
1.79296875,-0.7161865234375,2.7882080078125,25.69580078125,227.72216796875,96.00830078125
1.741455078125,-0.728271484375,0.758544921875,25.2685546875,242.7978515625,100.4638671875
1.158203125,-1.2808837890625,0.6312255859375,25.5126953125,254.7607421875,102.1728515625
1.1839599609375,-1.3369140625,0.6446533203125,26.0009765625,263.0615234375,101.98974609375
1.90087890625,-0.5904541015625,0.734375,24.96337890625,270.44677734375,101.5625
2.15380859375,-0.4454345703125,0.8004150390625,21.91162109375,276.9775390625,103.33251953125
1.2017822265625,-0.3922119140625,0.81591796875,17.4560546875,283.0810546875,107.72705078125
-0.175537109375,-0.4713134765625,0.797607421875,12.3291015625,288.02490234375,114.56298828125
-0.1444091796875,-0.502197265625,0.7786865234375,6.28662109375,294.98291015625,122.9248046875
-0.0726318359375,-0.50146484375,0.7740478515625,-1.46484375,296.69189453125,133.056640625
0.100341796875,-0.4613037109375,0.7969970703125,-18.61572265625,295.41015625,144.6533203125
0.253173828125,-0.402587890625,0.842529296875,-25.5126953125,289.55078125,156.92138671875
0.349609375,-0.3594970703125,0.888671875,-30.33447265625,279.78515625,168.51806640625
0.3865966796875,-0.33984375,0.9345703125,-31.31103515625,268.798828125,177.91748046875
0.4290771484375,-0.339111328125,1.0299072265625,-29.9072265625,260.7421875,186.58447265625
0.49853515625,-0.34130859375,1.06591796875,-24.96337890625,257.14111328125,198.73046875
0.590576171875,-0.3472900390625,1.0965576171875,-15.5029296875,258.1787109375,200.927734375
0.6947021484375,-0.4237060546875,1.1314697265625,-2.8076171875,261.90185546875,198.1201171875
0.7965087890625,-0.4901123046875,1.192138671875,15.68603515625,267.578125,188.1103515625
0.891845703125,-0.5609130859375,1.2984619140625,33.8134765625,255.126953125,83.80126953125
1.06591796875,-0.6484375,1.454345703125,47.91259765625,238.70849609375,37.17041015625
1.106201171875,-0.76025390625,1.631103515625,40.10009765625,212.70751953125,-16.54052734375
1.12451171875,-0.886962890625,1.7530517578125,23.193359375,87.40234375,-165.6494140625
1.15966796875,-1.012451171875,1.7484130859375,1.28173828125,45.5322265625,-156.18896484375
1.2283935546875,-1.14501953125,1.31201171875,-34.0576171875,-1.5869140625,-149.96337890625
1.3477783203125,-1.2379150390625,0.95751953125,-54.01611328125,-83.31298828125,-139.7705078125
1.540771484375,-1.218505859375,0.52392578125,-54.74853515625,-74.3408203125,-77.880859375
1.814208984375,-0.883056640625,0.0726318359375,37.41455078125,-63.232421875,-16.357421875
2.1397705078125,-0.6436767578125,-1.889404296875,-8.7890625,-143.85986328125,-47.30224609375
2.4326171875,-0.4068603515625,-2.591064453125,-86.181640625,-188.04931640625,-55.17578125
2.7301025390625,-0.1793212890625,-2.8857421875,37.78076171875,-182.80029296875,-30.8837890625
2.7972412109375,1.143798828125,1.0733642578125,17.822265625,-200.8056640625,-27.03857421875
2.873291015625,1.264892578125,1.94677734375,-6.04248046875,-151.7333984375,-36.92626953125
2.9654541015625,0.8104248046875,1.072265625,-0.8544921875,-169.189453125,-33.8134765625
3.7215576171875,-0.25,-0.0196533203125,4.69970703125,-174.072265625,-15.0146484375
3.5511474609375,-1.9752197265625,0.3763427734375,12.75634765625,-136.962890625,-13.427734375
2.9376220703125,-2.4676513671875,2.000244140625,38.39111328125,-74.5849609375,-12.63427734375
0.8951416015625,-1.0601806640625,2.310546875,72.08251953125,-65.61279296875,-5.859375
-0.7176513671875,-0.226318359375,1.0228271484375,56.45751953125,-43.212890625,-0.42724609375
-0.7835693359375,-0.0859375,0.6107177734375,29.78515625,-25.634765625,-0.18310546875
0.65625,0.5289306640625,0.983642578125,48.2177734375,-19.47021484375,-0.1220703125
1.347900390625,-1.7154541015625,1.517822265625,35.888671875,-11.5966796875,-0.30517578125
1.8275146484375,-1.6365966796875,1.2415771484375,15.7470703125,-11.90185546875,-1.28173828125
1.8741455078125,-0.6123046875,0.8631591796875,2.44140625,-23.37646484375,-1.46484375
1.272216796875,0.2470703125,0.89208984375,1.5869140625,-24.5361328125,-0.9765625
0.74951171875,0.2021484375,0.9542236328125,2.197265625,-15.0146484375,-0.8544921875
0.7459716796875,-0.65185546875,0.9051513671875,2.99072265625,-8.9111328125,-0.79345703125
1.3060302734375,-0.6571044921875,0.84765625,2.13623046875,-2.8076171875,-0.244140625
1.0755615234375,-0.0838623046875,0.8619384765625,-6.16455078125,1.64794921875,-1.3427734375
0.5948486328125,-0.228271484375,0.881591796875,-15.19775390625,3.7841796875,-2.44140625
0.6348876953125,-0.3206787109375,0.849853515625,-18.9208984375,-1.03759765625,-3.60107421875
0.665283203125,-0.3243408203125,0.8199462890625,-18.49365234375,-6.103515625,-5.0048828125
0.5916748046875,-0.2921142578125,0.8096923828125,-8.85009765625,-7.75146484375,-7.26318359375
0.5133056640625,-0.292724609375,0.7987060546875,-4.21142578125,-8.36181640625,-6.89697265625
0.4892578125,-0.3189697265625,0.80615234375,-3.173828125,-8.056640625,-5.9814453125
0.4891357421875,-0.333984375,0.818359375,-2.38037109375,-7.99560546875,-5.55419921875
0.5081787109375,-0.346435546875,0.835693359375,-1.28173828125,-8.544921875,-5.43212890625
0.5123291015625,-0.3553466796875,0.8177490234375,1.03759765625,-8.544921875,-5.37109375
0.5028076171875,-0.3509521484375,0.81103515625,0.6103515625,-7.99560546875,-4.94384765625
0.504638671875,-0.3427734375,0.8072509765625,-2.01416015625,-7.99560546875,-1.77001953125
0.5098876953125,-0.365478515625,0.8056640625,-2.74658203125,-8.97216796875,-0.42724609375
0.5133056640625,-0.3701171875,0.816162109375,-2.9296875,-10.8642578125,0.06103515625
0.47607421875,-0.372314453125,0.818115234375,-2.86865234375,-23.681640625,-0.1220703125
0.44287109375,-0.3736572265625,0.8106689453125,-3.47900390625,-29.296875,-0.9765625
0.44287109375,-0.330078125,0.81103515625,-9.1552734375,-33.75244140625,-2.13623046875
0.453125,-0.3233642578125,0.8123779296875,-13.3056640625,-38.75732421875,-2.44140625
0.462158203125,-0.337158203125,0.814697265625,-16.357421875,-45.34912109375,-3.2958984375
0.4886474609375,-0.3345947265625,0.818603515625,-19.47021484375,-64.14794921875,-21.42333984375
0.4940185546875,-0.3367919921875,0.83740234375,-22.94921875,-75.8056640625,-29.296875
0.498291015625,-0.3331298828125,0.8455810546875,-34.24072265625,-88.623046875,-39.6728515625
0.495849609375,-0.3260498046875,0.848388671875,-42.48046875,-138.916015625,-58.349609375
0.491455078125,-0.300048828125,0.855224609375,-51.26953125,-162.353515625,-53.40576171875
0.4879150390625,-0.3006591796875,0.8653564453125,-76.72119140625,-236.083984375,-39.36767578125
0.4898681640625,-0.310546875,0.8731689453125,-82.33642578125,-276.7333984375,-31.43310546875
0.47705078125,-0.3179931640625,0.8614501953125,-65.5517578125,-308.59375,-53.955078125
0.4676513671875,-0.318359375,0.8804931640625,-76.5380859375,-384.33837890625,-95.8251953125
0.474365234375,-0.3193359375,0.8677978515625,-93.44482421875,-455.322265625,-130.67626953125
0.4664306640625,-0.3052978515625,0.8740234375,-135.07080078125,-477.11181640625,-197.509765625
0.463623046875,-0.3489990234375,0.904541015625,-185.9130859375,-430.96923828125,-38.330078125
0.4718017578125,-0.4625244140625,0.8841552734375,-192.07763671875,-392.76123046875,-43.5791015625
0.48193359375,-0.4300537109375,1.032470703125,-136.71875,-314.453125,-60.9130859375
0.465576171875,-0.3499755859375,1.2021484375,-94.23828125,215.75927734375,-72.08251953125
0.3994140625,-0.2642822265625,1.14208984375,3.90625,247.25341796875,-67.87109375
0.40234375,-0.2060546875,1.05615234375,-9.21630859375,262.3291015625,-56.45751953125
0.528076171875,-0.2381591796875,0.9603271484375,24.4140625,264.16015625,-42.6025390625
0.401611328125,-0.595458984375,0.934326171875,59.26513671875,263.3056640625,-9.765625
0.5086669921875,-1.167236328125,1.8406982421875,78.2470703125,256.8359375,4.94384765625
0.6717529296875,-1.328125,1.94775390625,76.72119140625,249.267578125,19.6533203125
0.9677734375,-1.3521728515625,1.2293701171875,65.91796875,245.60546875,34.7900390625
1.5614013671875,-1.0546875,0.8055419921875,52.978515625,249.45068359375,49.98779296875
1.9345703125,-1.170654296875,0.582275390625,35.58349609375,257.62939453125,64.51416015625
1.8304443359375,-0.99462890625,0.509765625,34.60693359375,267.63916015625,78.0029296875
1.3466796875,-0.7662353515625,0.4813232421875,33.447265625,277.83203125,97.900390625
0.7935791015625,-0.4461669921875,0.4862060546875,30.029296875,287.29248046875,105.95703125
0.2828369140625,-0.27978515625,0.5504150390625,23.3154296875,293.9453125,114.501953125
0.0528564453125,-0.2449951171875,0.6014404296875,15.625,298.27880859375,125.18310546875
0.0291748046875,-0.3001708984375,0.6561279296875,8.056640625,299.01123046875,136.90185546875
0.0491943359375,-0.517822265625,0.717041015625,-2.0751953125,297.30224609375,148.37646484375
0.0386962890625,-0.593017578125,0.7685546875,-5.31005859375,295.654296875,158.69140625
0.059326171875,-0.609619140625,0.79541015625,-9.27734375,291.748046875,168.0908203125
0.1484375,-0.595947265625,0.796630859375,-14.58740234375,285.21728515625,176.8798828125
0.224609375,-0.5831298828125,0.8240966796875,-20.08056640625,276.79443359375,184.99755859375
0.32861328125,-0.5897216796875,0.8773193359375,-25.08544921875,267.578125,197.32666015625
0.455078125,-0.6142578125,0.9583740234375,-27.4658203125,260.92529296875,201.904296875
0.5804443359375,-0.679931640625,1.033203125,-26.67236328125,256.89697265625,204.833984375
0.666015625,-0.716796875,1.09033203125,-23.193359375,248.47412109375,203.91845703125
0.7044677734375,-0.739013671875,1.1488037109375,-17.578125,241.76025390625,199.462890625
0.8060302734375,-0.7510986328125,1.233154296875,-1.15966796875,235.90087890625,168.02978515625
0.8995361328125,-0.7681884765625,1.351806640625,5.9814453125,228.1494140625,2.25830078125
1.000732421875,-0.8013916015625,1.48193359375,9.70458984375,222.96142578125,-60.302734375
1.0867919921875,-0.8592529296875,1.581787109375,13.427734375,155.6396484375,-129.33349609375
1.139404296875,-0.94384765625,1.618896484375,13.427734375,29.9072265625,-176.69677734375
1.19091796875,-1.04931640625,1.4765625,-10.19287109375,-27.83203125,-187.31689453125
1.2781982421875,-1.1536865234375,1.2979736328125,-67.7490234375,-70.6787109375,-31.494140625
1.408935546875,-1.1954345703125,1.0450439453125,-63.41552734375,-88.07373046875,-13.18359375
1.5889892578125,-1.0374755859375,0.6751708984375,-22.88818359375,-78.9794921875,-64.8193359375
1.804443359375,-0.92724609375,-0.4493408203125,24.90234375,-201.84326171875,-18.61572265625
2.02001953125,-0.803466796875,-3.16845703125,86.42578125,-204.16259765625,-7.32421875
2.4617919921875,-0.556640625,-3.1376953125,21.30126953125,-217.83447265625,-4.2724609375
2.7017822265625,0.41015625,-2.490966796875,1.28173828125,-38.57421875,-3.7841796875
2.9708251953125,1.4412841796875,-0.518310546875,-17.2119140625,-18.798828125,-3.5400390625
3.1812744140625,0.7197265625,1.8470458984375,57.861328125,-14.09912109375,-5.126953125
3.47509765625,-0.07763671875,-0.0948486328125,10.986328125,-13.916015625,-2.74658203125
3.19580078125,-0.3656005859375,2.375732421875,7.080078125,-16.6015625,1.15966796875
2.4356689453125,-1.3641357421875,2.2486572265625,3.60107421875,-16.17431640625,-6.103515625
2.0909423828125,-0.352294921875,0.884765625,7.8125,0.79345703125,-4.33349609375
0.634521484375,0.599609375,0.90185546875,14.46533203125,2.13623046875,-2.74658203125
-0.678466796875,1.1068115234375,0.8604736328125,-9.6435546875,-15.9912109375,-1.708984375
0.9364013671875,-0.623779296875,0.8836669921875,-22.03369140625,-15.68603515625,-2.0751953125
1.930908203125,-0.2845458984375,0.8656005859375,11.29150390625,-15.19775390625,-3.47900390625
1.890625,-0.3651123046875,0.8773193359375,6.9580078125,-13.7939453125,-4.82177734375
0.6612548828125,-0.243408203125,0.81640625,0.42724609375,-12.26806640625,-5.31005859375
0.62158203125,-0.3262939453125,0.8231201171875,-5.126953125,-10.55908203125,-5.55419921875
0.521240234375,-0.32763671875,0.8447265625,-7.8125,-8.85009765625,-5.31005859375
0.48779296875,-0.2479248046875,0.8343505859375,-7.4462890625,-7.8125,-5.92041015625
0.5048828125,-0.279296875,0.824462890625,-6.34765625,-7.32421875,-5.126953125
0.475341796875,-0.2705078125,0.823486328125,-5.859375,-7.080078125,-4.0283203125
0.477783203125,-0.2659912109375,0.8221435546875,-5.615234375,-8.544921875,-2.86865234375
0.483642578125,-0.2774658203125,0.821533203125,-5.9814453125,-10.7421875,-1.64794921875
0.4793701171875,-0.29345703125,0.8218994140625,-4.21142578125,-16.54052734375,-1.40380859375
0.478271484375,-0.3179931640625,0.8209228515625,-5.2490234375,-19.59228515625,-0.91552734375
0.478515625,-0.3306884765625,0.8189697265625,-12.6953125,-25.69580078125,-1.52587890625
0.482666015625,-0.3221435546875,0.8203125,-15.31982421875,-29.1748046875,-1.64794921875
0.4876708984375,-0.3138427734375,0.82861328125,-19.22607421875,-34.85107421875,-2.9296875
0.492431640625,-0.3094482421875,0.831787109375,-20.8740234375,-68.29833984375,-5.92041015625
0.4986572265625,-0.30322265625,0.8411865234375,-23.92578125,-82.09228515625,-12.87841796875
0.5040283203125,-0.3138427734375,0.8499755859375,-39.6728515625,-99.4873046875,-22.88818359375
0.5054931640625,-0.30517578125,0.8494873046875,-46.142578125,-118.10302734375,-32.65380859375
0.503173828125,-0.2860107421875,0.8546142578125,-53.89404296875,-136.41357421875,-37.29248046875
0.4871826171875,-0.2783203125,0.8656005859375,-62.80517578125,-157.1044921875,-44.61669921875
0.4833984375,-0.2833251953125,0.8773193359375,-69.4580078125,-179.3212890625,-62.6220703125
0.4862060546875,-0.2802734375,0.8958740234375,-76.171875,-203.79638671875,-81.72607421875
0.484375,-0.2802734375,0.9049072265625,-73.3642578125,-230.04150390625,-90.2099609375
0.49169921875,-0.291015625,0.909423828125,-68.29833984375,-251.28173828125,-83.49609375
0.487548828125,-0.2960205078125,0.8795166015625,-59.5703125,-271.78955078125,-72.265625
0.47607421875,-0.3026123046875,0.8701171875,-57.06787109375,-294.00634765625,-76.171875
0.4737548828125,-0.349609375,0.9033203125,-53.7109375,-339.05029296875,-104.4921875
0.4757080078125,-0.4072265625,0.9339599609375,-53.40576171875,-418.5791015625,-144.34814453125
0.4609375,-0.453857421875,0.8895263671875,-78.2470703125,-483.154296875,-169.3115234375
0.428955078125,-0.43896484375,0.887939453125,-124.755859375,-460.63232421875,-182.6171875
0.414794921875,-0.401123046875,0.9713134765625,-168.3349609375,-394.34814453125,-189.94140625
0.4146728515625,-0.4373779296875,0.976318359375,-135.986328125,-359.06982421875,-173.4619140625
0.4228515625,-0.4720458984375,1.08447265625,-75.439453125,-322.021484375,-163.9404296875
0.4525146484375,-0.414306640625,1.2264404296875,-36.31591796875,-285.0341796875,-107.23876953125
0.5113525390625,-0.3138427734375,1.1844482421875,-16.54052734375,-267.76123046875,-74.03564453125
0.508056640625,-0.26171875,1.0250244140625,-8.23974609375,-151.4892578125,-57.373046875
0.4124755859375,-0.31982421875,0.930419921875,-14.7705078125,-24.23095703125,-46.875
0.4410400390625,-0.77490234375,1.03759765625,-49.31640625,113.70849609375,-44.61669921875
0.5718994140625,-1.27880859375,1.3013916015625,-93.75,170.7763671875,-39.00146484375
0.8236083984375,-1.4072265625,2.0654296875,-80.87158203125,202.0263671875,-21.66748046875
1.3275146484375,-1.4525146484375,2.18701171875,-66.71142578125,218.017578125,3.173828125
1.9248046875,-1.3917236328125,2.3160400390625,-41.80908203125,224.365234375,53.77197265625
2.0606689453125,-0.8837890625,2.920166015625,-9.1552734375,230.3466796875,74.951171875
1.9158935546875,-0.5880126953125,2.9630126953125,18.73779296875,230.8349609375,91.9189453125
1.8118896484375,-0.4434814453125,1.8931884765625,33.38623046875,222.96142578125,104.00390625
0.97021484375,-0.8721923828125,1.2037353515625,39.6728515625,220.52001953125,111.87744140625
0.90087890625,-1.16162109375,0.8203125,36.92626953125,222.22900390625,115.6005859375
1.7965087890625,-1.0064697265625,0.6827392578125,31.3720703125,228.94287109375,115.90576171875
2.446044921875,-0.9913330078125,0.6341552734375,26.55029296875,240.66162109375,113.58642578125
1.5970458984375,-0.881103515625,0.596923828125,24.4140625,255.31005859375,109.68017578125
0.6507568359375,-0.7239990234375,0.55517578125,23.49853515625,270.56884765625,105.16357421875
0.19287109375,-0.6082763671875,0.57275390625,23.3154296875,284.24072265625,101.4404296875
-0.00244140625,-0.5135498046875,0.6478271484375,22.76611328125,294.0673828125,99.2431640625
0.0245361328125,-0.3798828125,0.7496337890625,19.47021484375,299.98779296875,100.15869140625
0.088623046875,-0.3526611328125,0.8436279296875,12.02392578125,303.1005859375,104.248046875
0.065673828125,-0.35302734375,0.91064453125,1.28173828125,305.7861328125,110.3515625
0.0400390625,-0.364990234375,0.9422607421875,-10.498046875,308.10546875,118.10302734375
0.076904296875,-0.37109375,0.937744140625,-20.1416015625,309.326171875,126.89208984375
0.1805419921875,-0.3602294921875,0.9246826171875,-26.67236328125,307.55615234375,135.986328125
0.3341064453125,-0.3321533203125,0.93310546875,-30.2734375,303.1005859375,144.8974609375
0.504638671875,-0.28564453125,0.9716796875,-31.25,297.607421875,152.7099609375
0.6488037109375,-0.2379150390625,1.034423828125,-32.28759765625,292.66357421875,158.69140625
0.740478515625,-0.225830078125,1.1092529296875,-32.04345703125,286.9873046875,164.4287109375
0.780517578125,-0.273681640625,1.185546875,-29.6630859375,279.1748046875,182.67822265625
0.8033447265625,-0.3682861328125,1.256103515625,-22.27783203125,269.59228515625,186.03515625
0.8551025390625,-0.4681396484375,1.3363037109375,-11.1083984375,261.41357421875,175.6591796875
0.941162109375,-0.5469970703125,1.4444580078125,0.48828125,238.8916015625,148.62060546875
1.0362548828125,-0.6064453125,1.5665283203125,7.32421875,209.9609375,-33.50830078125
1.1165771484375,-0.6754150390625,1.66552734375,-6.65283203125,154.052734375,-118.83544921875
1.1817626953125,-0.7769775390625,1.6953125,-26.2451171875,113.70849609375,-169.37255859375
1.2392578125,-0.9176025390625,1.6358642578125,-27.16064453125,-53.1005859375,-180.72509765625
1.309326171875,-1.0689697265625,1.4991455078125,-27.77099609375,-104.55322265625,-161.9873046875
1.416259765625,-1.167236328125,0.545166015625,-24.5361328125,-138.18359375,-112.548828125
1.5797119140625,-1.1767578125,0.060791015625,21.54541015625,-148.681640625,-85.0830078125
1.7774658203125,-1.114990234375,-0.672607421875,54.931640625,-53.03955078125,-92.95654296875
1.982421875,-0.51708984375,-1.7352294921875,54.62646484375,60.9130859375,-101.9287109375
2.2210693359375,-0.1019287109375,-3.187255859375,94.3603515625,-26.67236328125,-10.6201171875
2.4921875,0.4041748046875,-2.3026123046875,115.966796875,-88.134765625,-11.474609375
3.1878662109375,0.9710693359375,-1.2034912109375,-168.51806640625,-207.33642578125,-78.4912109375
3.20458984375,0.7296142578125,-0.2001953125,-24.0478515625,-202.45361328125,-85.9375
3.4539794921875,0.1961669921875,1.5533447265625,2.25830078125,-201.5380859375,-48.15673828125
3.83203125,-0.0609130859375,2.600830078125,-53.03955078125,-196.59423828125,-30.70068359375
2.434814453125,-0.1650390625,0.8394775390625,-41.015625,-189.51416015625,-25.0244140625
2.1888427734375,-0.405029296875,-1.95654296875,-49.4384765625,-180.5419921875,-12.02392578125
2.5062255859375,-1.8787841796875,-0.9893798828125,-38.63525390625,-73.2421875,-6.28662109375
2.4705810546875,-1.6865234375,2.3682861328125,-12.51220703125,-53.5888671875,-4.82177734375
0.948486328125,0.1102294921875,2.5975341796875,58.9599609375,-20.56884765625,-1.220703125
-1.2847900390625,0.3533935546875,1.5902099609375,72.69287109375,-18.6767578125,-2.86865234375
-1.6053466796875,-0.04443359375,1.5977783203125,19.95849609375,-17.39501953125,-4.69970703125
-0.997802734375,0.203125,1.2301025390625,13.73291015625,-23.74267578125,-2.50244140625
0.379150390625,0.6258544921875,1.0360107421875,8.9111328125,-21.6064453125,-0.79345703125
2.0831298828125,-0.7911376953125,0.854248046875,3.23486328125,-8.48388671875,-1.40380859375
1.9188232421875,-2.187744140625,0.9154052734375,9.82666015625,-6.34765625,-4.21142578125
1.339599609375,-0.6253662109375,0.84326171875,24.0478515625,-4.82177734375,-6.40869140625
1.7900390625,-0.796630859375,0.8983154296875,-7.26318359375,-2.01416015625,-6.34765625
1.869384765625,-0.183837890625,0.86181640625,-23.37646484375,-0.48828125,-5.79833984375
0.6080322265625,-0.40185546875,0.8304443359375,-25.5126953125,-0.91552734375,-5.2490234375
0.623046875,-0.2353515625,0.8243408203125,-19.95849609375,-8.6669921875,-5.615234375
0.673095703125,-0.30810546875,0.8111572265625,-7.568359375,-14.892578125,-6.77490234375
0.535888671875,-0.3756103515625,0.799072265625,5.55419921875,-19.4091796875,-7.99560546875
0.4674072265625,-0.2237548828125,0.8074951171875,7.080078125,-19.287109375,-8.9111328125
0.485595703125,-0.2874755859375,0.8104248046875,7.14111328125,-17.4560546875,-8.7890625
0.4803466796875,-0.3358154296875,0.8194580078125,6.16455078125,-14.46533203125,-7.9345703125
0.540771484375,-0.393310546875,0.8507080078125,4.0283203125,-8.97216796875,-6.9580078125
0.48876953125,-0.40576171875,0.8450927734375,3.0517578125,-7.01904296875,-6.7138671875
0.495361328125,-0.3687744140625,0.83154296875,0.42724609375,-6.7138671875,-6.4697265625
0.5142822265625,-0.324951171875,0.8131103515625,-1.40380859375,-7.080078125,-5.79833984375
0.5115966796875,-0.3231201171875,0.7994384765625,-4.94384765625,-8.056640625,-1.77001953125
0.5040283203125,-0.32470703125,0.7957763671875,-7.568359375,-9.521484375,0.244140625
0.4862060546875,-0.3367919921875,0.7962646484375,-8.11767578125,-11.90185546875,1.52587890625
0.4794921875,-0.3504638671875,0.8076171875,-6.7138671875,-22.94921875,3.0517578125
0.490234375,-0.348388671875,0.810546875,-5.31005859375,-29.1748046875,3.84521484375
0.4996337890625,-0.325439453125,0.815185546875,-11.962890625,-32.04345703125,2.9296875
0.5050048828125,-0.3045654296875,0.8175048828125,-17.39501953125,-36.7431640625,1.46484375
0.5130615234375,-0.297607421875,0.8177490234375,-19.22607421875,-42.05322265625,-0.1220703125
0.525390625,-0.2972412109375,0.8216552734375,-21.78955078125,-54.99267578125,-2.685546875
0.5130615234375,-0.3009033203125,0.830322265625,-24.7802734375,-64.51416015625,-19.53125
0.5081787109375,-0.302001953125,0.8272705078125,-30.517578125,-75.98876953125,-26.79443359375
0.507568359375,-0.2928466796875,0.820068359375,-34.48486328125,-89.17236328125,-31.92138671875
0.513671875,-0.2777099609375,0.8232421875,-40.0390625,-135.19287109375,-36.865234375
0.5172119140625,-0.27587890625,0.823974609375,-46.08154296875,-148.681640625,-44.0673828125
0.5091552734375,-0.276611328125,0.8438720703125,-60.24169921875,-164.85595703125,-58.65478515625
0.5118408203125,-0.2779541015625,0.84619140625,-60.72998046875,-186.34033203125,-71.71630859375
0.517333984375,-0.2923583984375,0.8553466796875,-56.33544921875,-207.763671875,-64.14794921875
0.5250244140625,-0.32763671875,0.8603515625,-49.4384765625,-224.54833984375,-64.208984375
0.5242919921875,-0.3330078125,0.824462890625,-45.41015625,-244.5068359375,-87.34130859375
0.5213623046875,-0.3299560546875,0.8292236328125,-47.30224609375,-378.23486328125,-134.21630859375
0.4935302734375,-0.360107421875,0.85400390625,-51.45263671875,-454.4677734375,-167.6025390625
0.4940185546875,-0.4384765625,0.885009765625,-118.408203125,-454.7119140625,-189.5751953125
0.483642578125,-0.44482421875,0.904296875,-168.51806640625,-390.31982421875,-204.65087890625
0.4705810546875,-0.444091796875,0.8858642578125,-156.92138671875,-361.9384765625,-202.69775390625
0.460205078125,-0.40478515625,0.8658447265625,-91.1865234375,-336.48681640625,-191.162109375
0.4774169921875,-0.40673828125,1.1827392578125,-50.10986328125,-305.48095703125,-174.31640625
0.5146484375,-0.3897705078125,1.2332763671875,-21.8505859375,-282.2265625,-120.1171875
0.55126953125,-0.3416748046875,1.0472412109375,-12.451171875,-282.04345703125,-68.17626953125
0.614990234375,-0.304443359375,0.95654296875,-12.939453125,-183.28857421875,-50.4150390625
0.5535888671875,-0.6829833984375,1.0699462890625,-22.39990234375,-42.6025390625,-43.76220703125
0.480224609375,-1.2200927734375,1.1810302734375,-33.0810546875,99.4873046875,-48.828125
0.73193359375,-1.4014892578125,1.556396484375,-98.81591796875,185.1806640625,-50.048828125
1.216796875,-1.4580078125,1.9664306640625,-81.72607421875,212.646484375,-38.0859375
1.7958984375,-1.5799560546875,2.3089599609375,-62.56103515625,226.25732421875,-17.578125
2.0042724609375,-1.438232421875,2.4674072265625,-36.7431640625,229.6142578125,6.34765625
1.804443359375,-1.1146240234375,2.8182373046875,-0.732421875,227.783203125,32.40966796875
1.7552490234375,-0.7755126953125,3.0714111328125,29.6630859375,223.0224609375,57.4951171875
1.6351318359375,-0.54931640625,2.203857421875,43.701171875,215.75927734375,79.4677734375
1.1375732421875,-0.7750244140625,1.2440185546875,45.22705078125,212.21923828125,97.412109375
1.040283203125,-1.23974609375,0.825927734375,40.71044921875,214.05029296875,111.63330078125
1.7080078125,-1.2392578125,0.630859375,36.376953125,220.27587890625,121.09375
2.4490966796875,-1.06396484375,0.5712890625,33.935546875,229.91943359375,124.32861328125
1.98291015625,-0.899169921875,0.5684814453125,33.0810546875,241.8212890625,120.361328125
0.7918701171875,-0.6282958984375,0.6021728515625,34.7900390625,254.45556640625,116.39404296875
0.1346435546875,-0.4652099609375,0.650390625,37.29248046875,289.73388671875,113.8916015625
-0.1065673828125,-0.393310546875,0.6951904296875,38.818359375,296.20361328125,114.31884765625
-0.1351318359375,-0.3818359375,0.741943359375,34.11865234375,300.29296875,118.0419921875
-0.0899658203125,-0.412109375,0.7855224609375,27.587890625,302.91748046875,123.96240234375
-0.0653076171875,-0.45849609375,0.833251953125,18.6767578125,306.33544921875,130.0048828125
-0.0233154296875,-0.500244140625,0.868408203125,9.33837890625,308.53271484375,158.14208984375
0.05517578125,-0.5123291015625,0.8922119140625,1.64794921875,307.80029296875,163.4521484375
0.1329345703125,-0.4918212890625,0.9013671875,-3.60107421875,303.64990234375,167.48046875
0.2252197265625,-0.46240234375,0.9290771484375,-7.26318359375,283.69140625,171.0205078125
0.3433837890625,-0.38818359375,0.972412109375,-7.38525390625,278.01513671875,173.40087890625
0.4783935546875,-0.37890625,1.023681640625,-0.244140625,271.1181640625,173.88916015625
0.602783203125,-0.3916015625,1.0828857421875,-2.99072265625,263.5498046875,171.38671875
0.873779296875,-0.440673828125,1.1539306640625,-13.24462890625,258.9111328125,158.50830078125
0.941162109375,-0.522216796875,1.2432861328125,-29.96826171875,250.8544921875,126.0986328125
1.021240234375,-0.6041259765625,1.5897216796875,-46.69189453125,211.85302734375,71.8994140625
1.10986328125,-0.6873779296875,1.5927734375,-63.4765625,171.9970703125,14.0380859375
1.1859130859375,-0.7730712890625,1.46533203125,-73.73046875,132.8125,-87.82958984375
1.246337890625,-1.1005859375,1.27490234375,-73.8525390625,96.61865234375,-125.0
1.303466796875,-1.092041015625,0.974609375,-60.24169921875,52.06298828125,-128.90625
1.37451171875,-0.9671630859375,0.5911865234375,-42.66357421875,-56.70166015625,-103.8818359375
1.864501953125,-0.8253173828125,0.0924072265625,-35.0341796875,-95.52001953125,-85.9375
2.308349609375,-0.6668701171875,-0.5205078125,-18.85986328125,-94.17724609375,-36.31591796875
2.506103515625,-0.4267578125,-1.330078125,13.12255859375,-26.18408203125,-76.171875
2.736572265625,-0.06201171875,-2.25,49.98779296875,-18.49365234375,-64.8193359375
2.9893798828125,0.245849609375,-2.849609375,133.72802734375,-213.43994140625,-35.94970703125
3.1138916015625,0.4193115234375,-2.4267578125,-18.06640625,-206.6650390625,-20.69091796875
3.06005859375,0.721435546875,-1.517578125,18.1884765625,-190.61279296875,-31.1279296875
3.099853515625,1.0562744140625,0.68310546875,-9.521484375,-190.673828125,-47.8515625
3.3441162109375,0.28466796875,2.8828125,-32.53173828125,-190.97900390625,23.4375
3.5523681640625,-0.18505859375,2.1539306640625,-19.287109375,-160.888671875,-22.27783203125
3.328369140625,-0.5185546875,2.6878662109375,1.46484375,-95.52001953125,-22.76611328125
2.3209228515625,-2.09716796875,1.69384765625,51.6357421875,-31.06689453125,-13.36669921875
2.35986328125,-2.3411865234375,1.4395751953125,80.810546875,-50.23193359375,-3.41796875
0.5777587890625,0.7232666015625,0.919189453125,155.517578125,-32.3486328125,-1.5869140625
-1.1295166015625,0.8641357421875,0.7113037109375,59.2041015625,-20.3857421875,-0.54931640625
-1.1319580078125,-1.5223388671875,1.3975830078125,60.9130859375,-18.1884765625,-0.48828125
1.770263671875,-2.218017578125,1.6771240234375,26.2451171875,-15.2587890625,-3.2958984375
1.3643798828125,-1.2440185546875,1.0643310546875,7.2021484375,-17.7001953125,-5.92041015625
1.53076171875,0.13134765625,0.833740234375,5.79833984375,-20.263671875,-5.31005859375
1.4508056640625,0.554443359375,1.0166015625,5.859375,-27.52685546875,-1.15966796875
0.913330078125,-0.268310546875,0.9832763671875,7.62939453125,-14.34326171875,4.7607421875
1.1922607421875,-0.8365478515625,0.885498046875,13.97705078125,-2.9296875,8.4228515625
1.359130859375,-0.2449951171875,0.8929443359375,22.52197265625,0.244140625,7.38525390625
0.7923583984375,-0.0093994140625,0.87548828125,16.66259765625,1.220703125,0.18310546875
0.6407470703125,-0.343505859375,0.872802734375,-1.28173828125,1.708984375,-2.74658203125
0.78125,-0.3466796875,0.8741455078125,-22.4609375,5.4931640625,-2.8076171875
0.719970703125,-0.3118896484375,0.82275390625,-36.2548828125,5.126953125,-1.77001953125
0.5838623046875,-0.3468017578125,0.8148193359375,-36.1328125,-7.62939453125,0.0
0.5018310546875,-0.3287353515625,0.82470703125,-16.66259765625,-13.24462890625,-1.28173828125
0.4945068359375,-0.2998046875,0.82177734375,-0.42724609375,-14.892578125,-6.53076171875
0.477294921875,-0.2513427734375,0.8238525390625,5.18798828125,-10.498046875,-6.16455078125
0.486572265625,-0.224853515625,0.829833984375,5.31005859375,-8.4228515625,-5.9814453125
0.521728515625,-0.239990234375,0.8466796875,-6.8359375,-8.6669921875,-5.859375
0.5103759765625,-0.298828125,0.84619140625,-8.85009765625,-9.8876953125,-5.67626953125
0.4925537109375,-0.364013671875,0.8369140625,2.50244140625,-10.92529296875,-0.732421875
0.488037109375,-0.39599609375,0.8265380859375,2.8076171875,-12.39013671875,1.46484375
0.489013671875,-0.36328125,0.806640625,2.685546875,-15.380859375,1.8310546875
0.4927978515625,-0.3404541015625,0.8074951171875,1.953125,-29.1748046875,2.44140625
0.461669921875,-0.316650390625,0.8116455078125,0.1220703125,-38.0859375,1.77001953125
0.4593505859375,-0.3524169921875,0.8106689453125,-11.90185546875,-44.7998046875,0.42724609375
0.4656982421875,-0.37060546875,0.8150634765625,-20.8740234375,-53.89404296875,0.3662109375
0.4649658203125,-0.3389892578125,0.8231201171875,-26.611328125,-64.3310546875,-1.953125
0.43896484375,-0.340576171875,0.82958984375,-33.447265625,-76.171875,-18.06640625
0.45361328125,-0.33154296875,0.8663330078125,-38.9404296875,-89.66064453125,-32.71484375
0.4814453125,-0.3311767578125,0.866943359375,-43.76220703125,-105.5908203125,-34.66796875
0.484619140625,-0.3248291015625,0.8699951171875,-52.734375,-141.17431640625,-40.4052734375
0.4737548828125,-0.29736328125,0.88427734375,-63.3544921875,-184.4482421875,-50.9033203125
0.4664306640625,-0.2823486328125,0.88671875,-82.275390625,-208.19091796875,-58.16650390625
0.496826171875,-0.293701171875,0.8758544921875,-76.904296875,-232.11669921875,-50.537109375
0.4888916015625,-0.2940673828125,0.8709716796875,-65.12451171875,-250.48828125,-53.52783203125
0.4677734375,-0.326171875,0.8641357421875,-60.546875,-276.9775390625,-114.3798828125
0.470703125,-0.3155517578125,0.8424072265625,-67.32177734375,-360.29052734375,-146.8505859375
0.4632568359375,-0.305419921875,0.9154052734375,-80.74951171875,-422.18017578125,-182.2509765625
0.4632568359375,-0.3817138671875,0.9385986328125,-135.92529296875,-400.87890625,-196.2890625
0.473876953125,-0.480712890625,0.91845703125,-171.630859375,-386.5966796875,-198.2421875
0.4654541015625,-0.38330078125,0.918701171875,-119.44580078125,-359.92431640625,-187.80517578125
0.4365234375,-0.3917236328125,0.9573974609375,-87.21923828125,-326.72119140625,-159.7900390625
0.4014892578125,-0.37646484375,1.1641845703125,-41.259765625,-301.33056640625,-141.11328125
0.4410400390625,-0.31982421875,1.188232421875,-15.31982421875,-305.23681640625,-93.26171875
0.474365234375,-0.2479248046875,1.106201171875,-15.93017578125,-259.82666015625,-76.0498046875
0.533935546875,-0.4072265625,1.0211181640625,-29.4189453125,-117.73681640625,-72.69287109375
0.519775390625,-0.8192138671875,1.0128173828125,-48.583984375,14.58740234375,-82.8857421875
0.4268798828125,-1.2509765625,1.330322265625,-86.7919921875,147.8271484375,-98.69384765625
0.7208251953125,-1.3712158203125,1.77783203125,-90.33203125,197.1435546875,-97.22900390625
1.0931396484375,-1.5980224609375,2.0252685546875,-43.701171875,221.98486328125,-79.52880859375
1.80859375,-1.40380859375,2.3062744140625,-15.44189453125,237.3046875,-53.77197265625
1.631591796875,-0.9832763671875,2.320068359375,16.7236328125,246.64306640625,-26.123046875
1.581298828125,-0.8057861328125,2.86279296875,52.24609375,255.615234375,1.77001953125
1.4049072265625,-0.6312255859375,2.7974853515625,69.2138671875,259.3994140625,27.4658203125
1.0823974609375,-0.5428466796875,1.6817626953125,68.54248046875,259.70458984375,50.29296875
1.0723876953125,-1.1895751953125,1.1207275390625,59.4482421875,260.92529296875,69.76318359375
1.1749267578125,-1.40087890625,0.8238525390625,48.9501953125,263.48876953125,86.181640625
1.7401123046875,-1.05126953125,0.7347412109375,40.1611328125,268.73779296875,98.93798828125
2.2642822265625,-1.007080078125,0.7059326171875,34.66796875,275.08544921875,108.642578125
1.5084228515625,-0.80517578125,0.6517333984375,31.67724609375,281.25,115.41748046875
0.461181640625,-0.5693359375,0.6268310546875,28.01513671875,285.58349609375,119.68994140625
0.1094970703125,-0.46923828125,0.6182861328125,21.97265625,288.63525390625,122.55859375
0.07958984375,-0.4635009765625,0.6182861328125,14.892578125,292.54150390625,124.93896484375
0.1759033203125,-0.5321044921875,0.6341552734375,7.75146484375,296.7529296875,128.23486328125
0.2364501953125,-0.616455078125,0.648193359375,2.5634765625,298.2177734375,133.30078125
0.2039794921875,-0.6693115234375,0.6593017578125,-0.48828125,298.33984375,140.44189453125
0.1781005859375,-0.6683349609375,0.68798828125,-4.08935546875,298.4619140625,148.92578125
0.20556640625,-0.6243896484375,0.7353515625,-8.72802734375,296.69189453125,157.65380859375
0.2645263671875,-0.57177734375,0.7833251953125,-13.916015625,292.6025390625,166.07666015625
0.33544921875,-0.5439453125,0.8309326171875,-21.1181640625,286.62109375,175.59814453125
0.401123046875,-0.5511474609375,0.8848876953125,-29.4189453125,280.57861328125,185.546875
0.468994140625,-0.574462890625,0.9456787109375,-36.62109375,274.84130859375,197.998046875
0.543701171875,-0.5894775390625,1.011474609375,-40.46630859375,271.42333984375,201.2939453125
0.62841796875,-0.600341796875,1.08740234375,-38.818359375,267.822265625,202.2705078125
0.708984375,-0.614501953125,1.1744384765625,-31.55517578125,254.8828125,202.33154296875
0.7742919921875,-0.634521484375,1.278564453125,-22.88818359375,244.873046875,197.93701171875
0.84521484375,-0.6595458984375,1.4110107421875,-14.58740234375,233.154296875,177.001953125
0.9305419921875,-0.6954345703125,1.5511474609375,-17.15087890625,223.6328125,127.685546875
1.0147705078125,-0.7647705078125,1.66796875,-20.3857421875,210.9375,59.9365234375
1.0916748046875,-0.890869140625,1.7191162109375,-22.94921875,173.7060546875,0.9765625
1.1627197265625,-1.0479736328125,1.5811767578125,-27.7099609375,136.53564453125,-45.59326171875
1.25048828125,-1.1705322265625,1.395751953125,-22.94921875,94.23828125,-100.9521484375
1.37890625,-1.2061767578125,1.1663818359375,-5.37109375,35.5224609375,-148.25439453125
1.5626220703125,-1.0467529296875,0.8883056640625,-6.16455078125,-27.64892578125,-161.68212890625
1.77734375,-0.8743896484375,0.478515625,-36.9873046875,-77.33154296875,-59.5703125
1.9573974609375,-0.6697998046875,-0.10595703125,-59.26513671875,-110.65673828125,-63.4765625
2.3050537109375,-0.4793701171875,-1.0345458984375,-36.865234375,-135.8642578125,-110.2294921875
2.4918212890625,-0.268310546875,-2.147216796875,10.07080078125,-6.16455078125,-47.607421875
2.7386474609375,0.03076171875,-2.95263671875,42.236328125,-36.31591796875,-17.15087890625
3.041748046875,0.5274658203125,-3.14306640625,-64.3310546875,-194.9462890625,-75.74462890625
3.236328125,1.3294677734375,-2.673095703125,-13.0615234375,-152.52685546875,-96.0693359375
3.38671875,1.79150390625,-1.7137451171875,95.03173828125,-183.65478515625,-59.9365234375
3.6153564453125,1.2261962890625,-0.71923828125,15.869140625,-177.79541015625,-27.28271484375
3.726806640625,0.2081298828125,1.750244140625,1.8310546875,-172.54638671875,-14.404296875
3.41357421875,-0.3853759765625,-0.876220703125,-7.14111328125,-167.236328125,-23.92578125
2.7213134765625,-0.4962158203125,-1.23095703125,-15.19775390625,-173.2177734375,-43.45703125
2.26123046875,-2.1798095703125,1.5028076171875,-20.1416015625,-176.8798828125,-36.1328125
2.333740234375,0.0126953125,2.7501220703125,-8.4228515625,-146.54541015625,-21.66748046875
2.57958984375,0.9005126953125,1.6839599609375,4.94384765625,-93.8720703125,-20.81298828125
-1.1356201171875,0.7552490234375,1.4337158203125,41.68701171875,-61.4013671875,-14.34326171875
-0.7978515625,0.6934814453125,1.31494140625,60.1806640625,-58.59375,-6.7138671875
0.26806640625,0.921142578125,0.815673828125,46.142578125,-38.51318359375,-3.90625
1.59765625,0.128662109375,0.763916015625,49.4384765625,-23.74267578125,-2.62451171875
1.8045654296875,-1.628173828125,1.43505859375,58.04443359375,-20.1416015625,-2.13623046875
1.26318359375,-2.2203369140625,1.699462890625,25.69580078125,-16.845703125,-3.47900390625
1.076171875,-1.1507568359375,1.1302490234375,14.0380859375,-19.1650390625,-6.2255859375
1.4088134765625,0.200439453125,0.7794189453125,10.80322265625,-16.90673828125,-6.7138671875
1.257568359375,0.615478515625,0.9847412109375,8.97216796875,-20.6298828125,-4.8828125
0.8154296875,-0.2181396484375,1.02392578125,12.51220703125,-24.4140625,0.06103515625
1.0792236328125,-0.958984375,0.903564453125,15.0146484375,-9.033203125,3.11279296875
1.281494140625,-0.3624267578125,0.888916015625,18.798828125,-1.64794921875,4.45556640625
0.7744140625,0.0201416015625,0.8800048828125,18.49365234375,0.42724609375,2.50244140625
0.542236328125,-0.316650390625,0.8515625,8.6669921875,2.5634765625,-1.89208984375
0.719482421875,-0.33544921875,0.8804931640625,-10.498046875,3.90625,-4.638671875
0.693603515625,-0.284912109375,0.857177734375,-22.94921875,6.28662109375,-4.94384765625
0.585205078125,-0.34130859375,0.8094482421875,-28.50341796875,4.69970703125,-5.43212890625
0.5135498046875,-0.327392578125,0.8218994140625,-23.62060546875,0.8544921875,-3.72314453125
0.5035400390625,-0.2705078125,0.8228759765625,-8.11767578125,-6.4697265625,-2.5634765625
0.4874267578125,-0.2574462890625,0.8216552734375,4.57763671875,-12.451171875,-2.62451171875
0.4432373046875,-0.2396240234375,0.8240966796875,11.5966796875,-15.5029296875,-2.8076171875
0.4622802734375,-0.2325439453125,0.83251953125,17.15087890625,-13.73291015625,-2.50244140625
0.498291015625,-0.276123046875,0.8497314453125,14.34326171875,-11.1083984375,-2.50244140625
0.496337890625,-0.3258056640625,0.862548828125,9.46044921875,-8.97216796875,-2.86865234375
0.4935302734375,-0.378662109375,0.8619384765625,5.0048828125,-8.11767578125,-3.60107421875
0.48779296875,-0.3931884765625,0.8524169921875,1.15966796875,-9.033203125,-4.150390625
0.4903564453125,-0.353271484375,0.827880859375,-1.89208984375,-9.033203125,-4.2724609375
0.4866943359375,-0.32958984375,0.82421875,-3.72314453125,-6.7138671875,-4.150390625
0.4757080078125,-0.3218994140625,0.8206787109375,-3.72314453125,-4.7607421875,-3.5400390625
0.4744873046875,-0.2783203125,0.8203125,-2.5634765625,-3.47900390625,-3.60107421875
0.4688720703125,-0.28271484375,0.82421875,-0.9765625,-5.7373046875,-5.43212890625
0.4560546875,-0.30126953125,0.8258056640625,-0.67138671875,-17.08984375,-6.53076171875
0.4610595703125,-0.3048095703125,0.8212890625,-3.5400390625,-20.99609375,-8.97216796875
0.4495849609375,-0.3016357421875,0.8221435546875,-12.75634765625,-26.3671875,-9.21630859375
0.4490966796875,-0.3079833984375,0.8238525390625,-15.380859375,-29.96826171875,-12.26806640625
0.468994140625,-0.3175048828125,0.8294677734375,-16.6015625,-41.1376953125,-14.892578125
0.484130859375,-0.318115234375,0.83642578125,-18.37158203125,-52.42919921875,-19.04296875
0.4901123046875,-0.3101806640625,0.853759765625,-19.34814453125,-64.697265625,-26.06201171875
0.490966796875,-0.299560546875,0.862548828125,-28.86962890625,-80.87158203125,-31.67724609375
0.489990234375,-0.302490234375,0.85986328125,-33.935546875,-100.03662109375,-38.4521484375
0.4874267578125,-0.2872314453125,0.8717041015625,-42.90771484375,-120.2392578125,-45.5322265625
0.4737548828125,-0.308349609375,0.91650390625,-54.87060546875,-144.83642578125,-49.4384765625
0.453369140625,-0.3134765625,0.944580078125,-61.70654296875,-172.79052734375,-58.2275390625
0.4488525390625,-0.3291015625,0.94677734375,-73.30322265625,-203.2470703125,-71.533203125
0.4642333984375,-0.252197265625,0.95166015625,-79.77294921875,-240.90576171875,-83.67919921875
0.4727783203125,-0.24365234375,0.936279296875,-78.857421875,-273.5595703125,-85.26611328125
0.463623046875,-0.2943115234375,0.947509765625,-71.96044921875,-276.18408203125,-85.99853515625
0.4508056640625,-0.281982421875,0.941650390625,-57.9833984375,-294.5556640625,-95.03173828125
0.45458984375,-0.3748779296875,0.9349365234375,-47.7294921875,-324.21875,-112.6708984375
0.4586181640625,-0.41064453125,0.9815673828125,-49.25537109375,-368.0419921875,-147.94921875
0.4490966796875,-0.370849609375,0.98388671875,-63.232421875,-428.1005859375,-169.73876953125
0.4383544921875,-0.3604736328125,0.9254150390625,-78.06396484375,-444.091796875,-183.59375
0.39501953125,-0.33349609375,0.949462890625,-105.3466796875,-406.18896484375,-198.974609375
0.369140625,-0.3436279296875,0.994140625,-107.84912109375,-385.8642578125,-178.40576171875
0.3721923828125,-0.3848876953125,0.9822998046875,-62.68310546875,-368.0419921875,-162.29248046875
0.347900390625,-0.352294921875,1.0980224609375,-25.57373046875,-337.58544921875,-114.68505859375
0.4224853515625,-0.2264404296875,1.2523193359375,-14.5263671875,-309.75341796875,-58.41064453125
0.5050048828125,-0.3148193359375,1.2320556640625,-4.33349609375,-216.97998046875,-36.376953125
0.51416015625,-0.5384521484375,1.168701171875,-59.2041015625,-61.279296875,-37.65869140625
0.453857421875,-0.7301025390625,1.1966552734375,-69.39697265625,94.3603515625,-50.537109375
0.529052734375,-1.11669921875,1.249755859375,-115.29541015625,190.85693359375,-53.955078125
0.83447265625,-1.3316650390625,1.5518798828125,-80.74951171875,222.412109375,-42.3583984375
1.2032470703125,-1.279052734375,2.0831298828125,-48.76708984375,235.3515625,-19.95849609375
1.65673828125,-1.3203125,2.3675537109375,-8.30078125,234.92431640625,8.1787109375
1.88525390625,-1.2154541015625,2.8758544921875,33.203125,226.07421875,36.62109375
1.7117919921875,-0.53076171875,3.1759033203125,55.48095703125,217.59033203125,61.03515625
1.5791015625,-0.4803466796875,2.2974853515625,53.77197265625,211.7919921875,80.13916015625
1.3507080078125,-0.8299560546875,1.2520751953125,35.7666015625,212.5244140625,94.66552734375
1.012451171875,-1.4530029296875,0.788818359375,16.2353515625,218.56689453125,106.0791015625
1.5408935546875,-1.4725341796875,0.568115234375,4.0283203125,227.1728515625,115.53955078125
2.4580078125,-1.2437744140625,0.5079345703125,0.91552734375,236.75537109375,122.37548828125
2.2386474609375,-0.9306640625,0.5340576171875,5.31005859375,247.49755859375,126.28173828125
0.8851318359375,-0.5308837890625,0.6124267578125,11.1083984375,256.77490234375,127.38037109375
0.09814453125,-0.30322265625,0.6800537109375,12.02392578125,265.80810546875,126.15966796875
-0.161376953125,-0.2327880859375,0.7135009765625,6.4697265625,275.81787109375,124.93896484375
-0.2200927734375,-0.3123779296875,0.732177734375,-0.42724609375,286.2548828125,125.0
-0.173583984375,-0.47021484375,0.744873046875,-5.7373046875,295.10498046875,139.83154296875
-0.063232421875,-0.59375,0.770751953125,-8.9111328125,300.84228515625,148.13232421875
0.0638427734375,-0.623046875,0.815185546875,-9.46044921875,304.62646484375,156.55517578125
0.16650390625,-0.5550537109375,0.877197265625,-12.0849609375,314.51416015625,166.19873046875
0.2301025390625,-0.440673828125,0.942138671875,-17.02880859375,314.39208984375,176.513671875
0.2763671875,-0.350830078125,0.9940185546875,-31.31103515625,310.6689453125,185.60791015625
0.3316650390625,-0.332275390625,1.029296875,-32.89794921875,305.17578125,192.19970703125
0.411865234375,-0.369384765625,1.0548095703125,-31.1279296875,299.13330078125,195.37353515625
0.5142822265625,-0.414794921875,1.102783203125,-27.7099609375,290.71044921875,195.00732421875
0.6356201171875,-0.4359130859375,1.375,-22.88818359375,280.94482421875,190.85693359375
0.7506103515625,-0.43701171875,1.4715576171875,-15.31982421875,272.64404296875,135.80322265625
0.84130859375,-0.4534912109375,1.5672607421875,-7.26318359375,263.18359375,52.001953125
0.910400390625,-0.653076171875,1.6497802734375,-3.11279296875,246.337890625,3.173828125
0.968994140625,-0.748779296875,1.730224609375,-4.69970703125,140.93017578125,-62.5
1.0438232421875,-0.8668212890625,1.783447265625,-11.65771484375,52.6123046875,-122.802734375
1.353759765625,-0.9766845703125,1.7464599609375,-52.978515625,-13.7939453125,-145.3857421875
1.443603515625,-1.0645751953125,1.5877685546875,-60.24169921875,-70.80078125,-65.00244140625
1.55224609375,-1.1082763671875,1.326171875,-57.861328125,-116.88232421875,-112.85400390625
1.6993408203125,-1.0850830078125,0.9649658203125,-19.4091796875,-151.3671875,-35.33935546875
1.8797607421875,-0.974609375,-0.740966796875,34.3017578125,-93.3837890625,-25.7568359375
2.089111328125,-0.7724609375,-2.7886962890625,62.07275390625,-205.4443359375,-93.75
2.3187255859375,-0.5079345703125,-3.3536376953125,27.16064453125,-187.80517578125,-94.8486328125
2.536865234375,0.5361328125,-3.031494140625,67.5048828125,-201.72119140625,-56.09130859375
2.7261962890625,1.367431640625,-2.021728515625,-6.53076171875,-195.98388671875,-28.99169921875
2.91796875,1.050537109375,-0.9490966796875,6.53076171875,-199.27978515625,-1.3427734375
3.6002197265625,0.346435546875,-1.9088134765625,-6.591796875,-192.07763671875,0.54931640625
3.699462890625,-0.107421875,-0.8701171875,-11.77978515625,-203.4912109375,1.64794921875
2.9403076171875,-0.232666015625,2.4635009765625,-9.033203125,-18.6767578125,6.7138671875
2.2296142578125,0.88232421875,2.510009765625,1.708984375,-18.00537109375,-0.91552734375
2.20361328125,1.120849609375,1.3890380859375,1.03759765625,-20.20263671875,-4.5166015625
2.5909423828125,0.625244140625,1.4102783203125,1.03759765625,-0.9765625,-6.89697265625
-1.089111328125,0.605712890625,1.3544921875,3.662109375,3.0517578125,-7.38525390625
0.3087158203125,0.7607421875,0.894287109375,-32.40966796875,0.54931640625,-7.62939453125
2.0611572265625,-0.356201171875,0.8768310546875,-14.34326171875,-16.11328125,-8.544921875
1.7589111328125,-1.98876953125,0.8746337890625,-1.52587890625,-13.24462890625,-9.94873046875
0.962890625,-1.891357421875,0.8607177734375,16.66259765625,-10.07080078125,-10.31494140625
1.173828125,-0.32763671875,0.8114013671875,14.46533203125,-7.080078125,-10.31494140625
1.804443359375,-0.348388671875,0.8193359375,10.19287109375,-4.33349609375,-9.94873046875
1.4276123046875,-0.3358154296875,0.8236083984375,6.65283203125,-3.96728515625,-9.82666015625
0.6190185546875,-0.2896728515625,0.809326171875,5.2490234375,-4.33349609375,-2.38037109375
0.5196533203125,-0.4307861328125,0.798828125,2.62451171875,-4.08935546875,-1.89208984375
0.49560546875,-0.41552734375,0.794189453125,2.01416015625,-4.150390625,-3.0517578125
0.4864501953125,-0.3502197265625,0.7930908203125,1.15966796875,-28.74755859375,-27.03857421875
0.482421875,-0.3480224609375,0.7987060546875,1.15966796875,-34.0576171875,-45.22705078125
0.476318359375,-0.351318359375,0.8155517578125,-14.34326171875,-47.8515625,-46.9970703125
0.473388671875,-0.3612060546875,0.8204345703125,-16.66259765625,-142.27294921875,-54.0771484375
0.4754638671875,-0.35498046875,0.8232421875,-23.62060546875,-185.4248046875,-68.42041015625
0.4776611328125,-0.3089599609375,0.825439453125,-68.42041015625,-218.20068359375,-122.4365234375
0.476318359375,-0.3070068359375,0.848876953125,-67.626953125,-248.6572265625,-194.9462890625
0.4849853515625,-0.300537109375,0.8682861328125,-61.6455078125,-261.962890625,-198.974609375
0.493408203125,-0.2965087890625,0.87890625,-53.5888671875,-427.6123046875,-63.3544921875
0.4967041015625,-0.2880859375,0.8826904296875,-47.05810546875,-325.0732421875,-44.189453125
0.503173828125,-0.267333984375,0.8779296875,-109.43603515625,-292.17529296875,-36.80419921875
0.5030517578125,-0.31005859375,0.95556640625,-12.63427734375,143.12744140625,-36.43798828125
0.501708984375,-0.4361572265625,0.9261474609375,-22.03369140625,192.5048828125,-26.18408203125
0.474609375,-0.4345703125,0.8824462890625,-85.44921875,217.59033203125,-3.84521484375
0.4788818359375,-0.334228515625,0.996826171875,-52.30712890625,231.0791015625,23.37646484375
0.4049072265625,-0.3895263671875,1.336181640625,-12.3291015625,236.328125,50.23193359375
0.4205322265625,-0.39990234375,1.7315673828125,27.40478515625,239.1357421875,73.73046875
0.4774169921875,-1.329345703125,2.848876953125,49.8046875,235.41259765625,122.0703125
0.5404052734375,-1.386474609375,1.7030029296875,53.40576171875,229.79736328125,115.8447265625
0.5125732421875,-1.077392578125,1.06689453125,47.42431640625,228.3935546875,110.04638671875
2.0074462890625,-1.4918212890625,0.771240234375,38.39111328125,265.56396484375,101.318359375
1.619140625,-1.2991943359375,0.6673583984375,29.78515625,302.06298828125,102.35595703125
1.1947021484375,-1.2083740234375,0.6248779296875,17.822265625,311.767578125,107.11669921875
1.4166259765625,-0.94580078125,0.586181640625,-2.86865234375,321.044921875,114.80712890625
0.535400390625,-0.6785888671875,0.5799560546875,-7.14111328125,322.69287109375,125.1220703125
0.1312255859375,-0.509521484375,0.615478515625,-19.04296875,321.71630859375,137.3291015625
0.0130615234375,-0.4019775390625,0.8763427734375,-26.18408203125,318.603515625,149.5361328125
0.0645751953125,-0.3804931640625,1.0704345703125,-33.63037109375,313.41552734375,161.1328125
0.08740234375,-0.4130859375,1.081787109375,-38.02490234375,306.396484375,170.8984375
0.0489501953125,-0.241943359375,1.1187744140625,-39.73388671875,299.01123046875,177.001953125
0.057373046875,-0.31640625,1.1702880859375,-40.0390625,291.80908203125,180.60302734375
0.1207275390625,-0.3404541015625,1.25537109375,-37.41455078125,282.2265625,184.14306640625
0.5921630859375,-0.3853759765625,1.356689453125,-30.76171875,271.30126953125,188.4765625
0.9539794921875,-0.4364013671875,1.459716796875,-18.06640625,261.29150390625,192.07763671875
0.993896484375,-0.5169677734375,1.5699462890625,-6.4697265625,250.42724609375,184.814453125
1.0855712890625,-0.6214599609375,1.6712646484375,0.48828125,237.24365234375,156.18896484375
1.1453857421875,-0.71826171875,1.7418212890625,0.91552734375,223.7548828125,111.2060546875
1.2142333984375,-0.835693359375,1.7469482421875,-4.21142578125,176.8798828125,56.45751953125
1.293701171875,-0.989013671875,1.6488037109375,-16.9677734375,119.7509765625,-4.150390625
1.3699951171875,-1.1246337890625,1.4755859375,-25.87890625,76.23291015625,-66.7724609375
1.46630859375,-1.1749267578125,1.232421875,-11.65771484375,17.333984375,-115.3564453125
1.62890625,-1.1317138671875,0.8453369140625,-6.89697265625,-40.46630859375,-133.1787109375
1.854736328125,-1.0223388671875,0.33544921875,-15.13671875,-90.14892578125,-127.5634765625
2.0758056640625,-0.8433837890625,-0.1922607421875,-20.6298828125,-126.3427734375,-103.45458984375
2.2740478515625,-0.5865478515625,-0.9722900390625,-0.42724609375,-142.02880859375,-101.86767578125
2.508544921875,-0.2833251953125,-1.9884033203125,31.67724609375,-62.1337890625,-133.97216796875
2.7686767578125,0.0616455078125,-2.8372802734375,46.56982421875,-5.2490234375,-116.02783203125
2.994140625,0.513916015625,-3.1461181640625,96.13037109375,-37.41455078125,-36.7431640625
3.1048583984375,1.068359375,-2.683349609375,53.28369140625,-129.638671875,-45.41015625
3.1636962890625,1.42822265625,-1.7008056640625,-131.103515625,-203.7353515625,-86.0595703125
3.443115234375,1.20556640625,-0.35546875,57.12890625,-175.4150390625,-70.80078125
3.718505859375,0.582763671875,1.6796875,16.54052734375,-196.35009765625,-45.8984375
3.5421142578125,0.060546875,2.5118408203125,-8.60595703125,-190.7958984375,-21.3623046875
2.949462890625,-0.137939453125,1.001220703125,-14.58740234375,-191.71142578125,-19.47021484375
2.474853515625,-0.5579833984375,-1.24365234375,-26.2451171875,-183.65478515625,-39.6728515625
2.5413818359375,-1.849365234375,-0.1497802734375,-38.330078125,-195.37353515625,-41.748046875
2.03759765625,-1.5999755859375,2.5687255859375,-30.1513671875,-190.3076171875,-24.5361328125
0.7308349609375,0.29248046875,2.165771484375,-20.1416015625,-137.5732421875,-22.705078125
-1.3377685546875,0.6024169921875,1.361083984375,20.99609375,-75.68359375,-16.2353515625
-1.5345458984375,0.0196533203125,1.49609375,68.78662109375,-66.58935546875,-5.7373046875
-0.26318359375,0.3482666015625,1.2720947265625,66.71142578125,-46.2646484375,-2.86865234375
1.064208984375,0.4891357421875,0.7015380859375,57.7392578125,-25.7568359375,-0.67138671875
2.2413330078125,-0.7264404296875,0.8619384765625,75.37841796875,-20.99609375,-3.5400390625
1.6741943359375,-1.9908447265625,1.66455078125,37.04833984375,-20.69091796875,-5.4931640625
1.0936279296875,-1.7320556640625,1.515625,12.39013671875,-21.97265625,-4.39453125
1.3201904296875,-0.520263671875,0.880126953125,8.1787109375,-28.076171875,-0.67138671875
1.6009521484375,0.38427734375,0.95263671875,5.79833984375,-18.6767578125,3.662109375
1.015869140625,0.176025390625,1.0323486328125,12.02392578125,-6.34765625,5.4931640625
0.874267578125,-0.8184814453125,0.8726806640625,17.822265625,-3.35693359375,4.08935546875
1.41845703125,-0.5594482421875,0.8466796875,11.8408203125,-2.0751953125,0.3662109375
1.092041015625,0.0782470703125,0.8865966796875,-5.67626953125,-1.28173828125,-2.13623046875
0.598388671875,-0.2576904296875,0.869873046875,-25.146484375,2.01416015625,-3.5400390625
0.71533203125,-0.379150390625,0.818115234375,-37.17041015625,3.84521484375,-3.90625
0.7618408203125,-0.3092041015625,0.812255859375,-36.68212890625,1.8310546875,-4.0283203125
0.588134765625,-0.32958984375,0.812744140625,-26.55029296875,-3.60107421875,-3.41796875
0.4569091796875,-0.285400390625,0.8079833984375,-15.19775390625,-9.6435546875,-3.173828125
0.4990234375,-0.23046875,0.8221435546875,-5.06591796875,-13.671875,-3.47900390625
0.507080078125,-0.2396240234375,0.8209228515625,2.197265625,-14.34326171875,-6.34765625
0.5447998046875,-0.2755126953125,0.82470703125,7.4462890625,-13.427734375,-7.32421875
0.541015625,-0.3289794921875,0.832275390625,7.26318359375,-11.77978515625,-7.6904296875
0.5096435546875,-0.3861083984375,0.8306884765625,3.5400390625,-5.9814453125,-7.38525390625
0.4937744140625,-0.40234375,0.8314208984375,0.0,-4.39453125,-7.14111328125
0.49755859375,-0.3956298828125,0.8275146484375,-1.03759765625,-3.47900390625,-6.89697265625
0.499267578125,-0.3775634765625,0.813720703125,0.06103515625,-3.0517578125,-6.65283203125
0.4954833984375,-0.35302734375,0.8038330078125,1.5869140625,-2.685546875,-6.591796875
0.4942626953125,-0.337158203125,0.800537109375,1.8310546875,-2.74658203125,-6.34765625
0.4945068359375,-0.329833984375,0.7938232421875,2.44140625,-3.5400390625,-6.40869140625
0.4954833984375,-0.34130859375,0.7938232421875,2.9296875,-5.06591796875,-5.92041015625
0.4957275390625,-0.3564453125,0.7958984375,2.99072265625,-6.53076171875,-5.06591796875
0.4849853515625,-0.3704833984375,0.7989501953125,2.86865234375,-8.11767578125,3.72314453125
0.4737548828125,-0.3536376953125,0.8033447265625,2.9296875,-10.07080078125,2.9296875
0.48046875,-0.336669921875,0.808837890625,2.38037109375,-12.51220703125,1.40380859375
0.500732421875,-0.322021484375,0.8125,0.54931640625,-36.92626953125,-0.79345703125
0.509521484375,-0.320068359375,0.814208984375,-1.8310546875,-42.96875,-1.89208984375
0.5107421875,-0.3199462890625,0.8140869140625,-19.59228515625,-49.86572265625,-3.7841796875
0.50927734375,-0.3258056640625,0.8165283203125,-22.5830078125,-57.67822265625,-27.40478515625
0.5048828125,-0.3306884765625,0.8233642578125,-26.79443359375,-66.89453125,-32.2265625
0.49609375,-0.326416015625,0.8272705078125,-31.494140625,-78.4912109375,-38.51318359375
0.48828125,-0.31591796875,0.862548828125,-39.00146484375,-142.02880859375,-52.30712890625
0.4932861328125,-0.303955078125,0.86328125,-46.32568359375,-215.02685546875,-62.1337890625
0.4970703125,-0.293701171875,0.8702392578125,-70.1904296875,-235.77880859375,-43.8232421875
0.494873046875,-0.2930908203125,0.867431640625,-59.14306640625,-253.60107421875,-36.1328125
0.498046875,-0.31396484375,0.86328125,-58.04443359375,-278.13720703125,-103.82080078125
0.499755859375,-0.32763671875,0.863037109375,-65.36865234375,-382.01904296875,-136.29150390625
0.48388671875,-0.330810546875,0.83935546875,-72.32666015625,-446.8994140625,-178.955078125
0.48388671875,-0.3251953125,0.921875,-139.70947265625,-414.24560546875,-183.837890625
0.468994140625,-0.3685302734375,0.899658203125,-193.84765625,-385.498046875,-159.60693359375
0.471435546875,-0.394287109375,0.9388427734375,-129.0283203125,-317.0166015625,-134.09423828125
0.474853515625,-0.305908203125,0.930908203125,-90.087890625,-287.53662109375,-88.07373046875
0.4796142578125,-0.34375,1.2100830078125,-35.2783203125,-218.56689453125,-116.27197265625
0.4515380859375,-0.3175048828125,1.1993408203125,-11.65771484375,-74.76806640625,-129.45556640625
0.503662109375,-0.2723388671875,0.9951171875,-17.88330078125,73.05908203125,-125.3662109375
0.58349609375,-0.2388916015625,0.97314453125,-70.37353515625,238.1591796875,-105.16357421875
0.4825439453125,-0.6776123046875,1.30126953125,-56.15234375,245.17822265625,-73.66943359375
0.4139404296875,-1.3106689453125,2.16748046875,32.16552734375,245.1171875,-37.353515625
0.632568359375,-1.27880859375,2.49462890625,61.34033203125,244.384765625,-2.13623046875
1.141357421875,-1.3330078125,2.65087890625,67.5048828125,244.07958984375,135.55908203125
1.8779296875,-1.07421875,2.927978515625,59.38720703125,245.7275390625,139.34326171875
1.6929931640625,-0.607666015625,0.9718017578125,45.8984375,248.59619140625,144.22607421875
1.469482421875,-0.5562744140625,0.6939697265625,37.7197265625,306.33544921875,149.169921875
1.2103271484375,-1.1290283203125,0.62890625,37.41455078125,307.80029296875,177.734375
1.56689453125,-0.8897705078125,0.6304931640625,1.0986328125,305.0537109375,191.162109375
2.07275390625,-0.6422119140625,0.6451416015625,-6.4697265625,298.40087890625,188.41552734375
2.1455078125,-0.4761962890625,0.650146484375,-15.19775390625,271.240234375,179.931640625
0.0931396484375,-0.4404296875,0.6175537109375,-23.8037109375,253.35693359375,151.3671875
0.0455322265625,-0.5220947265625,1.0743408203125,-38.63525390625,249.6337890625,84.16748046875
0.0487060546875,-0.694091796875,1.125244140625,-56.21337890625,224.853515625,-73.66943359375
0.1158447265625,-0.8336181640625,1.1820068359375,-69.2138671875,197.6318359375,-21.91162109375
0.19189453125,-0.68994140625,1.266357421875,-83.984375,172.30224609375,-29.052734375
0.2191162109375,-0.7105712890625,1.75341796875,-76.84326171875,-7.8125,-67.138671875
0.2080078125,-0.7476806640625,1.486328125,-44.25048828125,4.8828125,-39.12353515625
1.1734619140625,-0.8140869140625,1.0216064453125,-88.7451171875,-55.5419921875,-14.09912109375
1.2369384765625,-1.12451171875,0.6727294921875,184.75341796875,-156.43310546875,-33.26416015625
1.2855224609375,-0.7080078125,-0.1214599609375,-106.14013671875,-198.54736328125,-46.81396484375
1.3671875,-0.01416015625,-1.3424072265625,80.74951171875,-177.490234375,-30.33447265625
2.072509765625,0.28662109375,-3.251220703125,12.14599609375,-135.31494140625,-21.6064453125
2.603759765625,0.2191162109375,2.6719970703125,25.7568359375,-73.42529296875,-19.775390625
3.0260009765625,0.3607177734375,-0.4830322265625,67.68798828125,-60.11962890625,-10.009765625
3.2509765625,1.0850830078125,-2.2000732421875,61.95068359375,-43.64013671875,-0.8544921875
3.427001953125,-1.3038330078125,0.091796875,44.86083984375,-20.08056640625,0.79345703125
3.559326171875,-0.54345703125,0.904296875,57.67822265625,-12.51220703125,6.2255859375
2.3533935546875,1.54443359375,1.6156005859375,41.8701171875,-18.98193359375,5.06591796875
-0.23828125,1.37353515625,1.5751953125,14.09912109375,-5.126953125,3.47900390625
-1.8897705078125,-0.8411865234375,0.8720703125,5.7373046875,-1.40380859375,1.953125
-0.9154052734375,0.6409912109375,0.852783203125,-10.009765625,4.57763671875,2.0751953125
0.9129638671875,0.5062255859375,0.984130859375,-30.517578125,0.18310546875,1.40380859375
0.8192138671875,-0.7545166015625,0.9063720703125,-34.24072265625,-4.33349609375,0.30517578125
1.1285400390625,-0.8060302734375,0.8760986328125,-26.2451171875,-12.20703125,0.6103515625
1.163818359375,-0.0675048828125,0.831787109375,-17.39501953125,-16.4794921875,0.67138671875
0.5567626953125,-0.2188720703125,0.8280029296875,-13.18359375,-18.9208984375,-1.220703125
0.645751953125,-0.313232421875,0.83642578125,-4.7607421875,-17.578125,-2.50244140625
0.79541015625,-0.1905517578125,0.8359375,1.52587890625,-18.4326171875,-4.0283203125
0.6971435546875,-0.239990234375,0.852294921875,-0.244140625,-11.71875,-4.0283203125
0.43505859375,-0.349365234375,0.846923828125,-2.0751953125,-9.765625,-3.35693359375
0.5198974609375,-0.375,0.8359375,-6.40869140625,-7.9345703125,-3.60107421875
0.5213623046875,-0.3731689453125,0.82373046875,-6.16455078125,-8.056640625,-3.84521484375
0.4639892578125,-0.36328125,0.82177734375,-2.25830078125,-9.46044921875,-2.13623046875
0.45654296875,-0.37158203125,0.808837890625,-0.42724609375,-10.1318359375,-0.732421875
0.450439453125,-0.3497314453125,0.7921142578125,0.8544921875,-10.92529296875,2.9296875
0.4676513671875,-0.343017578125,0.7874755859375,1.77001953125,-18.49365234375,3.72314453125
0.47998046875,-0.354248046875,0.80078125,0.79345703125,-22.5830078125,4.0283203125
0.4803466796875,-0.3697509765625,0.800537109375,-6.2255859375,-35.5224609375,2.9296875
0.4769287109375,-0.3760986328125,0.8072509765625,-8.544921875,-41.3818359375,-22.03369140625
0.4788818359375,-0.341796875,0.80517578125,-17.39501953125,-49.560546875,-29.541015625
0.4830322265625,-0.336181640625,0.806396484375,-20.56884765625,-58.28857421875,-40.71044921875
0.48583984375,-0.3465576171875,0.8355712890625,-25.87890625,-139.34326171875,-29.60205078125
0.49609375,-0.34619140625,0.8441162109375,-31.494140625,-157.89794921875,-98.388671875
0.49951171875,-0.3487548828125,0.85400390625,-77.1484375,-244.81201171875,-129.2724609375
0.4925537109375,-0.3018798828125,0.86083984375,-76.23291015625,-358.642578125,-166.3818359375
0.491455078125,-0.2838134765625,0.866455078125,-65.61279296875,-400.57373046875,-187.01171875
0.4912109375,-0.2957763671875,0.8677978515625,-148.25439453125,-390.9912109375,-196.2890625
0.4984130859375,-0.296630859375,0.8319091796875,-133.60595703125,-364.6240234375,-187.19482421875
0.488525390625,-0.3101806640625,0.85888671875,-111.02294921875,-326.66015625,-151.4892578125
0.49072265625,-0.338134765625,0.9005126953125,-66.40625,-303.5888671875,-83.8623046875
0.482177734375,-0.4654541015625,1.14990234375,-18.61572265625,-302.30712890625,-73.54736328125
0.46923828125,-0.4183349609375,1.0146484375,2.38037109375,-250.06103515625,-98.44970703125
0.4686279296875,-0.2703857421875,0.99072265625,0.54931640625,19.10400390625,-118.10302734375
0.4248046875,-0.32958984375,0.985107421875,-12.5732421875,154.296875,-123.4130859375
0.4564208984375,-1.1947021484375,1.174560546875,-64.94140625,228.3935546875,-113.8916015625
0.54638671875,-1.2789306640625,1.6978759765625,-15.80810546875,237.9150390625,-68.84765625
0.6573486328125,-1.6434326171875,2.2132568359375,32.5927734375,237.9150390625,-41.748046875
1.6805419921875,-1.604736328125,2.611083984375,59.63134765625,235.4736328125,-16.05224609375
1.634521484375,-1.2581787109375,2.77001953125,68.2373046875,235.2294921875,7.4462890625
1.695068359375,-1.1143798828125,2.6925048828125,60.9130859375,238.34228515625,30.6396484375
1.603515625,-0.7628173828125,1.00146484375,38.0859375,243.46923828125,54.38232421875
1.30859375,-1.1583251953125,0.66455078125,37.4755859375,249.1455078125,78.18603515625
