0.256591796875,-0.256591796875,0.948486328125,-0.3662109375,-0.9765625,-0.42724609375
0.256591796875,-0.25732421875,0.94873046875,0.0,-1.0986328125,-0.48828125
0.2557373046875,-0.2564697265625,0.947998046875,0.18310546875,-1.40380859375,-0.3662109375
0.25439453125,-0.257080078125,0.9488525390625,0.244140625,-1.46484375,-0.30517578125
0.25634765625,-0.259765625,0.9501953125,0.244140625,-1.3427734375,-0.30517578125
0.257568359375,-0.2587890625,0.9488525390625,0.3662109375,-1.28173828125,-0.244140625
0.2548828125,-0.257568359375,0.9481201171875,0.3662109375,-1.28173828125,-0.18310546875
0.2528076171875,-0.2596435546875,0.94970703125,0.06103515625,-1.15966796875,-0.1220703125
0.25537109375,-0.2598876953125,0.9510498046875,0.06103515625,-1.03759765625,-0.1220703125
0.25732421875,-0.257568359375,0.9501953125,0.1220703125,-1.03759765625,-0.18310546875
0.25537109375,-0.2587890625,0.9498291015625,0.06103515625,-1.03759765625,-0.18310546875
0.2545166015625,-0.26123046875,0.9505615234375,-0.06103515625,-1.0986328125,-0.18310546875
0.2559814453125,-0.259521484375,0.9505615234375,-0.1220703125,-1.03759765625,-0.18310546875
0.2568359375,-0.257080078125,0.9493408203125,-0.06103515625,-1.03759765625,-0.1220703125
0.2557373046875,-0.2589111328125,0.948974609375,0.1220703125,-0.91552734375,-0.06103515625
0.25634765625,-0.2596435546875,0.9498291015625,0.30517578125,-0.732421875,-0.06103515625
0.2608642578125,-0.2569580078125,0.9495849609375,0.30517578125,-0.79345703125,-0.1220703125
0.261962890625,-0.257568359375,0.9495849609375,0.244140625,-0.79345703125,-0.18310546875
0.2596435546875,-0.2578125,0.948486328125,0.1220703125,-0.91552734375,-0.1220703125
0.2608642578125,-0.25634765625,0.9486083984375,0.18310546875,-0.79345703125,-0.1220703125
0.2620849609375,-0.2579345703125,0.9490966796875,0.0,-0.732421875,-0.1220703125
0.2606201171875,-0.259521484375,0.949462890625,-0.06103515625,-0.67138671875,-0.1220703125
0.2596435546875,-0.2584228515625,0.947509765625,-0.06103515625,-0.67138671875,-0.18310546875
0.25927734375,-0.259033203125,0.948486328125,-0.06103515625,-0.732421875,-0.1220703125
0.2596435546875,-0.25634765625,0.949462890625,-0.06103515625,-0.732421875,-0.18310546875
0.2608642578125,-0.2578125,0.9486083984375,-0.18310546875,-0.67138671875,-0.18310546875
0.260986328125,-0.256103515625,0.948486328125,-0.1220703125,-0.79345703125,-0.18310546875
0.2606201171875,-0.2576904296875,0.9490966796875,-0.1220703125,-0.79345703125,-0.1220703125
0.2611083984375,-0.257080078125,0.949462890625,-0.06103515625,-0.79345703125,-0.1220703125
0.259521484375,-0.2569580078125,0.948974609375,-0.1220703125,-0.79345703125,-0.06103515625
0.2581787109375,-0.2557373046875,0.94873046875,-0.18310546875,-0.8544921875,0.0
0.2576904296875,-0.2564697265625,0.9481201171875,-0.42724609375,-0.8544921875,-0.06103515625
0.2633056640625,-0.2581787109375,0.947509765625,-0.48828125,-0.732421875,-0.1220703125
0.262939453125,-0.257080078125,0.9481201171875,-0.42724609375,-0.79345703125,-0.1220703125
0.2628173828125,-0.2557373046875,0.947998046875,-0.3662109375,-0.8544921875,-0.1220703125
0.26171875,-0.2567138671875,0.94873046875,-0.54931640625,-0.79345703125,-0.18310546875
0.2606201171875,-0.2574462890625,0.94873046875,-0.54931640625,-0.79345703125,-0.18310546875
0.2608642578125,-0.256103515625,0.947509765625,-0.67138671875,-0.79345703125,-0.1220703125
0.2606201171875,-0.2554931640625,0.9483642578125,-0.732421875,-0.8544921875,-0.18310546875
0.26025390625,-0.2562255859375,0.9486083984375,-0.8544921875,-0.79345703125,-0.18310546875
0.2615966796875,-0.256103515625,0.9483642578125,-0.91552734375,-0.79345703125,-0.06103515625
0.262939453125,-0.2557373046875,0.947998046875,-0.91552734375,-0.8544921875,-0.06103515625
0.2623291015625,-0.2587890625,0.9482421875,-1.03759765625,-0.79345703125,-0.1220703125
0.2626953125,-0.2574462890625,0.94873046875,-1.03759765625,-0.8544921875,-0.18310546875
0.2635498046875,-0.2567138671875,0.9476318359375,-1.0986328125,-0.79345703125,-0.18310546875
0.2620849609375,-0.2578125,0.9466552734375,-1.0986328125,-0.79345703125,-0.1220703125
0.2620849609375,-0.2579345703125,0.94775390625,-1.15966796875,-0.79345703125,-0.1220703125
0.2620849609375,-0.2562255859375,0.948974609375,-1.0986328125,-0.8544921875,-0.06103515625
0.26220703125,-0.25732421875,0.9476318359375,-1.15966796875,-0.8544921875,0.0
0.2625732421875,-0.2587890625,0.9473876953125,-0.9765625,-0.79345703125,0.0
0.261962890625,-0.257080078125,0.9476318359375,-0.9765625,-0.67138671875,0.0
0.26318359375,-0.257568359375,0.9481201171875,-1.03759765625,-0.732421875,0.0
0.263427734375,-0.2593994140625,0.9483642578125,-0.79345703125,-0.732421875,0.06103515625
0.2626953125,-0.259765625,0.9486083984375,-0.91552734375,-0.54931640625,0.06103515625
0.263671875,-0.259033203125,0.9482421875,-0.79345703125,-0.42724609375,0.1220703125
0.2635498046875,-0.25927734375,0.9462890625,-0.6103515625,-0.3662109375,0.1220703125
0.265380859375,-0.2589111328125,0.9462890625,-0.42724609375,-0.3662109375,0.1220703125
0.26318359375,-0.2593994140625,0.9476318359375,-0.3662109375,-0.42724609375,0.244140625
0.2645263671875,-0.259033203125,0.9473876953125,-0.30517578125,-0.48828125,0.30517578125
0.2650146484375,-0.2591552734375,0.9471435546875,-0.48828125,-0.42724609375,0.30517578125
0.2664794921875,-0.2596435546875,0.9461669921875,-0.67138671875,-0.30517578125,0.3662109375
0.2667236328125,-0.260498046875,0.9461669921875,-0.67138671875,-0.18310546875,0.3662109375
0.2666015625,-0.2613525390625,0.9466552734375,-0.6103515625,-0.1220703125,0.48828125
0.2628173828125,-0.2611083984375,0.94677734375,-0.54931640625,0.0,0.54931640625
0.26416015625,-0.26123046875,0.94775390625,-0.48828125,0.1220703125,0.6103515625
0.265869140625,-0.260986328125,0.947265625,-0.48828125,0.1220703125,0.6103515625
0.2679443359375,-0.26025390625,0.947509765625,-0.54931640625,0.06103515625,0.54931640625
0.267333984375,-0.259033203125,0.947265625,-0.54931640625,0.06103515625,0.6103515625
0.2652587890625,-0.259033203125,0.9468994140625,-0.54931640625,0.06103515625,0.67138671875
0.26416015625,-0.2611083984375,0.9466552734375,-0.54931640625,0.244140625,0.8544921875
0.2642822265625,-0.2620849609375,0.9471435546875,-0.732421875,0.6103515625,1.03759765625
0.265869140625,-0.2625732421875,0.9476318359375,-1.28173828125,1.03759765625,1.89208984375
0.2652587890625,-0.2601318359375,0.94482421875,-3.72314453125,2.0751953125,2.3193359375
0.2677001953125,-0.258056640625,0.9466552734375,-7.26318359375,3.0517578125,2.62451171875
0.2672119140625,-0.2596435546875,0.9503173828125,-9.21630859375,3.173828125,3.2958984375
0.2664794921875,-0.2611083984375,0.9619140625,-9.8876953125,4.0283203125,4.69970703125
0.2664794921875,-0.261962890625,0.9716796875,-10.25390625,6.2255859375,5.92041015625
0.265625,-0.2606201171875,0.96630859375,-10.3759765625,9.521484375,6.591796875
0.2650146484375,-0.259765625,0.9610595703125,-13.85498046875,13.00048828125,6.34765625
0.2652587890625,-0.2613525390625,0.956787109375,-17.9443359375,14.70947265625,5.7373046875
0.2635498046875,-0.267578125,0.959716796875,-19.34814453125,16.6015625,5.0048828125
0.265625,-0.26171875,0.993896484375,-20.08056640625,17.333984375,4.5166015625
0.2706298828125,-0.2587890625,1.0137939453125,-20.99609375,17.4560546875,3.90625
0.27685546875,-0.270263671875,0.9969482421875,-19.1650390625,18.4326171875,2.5634765625
0.2791748046875,-0.2716064453125,0.975341796875,-17.51708984375,17.76123046875,0.42724609375
0.2823486328125,-0.2794189453125,0.9666748046875,-15.19775390625,16.90673828125,0.30517578125
0.2806396484375,-0.278564453125,0.957275390625,-10.43701171875,5.37109375,0.54931640625
0.275390625,-0.2799072265625,0.9591064453125,-3.41796875,2.5634765625,0.732421875
0.2813720703125,-0.2994384765625,0.9635009765625,5.615234375,-0.30517578125,0.8544921875
0.3092041015625,-0.30126953125,0.946533203125,7.01904296875,-2.86865234375,0.0
0.334716796875,-0.29296875,0.9163818359375,8.7890625,-5.615234375,-1.64794921875
0.3165283203125,-0.3004150390625,0.8883056640625,10.498046875,-24.59716796875,-9.521484375
0.284912109375,-0.3065185546875,0.891845703125,12.451171875,-29.60205078125,-17.76123046875
0.267578125,-0.295654296875,0.889404296875,16.29638671875,-36.68212890625,-21.97265625
0.2479248046875,-0.2900390625,0.8896484375,10.92529296875,-50.10986328125,-26.9775390625
0.24560546875,-0.3028564453125,0.893798828125,-2.685546875,-66.58935546875,-40.771484375
0.2491455078125,-0.296142578125,0.774169921875,-26.4892578125,-78.79638671875,-77.20947265625
0.2393798828125,-0.2862548828125,0.8935546875,-34.66796875,-84.41162109375,-68.54248046875
0.2279052734375,-0.28564453125,1.078369140625,-38.57421875,-54.3212890625,-34.912109375
0.1746826171875,-0.2916259765625,1.061279296875,-38.51318359375,-41.80908203125,-18.4326171875
0.1810302734375,-0.275390625,1.1253662109375,-26.18408203125,-10.498046875,-3.5400390625
0.184814453125,-0.25732421875,1.2274169921875,0.0,12.5732421875,10.07080078125
0.187255859375,-0.2042236328125,1.219970703125,32.8369140625,37.9638671875,38.39111328125
0.1861572265625,-0.1409912109375,1.697021484375,18.49365234375,60.302734375,54.931640625
0.0643310546875,-0.148193359375,1.7425537109375,5.4931640625,104.55322265625,88.2568359375
0.12158203125,-0.2418212890625,1.5665283203125,-2.01416015625,126.52587890625,130.06591796875
0.1929931640625,-0.2601318359375,1.4537353515625,-10.68115234375,161.43798828125,127.9296875
0.029541015625,-0.9696044921875,1.3988037109375,-16.17431640625,158.69140625,115.478515625
0.059814453125,-1.183349609375,1.4193115234375,-24.90234375,146.91162109375,109.4970703125
0.215576171875,-0.7261962890625,1.662353515625,13.85498046875,114.80712890625,103.33251953125
0.1949462890625,-0.568115234375,1.767822265625,19.83642578125,96.98486328125,99.30419921875
-0.61474609375,-0.5106201171875,1.770751953125,24.169921875,72.509765625,91.552734375
-0.9508056640625,-0.495361328125,1.2967529296875,23.49853515625,61.21826171875,84.53369140625
-1.3975830078125,-0.468017578125,1.0880126953125,3.173828125,51.20849609375,72.6318359375
-1.5970458984375,-0.4613037109375,0.816650390625,1.3427734375,51.33056640625,2.01416015625
-1.7020263671875,-0.5718994140625,0.7603759765625,3.5400390625,58.89892578125,-22.4609375
-1.7222900390625,-0.8255615234375,0.7784423828125,14.7705078125,44.25048828125,-43.02978515625
-1.407958984375,-0.7205810546875,0.85693359375,22.52197265625,29.96826171875,-57.373046875
-1.1666259765625,-0.5020751953125,0.757080078125,17.9443359375,13.18359375,-69.64111328125
-0.6851806640625,-0.395263671875,0.72412109375,7.6904296875,-3.35693359375,-76.0498046875
0.5223388671875,-0.2330322265625,0.5950927734375,11.5966796875,-28.50341796875,-66.0400390625
0.62060546875,-0.2410888671875,0.1055908203125,23.0712890625,-54.38232421875,-105.40771484375
0.6990966796875,-0.1566162109375,-0.259033203125,44.61669921875,-68.603515625,-98.388671875
0.7171630859375,-0.157958984375,-0.202392578125,59.99755859375,-91.30859375,-45.654296875
0.8280029296875,-0.0877685546875,-0.041259765625,66.22314453125,-152.03857421875,-16.4794921875
0.9432373046875,0.2154541015625,0.0723876953125,-6.8359375,-135.31494140625,-3.2958984375
1.2132568359375,0.1824951171875,0.0443115234375,-13.36669921875,-108.154296875,-0.67138671875
1.3887939453125,-0.02685546875,0.9510498046875,-39.794921875,-97.5341796875,-5.79833984375
1.5531005859375,-0.2694091796875,1.7576904296875,-39.24560546875,-87.0361328125,-11.23046875
1.6419677734375,-0.434814453125,-0.10595703125,-28.13720703125,-70.068359375,-5.126953125
1.6226806640625,-0.454833984375,1.840576171875,-16.17431640625,-50.537109375,-0.244140625
1.6318359375,0.323974609375,1.302978515625,-4.33349609375,-40.771484375,-0.06103515625
1.63525390625,-1.5531005859375,0.940185546875,0.732421875,-11.41357421875,3.173828125
1.5789794921875,-1.112548828125,1.0111083984375,4.5166015625,-8.30078125,4.8828125
1.490478515625,0.376953125,1.4996337890625,20.81298828125,-4.39453125,5.92041015625
-0.6475830078125,-0.431396484375,1.4215087890625,28.01513671875,-2.197265625,3.41796875
-1.34912109375,-0.9239501953125,1.1632080078125,10.80322265625,-1.03759765625,2.25830078125
-0.3135986328125,-0.478271484375,1.1065673828125,8.23974609375,-0.67138671875,1.8310546875
0.970458984375,-0.0814208984375,1.067138671875,10.25390625,-0.91552734375,1.708984375
0.6480712890625,-0.0567626953125,0.9842529296875,14.16015625,0.06103515625,1.28173828125
0.151611328125,-0.499267578125,0.996337890625,13.61083984375,1.40380859375,1.0986328125
0.26953125,-0.2960205078125,0.96826171875,13.916015625,1.5869140625,1.28173828125
0.6031494140625,-0.254150390625,0.9429931640625,15.869140625,1.15966796875,1.40380859375
0.5970458984375,-0.276123046875,0.962646484375,15.7470703125,-0.06103515625,0.244140625
0.3900146484375,-0.2479248046875,0.9815673828125,12.939453125,-1.89208984375,-1.3427734375
0.2996826171875,-0.2734375,0.9669189453125,9.09423828125,-8.85009765625,-2.0751953125
0.271484375,-0.275390625,0.9442138671875,3.96728515625,-13.5498046875,-2.8076171875
0.229736328125,-0.2720947265625,0.94384765625,-0.54931640625,-13.00048828125,-6.40869140625
0.2451171875,-0.26611328125,0.9364013671875,-4.150390625,-13.48876953125,-6.9580078125
0.2266845703125,-0.2606201171875,0.919189453125,-5.79833984375,-15.625,-6.7138671875
0.1898193359375,-0.2427978515625,0.9241943359375,-6.89697265625,-17.7001953125,-10.25390625
0.2149658203125,-0.2266845703125,0.9534912109375,-9.6435546875,-17.7001953125,-9.27734375
0.23974609375,-0.2239990234375,0.9544677734375,-10.92529296875,-22.216796875,-8.60595703125
0.2327880859375,-0.2257080078125,0.953125,-9.8876953125,-25.93994140625,-8.30078125
0.207763671875,-0.24169921875,0.9434814453125,-16.78466796875,-39.6728515625,-6.28662109375
0.1954345703125,-0.259521484375,0.951904296875,-14.34326171875,-41.80908203125,-6.591796875
0.1817626953125,-0.2618408203125,0.9549560546875,-8.7890625,-46.38671875,-7.75146484375
0.1634521484375,-0.2603759765625,0.94384765625,-10.68115234375,-54.13818359375,-9.27734375
0.1710205078125,-0.2518310546875,0.9625244140625,-12.87841796875,-65.185546875,-17.4560546875
0.2122802734375,-0.24658203125,0.964111328125,-15.93017578125,-104.67529296875,-36.56005859375
0.2139892578125,-0.25537109375,0.970458984375,-20.3857421875,-117.67578125,-34.24072265625
0.206787109375,-0.264892578125,0.9844970703125,-40.34423828125,-149.7802734375,-49.4384765625
0.21484375,-0.2840576171875,0.975830078125,-42.78564453125,-167.90771484375,-58.28857421875
0.21826171875,-0.2677001953125,0.9656982421875,-52.24609375,-235.53466796875,-78.67431640625
0.2520751953125,-0.2052001953125,0.99755859375,-57.80029296875,-268.06640625,-103.515625
0.22607421875,-0.217041015625,1.0638427734375,-54.62646484375,-315.12451171875,-142.333984375
0.260498046875,-0.2603759765625,1.1204833984375,-66.10107421875,-378.7841796875,-209.16748046875
0.267578125,-0.266845703125,1.154541015625,-70.61767578125,-434.326171875,-208.1298828125
0.2725830078125,-0.261962890625,1.2308349609375,-86.12060546875,-488.46435546875,-188.232421875
0.2557373046875,-0.4505615234375,1.4180908203125,-111.328125,-487.36572265625,-77.880859375
0.2418212890625,-0.334716796875,1.643798828125,-58.7158203125,-422.91259765625,-56.640625
0.2421875,-0.266357421875,2.039306640625,-96.37451171875,-53.955078125,-34.7900390625
0.2645263671875,-0.27001953125,2.32958984375,-64.39208984375,95.947265625,-20.8740234375
0.4483642578125,-0.399169921875,2.212646484375,-55.419921875,120.1171875,-6.103515625
0.4609375,-0.6258544921875,2.1170654296875,-5.37109375,123.6572265625,10.7421875
0.4276123046875,-0.7659912109375,2.6351318359375,-1.5869140625,129.21142578125,41.748046875
0.2742919921875,-1.177001953125,3.8895263671875,11.53564453125,134.1552734375,54.50439453125
-0.2410888671875,-0.98193359375,2.3897705078125,15.380859375,174.560546875,63.5986328125
0.17041015625,-0.55712890625,1.162353515625,8.544921875,197.81494140625,71.2890625
0.4300537109375,-0.4736328125,0.728515625,-8.85009765625,216.552734375,78.857421875
0.6690673828125,-1.707275390625,0.6707763671875,-3.0517578125,231.93359375,84.9609375
0.35107421875,-1.074951171875,0.846435546875,5.615234375,242.49267578125,88.7451171875
0.174072265625,-0.7572021484375,1.2301025390625,10.009765625,250.6103515625,90.02685546875
0.1265869140625,-0.46875,1.275146484375,13.916015625,258.544921875,79.28466796875
1.2857666015625,-0.264404296875,1.20947265625,17.63916015625,268.73779296875,73.2421875
-0.6373291015625,-0.1788330078125,1.1195068359375,23.8037109375,297.66845703125,68.17626953125
-0.91943359375,-0.2078857421875,1.0869140625,28.6865234375,306.640625,66.162109375
-0.9149169921875,-0.2313232421875,1.1219482421875,17.39501953125,313.720703125,67.5048828125
-0.71923828125,-0.2021484375,1.2178955078125,19.53125,320.61767578125,72.32666015625
-0.544677734375,-0.1451416015625,1.32958984375,11.41357421875,325.68359375,79.833984375
-0.285400390625,-0.105712890625,1.4273681640625,5.18798828125,328.0029296875,89.9658203125
-0.209228515625,-0.0953369140625,1.539794921875,2.3193359375,328.0029296875,102.5390625
-0.1629638671875,-0.1033935546875,1.6453857421875,2.86865234375,324.0966796875,115.966796875
-0.110107421875,-0.120361328125,1.725830078125,4.0283203125,315.5517578125,130.79833984375
-0.04296875,-0.1051025390625,1.7947998046875,7.6904296875,304.13818359375,162.7197265625
0.036865234375,-0.1016845703125,1.86279296875,13.7939453125,294.189453125,168.701171875
0.1461181640625,-0.1868896484375,1.9263916015625,20.1416015625,283.99658203125,185.36376953125
0.2745361328125,-0.3192138671875,2.0037841796875,27.4658203125,247.55859375,182.18994140625
0.4605712890625,-0.463623046875,2.090087890625,21.8505859375,232.36083984375,169.5556640625
0.6395263671875,-0.6090087890625,2.1590576171875,21.17919921875,211.97509765625,138.0615234375
0.732177734375,-0.7542724609375,2.1971435546875,22.27783203125,170.654296875,77.392578125
0.7841796875,-0.9027099609375,1.914306640625,-5.9814453125,147.52197265625,1.15966796875
0.807861328125,-1.0557861328125,1.4998779296875,-21.05712890625,109.2529296875,-67.138671875
0.8388671875,-1.2078857421875,1.5548095703125,-32.2265625,34.36279296875,-118.95751953125
0.885498046875,-1.3251953125,1.046630859375,-51.81884765625,-47.36328125,-186.03515625
0.9544677734375,-1.278076171875,0.245361328125,-46.5087890625,-120.05615234375,-197.998046875
1.03955078125,-1.2149658203125,-0.4049072265625,-14.22119140625,-260.55908203125,-85.5712890625
1.1513671875,-0.8282470703125,-0.9227294921875,-1.708984375,-266.54052734375,-38.2080078125
1.3387451171875,-0.5478515625,-1.367431640625,12.75634765625,-242.24853515625,-31.25
1.9747314453125,-0.14697265625,-1.54833984375,-22.88818359375,-345.03173828125,-28.38134765625
2.13037109375,0.4298095703125,-2.1165771484375,-60.48583984375,-308.59375,-57.06787109375
2.8709716796875,0.80810546875,-2.363525390625,44.7998046875,-245.361328125,-48.095703125
3.10693359375,0.788330078125,-0.4761962890625,-24.35302734375,-243.896484375,-14.5263671875
3.3814697265625,0.5120849609375,2.759765625,-29.052734375,-206.48193359375,5.4931640625
3.78076171875,0.27685546875,0.8778076171875,39.48974609375,-154.11376953125,-12.939453125
3.98779296875,0.3028564453125,1.135009765625,39.4287109375,-122.00927734375,-7.6904296875
3.848876953125,-0.3421630859375,3.0601806640625,27.587890625,-93.017578125,-4.8828125
3.3199462890625,-2.8182373046875,3.170654296875,31.25,-27.4658203125,-0.06103515625
2.814208984375,-1.42236328125,1.8427734375,19.83642578125,-20.20263671875,1.953125
1.051513671875,-0.046142578125,1.22216796875,16.6015625,-10.498046875,3.2958984375
-0.6778564453125,-0.02490234375,1.41015625,12.63427734375,-5.9814453125,1.28173828125
0.99072265625,-0.20654296875,1.65185546875,2.01416015625,-0.3662109375,0.67138671875
1.0557861328125,-0.5050048828125,1.1378173828125,-5.615234375,-4.0283203125,-0.42724609375
1.224853515625,-0.987060546875,1.0841064453125,-12.5732421875,-5.92041015625,-1.220703125
2.015869140625,-0.686767578125,0.956298828125,-12.39013671875,-7.4462890625,-2.25830078125
1.9986572265625,0.234619140625,0.950439453125,-9.521484375,-11.474609375,-2.25830078125
1.13330078125,-0.1439208984375,0.9578857421875,-10.92529296875,-10.986328125,-1.64794921875
0.506591796875,-0.200927734375,0.95458984375,-31.06689453125,-9.27734375,-0.79345703125
0.571044921875,-0.2091064453125,0.9619140625,-33.02001953125,-10.19287109375,-0.79345703125
0.629638671875,-0.2813720703125,0.943359375,-31.67724609375,-8.97216796875,-1.953125
0.4368896484375,-0.26513671875,0.9273681640625,-24.90234375,-8.544921875,-3.41796875
0.398681640625,-0.2744140625,0.9339599609375,-16.17431640625,-10.498046875,-5.79833984375
0.2618408203125,-0.27783203125,0.940185546875,-9.1552734375,-12.451171875,-8.056640625
0.260498046875,-0.258544921875,0.9517822265625,-4.94384765625,-15.68603515625,-9.27734375
0.2332763671875,-0.27587890625,0.947509765625,-4.94384765625,-16.9677734375,-9.765625
0.2313232421875,-0.2823486328125,0.9456787109375,-4.39453125,-15.9912109375,-9.58251953125
0.254150390625,-0.2861328125,0.9307861328125,-4.57763671875,-14.2822265625,-8.48388671875
0.251708984375,-0.293701171875,0.9169921875,-3.7841796875,-14.892578125,-7.2021484375
0.220458984375,-0.2994384765625,0.9163818359375,-2.74658203125,-15.2587890625,-5.37109375
0.23779296875,-0.3116455078125,0.918701171875,-2.0751953125,-15.19775390625,-3.11279296875
0.242431640625,-0.3170166015625,0.9267578125,-2.01416015625,-16.05224609375,-2.86865234375
0.2535400390625,-0.3177490234375,0.9248046875,-2.74658203125,-14.892578125,-3.23486328125
0.259521484375,-0.3214111328125,0.9202880859375,-6.34765625,-16.11328125,-3.0517578125
0.2476806640625,-0.31591796875,0.920654296875,-6.53076171875,-18.73779296875,-1.52587890625
0.2381591796875,-0.316162109375,0.910400390625,-7.32421875,-21.8505859375,1.03759765625
0.2275390625,-0.3134765625,0.916015625,-8.23974609375,-25.5126953125,2.74658203125
0.2176513671875,-0.30126953125,0.9183349609375,-10.3759765625,-29.541015625,5.2490234375
0.2352294921875,-0.293212890625,0.924560546875,-11.962890625,-32.53173828125,7.2021484375
0.26904296875,-0.2835693359375,0.9239501953125,-13.73291015625,-35.5224609375,7.87353515625
0.28564453125,-0.287841796875,0.9229736328125,-16.7236328125,-42.29736328125,-11.41357421875
0.2904052734375,-0.2923583984375,0.9283447265625,-18.4326171875,-61.09619140625,-34.11865234375
0.2978515625,-0.2950439453125,0.9329833984375,-19.95849609375,-95.76416015625,-34.0576171875
0.2960205078125,-0.2872314453125,0.9432373046875,-21.17919921875,-105.3466796875,-35.09521484375
0.30126953125,-0.27685546875,0.9482421875,-21.54541015625,-116.76025390625,-33.447265625
0.27783203125,-0.2603759765625,0.9378662109375,-39.12353515625,-134.765625,-1.52587890625
0.265625,-0.249267578125,0.9346923828125,-51.33056640625,-151.55029296875,-5.0048828125
0.2523193359375,-0.2464599609375,0.958251953125,-58.7158203125,-230.3466796875,-39.794921875
0.2501220703125,-0.2530517578125,1.011474609375,-65.61279296875,-279.541015625,-152.40478515625
0.2645263671875,-0.2734375,1.052978515625,-86.36474609375,-358.154296875,-164.85595703125
0.2694091796875,-0.301513671875,1.0897216796875,-125.18310546875,-486.572265625,-155.57861328125
0.30517578125,-0.4630126953125,1.0711669921875,-148.01025390625,-392.02880859375,-105.89599609375
0.30419921875,-0.4193115234375,1.18603515625,-152.34375,-154.60205078125,-96.3134765625
0.2735595703125,-0.299560546875,1.7005615234375,-137.3291015625,74.89013671875,-98.388671875
0.271240234375,-0.27685546875,2.119384765625,-124.267578125,135.19287109375,-92.8955078125
0.3856201171875,-0.27978515625,1.9420166015625,-40.6494140625,179.19921875,-84.89990234375
0.4666748046875,-0.149169921875,2.7210693359375,11.53564453125,202.81982421875,-75.3173828125
0.430419921875,-0.4935302734375,3.3839111328125,16.11328125,197.32666015625,-62.56103515625
0.4130859375,-0.8731689453125,3.8070068359375,35.15625,206.0546875,-46.5087890625
0.4500732421875,-0.9488525390625,3.4134521484375,61.58447265625,212.21923828125,-27.89306640625
0.0672607421875,-0.3125,2.2218017578125,64.5751953125,215.8203125,-7.4462890625
0.16357421875,-1.12939453125,1.3748779296875,59.14306640625,223.6328125,11.8408203125
0.4703369140625,-1.518798828125,0.95849609375,54.38232421875,233.154296875,40.46630859375
0.8388671875,-0.955810546875,0.7442626953125,48.64501953125,244.07958984375,51.7578125
0.1453857421875,-0.6865234375,0.73095703125,50.6591796875,261.65771484375,59.38720703125
1.13720703125,-0.6092529296875,0.776123046875,54.26025390625,270.32470703125,63.90380859375
1.4200439453125,-0.500732421875,0.8349609375,51.025390625,277.2216796875,66.650390625
0.139404296875,-0.3853759765625,0.8779296875,38.51318359375,285.58349609375,67.9931640625
-0.37255859375,-0.373046875,0.8992919921875,27.83203125,293.15185546875,68.115234375
-0.5089111328125,-0.3980712890625,0.8946533203125,21.17919921875,300.4150390625,67.87109375
-0.3936767578125,-0.4638671875,0.92626953125,20.56884765625,306.0302734375,68.359375
-0.2728271484375,-0.549560546875,0.9996337890625,21.42333984375,309.63134765625,69.9462890625
-0.209228515625,-0.5897216796875,1.1063232421875,22.39990234375,313.4765625,72.8759765625
-0.1539306640625,-0.5467529296875,1.21533203125,20.69091796875,316.46728515625,77.94189453125
-0.1195068359375,-0.3778076171875,1.28857421875,14.22119140625,318.29833984375,84.89990234375
-0.095947265625,-0.3719482421875,1.3472900390625,5.37109375,317.81005859375,93.75
-0.0670166015625,-0.4146728515625,1.4072265625,-2.86865234375,312.98828125,114.013671875
-0.028076171875,-0.4736328125,1.47021484375,-9.033203125,306.2744140625,125.244140625
0.12109375,-0.511474609375,1.5455322265625,-11.04736328125,291.3818359375,134.8876953125
0.2169189453125,-0.5267333984375,1.6231689453125,-10.07080078125,287.53662109375,142.578125
0.3150634765625,-0.52734375,1.70263671875,-5.4931640625,281.8603515625,153.1982421875
0.3953857421875,-0.5338134765625,1.795654296875,-7.8125,275.45166015625,156.43310546875
0.4534912109375,-0.572998046875,1.91455078125,-10.1318359375,248.71826171875,156.3720703125
0.5093994140625,-0.6422119140625,2.1785888671875,-13.0615234375,229.55322265625,149.7802734375
0.5792236328125,-0.7333984375,2.230712890625,-22.15576171875,203.18603515625,122.25341796875
0.654541015625,-0.835205078125,2.19873046875,-32.2265625,179.931640625,68.359375
0.7156982421875,-0.927001953125,2.0703125,-36.4990234375,161.376953125,-86.3037109375
0.75927734375,-1.10009765625,1.9093017578125,-40.283203125,124.3896484375,-94.8486328125
0.78662109375,-1.13720703125,1.54248046875,-57.06787109375,-115.53955078125,-81.1767578125
0.8099365234375,-1.122802734375,1.217041015625,-77.33154296875,-144.287109375,-94.42138671875
0.85693359375,-1.0694580078125,0.7669677734375,13.36669921875,-158.02001953125,-108.7646484375
1.0771484375,-0.9649658203125,0.1497802734375,65.24658203125,-112.48779296875,-77.81982421875
1.2469482421875,-0.7255859375,-0.6175537109375,93.81103515625,-157.40966796875,-50.4150390625
1.4241943359375,-0.5635986328125,-0.8084716796875,29.78515625,-245.361328125,1.708984375
1.60400390625,-0.1688232421875,0.610107421875,10.8642578125,-240.966796875,-26.55029296875
1.7911376953125,0.3472900390625,1.9808349609375,45.59326171875,-249.93896484375,-66.89453125
2.37890625,0.7491455078125,2.248779296875,8.544921875,-253.90625,-58.349609375
2.721923828125,-0.55908203125,0.8154296875,-12.26806640625,-227.47802734375,-39.6728515625
3.1788330078125,-0.3021240234375,-0.1710205078125,21.3623046875,-186.34033203125,-16.05224609375
3.702880859375,-0.2222900390625,0.9088134765625,-2.74658203125,-172.42431640625,5.92041015625
3.9691162109375,-1.3299560546875,2.185546875,-54.19921875,-169.43359375,-9.46044921875
2.7099609375,-1.119384765625,2.2470703125,-57.7392578125,-123.779296875,-7.75146484375
0.590576171875,-0.48486328125,1.7918701171875,-52.6123046875,-90.14892578125,-3.11279296875
-0.7586669921875,-0.5762939453125,1.7127685546875,-14.16015625,-78.79638671875,-6.8359375
-1.275146484375,-0.16650390625,1.664794921875,-7.568359375,-62.255859375,-8.11767578125
-1.2994384765625,0.688232421875,1.4525146484375,11.90185546875,-46.38671875,-5.7373046875
0.5760498046875,1.0308837890625,1.75390625,18.49365234375,-37.53662109375,-5.18798828125
1.0159912109375,-0.09033203125,1.77197265625,27.587890625,-23.25439453125,-5.55419921875
0.8084716796875,-1.3109130859375,1.3216552734375,30.8837890625,-16.90673828125,-2.25830078125
1.0975341796875,-1.5477294921875,1.163818359375,20.263671875,-12.5732421875,0.54931640625
1.076416015625,0.20068359375,1.3038330078125,15.19775390625,-8.1787109375,2.62451171875
0.8406982421875,0.2027587890625,1.152099609375,5.79833984375,-5.06591796875,3.11279296875
0.7974853515625,-0.4912109375,1.0220947265625,4.33349609375,-1.15966796875,3.84521484375
0.76123046875,-0.7054443359375,1.011962890625,-1.28173828125,-13.73291015625,5.43212890625
0.776611328125,-0.3634033203125,1.0164794921875,-11.53564453125,-15.7470703125,5.37109375
0.711181640625,-0.252197265625,0.990478515625,-17.76123046875,-10.43701171875,3.5400390625
0.3297119140625,-0.3634033203125,0.9525146484375,-21.66748046875,-6.591796875,-0.18310546875
0.3001708984375,-0.307861328125,0.9462890625,-26.123046875,-0.1220703125,-3.90625
0.42236328125,-0.2381591796875,0.9725341796875,-22.39990234375,2.44140625,-4.5166015625
0.3385009765625,-0.2442626953125,0.97119140625,-15.2587890625,-0.9765625,-4.08935546875
0.2626953125,-0.2333984375,0.9654541015625,-2.86865234375,0.1220703125,-3.96728515625
0.2535400390625,-0.2135009765625,0.96435546875,8.11767578125,-0.732421875,-3.47900390625
0.2618408203125,-0.2314453125,0.956298828125,6.7138671875,-4.7607421875,-3.35693359375
0.246337890625,-0.261962890625,0.958740234375,4.2724609375,-6.9580078125,-3.11279296875
0.2286376953125,-0.2777099609375,0.942626953125,4.57763671875,-9.94873046875,-3.90625
0.193115234375,-0.298583984375,0.923828125,2.86865234375,-11.5966796875,-4.638671875
0.1956787109375,-0.3387451171875,0.9212646484375,2.38037109375,-13.48876953125,-5.7373046875
0.2432861328125,-0.361572265625,0.92333984375,0.6103515625,-14.95361328125,-6.34765625
0.2562255859375,-0.3245849609375,0.92724609375,-2.99072265625,-19.59228515625,-6.65283203125
0.2486572265625,-0.2818603515625,0.93603515625,-5.06591796875,-23.49853515625,-7.14111328125
0.2371826171875,-0.2667236328125,0.9288330078125,-11.71875,-25.32958984375,-7.9345703125
0.2138671875,-0.2578125,0.9130859375,-9.1552734375,-26.06201171875,-7.6904296875
0.2059326171875,-0.265380859375,0.9005126953125,-5.18798828125,-26.9775390625,-6.7138671875
0.215087890625,-0.28564453125,0.9202880859375,-4.21142578125,-27.587890625,-6.34765625
0.2000732421875,-0.2947998046875,0.9400634765625,-2.13623046875,-27.2216796875,-6.34765625
0.185791015625,-0.3035888671875,0.933349609375,-2.0751953125,-33.02001953125,-5.55419921875
0.1890869140625,-0.30224609375,0.9464111328125,-5.4931640625,-35.33935546875,-5.0048828125
0.1968994140625,-0.2960205078125,0.957763671875,-7.568359375,-42.724609375,-3.7841796875
0.204345703125,-0.3094482421875,0.94921875,-9.6435546875,-43.0908203125,-0.244140625
0.18701171875,-0.3056640625,0.943359375,-10.43701171875,-47.18017578125,-0.8544921875
0.1864013671875,-0.29248046875,0.9393310546875,-14.0380859375,-68.05419921875,-2.3193359375
0.2032470703125,-0.2855224609375,0.9346923828125,-16.7236328125,-83.0078125,-4.150390625
0.2252197265625,-0.279296875,0.9566650390625,-20.69091796875,-96.98486328125,-8.544921875
0.22998046875,-0.2908935546875,0.9644775390625,-22.64404296875,-102.35595703125,-17.9443359375
0.247802734375,-0.2939453125,0.9510498046875,-26.0009765625,-104.18701171875,-33.447265625
0.2601318359375,-0.3140869140625,0.96240234375,-35.33935546875,-114.44091796875,-47.607421875
0.254150390625,-0.248046875,0.969482421875,-37.9638671875,-131.9580078125,-50.048828125
0.2498779296875,-0.2379150390625,0.9466552734375,-42.54150390625,-152.28271484375,-48.095703125
0.2293701171875,-0.258544921875,0.947021484375,-46.142578125,-169.12841796875,-31.25
0.24755859375,-0.2642822265625,0.9920654296875,-53.28369140625,-186.09619140625,-43.02978515625
0.2794189453125,-0.29248046875,1.0587158203125,-59.5703125,-260.3759765625,-79.7119140625
0.3116455078125,-0.309814453125,1.1126708984375,-57.4951171875,-310.60791015625,-138.916015625
0.298095703125,-0.3597412109375,1.1220703125,-83.1298828125,-402.40478515625,-179.5654296875
0.25341796875,-0.431884765625,1.082275390625,-116.5771484375,-474.7314453125,-194.3359375
0.244384765625,-0.4884033203125,1.083251953125,-136.5966796875,-511.23046875,-202.08740234375
0.245361328125,-0.5052490234375,1.3701171875,-163.63525390625,-512.20703125,-191.89453125
0.2733154296875,-0.4136962890625,1.861083984375,-127.01416015625,-504.94384765625,-185.6689453125
0.3582763671875,-0.270263671875,2.378173828125,-103.02734375,-449.70703125,-128.90625
0.4644775390625,-0.1248779296875,2.3697509765625,-128.662109375,-237.97607421875,-98.388671875
0.4791259765625,-0.189453125,2.1572265625,-132.32421875,15.68603515625,-92.59033203125
0.4368896484375,-0.5888671875,2.331787109375,-95.458984375,127.8076171875,-78.43017578125
0.394287109375,-1.0059814453125,2.614990234375,-62.744140625,157.04345703125,-69.580078125
0.1297607421875,-1.1785888671875,2.9549560546875,11.90185546875,188.65966796875,-55.6640625
-0.1319580078125,-1.113525390625,3.4305419921875,27.64892578125,181.82373046875,-37.4755859375
0.1453857421875,-0.8548583984375,3.8275146484375,46.56982421875,194.2138671875,2.99072265625
0.528564453125,-0.5089111328125,3.7001953125,72.57080078125,203.2470703125,40.771484375
0.8258056640625,-0.416015625,2.5498046875,72.93701171875,223.7548828125,54.931640625
0.70361328125,-0.972900390625,1.42919921875,62.07275390625,258.11767578125,65.49072265625
0.206787109375,-1.60498046875,0.9208984375,40.71044921875,271.728515625,75.37841796875
0.1072998046875,-1.4051513671875,0.683349609375,36.62109375,284.60693359375,75.8056640625
0.041748046875,-0.97021484375,0.746337890625,36.9873046875,296.9970703125,73.8525390625
0.8974609375,-0.8204345703125,1.0023193359375,27.77099609375,304.01611328125,70.068359375
1.1068115234375,-0.6109619140625,1.090576171875,12.451171875,312.19482421875,66.2841796875
-0.12548828125,-0.3907470703125,1.0224609375,7.2021484375,320.73974609375,63.96484375
-0.685791015625,-0.3487548828125,0.9747314453125,4.0283203125,329.89501953125,63.3544921875
-0.8782958984375,-0.481689453125,1.0611572265625,2.62451171875,337.09716796875,86.12060546875
-0.757568359375,-0.559326171875,1.1654052734375,-0.42724609375,344.482421875,104.91943359375
-0.539794921875,-0.50537109375,1.2705078125,-8.11767578125,330.99365234375,154.11376953125
-0.400634765625,-0.4122314453125,1.3768310546875,-21.42333984375,315.4296875,175.78125
-0.18994140625,-0.2786865234375,1.4801025390625,-42.724609375,287.59765625,192.3828125
-0.0860595703125,-0.2852783203125,1.5758056640625,-31.494140625,279.296875,200.68359375
0.0545654296875,-0.3226318359375,1.6865234375,-3.47900390625,265.07568359375,201.35498046875
0.1298828125,-0.357421875,1.9085693359375,-2.74658203125,248.6572265625,193.54248046875
0.3056640625,-0.3817138671875,2.0587158203125,-1.28173828125,221.61865234375,175.1708984375
0.4029541015625,-0.3809814453125,2.1209716796875,1.708984375,183.7158203125,141.2353515625
0.4818115234375,-0.383056640625,2.0509033203125,3.662109375,160.15625,18.49365234375
0.5548095703125,-0.729248046875,1.9149169921875,2.25830078125,151.42822265625,-38.51318359375
0.63671875,-1.1614990234375,1.698974609375,-5.9814453125,89.90478515625,-84.716796875
0.7052001953125,-1.311279296875,1.4642333984375,-16.05224609375,11.71875,-97.65625
0.7784423828125,-1.22900390625,1.099365234375,-58.10546875,-99.7314453125,-88.19580078125
0.9468994140625,-1.127197265625,0.6749267578125,-47.119140625,-140.07568359375,-80.9326171875
1.081298828125,-0.9970703125,0.2757568359375,28.80859375,-173.583984375,-110.65673828125
1.230224609375,-0.8133544921875,-0.9141845703125,73.3642578125,-177.06298828125,-60.11962890625
1.6572265625,-0.581298828125,-1.3223876953125,119.07958984375,-199.5849609375,-17.15087890625
1.8994140625,-0.27392578125,-0.9005126953125,57.31201171875,-266.54052734375,2.01416015625
2.19384765625,0.2017822265625,0.298095703125,-26.55029296875,-279.84619140625,-39.4287109375
2.4974365234375,0.7900390625,1.4798583984375,-39.36767578125,-280.45654296875,-77.08740234375
2.844970703125,0.51416015625,1.978515625,-19.775390625,-291.6259765625,-51.513671875
3.3284912109375,-0.40625,1.0543212890625,-38.57421875,-269.47021484375,-20.01953125
3.8028564453125,-0.407958984375,-0.1907958984375,-8.23974609375,-225.5859375,-1.3427734375
3.918212890625,-0.0755615234375,0.548828125,-26.18408203125,-206.35986328125,-12.02392578125
3.5814208984375,-0.9925537109375,2.11083984375,-66.650390625,-182.18994140625,-11.8408203125
2.927001953125,-1.2603759765625,2.3968505859375,-36.1328125,-100.64697265625,0.3662109375
1.3912353515625,-0.685546875,1.944091796875,22.94921875,-89.599609375,-7.9345703125
-0.320068359375,-0.566162109375,1.9176025390625,5.2490234375,-55.908203125,-10.25390625
-1.3779296875,0.0958251953125,2.04931640625,14.34326171875,-42.90771484375,-9.1552734375
-1.4144287109375,0.821533203125,2.0286865234375,3.84521484375,-40.46630859375,-8.85009765625
0.158203125,0.63818359375,2.1231689453125,-1.52587890625,-28.62548828125,-7.2021484375
1.1058349609375,-0.933349609375,1.69580078125,2.50244140625,-24.10888671875,-2.99072265625
1.2265625,-1.980712890625,1.1761474609375,12.451171875,-16.11328125,-1.3427734375
1.322021484375,-0.7679443359375,1.1400146484375,22.8271484375,-9.27734375,1.3427734375
1.2738037109375,0.6107177734375,1.1353759765625,23.92578125,-8.11767578125,0.8544921875
1.45654296875,0.0615234375,1.0831298828125,8.9111328125,-8.4228515625,-2.01416015625
1.2557373046875,-0.7513427734375,1.0338134765625,4.57763671875,-8.11767578125,-7.2021484375
1.021240234375,-0.46240234375,0.9930419921875,-3.35693359375,-21.97265625,-7.8125
0.9688720703125,-0.22705078125,0.95166015625,-4.150390625,-12.20703125,-7.26318359375
0.3505859375,-0.3944091796875,0.9461669921875,-8.36181640625,-8.85009765625,-7.32421875
0.244384765625,-0.3175048828125,0.9478759765625,-5.859375,-16.6015625,-7.14111328125
0.4154052734375,-0.22900390625,0.95068359375,-4.82177734375,-17.2119140625,-8.4228515625
0.420654296875,-0.189697265625,0.9342041015625,-3.35693359375,-15.19775390625,-7.4462890625
0.385986328125,-0.1922607421875,0.9508056640625,-3.84521484375,-18.798828125,-6.40869140625
0.329833984375,-0.2301025390625,0.9365234375,-5.67626953125,-18.6767578125,-5.4931640625
0.30810546875,-0.271240234375,0.95849609375,-11.71875,-19.59228515625,-0.9765625
0.227783203125,-0.302490234375,0.94189453125,-13.12255859375,-22.4609375,0.0
0.219970703125,-0.300537109375,0.93212890625,-13.427734375,-34.85107421875,0.30517578125
0.2381591796875,-0.2772216796875,0.9281005859375,-15.7470703125,-40.71044921875,6.34765625
0.2249755859375,-0.2596435546875,0.92138671875,-20.3857421875,-63.232421875,3.173828125
0.2314453125,-0.261962890625,0.92431640625,-22.03369140625,-92.95654296875,-7.62939453125
0.2669677734375,-0.26171875,0.9464111328125,-24.47509765625,-97.7783203125,-23.25439453125
0.2598876953125,-0.2685546875,0.941650390625,-29.47998046875,-107.97119140625,-30.45654296875
0.26513671875,-0.2705078125,0.9415283203125,-28.86962890625,-123.96240234375,-27.28271484375
0.275146484375,-0.2508544921875,0.962158203125,-33.50830078125,-140.0146484375,-28.6865234375
0.2838134765625,-0.232177734375,0.9622802734375,-37.90283203125,-156.73828125,-26.4892578125
0.26220703125,-0.2418212890625,1.0068359375,-43.88427734375,-170.2880859375,-15.380859375
0.2777099609375,-0.2403564453125,1.0430908203125,-46.81396484375,-189.0869140625,-12.8173828125
0.285888671875,-0.26611328125,1.0604248046875,-50.10986328125,-217.34619140625,-95.947265625
0.309814453125,-0.3094482421875,1.0750732421875,-48.64501953125,-254.82177734375,-147.0947265625
0.2879638671875,-0.4112548828125,1.095458984375,-59.5703125,-442.19970703125,-173.828125
0.261962890625,-0.4796142578125,1.059814453125,-92.529296875,-507.568359375,-190.12451171875
0.2734375,-0.4637451171875,1.034423828125,-126.03759765625,-539.9169921875,-194.2138671875
0.3226318359375,-0.3175048828125,1.1224365234375,-122.314453125,-546.32568359375,-190.4296875
0.3800048828125,-0.2855224609375,1.4764404296875,-67.44384765625,-553.52783203125,-185.791015625
0.4373779296875,-0.2362060546875,2.412353515625,-75.50048828125,-511.71875,-59.326171875
0.472900390625,-0.017822265625,2.2879638671875,-142.2119140625,-301.33056640625,5.7373046875
0.454345703125,-0.031982421875,2.1392822265625,-171.56982421875,162.29248046875,20.6298828125
0.4364013671875,-0.3955078125,2.1275634765625,-98.20556640625,275.634765625,34.72900390625
0.3616943359375,-1.0413818359375,2.16943359375,31.982421875,286.19384765625,49.4384765625
-0.09765625,-1.1507568359375,2.6231689453125,69.4580078125,287.7197265625,63.78173828125
-0.24951171875,-1.1435546875,3.4100341796875,42.05322265625,288.26904296875,76.0498046875
0.0972900390625,-0.8775634765625,2.9156494140625,29.541015625,288.2080078125,84.5947265625
0.3017578125,-0.4820556640625,0.7967529296875,27.83203125,289.24560546875,88.37890625
0.855224609375,-0.380859375,0.6431884765625,32.53173828125,294.43359375,86.60888671875
0.56298828125,-0.88623046875,0.596923828125,36.4990234375,303.466796875,80.9326171875
0.1390380859375,-1.2611083984375,0.6275634765625,33.5693359375,311.1572265625,57.6171875
0.1842041015625,-0.196044921875,0.73974609375,24.59716796875,317.81005859375,54.3212890625
0.2161865234375,-0.220458984375,0.879638671875,14.404296875,327.5146484375,54.50439453125
0.8800048828125,-0.3353271484375,0.999755859375,7.14111328125,325.74462890625,56.5185546875
-0.42236328125,-0.467529296875,1.10986328125,4.94384765625,320.98388671875,108.154296875
-0.010986328125,-0.5230712890625,1.21728515625,6.8359375,314.208984375,124.69482421875
-0.019775390625,-0.466064453125,1.3134765625,8.72802734375,268.6767578125,139.70947265625
-0.0491943359375,-0.3436279296875,1.48974609375,7.8125,260.55908203125,155.029296875
-0.0164794921875,-0.233154296875,1.5318603515625,-26.7333984375,257.9345703125,171.20361328125
0.0511474609375,-0.171630859375,1.568603515625,-33.0810546875,257.26318359375,183.65478515625
0.1458740234375,-0.1707763671875,1.63916015625,-31.005859375,261.41357421875,184.5703125
0.2681884765625,-0.387451171875,2.0797119140625,-20.6298828125,254.33349609375,67.7490234375
0.384765625,-0.478759765625,2.130126953125,-17.39501953125,231.5673828125,0.0
0.4755859375,-0.5611572265625,2.243896484375,-18.37158203125,144.34814453125,-82.03125
0.5443115234375,-0.646484375,2.2728271484375,-14.404296875,88.8671875,-89.35546875
0.678466796875,-1.1461181640625,2.0797119140625,-61.5234375,-67.68798828125,-89.7216796875
0.7088623046875,-1.2491455078125,1.700927734375,-93.6279296875,-100.76904296875,-93.81103515625
0.7099609375,-1.3660888671875,1.1651611328125,-17.7001953125,-133.23974609375,-88.9892578125
0.7142333984375,-1.3599853515625,-0.7244873046875,33.38623046875,-168.45703125,-120.66650390625
1.081298828125,-1.1658935546875,-1.3123779296875,79.58984375,-171.142578125,-86.42578125
1.283447265625,-0.913818359375,-1.395263671875,114.2578125,-154.052734375,-10.31494140625
1.5811767578125,-0.6466064453125,-0.8455810546875,66.95556640625,-253.41796875,-65.0634765625
1.90966796875,0.9708251953125,0.1107177734375,25.69580078125,-305.2978515625,-35.46142578125
2.1976318359375,0.9605712890625,1.0206298828125,17.39501953125,-257.62939453125,-7.080078125
2.4466552734375,-0.204345703125,1.7001953125,-4.33349609375,-238.70849609375,-18.61572265625
2.6737060546875,-0.6573486328125,1.2796630859375,-21.54541015625,-209.41162109375,-23.5595703125
3.93798828125,-0.7237548828125,0.3427734375,-28.3203125,-136.5966796875,-6.16455078125
3.940673828125,0.0177001953125,1.8831787109375,15.80810546875,-96.6796875,-8.544921875
3.112548828125,-0.652587890625,1.9791259765625,4.638671875,-46.7529296875,-5.18798828125
2.682373046875,-1.277099609375,1.8414306640625,5.37109375,-38.330078125,-2.99072265625
1.9969482421875,-0.65283203125,1.77685546875,-9.58251953125,-6.4697265625,-2.0751953125
0.0577392578125,-0.172119140625,2.2425537109375,-1.5869140625,-5.0048828125,4.0283203125
-1.3907470703125,-0.3486328125,1.9722900390625,10.8642578125,-6.04248046875,-3.2958984375
-1.3336181640625,-1.65478515625,1.232177734375,7.080078125,-13.671875,-4.82177734375
0.02685546875,-1.0242919921875,1.1710205078125,-5.37109375,-10.31494140625,-7.32421875
1.0372314453125,0.43896484375,0.9622802734375,-14.83154296875,-8.11767578125,-6.89697265625
1.3204345703125,0.2227783203125,0.9376220703125,-0.244140625,-12.63427734375,-7.01904296875
1.0885009765625,-0.544189453125,0.937255859375,2.01416015625,-10.986328125,-6.89697265625
1.0491943359375,-0.1761474609375,0.96435546875,-1.52587890625,-18.5546875,-2.685546875
1.0806884765625,-0.2293701171875,0.9471435546875,-5.9814453125,-19.47021484375,2.50244140625
0.6058349609375,-0.1934814453125,0.941650390625,-9.70458984375,-18.9208984375,2.5634765625
0.4853515625,-0.185791015625,0.9434814453125,-9.8876953125,-39.85595703125,2.8076171875
0.479736328125,-0.2528076171875,0.928466796875,-15.13671875,-47.8515625,3.0517578125
0.2568359375,-0.3221435546875,0.9290771484375,-23.25439453125,-58.349609375,2.3193359375
0.2396240234375,-0.302978515625,0.9261474609375,-24.7802734375,-73.18115234375,1.708984375
0.2216796875,-0.257568359375,0.9345703125,-23.193359375,-85.87646484375,-2.8076171875
0.2691650390625,-0.24365234375,0.9227294921875,-19.1650390625,-89.41650390625,-10.19287109375
0.2406005859375,-0.2843017578125,0.9366455078125,-14.7705078125,-89.66064453125,-25.32958984375
0.2623291015625,-0.2689208984375,0.96337890625,-19.1650390625,-95.3369140625,-42.96875
0.2659912109375,-0.234130859375,0.982421875,-22.0947265625,-119.873046875,-37.90283203125
0.2786865234375,-0.265625,0.94970703125,-26.0009765625,-173.40087890625,-32.1044921875
0.3035888671875,-0.2779541015625,0.9239501953125,-40.8935546875,-203.7353515625,-34.36279296875
0.2911376953125,-0.2744140625,0.9630126953125,-45.0439453125,-221.98486328125,-107.0556640625
0.31640625,-0.287109375,0.9925537109375,-38.14697265625,-271.240234375,-154.11376953125
0.2828369140625,-0.3016357421875,1.0517578125,-55.60302734375,-439.697265625,-181.70166015625
0.2904052734375,-0.344482421875,1.0538330078125,-86.7919921875,-490.53955078125,-198.79150390625
0.2757568359375,-0.39990234375,1.0906982421875,-137.5732421875,-509.033203125,-87.82958984375
0.2796630859375,-0.4425048828125,1.202880859375,-120.9716796875,-507.01904296875,-65.00244140625
0.3077392578125,-0.3287353515625,1.591552734375,-88.9892578125,114.74609375,-44.00634765625
0.3336181640625,-0.1953125,2.2667236328125,-120.30029296875,162.9638671875,-11.04736328125
0.364990234375,-0.034912109375,2.2176513671875,6.4697265625,190.91796875,20.69091796875
0.43701171875,-0.1805419921875,2.0882568359375,19.775390625,195.37353515625,35.58349609375
0.43798828125,-0.464111328125,2.1346435546875,37.78076171875,202.7587890625,63.90380859375
0.128173828125,-0.9769287109375,3.4207763671875,61.1572265625,212.0361328125,75.1953125
-0.20458984375,-1.2020263671875,2.2188720703125,40.771484375,248.291015625,78.369140625
-0.0245361328125,-1.0723876953125,1.3115234375,31.79931640625,268.24951171875,70.49560546875
0.2867431640625,-0.6817626953125,0.547119140625,28.25927734375,306.70166015625,59.99755859375
0.7353515625,-1.14453125,0.649658203125,26.18408203125,312.255859375,49.49951171875
0.86474609375,-0.9520263671875,0.8682861328125,19.34814453125,319.03076171875,35.64453125
0.458740234375,-0.79736328125,1.147705078125,20.751953125,323.54736328125,54.3212890625
0.190185546875,-0.3751220703125,1.1251220703125,19.8974609375,334.716796875,65.0634765625
