0.2205810546875,-0.2386474609375,0.96875,2.62451171875,-2.5634765625,-1.40380859375
0.2235107421875,-0.23779296875,0.968017578125,2.685546875,-2.685546875,-1.40380859375
0.2205810546875,-0.2335205078125,0.9652099609375,2.685546875,-2.5634765625,-1.46484375
0.221435546875,-0.2391357421875,0.96923828125,2.50244140625,-2.5634765625,-1.5869140625
0.222412109375,-0.234619140625,0.9654541015625,2.5634765625,-2.5634765625,-1.46484375
0.2203369140625,-0.2362060546875,0.966796875,2.5634765625,-2.62451171875,-1.46484375
0.2225341796875,-0.2381591796875,0.96923828125,2.50244140625,-2.685546875,-1.3427734375
0.2200927734375,-0.2359619140625,0.9683837890625,2.50244140625,-2.74658203125,-1.46484375
0.218505859375,-0.2392578125,0.966796875,2.62451171875,-2.8076171875,-1.52587890625
0.2232666015625,-0.2354736328125,0.9674072265625,2.50244140625,-2.74658203125,-1.52587890625
0.2208251953125,-0.238525390625,0.9669189453125,2.5634765625,-2.8076171875,-1.46484375
0.2197265625,-0.233642578125,0.9691162109375,2.5634765625,-2.8076171875,-1.46484375
0.22265625,-0.2381591796875,0.966796875,2.50244140625,-2.74658203125,-1.40380859375
0.2222900390625,-0.23681640625,0.9656982421875,2.44140625,-2.685546875,-1.52587890625
0.2227783203125,-0.2371826171875,0.9676513671875,2.44140625,-2.74658203125,-1.40380859375
0.2218017578125,-0.23828125,0.96533203125,2.50244140625,-2.5634765625,-1.46484375
0.2232666015625,-0.2393798828125,0.96533203125,2.5634765625,-2.62451171875,-1.46484375
0.22119140625,-0.2347412109375,0.96728515625,2.5634765625,-2.50244140625,-1.46484375
0.222412109375,-0.2369384765625,0.9664306640625,2.62451171875,-2.62451171875,-1.40380859375
0.2216796875,-0.2369384765625,0.9677734375,2.50244140625,-2.685546875,-1.46484375
0.220947265625,-0.2359619140625,0.9656982421875,2.5634765625,-2.74658203125,-1.52587890625
0.22265625,-0.236083984375,0.9669189453125,2.44140625,-2.5634765625,-1.52587890625
0.2215576171875,-0.2369384765625,0.967041015625,2.685546875,-2.74658203125,-1.52587890625
0.2218017578125,-0.236572265625,0.9658203125,2.62451171875,-2.99072265625,-1.5869140625
0.2205810546875,-0.2366943359375,0.968505859375,2.62451171875,-3.11279296875,-1.64794921875
0.2218017578125,-0.2357177734375,0.966552734375,2.5634765625,-3.47900390625,-1.77001953125
0.2218017578125,-0.2364501953125,0.9654541015625,2.50244140625,-3.90625,-1.89208984375
0.2208251953125,-0.238525390625,0.9644775390625,2.685546875,-4.0283203125,-2.01416015625
0.22265625,-0.238525390625,0.9654541015625,2.74658203125,-4.2724609375,-2.01416015625
0.22021484375,-0.2362060546875,0.96484375,2.8076171875,-4.69970703125,-1.64794921875
0.22021484375,-0.23486328125,0.9664306640625,2.5634765625,-4.82177734375,-1.5869140625
0.2213134765625,-0.239013671875,0.96240234375,2.01416015625,-4.94384765625,-1.5869140625
0.2227783203125,-0.23486328125,0.9652099609375,1.953125,-4.0283203125,-1.52587890625
0.2222900390625,-0.2393798828125,0.96630859375,1.89208984375,-3.72314453125,-1.52587890625
0.2236328125,-0.236083984375,0.963134765625,1.8310546875,-3.5400390625,-1.46484375
0.221923828125,-0.237060546875,0.968505859375,1.8310546875,-3.41796875,-1.52587890625
0.221435546875,-0.2364501953125,0.956787109375,1.8310546875,-3.2958984375,-1.46484375
0.222900390625,-0.2357177734375,0.980712890625,1.8310546875,-3.23486328125,-1.46484375
0.2220458984375,-0.2388916015625,0.9637451171875,2.01416015625,-3.23486328125,-1.28173828125
0.2225341796875,-0.23974609375,0.9661865234375,1.953125,-2.8076171875,-1.220703125
0.2220458984375,-0.240478515625,0.96728515625,1.953125,-2.74658203125,-1.220703125
0.2222900390625,-0.2335205078125,0.9677734375,2.50244140625,-2.5634765625,-1.15966796875
0.21923828125,-0.2457275390625,0.9642333984375,2.38037109375,-2.50244140625,-1.0986328125
0.2196044921875,-0.24072265625,0.9658203125,2.197265625,-2.44140625,-1.28173828125
0.2203369140625,-0.24169921875,0.9658203125,2.3193359375,-2.3193359375,-1.220703125
0.22119140625,-0.23388671875,0.9649658203125,2.62451171875,-2.197265625,-1.15966796875
0.22021484375,-0.239990234375,0.9659423828125,2.62451171875,-2.13623046875,-1.15966796875
0.2203369140625,-0.23583984375,0.9659423828125,2.50244140625,-2.0751953125,-1.15966796875
0.220458984375,-0.23974609375,0.96533203125,2.38037109375,-2.197265625,-1.220703125
0.2171630859375,-0.23779296875,0.965087890625,2.5634765625,-2.25830078125,-1.220703125
0.2203369140625,-0.239013671875,0.96484375,2.8076171875,-2.13623046875,-1.220703125
0.22265625,-0.2391357421875,0.965576171875,3.11279296875,-2.13623046875,-1.15966796875
0.2308349609375,-0.237548828125,0.96630859375,3.0517578125,-2.13623046875,-1.15966796875
0.2305908203125,-0.237060546875,0.9669189453125,3.0517578125,-2.01416015625,-1.3427734375
0.2286376953125,-0.2379150390625,0.9654541015625,3.11279296875,-1.953125,-1.40380859375
0.229248046875,-0.2384033203125,0.965576171875,3.0517578125,-1.89208984375,-1.28173828125
0.228515625,-0.2393798828125,0.965576171875,2.9296875,-1.89208984375,-1.28173828125
0.2249755859375,-0.2393798828125,0.9656982421875,2.9296875,-2.01416015625,-1.220703125
0.2298583984375,-0.2381591796875,0.9654541015625,3.23486328125,-1.89208984375,-1.28173828125
0.2275390625,-0.23876953125,0.966064453125,3.173828125,-2.01416015625,-1.220703125
0.2291259765625,-0.2392578125,0.96630859375,2.99072265625,-2.01416015625,-1.220703125
0.22998046875,-0.2391357421875,0.9661865234375,2.99072265625,-2.01416015625,-1.28173828125
0.230224609375,-0.2403564453125,0.967041015625,2.9296875,-1.953125,-1.3427734375
0.2301025390625,-0.2392578125,0.9654541015625,2.9296875,-1.953125,-1.3427734375
0.2283935546875,-0.2396240234375,0.9654541015625,2.9296875,-2.0751953125,-1.220703125
0.2279052734375,-0.2398681640625,0.965576171875,2.8076171875,-2.0751953125,-1.220703125
0.2279052734375,-0.238525390625,0.96630859375,2.74658203125,-2.01416015625,-1.220703125
0.2283935546875,-0.239501953125,0.9656982421875,2.74658203125,-2.0751953125,-1.28173828125
0.2257080078125,-0.23974609375,0.9647216796875,2.5634765625,-2.3193359375,-1.220703125
0.2288818359375,-0.2396240234375,0.9654541015625,2.685546875,-2.25830078125,-1.28173828125
0.224853515625,-0.2398681640625,0.966552734375,2.74658203125,-2.25830078125,-1.28173828125
0.2257080078125,-0.2388916015625,0.9669189453125,2.50244140625,-2.44140625,-1.28173828125
0.2252197265625,-0.23779296875,0.9678955078125,2.50244140625,-2.3193359375,-1.220703125
0.226806640625,-0.2393798828125,0.964111328125,2.62451171875,-2.3193359375,-1.220703125
0.2255859375,-0.23876953125,0.9696044921875,2.50244140625,-2.3193359375,-1.220703125
0.2255859375,-0.240234375,0.965087890625,2.5634765625,-2.25830078125,-1.3427734375
0.2259521484375,-0.23876953125,0.9677734375,2.5634765625,-2.38037109375,-1.3427734375
0.224365234375,-0.2384033203125,0.9666748046875,2.5634765625,-2.3193359375,-1.28173828125
0.2242431640625,-0.240234375,0.96630859375,2.62451171875,-2.44140625,-1.40380859375
0.2264404296875,-0.237548828125,0.966796875,2.5634765625,-2.44140625,-1.40380859375
0.225341796875,-0.238525390625,0.96728515625,2.62451171875,-2.3193359375,-1.28173828125
0.2286376953125,-0.243896484375,0.968017578125,2.62451171875,-2.44140625,-1.28173828125
0.2242431640625,-0.2362060546875,0.9654541015625,2.62451171875,-2.50244140625,-1.28173828125
0.2254638671875,-0.2391357421875,0.9656982421875,2.5634765625,-2.44140625,-1.3427734375
0.223876953125,-0.23681640625,0.966552734375,2.5634765625,-2.44140625,-1.46484375
0.2247314453125,-0.237548828125,0.966796875,2.5634765625,-2.44140625,-1.46484375
0.2236328125,-0.238037109375,0.96630859375,2.5634765625,-2.3193359375,-1.3427734375
0.22412109375,-0.2381591796875,0.967041015625,2.74658203125,-2.50244140625,-1.3427734375
0.2210693359375,-0.2388916015625,0.966552734375,2.5634765625,-2.50244140625,-1.40380859375
0.224853515625,-0.2392578125,0.967041015625,2.62451171875,-2.50244140625,-1.40380859375
0.2239990234375,-0.2393798828125,0.9661865234375,2.62451171875,-2.44140625,-1.40380859375
0.2252197265625,-0.237548828125,0.9658203125,2.685546875,-2.50244140625,-1.40380859375
0.2237548828125,-0.239501953125,0.9664306640625,2.62451171875,-2.44140625,-1.40380859375
0.2236328125,-0.2384033203125,0.9678955078125,2.62451171875,-2.5634765625,-1.46484375
0.223876953125,-0.2391357421875,0.9671630859375,2.74658203125,-2.50244140625,-1.28173828125
0.2236328125,-0.2381591796875,0.9654541015625,2.62451171875,-2.62451171875,-1.28173828125
0.222900390625,-0.238525390625,0.9661865234375,2.5634765625,-2.685546875,-1.40380859375
0.222900390625,-0.23876953125,0.966796875,2.5634765625,-2.50244140625,-1.46484375
0.2239990234375,-0.2398681640625,0.9659423828125,2.5634765625,-2.62451171875,-1.46484375
0.2235107421875,-0.2388916015625,0.96630859375,2.62451171875,-2.50244140625,-1.46484375
0.221923828125,-0.2393798828125,0.9658203125,2.62451171875,-2.62451171875,-1.52587890625
0.221435546875,-0.2388916015625,0.966552734375,2.5634765625,-2.62451171875,-1.5869140625
0.223388671875,-0.2392578125,0.967529296875,2.62451171875,-2.62451171875,-1.52587890625
0.2237548828125,-0.238037109375,0.9652099609375,2.5634765625,-2.685546875,-1.40380859375
0.2227783203125,-0.23779296875,0.967529296875,2.74658203125,-2.74658203125,-1.46484375
0.2232666015625,-0.238037109375,0.9664306640625,2.8076171875,-2.685546875,-1.40380859375
0.2236328125,-0.239013671875,0.966552734375,2.74658203125,-2.62451171875,-1.40380859375
0.2222900390625,-0.2386474609375,0.96826171875,2.685546875,-2.685546875,-1.46484375
0.2225341796875,-0.2393798828125,0.9658203125,2.74658203125,-2.50244140625,-1.40380859375
0.2222900390625,-0.23876953125,0.9666748046875,2.62451171875,-2.62451171875,-1.46484375
0.222412109375,-0.239013671875,0.966064453125,2.74658203125,-2.5634765625,-1.52587890625
0.2227783203125,-0.237060546875,0.966064453125,2.685546875,-2.50244140625,-1.40380859375
0.2220458984375,-0.239990234375,0.9674072265625,2.685546875,-2.62451171875,-1.46484375
0.223388671875,-0.2386474609375,0.9664306640625,2.74658203125,-2.5634765625,-1.46484375
0.2227783203125,-0.2398681640625,0.966552734375,2.685546875,-2.5634765625,-1.40380859375
0.221923828125,-0.2379150390625,0.967041015625,2.74658203125,-2.62451171875,-1.3427734375
0.2218017578125,-0.2379150390625,0.9671630859375,2.74658203125,-2.44140625,-1.3427734375
0.2230224609375,-0.2376708984375,0.966064453125,2.74658203125,-2.50244140625,-1.3427734375
0.2227783203125,-0.2384033203125,0.9676513671875,2.8076171875,-2.5634765625,-1.40380859375
0.2235107421875,-0.23828125,0.9661865234375,2.74658203125,-2.50244140625,-1.40380859375
0.222412109375,-0.2401123046875,0.9677734375,2.685546875,-2.5634765625,-1.28173828125
0.2230224609375,-0.2393798828125,0.967041015625,2.8076171875,-2.5634765625,-1.220703125
0.223876953125,-0.237548828125,0.9664306640625,2.86865234375,-2.50244140625,-1.3427734375
0.2235107421875,-0.2373046875,0.9664306640625,2.8076171875,-2.44140625,-1.40380859375
0.222412109375,-0.2381591796875,0.9658203125,2.74658203125,-2.44140625,-1.46484375
0.22265625,-0.23876953125,0.9666748046875,2.74658203125,-2.44140625,-1.52587890625
0.22314453125,-0.2381591796875,0.9664306640625,2.74658203125,-2.5634765625,-1.46484375
0.222900390625,-0.2386474609375,0.9658203125,2.685546875,-2.685546875,-1.52587890625
0.2230224609375,-0.2386474609375,0.966064453125,2.74658203125,-2.74658203125,-1.52587890625
0.224365234375,-0.2388916015625,0.967041015625,2.74658203125,-2.62451171875,-1.40380859375
0.2247314453125,-0.237548828125,0.9661865234375,2.74658203125,-2.62451171875,-1.40380859375
0.2232666015625,-0.2376708984375,0.96435546875,2.86865234375,-2.50244140625,-1.46484375
0.2225341796875,-0.237060546875,0.966796875,2.74658203125,-2.44140625,-1.5869140625
0.222412109375,-0.2384033203125,0.9674072265625,2.8076171875,-2.5634765625,-1.40380859375
0.221923828125,-0.238525390625,0.9681396484375,2.86865234375,-2.62451171875,-1.46484375
0.224853515625,-0.238525390625,0.96630859375,2.86865234375,-2.62451171875,-1.46484375
0.224365234375,-0.2373046875,0.967041015625,2.86865234375,-2.685546875,-1.40380859375
0.2232666015625,-0.23876953125,0.9669189453125,2.86865234375,-2.74658203125,-1.52587890625
0.2225341796875,-0.2393798828125,0.966064453125,2.62451171875,-2.62451171875,-1.46484375
0.2232666015625,-0.238037109375,0.9664306640625,2.8076171875,-2.62451171875,-1.5869140625
0.2216796875,-0.23779296875,0.96630859375,2.5634765625,-2.5634765625,-1.5869140625
0.22314453125,-0.23876953125,0.96533203125,2.5634765625,-2.74658203125,-1.64794921875
0.2244873046875,-0.2374267578125,0.9678955078125,2.685546875,-2.74658203125,0.42724609375
0.223388671875,-0.236572265625,0.965576171875,2.86865234375,-2.74658203125,-0.48828125
0.2239990234375,-0.2381591796875,0.9659423828125,2.86865234375,-1.89208984375,-1.40380859375
0.2230224609375,-0.2379150390625,0.968017578125,2.86865234375,23.3154296875,-0.79345703125
0.221435546875,-0.23681640625,0.967041015625,0.48828125,20.01953125,-0.6103515625
0.2216796875,-0.23876953125,0.9654541015625,-11.29150390625,3.662109375,0.0
0.2225341796875,-0.2371826171875,0.966552734375,-4.94384765625,2.38037109375,1.28173828125
0.224365234375,-0.239013671875,0.967041015625,2.74658203125,1.64794921875,2.38037109375
0.2235107421875,-0.2379150390625,0.9794921875,5.31005859375,-3.23486328125,2.62451171875
0.22412109375,-0.237548828125,0.8001708984375,8.1787109375,-13.671875,-0.42724609375
0.224853515625,-0.2373046875,0.7041015625,11.5966796875,-17.333984375,-2.685546875
0.2235107421875,-0.238037109375,0.9185791015625,22.5830078125,-20.3857421875,-3.173828125
0.2218017578125,-0.2366943359375,0.86376953125,31.25,-23.0712890625,-3.7841796875
0.22265625,-0.238037109375,0.8048095703125,37.4755859375,-17.51708984375,-2.86865234375
0.2236328125,-0.237060546875,0.8221435546875,26.123046875,-12.02392578125,-3.662109375
0.223876953125,-0.2371826171875,0.7923583984375,11.23046875,-8.72802734375,-4.2724609375
0.2239990234375,-0.2286376953125,0.780517578125,0.732421875,-6.16455078125,-3.72314453125
0.22216796875,-0.27734375,1.0341796875,-6.89697265625,-8.97216796875,-3.2958984375
0.2235107421875,-0.297607421875,1.3311767578125,-6.65283203125,-11.1083984375,-3.7841796875
0.22314453125,-0.24462890625,1.0662841796875,-3.47900390625,-7.14111328125,-4.0283203125
0.2225341796875,-0.2518310546875,1.147216796875,0.48828125,-3.41796875,-75.86669921875
0.2249755859375,-0.3160400390625,1.0386962890625,9.33837890625,-2.74658203125,-101.5625
0.225830078125,-0.3123779296875,0.922119140625,6.53076171875,-3.84521484375,-132.9345703125
0.24072265625,-0.2412109375,0.9072265625,8.056640625,-29.6630859375,-166.80908203125
0.122802734375,-0.2391357421875,0.9129638671875,9.1552734375,-46.38671875,-164.1845703125
0.008056640625,-0.2464599609375,1.0374755859375,-32.470703125,-49.9267578125,-123.9013671875
0.190673828125,-0.264892578125,0.950439453125,-72.93701171875,-30.76171875,-100.7080078125
0.1533203125,-0.2166748046875,0.9208984375,-79.9560546875,-12.3291015625,-74.52392578125
0.0982666015625,-0.321044921875,0.9351806640625,-35.400390625,18.5546875,-47.66845703125
0.09521484375,-0.2850341796875,1.21630859375,-1.46484375,25.08544921875,-21.05712890625
0.10888671875,-0.2706298828125,1.350341796875,4.69970703125,28.80859375,4.0283203125
0.10498046875,-0.259521484375,1.432373046875,6.2255859375,33.3251953125,49.1943359375
0.169677734375,-0.267578125,1.983154296875,15.07568359375,32.8369140625,66.95556640625
0.364990234375,-0.2720947265625,1.649658203125,20.1416015625,34.423828125,86.97509765625
0.2860107421875,-0.271728515625,0.9378662109375,21.66748046875,34.85107421875,109.375
0.2548828125,-0.253173828125,0.774169921875,22.76611328125,28.564453125,130.31005859375
0.263427734375,-0.255615234375,0.6279296875,25.390625,29.23583984375,144.83642578125
0.1661376953125,0.140625,0.6005859375,21.240234375,44.98291015625,153.38134765625
0.173828125,-0.1575927734375,0.680908203125,24.2919921875,67.87109375,155.3955078125
0.182373046875,-0.424560546875,0.8035888671875,45.22705078125,90.51513671875,152.587890625
0.270751953125,-1.1527099609375,1.21044921875,61.1572265625,111.4501953125,148.193359375
0.21044921875,-1.0714111328125,1.4716796875,65.185546875,126.5869140625,97.412109375
0.1888427734375,-1.0615234375,1.7857666015625,58.89892578125,135.92529296875,88.0126953125
0.1925048828125,-1.0369873046875,2.0750732421875,46.7529296875,140.2587890625,73.79150390625
0.043701171875,-0.8895263671875,2.2608642578125,31.18896484375,104.1259765625,58.16650390625
0.0458984375,-0.7548828125,2.2352294921875,19.22607421875,96.3134765625,-8.85009765625
-0.0511474609375,-0.6204833984375,2.0687255859375,-0.9765625,88.80615234375,-31.55517578125
-0.404296875,-0.5264892578125,1.80810546875,-11.04736328125,84.41162109375,-66.40625
-0.8602294921875,-0.4881591796875,1.53955078125,-10.68115234375,88.31787109375,-50.84228515625
-1.3936767578125,-0.5076904296875,1.2933349609375,-4.5166015625,90.9423828125,-35.82763671875
-1.546875,-0.6624755859375,0.9100341796875,6.2255859375,-36.2548828125,-52.978515625
-1.6212158203125,-0.7420654296875,0.82421875,-2.99072265625,-51.1474609375,-45.2880859375
-1.7376708984375,-0.7041015625,0.778564453125,19.8974609375,-97.16796875,-3.72314453125
-1.7159423828125,-0.61328125,0.7823486328125,12.0849609375,-177.79541015625,20.5078125
-1.64697265625,-0.523193359375,0.366455078125,-4.0283203125,-185.791015625,27.16064453125
-1.4217529296875,-0.4306640625,0.0618896484375,13.73291015625,-178.3447265625,16.54052734375
-1.16455078125,-0.38427734375,0.3238525390625,6.34765625,-199.76806640625,1.5869140625
-0.84814453125,-0.340576171875,0.251708984375,2.3193359375,-185.791015625,-0.48828125
-0.5540771484375,-0.0203857421875,1.78662109375,-2.9296875,-169.3115234375,-6.9580078125
-0.2344970703125,0.00048828125,1.137451171875,-11.16943359375,-154.47998046875,-8.97216796875
0.0958251953125,0.0941162109375,0.1070556640625,-6.2255859375,-148.74267578125,-8.4228515625
0.3662109375,0.2008056640625,0.655029296875,-8.72802734375,-144.34814453125,-4.150390625
0.560302734375,0.3841552734375,1.5970458984375,-6.77490234375,-104.91943359375,-4.21142578125
0.71240234375,0.3292236328125,1.93115234375,3.90625,-70.25146484375,-2.0751953125
0.813720703125,-0.72314453125,1.8480224609375,6.2255859375,-31.43310546875,-1.953125
1.0172119140625,-0.791015625,1.46484375,10.009765625,-25.20751953125,-2.01416015625
1.0706787109375,-1.05908203125,1.3138427734375,3.47900390625,-20.99609375,-1.0986328125
1.1864013671875,-1.2353515625,2.0618896484375,3.2958984375,-15.5029296875,-0.244140625
1.3564453125,-0.8614501953125,2.4813232421875,4.2724609375,-11.41357421875,0.06103515625
1.5489501953125,-0.9083251953125,0.960693359375,9.033203125,-8.48388671875,0.42724609375
1.4530029296875,-0.5045166015625,0.9783935546875,10.986328125,-5.37109375,-0.79345703125
1.094482421875,-0.0546875,1.125,9.033203125,-5.67626953125,-1.220703125
0.96337890625,0.39453125,1.0380859375,9.82666015625,-4.7607421875,-2.9296875
-0.8477783203125,0.477294921875,1.0343017578125,8.7890625,-5.859375,-3.23486328125
-1.66650390625,0.3251953125,1.013427734375,6.89697265625,-6.4697265625,-3.47900390625
0.4864501953125,-0.1236572265625,0.9908447265625,4.82177734375,-6.28662109375,-3.72314453125
0.4332275390625,-0.4617919921875,0.9500732421875,6.89697265625,-7.32421875,-3.60107421875
0.67724609375,-0.536865234375,0.96484375,8.1787109375,-4.39453125,-3.173828125
0.7545166015625,-0.0509033203125,0.943603515625,10.7421875,-5.18798828125,-1.52587890625
0.8050537109375,-0.2735595703125,0.9605712890625,3.84521484375,-8.60595703125,0.48828125
0.4560546875,-0.2845458984375,0.9609375,8.72802734375,-9.94873046875,1.0986328125
0.6553955078125,-0.269287109375,1.00830078125,19.22607421875,-10.55908203125,1.28173828125
0.8525390625,-0.2264404296875,0.9356689453125,27.83203125,-7.4462890625,-2.13623046875
0.739013671875,-0.236572265625,0.9658203125,27.52685546875,-2.44140625,-5.7373046875
0.52587890625,-0.2205810546875,0.9862060546875,21.17919921875,6.40869140625,-6.77490234375
0.353271484375,-0.200927734375,0.9942626953125,5.31005859375,9.033203125,-7.6904296875
0.32373046875,-0.2113037109375,0.9786376953125,-17.51708984375,4.33349609375,-7.32421875
0.3350830078125,-0.2657470703125,0.94775390625,-25.81787109375,-0.79345703125,-6.7138671875
0.283203125,-0.24951171875,0.95751953125,-30.09033203125,-8.4228515625,-7.080078125
0.2745361328125,-0.2535400390625,0.7935791015625,-28.01513671875,-11.53564453125,-7.87353515625
0.279296875,-0.1983642578125,0.889404296875,-20.44677734375,-15.44189453125,-8.9111328125
0.2286376953125,-0.2183837890625,0.94189453125,-15.56396484375,-15.68603515625,-9.8876953125
0.2454833984375,-0.239013671875,0.919677734375,-9.21630859375,-15.31982421875,-9.58251953125
0.2216796875,-0.2288818359375,0.9530029296875,-9.82666015625,-15.5029296875,-6.591796875
0.2193603515625,-0.2049560546875,0.9705810546875,-11.04736328125,-18.12744140625,-2.25830078125
0.228515625,-0.1990966796875,0.9788818359375,-10.31494140625,-22.8271484375,0.244140625
0.2515869140625,-0.2042236328125,0.9598388671875,-7.87353515625,-35.0341796875,2.25830078125
0.2352294921875,-0.13720703125,0.9580078125,-2.9296875,-44.37255859375,2.5634765625
0.245361328125,-0.207763671875,0.9603271484375,1.220703125,-49.9267578125,-8.11767578125
0.23779296875,-0.2257080078125,0.9681396484375,-4.150390625,-54.01611328125,-5.0048828125
0.26708984375,-0.2227783203125,0.95556640625,-11.77978515625,-58.65478515625,-8.4228515625
0.2591552734375,-0.23193359375,1.02392578125,-22.76611328125,-85.9375,11.04736328125
0.274658203125,-0.2530517578125,0.95703125,-31.982421875,-121.7041015625,22.4609375
0.237548828125,-0.24658203125,0.939208984375,-51.26953125,-156.8603515625,29.96826171875
0.2225341796875,-0.2581787109375,0.94580078125,-41.44287109375,-213.56201171875,13.12255859375
0.19921875,-0.254638671875,0.9591064453125,-39.36767578125,-271.6064453125,-38.818359375
0.1749267578125,-0.270263671875,0.961181640625,-53.7109375,-286.7431640625,-115.05126953125
0.187255859375,-0.27294921875,1.1070556640625,-72.1435546875,-330.9326171875,-153.25927734375
0.20166015625,-0.2518310546875,1.2584228515625,-65.73486328125,-384.94873046875,-181.884765625
0.236328125,-0.28076171875,1.1617431640625,-101.01318359375,-467.041015625,-190.7958984375
0.2398681640625,-0.22265625,1.0390625,-121.15478515625,-480.224609375,-158.14208984375
0.2366943359375,-0.197021484375,1.025634765625,-129.150390625,-497.00927734375,-104.6142578125
0.2520751953125,-0.2056884765625,1.3690185546875,-101.50146484375,-480.89599609375,-84.28955078125
0.2442626953125,-0.2637939453125,1.8419189453125,-106.99462890625,-371.337890625,-62.1337890625
0.2293701171875,-0.2757568359375,2.132568359375,-159.72900390625,-145.01953125,-50.10986328125
0.23583984375,-0.363037109375,2.0010986328125,-32.28759765625,31.25,-37.17041015625
0.25927734375,-0.439453125,1.580078125,23.193359375,169.61669921875,-20.5078125
0.2412109375,0.0616455078125,1.426025390625,49.86572265625,182.0068359375,-8.6669921875
0.2340087890625,-0.2840576171875,2.08251953125,24.7802734375,179.931640625,0.48828125
0.264404296875,-0.213134765625,3.99951171875,39.24560546875,183.28857421875,9.09423828125
0.2586669921875,-0.373046875,3.99951171875,48.52294921875,195.61767578125,18.24951171875
0.340576171875,-0.7940673828125,3.99951171875,44.98291015625,220.88623046875,27.03857421875
0.43896484375,-0.7120361328125,1.405517578125,35.64453125,255.92041015625,33.203125
0.3968505859375,-1.0205078125,0.6944580078125,28.99169921875,286.19384765625,38.6962890625
-0.06787109375,-0.4886474609375,0.5982666015625,29.9072265625,306.45751953125,38.39111328125
0.420654296875,-0.394775390625,0.8743896484375,37.78076171875,312.6220703125,36.07177734375
-0.29248046875,-0.5008544921875,1.4273681640625,44.3115234375,298.52294921875,31.18896484375
0.08203125,-0.400634765625,1.7476806640625,47.4853515625,291.19873046875,24.658203125
-0.1849365234375,-2.0931396484375,1.7376708984375,45.41015625,287.2314453125,17.08984375
0.52587890625,-0.9891357421875,1.4388427734375,42.54150390625,286.62109375,11.3525390625
-0.062255859375,-0.4742431640625,1.0631103515625,41.19873046875,292.78564453125,7.9345703125
-0.5931396484375,-0.193603515625,0.82177734375,45.166015625,301.025390625,5.67626953125
0.5460205078125,-0.0423583984375,0.8787841796875,51.08642578125,305.908203125,5.31005859375
0.3804931640625,0.000244140625,1.0806884765625,55.11474609375,304.443359375,7.8125
0.99072265625,-0.062744140625,1.397216796875,53.3447265625,296.38671875,13.427734375
1.0799560546875,-0.1673583984375,1.645751953125,49.072265625,282.3486328125,21.97265625
-0.6502685546875,-0.188720703125,1.752685546875,47.36328125,265.9912109375,35.2783203125
-1.1883544921875,-0.1197509765625,1.740234375,49.560546875,252.0751953125,53.8330078125
-0.92919921875,-0.0181884765625,1.6201171875,55.84716796875,241.2109375,76.2939453125
-0.7138671875,0.074951171875,1.531982421875,59.08203125,235.2294921875,101.1962890625
-0.517333984375,0.121337890625,1.5130615234375,52.1240234375,236.26708984375,128.11279296875
-0.2728271484375,0.0848388671875,1.5548095703125,37.109375,239.31884765625,155.2734375
-0.0794677734375,0.0107421875,1.611572265625,14.83154296875,239.07470703125,180.96923828125
0.0576171875,-0.08837890625,1.691650390625,-6.34765625,233.70361328125,202.81982421875
0.122802734375,-0.14208984375,1.836669921875,-22.03369140625,221.37451171875,214.90478515625
0.133544921875,-0.159423828125,1.989990234375,-32.53173828125,207.8857421875,212.890625
0.1845703125,-0.2239990234375,2.0657958984375,-35.15625,194.580078125,181.640625
0.2823486328125,-0.3614501953125,1.9805908203125,-27.64892578125,178.16162109375,123.53515625
0.37060546875,-0.531982421875,1.7659912109375,-17.4560546875,157.28759765625,45.22705078125
0.482666015625,-0.7203369140625,1.52587890625,-1.77001953125,136.1083984375,-26.67236328125
0.624267578125,-0.8321533203125,1.4241943359375,16.66259765625,116.5771484375,-68.42041015625
0.7161865234375,-0.8935546875,1.3807373046875,17.08984375,73.6083984375,-87.646484375
0.767822265625,-0.945068359375,1.2750244140625,11.90185546875,23.92578125,-122.13134765625
0.77490234375,-0.9925537109375,1.0035400390625,14.404296875,-20.263671875,-153.1982421875
0.743896484375,-1.0880126953125,0.6021728515625,9.58251953125,-69.64111328125,-162.04833984375
0.7154541015625,-1.2064208984375,0.168701171875,13.48876953125,-154.23583984375,-132.14111328125
0.7373046875,-1.2620849609375,-0.011474609375,38.02490234375,-219.90966796875,-93.017578125
0.7716064453125,-1.208251953125,-0.492919921875,62.07275390625,-199.27978515625,-36.19384765625
0.8045654296875,-1.1309814453125,-1.060791015625,-23.13232421875,-244.44580078125,-16.29638671875
0.8720703125,-1.0216064453125,-0.8438720703125,-36.376953125,-233.0322265625,-13.5498046875
0.96533203125,-0.8896484375,-0.4520263671875,-112.48779296875,-256.34765625,-18.9208984375
1.0498046875,-0.617919921875,-2.408203125,-96.86279296875,-255.2490234375,-17.822265625
1.18017578125,-0.0157470703125,0.7073974609375,-76.35498046875,-238.70849609375,-8.9111328125
1.31201171875,0.7669677734375,3.6468505859375,-72.32666015625,-212.5244140625,-16.11328125
1.4271240234375,1.0211181640625,1.8924560546875,-32.28759765625,-192.9931640625,-18.12744140625
1.655517578125,0.87744140625,0.509033203125,-19.8974609375,-173.828125,-16.2353515625
1.9552001953125,0.4215087890625,1.1019287109375,-15.7470703125,-117.73681640625,-8.544921875
2.2451171875,-0.2193603515625,3.04833984375,-9.46044921875,-93.017578125,-3.7841796875
2.5692138671875,-0.32958984375,2.7442626953125,14.83154296875,-70.4345703125,-2.01416015625
2.894775390625,1.4295654296875,1.69677734375,5.43212890625,-48.095703125,-0.9765625
3.392333984375,-0.16845703125,1.74072265625,-6.77490234375,-37.04833984375,-2.01416015625
3.71142578125,-1.387939453125,1.7637939453125,-3.11279296875,-32.1044921875,-2.86865234375
3.5634765625,-2.148681640625,1.5654296875,5.31005859375,-29.23583984375,-3.23486328125
3.1419677734375,-1.5350341796875,1.5118408203125,12.8173828125,-29.4189453125,-3.2958984375
2.6959228515625,-0.70751953125,1.40283203125,20.1416015625,-29.23583984375,-2.99072265625
2.0340576171875,-0.7025146484375,1.232421875,24.71923828125,-26.55029296875,-2.13623046875
-0.4580078125,-0.191650390625,1.139404296875,24.169921875,-22.52197265625,-1.52587890625
-1.0682373046875,-0.1611328125,1.055908203125,20.81298828125,-17.2119140625,-1.5869140625
-0.627685546875,-0.4356689453125,1.0186767578125,13.97705078125,-12.0849609375,-2.86865234375
0.856689453125,-0.4959716796875,0.9879150390625,4.82177734375,-8.72802734375,-2.99072265625
0.7762451171875,0.019775390625,0.994384765625,-1.8310546875,-7.99560546875,-2.86865234375
0.756103515625,-0.1207275390625,0.973388671875,-6.28662109375,-8.72802734375,-3.23486328125
0.9404296875,-0.4061279296875,0.9530029296875,-8.72802734375,-8.1787109375,-4.08935546875
1.2696533203125,-0.3763427734375,0.9781494140625,-4.82177734375,-9.033203125,-5.06591796875
0.8228759765625,-0.250244140625,0.961669921875,-0.6103515625,-10.92529296875,-6.103515625
0.82470703125,-0.2794189453125,0.9619140625,1.708984375,-12.02392578125,-6.8359375
0.658447265625,-0.20703125,0.9647216796875,3.35693359375,-12.39013671875,-6.34765625
0.4285888671875,-0.175048828125,0.97314453125,4.08935546875,-11.90185546875,-5.4931640625
0.4033203125,-0.1651611328125,0.9580078125,4.0283203125,-11.41357421875,-5.2490234375
0.38720703125,-0.135986328125,0.9637451171875,2.8076171875,-10.07080078125,-5.67626953125
0.284912109375,-0.131591796875,0.96337890625,0.18310546875,-9.27734375,-6.591796875
0.244140625,-0.138916015625,0.964111328125,-2.86865234375,-9.46044921875,-8.85009765625
0.2061767578125,-0.139892578125,0.9608154296875,-3.5400390625,-10.498046875,-10.009765625
0.1669921875,-0.1593017578125,0.9603271484375,-3.662109375,-11.71875,-11.04736328125
0.166015625,-0.1875,0.96484375,-3.84521484375,-13.48876953125,-11.962890625
0.191162109375,-0.234375,0.978515625,-4.57763671875,-14.16015625,-12.75634765625
0.1923828125,-0.225341796875,0.968017578125,-7.568359375,-14.46533203125,-13.5498046875
0.1961669921875,-0.23388671875,0.956787109375,-9.21630859375,-15.80810546875,-14.16015625
0.2244873046875,-0.2347412109375,0.94970703125,-10.25390625,-18.00537109375,-13.671875
0.209228515625,-0.21826171875,0.9500732421875,-10.8642578125,-20.81298828125,-13.73291015625
0.1875,-0.2120361328125,0.941650390625,-11.65771484375,-23.62060546875,-13.36669921875
0.1851806640625,-0.185302734375,0.9530029296875,-11.65771484375,-29.1748046875,-12.75634765625
0.1846923828125,-0.1708984375,0.9588623046875,-11.8408203125,-29.9072265625,-12.14599609375
0.1849365234375,-0.1998291015625,0.9510498046875,-11.90185546875,-30.45654296875,-12.5732421875
0.1678466796875,-0.2078857421875,0.958984375,-12.51220703125,-31.6162109375,-12.51220703125
0.17626953125,-0.2174072265625,0.9500732421875,-12.8173828125,-34.11865234375,-11.65771484375
0.1893310546875,-0.21630859375,0.96337890625,-14.2822265625,-38.02490234375,-13.00048828125
0.1962890625,-0.2105712890625,0.969970703125,-17.63916015625,-43.8232421875,-15.19775390625
0.1978759765625,-0.2020263671875,0.969482421875,-19.95849609375,-49.25537109375,-19.83642578125
0.2064208984375,-0.20703125,0.9610595703125,-23.681640625,-56.884765625,-24.96337890625
0.2049560546875,-0.2147216796875,0.97021484375,-29.052734375,-64.75830078125,-31.8603515625
0.197021484375,-0.2113037109375,0.9837646484375,-34.72900390625,-73.2421875,-33.935546875
0.1859130859375,-0.2100830078125,0.9698486328125,-39.306640625,-82.58056640625,-35.15625
0.1881103515625,-0.203125,0.9814453125,-41.93115234375,-92.8955078125,-33.63037109375
0.1885986328125,-0.2034912109375,0.97216796875,-43.9453125,-106.14013671875,-14.83154296875
0.1925048828125,-0.2083740234375,0.998046875,-47.9736328125,-138.61083984375,7.50732421875
0.201171875,-0.2093505859375,1.008056640625,-53.5888671875,-172.36328125,-10.68115234375
0.1898193359375,-0.1998291015625,1.0343017578125,-44.00634765625,-262.20703125,-71.35009765625
0.183837890625,-0.1856689453125,1.0762939453125,-35.94970703125,-298.33984375,-125.18310546875
0.18994140625,-0.2064208984375,1.14208984375,-41.3818359375,-358.0322265625,-158.69140625
0.1832275390625,-0.208984375,1.3892822265625,-34.0576171875,-423.64501953125,-218.20068359375
0.2125244140625,-0.2020263671875,1.2047119140625,-64.3310546875,-465.51513671875,-150.69580078125
0.2281494140625,-0.242431640625,1.1793212890625,-102.5390625,-487.48779296875,-132.080078125
0.2384033203125,-0.266357421875,1.07861328125,-111.51123046875,-479.30908203125,-99.79248046875
0.2275390625,-0.3104248046875,1.5316162109375,-109.2529296875,-281.06689453125,-64.51416015625
0.226806640625,-0.3507080078125,1.9215087890625,-119.44580078125,-47.119140625,-47.8515625
0.228759765625,-0.302490234375,2.447509765625,66.22314453125,84.53369140625,-27.52685546875
0.22705078125,-0.34814453125,2.31103515625,92.59033203125,172.79052734375,-9.6435546875
0.2503662109375,-0.3170166015625,2.197265625,58.2275390625,177.6123046875,9.58251953125
0.21728515625,-0.399658203125,3.1458740234375,51.57470703125,185.85205078125,43.15185546875
0.2235107421875,-0.2996826171875,3.99951171875,60.72998046875,200.439453125,68.78662109375
0.2098388671875,-0.2681884765625,3.99951171875,53.8330078125,221.5576171875,71.2890625
0.3671875,-0.447998046875,3.6673583984375,35.82763671875,271.30126953125,69.15283203125
0.3572998046875,-0.663818359375,1.1727294921875,20.32470703125,305.0537109375,65.4296875
0.456298828125,-0.9156494140625,0.7996826171875,13.7939453125,302.001953125,62.31689453125
0.4781494140625,-0.843994140625,0.7587890625,20.5078125,292.48046875,58.89892578125
0.44775390625,-0.5435791015625,0.9825439453125,17.822265625,283.14208984375,54.01611328125
0.2813720703125,-0.99365234375,1.3388671875,11.23046875,278.564453125,46.69189453125
-0.541748046875,-2.004638671875,1.45849609375,0.3662109375,279.23583984375,36.19384765625
-0.356201171875,-0.7430419921875,0.788818359375,-5.92041015625,284.60693359375,37.65869140625
0.0052490234375,-1.214599609375,0.6680908203125,-7.080078125,289.85595703125,42.90771484375
0.373779296875,-0.540771484375,0.7332763671875,-1.64794921875,294.43359375,49.4384765625
0.2919921875,-0.2987060546875,0.9620361328125,7.01904296875,289.24560546875,56.640625
-0.71630859375,-0.1949462890625,1.27294921875,10.498046875,278.13720703125,66.0400390625
0.488525390625,-0.228271484375,1.520751953125,8.23974609375,264.95361328125,78.43017578125
3.6185302734375,-0.3614501953125,1.6409912109375,10.8642578125,251.953125,94.6044921875
-0.4481201171875,-0.354736328125,1.60205078125,14.70947265625,240.1123046875,113.09814453125
-0.447265625,-0.0035400390625,1.3837890625,14.58740234375,231.5673828125,137.6953125
-0.887939453125,0.13427734375,1.3846435546875,10.31494140625,228.515625,145.751953125
-0.6387939453125,0.192138671875,1.432861328125,6.28662109375,229.98046875,152.7099609375
-0.4805908203125,0.1641845703125,1.5277099609375,10.8642578125,231.5673828125,158.203125
-0.32080078125,0.07666015625,1.6787109375,23.86474609375,234.130859375,160.15625
-0.2108154296875,-0.0047607421875,1.823486328125,58.16650390625,233.7646484375,139.2822265625
0.07421875,-0.0406494140625,2.010986328125,57.6171875,229.30908203125,107.421875
0.1759033203125,-0.037841796875,2.200927734375,40.83251953125,221.25244140625,55.96923828125
0.262451171875,-0.1673583984375,2.3497314453125,18.00537109375,180.2978515625,-0.1220703125
0.333984375,-0.302490234375,2.30810546875,3.0517578125,158.50830078125,-41.44287109375
0.383544921875,-0.4132080078125,1.7689208984375,-5.4931640625,110.16845703125,-74.951171875
0.461669921875,-0.522705078125,1.4697265625,-25.390625,56.09130859375,-139.2822265625
0.543701171875,-0.641357421875,1.2752685546875,-31.55517578125,0.732421875,-127.38037109375
0.62939453125,-0.7462158203125,1.0589599609375,-25.20751953125,-78.125,-100.15869140625
0.67578125,-0.877685546875,0.2467041015625,-18.73779296875,-219.482421875,-70.556640625
0.5892333984375,-1.0382080078125,0.091552734375,17.9443359375,-229.06494140625,-19.47021484375
0.5318603515625,-1.2047119140625,-0.39013671875,-8.30078125,-259.46044921875,-13.18359375
0.4964599609375,-1.1982421875,-0.78564453125,-21.54541015625,-270.263671875,-25.20751953125
0.49609375,-0.845703125,-0.9705810546875,-108.09326171875,-259.3994140625,-26.67236328125
0.546630859375,-0.691162109375,-0.08642578125,-58.89892578125,-258.544921875,-17.4560546875
0.6527099609375,-0.6533203125,0.3741455078125,-62.6220703125,-244.68994140625,-11.71875
0.7967529296875,-0.604248046875,3.06884765625,-56.82373046875,-216.12548828125,-15.19775390625
0.9796142578125,0.25634765625,2.1629638671875,-16.05224609375,-204.9560546875,-22.76611328125
1.1058349609375,0.4423828125,0.7509765625,-17.63916015625,-202.08740234375,-28.076171875
1.3079833984375,0.497802734375,1.7327880859375,-21.97265625,-184.87548828125,-21.17919921875
1.701416015625,0.1861572265625,3.1138916015625,-3.47900390625,-152.03857421875,-12.20703125
1.8885498046875,-0.30712890625,2.26318359375,13.7939453125,-106.14013671875,-11.16943359375
2.10205078125,-1.0140380859375,1.4591064453125,16.78466796875,-85.63232421875,-7.87353515625
2.3033447265625,0.235595703125,1.5406494140625,0.91552734375,-60.791015625,-4.94384765625
2.904296875,-1.2762451171875,1.73828125,-17.333984375,-42.29736328125,-4.57763671875
3.2264404296875,-1.9356689453125,1.68408203125,-11.65771484375,-33.69140625,-3.2958984375
3.448974609375,-0.94873046875,1.9127197265625,-17.02880859375,-27.587890625,-3.11279296875
3.2679443359375,-0.125,1.54541015625,-11.65771484375,-26.79443359375,-3.2958984375
2.9537353515625,-0.1119384765625,1.361328125,0.1220703125,-22.5830078125,-2.62451171875
2.043701171875,0.000244140625,1.133544921875,18.00537109375,-19.8974609375,-1.52587890625
-1.8153076171875,-0.3760986328125,1.1190185546875,18.1884765625,-17.08984375,-1.64794921875
-0.686279296875,-0.5888671875,1.1651611328125,14.7705078125,-11.77978515625,-3.0517578125
1.1390380859375,-0.80322265625,1.0296630859375,6.103515625,-7.568359375,-3.96728515625
1.1893310546875,-0.446533203125,1.0440673828125,-0.18310546875,-6.04248046875,-6.77490234375
0.742431640625,0.250244140625,0.9677734375,-7.38525390625,-5.37109375,-6.103515625
1.092529296875,-0.180908203125,0.9566650390625,-11.65771484375,-4.69970703125,-6.77490234375
1.056640625,-0.611572265625,0.96923828125,-11.77978515625,-7.87353515625,-7.6904296875
0.620361328125,-0.2349853515625,0.9517822265625,-6.89697265625,-7.6904296875,-7.2021484375
0.5382080078125,-0.092529296875,0.947998046875,-2.50244140625,-15.869140625,-5.859375
0.5791015625,-0.356689453125,0.9384765625,-6.9580078125,-15.2587890625,-4.94384765625
0.8419189453125,-0.301025390625,0.9140625,17.9443359375,-10.498046875,-6.7138671875
0.7471923828125,-0.18994140625,0.9490966796875,16.05224609375,-4.69970703125,-8.30078125
0.460205078125,-0.232421875,0.94873046875,5.4931640625,2.3193359375,-9.3994140625
0.2867431640625,-0.1300048828125,0.9576416015625,-11.962890625,2.50244140625,-10.92529296875
0.38427734375,-0.1864013671875,1.0035400390625,-33.8134765625,-3.0517578125,-11.3525390625
0.3453369140625,-0.1793212890625,0.89111328125,-42.3583984375,-9.521484375,-10.92529296875
0.2686767578125,-0.22412109375,0.869873046875,-38.57421875,-14.892578125,-10.8642578125
0.21142578125,-0.2738037109375,0.843017578125,-31.005859375,-18.00537109375,-11.474609375
0.2542724609375,-0.29736328125,0.9188232421875,-22.8271484375,-19.22607421875,-11.5966796875
0.20703125,-0.305908203125,0.9742431640625,-16.29638671875,-20.20263671875,-11.474609375
0.191650390625,-0.2523193359375,0.973388671875,-10.80322265625,-22.39990234375,-11.23046875
0.2442626953125,-0.2396240234375,0.9794921875,-7.6904296875,-24.0478515625,-9.58251953125
0.2381591796875,-0.2425537109375,0.9676513671875,-6.16455078125,-25.32958984375,-6.65283203125
0.1942138671875,-0.199462890625,0.973388671875,-6.53076171875,-27.099609375,-3.41796875
0.2227783203125,-0.1845703125,0.9591064453125,-8.4228515625,-27.9541015625,-1.28173828125
0.242919921875,-0.17724609375,0.9595947265625,-9.21630859375,-28.4423828125,-0.1220703125
0.212158203125,-0.2369384765625,0.9456787109375,-8.60595703125,-29.052734375,0.54931640625
0.173583984375,-0.2529296875,0.94287109375,-9.1552734375,-31.1279296875,1.46484375
0.2049560546875,-0.274658203125,0.953369140625,-10.68115234375,-34.1796875,2.685546875
0.2313232421875,-0.2894287109375,0.9627685546875,-12.26806640625,-38.75732421875,3.23486328125
0.221923828125,-0.2664794921875,0.953857421875,-14.83154296875,-44.43359375,1.953125
0.199462890625,-0.27392578125,0.9417724609375,-18.06640625,-50.537109375,-2.86865234375
0.1754150390625,-0.2589111328125,0.9466552734375,-21.6064453125,-56.7626953125,-12.0849609375
0.1663818359375,-0.2550048828125,0.927978515625,-24.59716796875,-63.78173828125,-16.357421875
0.1787109375,-0.25244140625,0.9376220703125,-24.35302734375,-71.2890625,-21.1181640625
0.1905517578125,-0.233154296875,0.929443359375,-26.611328125,-79.345703125,-24.169921875
0.1937255859375,-0.2464599609375,0.9498291015625,-29.052734375,-88.31787109375,8.056640625
0.2379150390625,-0.2518310546875,0.9749755859375,-31.67724609375,-99.54833984375,16.9677734375
0.2557373046875,-0.2373046875,0.9739990234375,-39.73388671875,-113.525390625,17.15087890625
0.251708984375,-0.2286376953125,1.0428466796875,-44.00634765625,-244.81201171875,-157.71484375
0.2257080078125,-0.2528076171875,1.0546875,-43.76220703125,-287.841796875,-185.97412109375
0.227294921875,-0.2486572265625,1.01513671875,-81.6650390625,-327.63671875,-194.03076171875
0.21533203125,-0.258544921875,1.0880126953125,-101.86767578125,-466.796875,-150.87890625
0.2156982421875,-0.25830078125,1.12109375,-128.60107421875,-493.7744140625,-113.95263671875
0.261474609375,-0.248046875,0.9693603515625,-132.4462890625,-483.154296875,-109.9853515625
0.269775390625,-0.2877197265625,1.167724609375,-161.0107421875,-372.55859375,-107.11669921875
0.271728515625,-0.294921875,1.255859375,-199.89013671875,58.16650390625,-96.19140625
0.26708984375,-0.401123046875,1.849365234375,-114.501953125,85.02197265625,-79.52880859375
0.242431640625,-0.3717041015625,1.77001953125,25.32958984375,136.29150390625,-44.37255859375
0.2379150390625,-0.346435546875,1.3192138671875,5.7373046875,150.93994140625,-23.49853515625
0.23779296875,-0.460693359375,2.1146240234375,37.2314453125,153.80859375,-3.0517578125
0.2420654296875,-0.3916015625,3.986572265625,70.73974609375,194.3359375,16.17431640625
0.2568359375,-0.1689453125,3.99951171875,104.67529296875,221.13037109375,46.81396484375
0.242919921875,-0.218505859375,2.6390380859375,101.01318359375,245.849609375,55.23681640625
0.3026123046875,0.004150390625,1.610595703125,85.38818359375,260.68115234375,55.419921875
0.2216796875,-0.5791015625,1.1722412109375,72.3876953125,265.68603515625,50.23193359375
0.2801513671875,-0.181640625,1.13232421875,66.58935546875,265.13671875,39.55078125
0.587158203125,-0.2103271484375,1.195556640625,70.25146484375,267.51708984375,0.54931640625
0.432861328125,-0.2315673828125,1.1026611328125,66.650390625,273.74267578125,11.8408203125
0.1798095703125,-0.9334716796875,0.93603515625,53.8330078125,282.40966796875,23.01025390625
0.3511962890625,-0.79638671875,0.799072265625,50.048828125,310.60791015625,35.888671875
-0.5738525390625,-0.864013671875,0.733642578125,46.20361328125,310.1806640625,51.57470703125
0.0400390625,-0.763427734375,0.7825927734375,24.5361328125,300.10986328125,71.71630859375
-0.980224609375,-0.576171875,1.1607666015625,8.9111328125,289.97802734375,94.78759765625
0.4564208984375,-0.4613037109375,1.3804931640625,14.5263671875,280.33447265625,117.0654296875
0.0743408203125,-0.37060546875,1.4161376953125,23.86474609375,272.76611328125,135.25390625
2.3140869140625,-0.431884765625,1.4947509765625,35.15625,267.39501953125,149.35302734375
-0.493896484375,-0.4720458984375,1.7796630859375,42.96875,262.939453125,160.70556640625
-0.6922607421875,-0.474853515625,1.970458984375,45.2880859375,261.77978515625,172.66845703125
-0.899169921875,-0.25439453125,2.15478515625,43.64013671875,265.7470703125,182.92236328125
-0.658447265625,-0.1265869140625,2.2333984375,40.1611328125,271.05712890625,187.43896484375
-0.44873046875,0.0181884765625,2.2181396484375,31.18896484375,270.32470703125,183.10546875
-0.194580078125,-0.0130615234375,2.177001953125,17.39501953125,257.32421875,156.73828125
-0.1541748046875,0.0189208984375,2.189453125,0.0,234.43603515625,98.57177734375
-0.1602783203125,-0.3262939453125,2.2799072265625,-17.08984375,204.58984375,26.2451171875
-0.1678466796875,-0.62939453125,2.23193359375,-27.9541015625,173.33984375,-28.4423828125
-0.007080078125,-0.7965087890625,1.9443359375,-28.564453125,129.33349609375,-70.00732421875
0.10205078125,-1.009765625,1.5618896484375,-16.17431640625,83.92333984375,-67.93212890625
0.34716796875,-1.1834716796875,1.1817626953125,-17.88330078125,15.31982421875,-70.25146484375
0.423095703125,-1.302001953125,0.8009033203125,-39.12353515625,-48.88916015625,-75.01220703125
0.5291748046875,-1.3175048828125,0.4749755859375,-48.583984375,-116.51611328125,-106.3232421875
0.5677490234375,-1.3135986328125,0.08837890625,-33.14208984375,-114.31884765625,-87.7685546875
0.521484375,-1.3607177734375,-0.829833984375,2.62451171875,-138.7939453125,-62.07275390625
0.5751953125,-1.364990234375,-1.137939453125,5.2490234375,-143.61572265625,-1.708984375
0.69140625,-1.1707763671875,-1.2022705078125,-40.0390625,-248.6572265625,20.56884765625
0.795654296875,-0.9544677734375,-0.7197265625,-70.49560546875,-286.4990234375,-28.62548828125
0.896240234375,-0.7667236328125,1.0806884765625,-86.3037109375,-265.9912109375,-23.86474609375
1.0208740234375,-0.516357421875,0.635986328125,-37.29248046875,-280.33447265625,-8.6669921875
1.24853515625,-0.1572265625,1.9019775390625,-38.9404296875,-233.21533203125,-3.173828125
1.582763671875,0.398193359375,0.217529296875,-13.97705078125,-194.82421875,-17.822265625
1.8857421875,0.773193359375,-0.566650390625,-30.70068359375,-169.3115234375,-19.53125
2.0606689453125,0.7176513671875,1.3330078125,-40.83251953125,-148.0712890625,-14.0380859375
2.25146484375,0.05224609375,2.348876953125,-15.56396484375,-112.4267578125,-15.80810546875
2.55029296875,-0.7244873046875,2.249267578125,2.86865234375,-84.41162109375,-16.41845703125
2.920654296875,-1.033935546875,2.036376953125,-1.52587890625,-71.35009765625,-12.451171875
3.3768310546875,1.0863037109375,1.682373046875,-17.02880859375,-62.19482421875,-10.986328125
3.880126953125,-0.6846923828125,1.5491943359375,-13.427734375,-53.40576171875,-9.27734375
3.99560546875,-0.712646484375,1.8187255859375,-3.72314453125,-46.38671875,-8.056640625
3.6700439453125,-1.1253662109375,1.415771484375,-3.84521484375,-42.90771484375,-6.53076171875
3.1678466796875,-1.262939453125,1.31005859375,5.4931640625,-32.40966796875,-5.92041015625
2.730224609375,-0.461181640625,1.390869140625,15.0146484375,-27.40478515625,-6.53076171875
1.845458984375,0.635498046875,1.13134765625,13.36669921875,-22.15576171875,-8.4228515625
-2.317626953125,0.1444091796875,1.101318359375,11.16943359375,-17.333984375,-10.6201171875
-2.7880859375,-1.142822265625,1.1202392578125,6.04248046875,-13.00048828125,-13.97705078125
-1.5211181640625,-0.6317138671875,1.0400390625,-1.708984375,-9.8876953125,-13.85498046875
0.9871826171875,-0.0147705078125,1.013671875,-9.3994140625,-8.36181640625,-10.55908203125
0.9482421875,0.130859375,0.9931640625,-14.58740234375,-9.70458984375,-9.46044921875
0.6397705078125,-0.857421875,0.953125,-16.78466796875,-11.1083984375,-9.33837890625
0.928955078125,-0.570068359375,0.9403076171875,-16.2353515625,-15.2587890625,-9.82666015625
1.0601806640625,-0.096923828125,0.947998046875,-12.87841796875,-16.7236328125,-11.04736328125
0.4989013671875,-0.3287353515625,0.9383544921875,-3.47900390625,-16.66259765625,-11.65771484375
0.58203125,-0.36279296875,0.9302978515625,-0.79345703125,-16.66259765625,-12.02392578125
0.95703125,-0.210693359375,0.9625244140625,-0.54931640625,-15.93017578125,-12.20703125
0.4605712890625,-0.1995849609375,0.9615478515625,-2.44140625,-15.13671875,-12.20703125
0.2049560546875,-0.1619873046875,0.9619140625,-5.9814453125,-14.09912109375,-11.71875
0.244140625,-0.1429443359375,0.9459228515625,-8.72802734375,-13.00048828125,-10.498046875
0.27783203125,-0.1793212890625,0.9454345703125,-10.43701171875,-11.41357421875,-9.033203125
0.285888671875,-0.2509765625,0.939208984375,-11.71875,-10.8642578125,-7.38525390625
0.2117919921875,-0.2783203125,0.938232421875,-11.962890625,-10.68115234375,-4.82177734375
0.2381591796875,-0.278076171875,0.9498291015625,-12.14599609375,-10.8642578125,-2.44140625
0.260986328125,-0.2735595703125,0.9468994140625,-11.1083984375,-12.02392578125,-1.5869140625
0.263671875,-0.2520751953125,0.9486083984375,-9.765625,-12.5732421875,-0.732421875
0.24462890625,-0.253173828125,0.9412841796875,-8.30078125,-12.451171875,0.244140625
0.224609375,-0.2413330078125,0.9483642578125,-8.36181640625,-13.12255859375,0.9765625
0.2109375,-0.2467041015625,0.9447021484375,-9.33837890625,-14.404296875,1.220703125
0.203369140625,-0.2391357421875,0.949951171875,-10.19287109375,-15.56396484375,1.64794921875
0.2044677734375,-0.244873046875,0.939208984375,-11.90185546875,-17.08984375,1.708984375
0.2181396484375,-0.2484130859375,0.9388427734375,-13.73291015625,-20.1416015625,1.15966796875
0.2320556640625,-0.2431640625,0.9361572265625,-14.58740234375,-22.5830078125,1.03759765625
0.2440185546875,-0.2530517578125,0.9327392578125,-15.5029296875,-26.7333984375,0.1220703125
0.2454833984375,-0.2537841796875,0.9276123046875,-17.88330078125,-32.04345703125,-0.8544921875
0.22998046875,-0.2554931640625,0.9365234375,-20.69091796875,-37.53662109375,-1.5869140625
0.2408447265625,-0.2540283203125,0.9359130859375,-23.3154296875,-43.45703125,-4.45556640625
0.226806640625,-0.2503662109375,0.927490234375,-26.2451171875,-50.35400390625,-10.25390625
0.248779296875,-0.2447509765625,0.9278564453125,-29.11376953125,-56.94580078125,-10.68115234375
0.257080078125,-0.24072265625,0.931396484375,-29.96826171875,-65.24658203125,-11.29150390625
0.265869140625,-0.2559814453125,0.9461669921875,-32.2265625,-71.83837890625,-12.8173828125
0.2611083984375,-0.2459716796875,0.94775390625,-34.11865234375,-81.60400390625,-15.380859375
0.2640380859375,-0.24462890625,0.97119140625,-31.31103515625,-88.9892578125,-8.36181640625
0.2669677734375,-0.2515869140625,0.9757080078125,-37.65869140625,-96.86279296875,27.64892578125
0.26611328125,-0.2689208984375,1.02197265625,-35.5224609375,-105.95703125,17.15087890625
0.26611328125,-0.2554931640625,1.0072021484375,-42.3583984375,-150.634765625,-23.3154296875
0.27490234375,-0.2535400390625,0.966796875,-32.958984375,-270.8740234375,-78.857421875
0.246337890625,-0.272216796875,1.1480712890625,-49.01123046875,-301.3916015625,-113.037109375
0.2486572265625,-0.27685546875,1.110595703125,-113.09814453125,-354.736328125,-139.34326171875
0.25048828125,-0.2919921875,1.119873046875,-138.0615234375,-407.65380859375,-153.9306640625
0.2462158203125,-0.318359375,1.2203369140625,-158.203125,-439.208984375,-168.9453125
0.2481689453125,-0.291259765625,1.2100830078125,-158.63037109375,-450.0732421875,-151.55029296875
0.239990234375,-0.3663330078125,1.2603759765625,-138.36669921875,-470.8251953125,-102.96630859375
0.241455078125,-0.460205078125,1.6341552734375,-112.36572265625,-468.1396484375,-103.759765625
0.2283935546875,-0.3192138671875,2.181640625,-116.2109375,-424.31640625,-83.55712890625
0.25927734375,-0.4520263671875,2.21826171875,-157.958984375,-214.35546875,-82.275390625
0.2442626953125,-0.3106689453125,2.0626220703125,-135.80322265625,-2.25830078125,-76.84326171875
0.252197265625,-0.306640625,1.4490966796875,-32.16552734375,109.86328125,-70.73974609375
0.23291015625,-0.181884765625,1.099853515625,-7.50732421875,140.9912109375,-62.744140625
0.32373046875,0.1151123046875,1.7745361328125,7.62939453125,174.8046875,-54.99267578125
0.352294921875,-0.18310546875,2.6251220703125,9.8876953125,164.1845703125,-42.78564453125
0.2242431640625,-0.50732421875,3.99951171875,37.78076171875,156.8603515625,-27.52685546875
0.534423828125,-0.8109130859375,3.99951171875,69.4580078125,156.73828125,-9.33837890625
