0.381103515625,-0.244140625,0.91064453125,-0.06103515625,-0.6103515625,0.0
0.3798828125,-0.243896484375,0.9105224609375,-0.06103515625,-0.54931640625,0.06103515625
0.3787841796875,-0.2440185546875,0.91064453125,-0.06103515625,-0.48828125,0.06103515625
0.3792724609375,-0.2445068359375,0.91162109375,-0.06103515625,-0.48828125,0.06103515625
0.378662109375,-0.244873046875,0.9112548828125,-0.06103515625,-0.42724609375,0.06103515625
0.3773193359375,-0.244384765625,0.91015625,-0.06103515625,-0.3662109375,0.06103515625
0.378662109375,-0.2435302734375,0.909423828125,-0.06103515625,-0.30517578125,0.06103515625
0.3802490234375,-0.24462890625,0.909912109375,-0.1220703125,-0.244140625,0.06103515625
0.3800048828125,-0.2451171875,0.9105224609375,-0.1220703125,-0.3662109375,0.1220703125
0.38037109375,-0.244384765625,0.91015625,-0.06103515625,-0.42724609375,0.06103515625
0.3804931640625,-0.244140625,0.910400390625,-0.18310546875,-0.42724609375,0.06103515625
0.380859375,-0.243896484375,0.9100341796875,-0.18310546875,-0.48828125,0.1220703125
0.3812255859375,-0.2440185546875,0.90966796875,-0.244140625,-0.54931640625,0.0
0.3807373046875,-0.2445068359375,0.9100341796875,-0.30517578125,-0.54931640625,0.06103515625
0.381103515625,-0.244140625,0.9107666015625,-0.30517578125,-0.54931640625,0.1220703125
0.380859375,-0.24365234375,0.91064453125,-0.30517578125,-0.48828125,0.06103515625
0.3804931640625,-0.2442626953125,0.9110107421875,-0.244140625,-0.48828125,0.0
0.38134765625,-0.2431640625,0.910888671875,-0.3662109375,-0.48828125,0.0
0.380126953125,-0.2423095703125,0.910400390625,-0.3662109375,-0.42724609375,0.0
0.3778076171875,-0.24365234375,0.909423828125,-0.30517578125,-0.54931640625,0.06103515625
0.378173828125,-0.2442626953125,0.9102783203125,-0.30517578125,-0.42724609375,0.1220703125
0.37841796875,-0.2437744140625,0.9102783203125,-0.30517578125,-0.48828125,0.06103515625
0.37841796875,-0.243408203125,0.90966796875,-0.42724609375,-0.42724609375,0.06103515625
0.3797607421875,-0.24365234375,0.9093017578125,-0.3662109375,-0.42724609375,0.06103515625
0.3795166015625,-0.242919921875,0.9085693359375,-0.3662109375,-0.42724609375,0.06103515625
0.3792724609375,-0.2445068359375,0.909423828125,-0.3662109375,-0.42724609375,0.0
0.381103515625,-0.2447509765625,0.910888671875,-0.30517578125,-0.42724609375,0.06103515625
0.380859375,-0.2464599609375,0.9102783203125,-0.30517578125,-0.42724609375,0.06103515625
0.379638671875,-0.2447509765625,0.91015625,-0.3662109375,-0.6103515625,0.06103515625
0.37890625,-0.2430419921875,0.9102783203125,-0.30517578125,-0.54931640625,0.06103515625
0.379150390625,-0.243896484375,0.9100341796875,-0.42724609375,-0.48828125,0.06103515625
0.380859375,-0.2442626953125,0.9095458984375,-0.42724609375,-0.42724609375,0.1220703125
0.3814697265625,-0.2440185546875,0.9095458984375,-0.3662109375,-0.42724609375,0.244140625
0.38134765625,-0.2437744140625,0.909912109375,-0.3662109375,-0.3662109375,0.3662109375
0.3812255859375,-0.24462890625,0.910400390625,-0.42724609375,-0.30517578125,0.3662109375
0.38134765625,-0.2449951171875,0.91064453125,-0.3662109375,-0.1220703125,0.9765625
0.38037109375,-0.244384765625,0.9097900390625,-0.3662109375,0.18310546875,1.8310546875
0.3802490234375,-0.24365234375,0.9093017578125,-0.67138671875,0.48828125,2.13623046875
0.380859375,-0.24462890625,0.909423828125,-1.52587890625,1.220703125,3.47900390625
0.3792724609375,-0.2452392578125,0.908935546875,-2.0751953125,2.13623046875,4.94384765625
0.3817138671875,-0.2451171875,0.9068603515625,-3.90625,2.8076171875,6.40869140625
0.3812255859375,-0.2445068359375,0.9090576171875,-5.67626953125,4.45556640625,8.11767578125
0.381103515625,-0.2435302734375,0.911865234375,-7.568359375,6.16455078125,10.07080078125
0.381591796875,-0.2431640625,0.9144287109375,-9.765625,9.21630859375,11.1083984375
0.3822021484375,-0.247802734375,0.92041015625,-12.26806640625,12.02392578125,9.3994140625
0.3826904296875,-0.245849609375,0.9259033203125,-13.5498046875,14.404296875,8.1787109375
0.387451171875,-0.233154296875,0.9359130859375,-12.939453125,16.845703125,8.30078125
0.392822265625,-0.2352294921875,0.951171875,-10.986328125,17.76123046875,8.23974609375
0.392578125,-0.2257080078125,0.9483642578125,-10.009765625,21.66748046875,8.056640625
0.3955078125,-0.217529296875,0.9442138671875,-11.16943359375,28.80859375,5.4931640625
0.3922119140625,-0.2386474609375,0.944580078125,-12.26806640625,34.7900390625,4.39453125
0.3980712890625,-0.265869140625,0.9581298828125,-14.22119140625,37.7197265625,5.9814453125
0.420654296875,-0.2796630859375,0.99267578125,-14.892578125,38.57421875,6.9580078125
0.44140625,-0.2705078125,0.9962158203125,-14.22119140625,37.2314453125,5.67626953125
0.459716796875,-0.302490234375,0.9881591796875,-11.8408203125,34.423828125,4.39453125
0.4627685546875,-0.300048828125,0.9676513671875,-10.55908203125,29.35791015625,-2.50244140625
0.468994140625,-0.25048828125,0.935791015625,-10.19287109375,23.92578125,-4.39453125
0.4478759765625,-0.255859375,0.9310302734375,-7.2021484375,19.4091796875,-6.34765625
0.42431640625,-0.267822265625,0.885009765625,-6.04248046875,-4.57763671875,-7.87353515625
0.4385986328125,-0.2581787109375,0.8812255859375,-4.21142578125,-10.43701171875,-14.09912109375
0.441162109375,-0.23291015625,0.8531494140625,10.3759765625,-15.68603515625,-18.00537109375
0.411865234375,-0.2713623046875,0.8232421875,13.73291015625,-20.263671875,-42.48046875
0.3656005859375,-0.2957763671875,0.8292236328125,16.29638671875,-51.08642578125,-70.9228515625
0.34716796875,-0.2916259765625,0.841552734375,17.02880859375,-58.28857421875,-99.609375
0.2784423828125,-0.27978515625,0.84326171875,9.27734375,-80.62744140625,-110.29052734375
0.2440185546875,-0.3021240234375,0.8563232421875,7.6904296875,-90.8203125,-122.98583984375
0.208251953125,-0.2880859375,0.8699951171875,-3.72314453125,-92.1630859375,-130.67626953125
0.1849365234375,-0.263427734375,0.88134765625,-43.701171875,-86.48681640625,-101.13525390625
0.178955078125,-0.2613525390625,0.9420166015625,-63.4765625,-82.51953125,-84.47265625
0.1917724609375,-0.2623291015625,1.232177734375,-93.56689453125,-72.93701171875,-68.54248046875
0.191650390625,-0.3072509765625,1.518310546875,-74.64599609375,-24.47509765625,-50.048828125
0.1932373046875,-0.351318359375,1.48681640625,-16.17431640625,-4.33349609375,14.7705078125
0.1885986328125,-0.01611328125,1.538818359375,3.60107421875,7.6904296875,36.62109375
0.1123046875,0.1087646484375,1.80126953125,-9.8876953125,17.39501953125,60.4248046875
0.136474609375,-0.0291748046875,1.83251953125,-9.1552734375,47.30224609375,83.19091796875
0.1314697265625,-0.5234375,1.5291748046875,-4.08935546875,59.99755859375,104.248046875
0.191650390625,-1.2823486328125,1.314697265625,-8.36181640625,75.86669921875,136.16943359375
0.196044921875,-1.41064453125,1.1787109375,-12.939453125,96.49658203125,143.98193359375
0.17041015625,-0.568359375,1.0955810546875,-20.69091796875,118.7744140625,146.97265625
-0.0103759765625,-0.6898193359375,1.2403564453125,-27.52685546875,147.4609375,146.1181640625
-0.245361328125,-0.76904296875,1.4647216796875,-32.470703125,149.7802734375,133.85009765625
-0.7823486328125,-0.7149658203125,1.692626953125,-33.26416015625,143.9208984375,124.1455078125
-1.074951171875,-0.4696044921875,1.836669921875,-26.4892578125,134.1552734375,102.783203125
-1.2972412109375,-0.46875,1.8734130859375,-17.39501953125,107.91015625,88.7451171875
-1.4150390625,-0.4876708984375,1.677001953125,-9.033203125,95.39794921875,86.0595703125
-1.3096923828125,-0.4820556640625,1.5257568359375,7.2021484375,78.30810546875,83.3740234375
-1.0810546875,-0.4482421875,1.38330078125,15.7470703125,85.75439453125,68.78662109375
-0.815673828125,-0.4520263671875,1.2501220703125,28.50341796875,94.05517578125,57.0068359375
-0.5667724609375,-0.474365234375,1.093505859375,34.912109375,103.08837890625,45.95947265625
-0.3460693359375,-0.4769287109375,1.0806884765625,29.23583984375,105.3466796875,32.5927734375
-0.045166015625,-0.4593505859375,1.173583984375,21.30126953125,94.970703125,2.9296875
0.0614013671875,-0.4388427734375,1.25,16.845703125,81.11572265625,-12.39013671875
0.1805419921875,-0.4625244140625,1.1927490234375,18.61572265625,65.673828125,-27.64892578125
0.3106689453125,-0.489013671875,1.048828125,13.36669921875,32.470703125,-41.3818359375
0.574951171875,-0.4656982421875,0.597412109375,8.9111328125,10.498046875,-52.79541015625
0.69287109375,-0.3133544921875,0.352783203125,-3.5400390625,-14.7705078125,-63.41552734375
0.9351806640625,-0.2474365234375,0.1043701171875,-3.96728515625,-46.7529296875,-61.4013671875
1.078857421875,-0.1339111328125,-0.114990234375,2.0751953125,-78.55224609375,-99.67041015625
1.238525390625,-0.0509033203125,-0.3955078125,11.23046875,-104.55322265625,-79.16259765625
1.3006591796875,0.015380859375,-0.4786376953125,22.39990234375,-121.826171875,-33.75244140625
1.3662109375,0.0648193359375,-0.537841796875,44.677734375,-100.2197265625,-36.80419921875
1.427734375,0.0716552734375,-0.5374755859375,42.66357421875,-142.333984375,-27.28271484375
1.509765625,-0.093017578125,-0.4276123046875,28.076171875,-170.7763671875,-12.75634765625
1.6151123046875,-0.178466796875,0.2510986328125,-14.6484375,-147.27783203125,-0.30517578125
1.7308349609375,-0.2716064453125,1.2874755859375,-10.43701171875,-121.09375,-4.638671875
1.81591796875,-0.3875732421875,1.6092529296875,-41.93115234375,-111.87744140625,-13.36669921875
1.74267578125,-0.0184326171875,0.1239013671875,-34.912109375,-97.22900390625,-12.939453125
1.6798095703125,-0.5169677734375,0.60009765625,-6.65283203125,-88.07373046875,-5.126953125
1.677490234375,-1.278076171875,1.6455078125,7.01904296875,-66.83349609375,-2.62451171875
-0.020263671875,-0.699951171875,1.4111328125,25.0244140625,-41.68701171875,0.48828125
-0.8726806640625,-0.4947509765625,1.12646484375,20.3857421875,-26.55029296875,1.708984375
-0.82275390625,-0.0089111328125,0.840087890625,21.240234375,-15.7470703125,1.89208984375
0.15234375,-0.87255859375,1.1751708984375,17.7001953125,-10.43701171875,3.35693359375
0.8018798828125,-1.246826171875,1.533447265625,11.23046875,-7.9345703125,4.94384765625
1.1527099609375,-0.7872314453125,1.2386474609375,4.08935546875,-6.8359375,5.126953125
0.9248046875,-0.0902099609375,0.962646484375,3.11279296875,-4.638671875,5.0048828125
0.5726318359375,0.24853515625,1.082763671875,1.77001953125,-3.662109375,4.5166015625
0.3226318359375,-0.1353759765625,1.027099609375,-1.64794921875,-5.2490234375,3.90625
0.6292724609375,-0.650390625,0.9659423828125,-2.74658203125,-6.89697265625,3.60107421875
0.8914794921875,-0.172119140625,0.9591064453125,-2.99072265625,-6.2255859375,1.953125
0.6729736328125,-0.226318359375,0.9512939453125,-2.685546875,-3.90625,1.64794921875
0.473876953125,-0.3341064453125,0.932861328125,-2.99072265625,-2.0751953125,1.40380859375
0.4791259765625,-0.281005859375,0.9189453125,-3.23486328125,-2.62451171875,1.220703125
0.44677734375,-0.2445068359375,0.914306640625,-3.84521484375,-3.173828125,0.6103515625
0.3814697265625,-0.2568359375,0.9295654296875,-4.94384765625,-4.21142578125,0.1220703125
0.373291015625,-0.2557373046875,0.9241943359375,-5.43212890625,-5.9814453125,-0.732421875
0.37548828125,-0.2513427734375,0.9248046875,-5.37109375,-5.4931640625,-1.8310546875
0.34716796875,-0.287841796875,0.9149169921875,-4.150390625,-8.30078125,-3.0517578125
0.3243408203125,-0.296142578125,0.9072265625,-3.41796875,-9.09423828125,-3.7841796875
0.3349609375,-0.2984619140625,0.902587890625,-2.38037109375,-9.46044921875,-4.21142578125
0.358642578125,-0.265380859375,0.8895263671875,-3.11279296875,-9.33837890625,-4.150390625
0.3740234375,-0.2757568359375,0.8890380859375,-0.06103515625,-8.544921875,-3.72314453125
0.3719482421875,-0.2940673828125,0.8948974609375,0.8544921875,-8.056640625,-3.2958984375
0.3486328125,-0.2940673828125,0.8914794921875,1.220703125,-8.11767578125,-3.23486328125
0.3548583984375,-0.29833984375,0.875732421875,0.732421875,-8.7890625,-3.2958984375
0.34814453125,-0.2974853515625,0.87841796875,-1.77001953125,-9.765625,-3.662109375
0.334228515625,-0.2918701171875,0.886474609375,-4.0283203125,-11.29150390625,-4.39453125
0.3277587890625,-0.3035888671875,0.89697265625,-5.67626953125,-12.20703125,-5.4931640625
0.3345947265625,-0.3094482421875,0.9033203125,-6.7138671875,-13.48876953125,-6.8359375
0.337158203125,-0.30908203125,0.9000244140625,-7.75146484375,-16.17431640625,-7.8125
0.3270263671875,-0.30615234375,0.8966064453125,-7.6904296875,-17.76123046875,-5.31005859375
0.334716796875,-0.2999267578125,0.890869140625,-6.53076171875,-19.47021484375,-5.2490234375
0.3450927734375,-0.2816162109375,0.8853759765625,-3.35693359375,-20.3857421875,-4.39453125
0.3524169921875,-0.27880859375,0.879150390625,-3.35693359375,-25.0244140625,-2.13623046875
0.356689453125,-0.2877197265625,0.883544921875,-4.638671875,-28.25927734375,0.06103515625
0.3546142578125,-0.289306640625,0.8809814453125,-8.7890625,-31.982421875,2.99072265625
0.3455810546875,-0.297607421875,0.8861083984375,-11.16943359375,-37.29248046875,3.72314453125
0.3414306640625,-0.314453125,0.906005859375,-13.48876953125,-42.05322265625,2.38037109375
0.339599609375,-0.3175048828125,0.920166015625,-16.78466796875,-60.791015625,-2.50244140625
0.3194580078125,-0.2972412109375,0.91455078125,-19.10400390625,-75.927734375,-7.99560546875
0.318115234375,-0.296630859375,0.9234619140625,-25.7568359375,-91.9189453125,-10.3759765625
0.3193359375,-0.2669677734375,0.9185791015625,-29.72412109375,-107.48291015625,-8.97216796875
0.3221435546875,-0.263427734375,0.9166259765625,-35.82763671875,-121.15478515625,-5.2490234375
0.3660888671875,-0.240966796875,0.89697265625,-37.353515625,-139.22119140625,-6.77490234375
0.385986328125,-0.2379150390625,0.901611328125,-36.0107421875,-149.47509765625,-5.31005859375
0.368408203125,-0.2523193359375,0.90869140625,-30.33447265625,-161.376953125,4.33349609375
0.3709716796875,-0.270751953125,0.9224853515625,-26.123046875,-176.45263671875,19.8974609375
0.3746337890625,-0.269775390625,0.97265625,-30.517578125,-194.9462890625,28.13720703125
0.3616943359375,-0.3150634765625,0.995849609375,-37.53662109375,-222.5341796875,-8.4228515625
0.352783203125,-0.357666015625,0.9903564453125,-43.8232421875,-244.2626953125,-50.6591796875
0.3321533203125,-0.357666015625,1.01806640625,-41.748046875,-265.80810546875,-106.62841796875
0.321533203125,-0.3306884765625,1.0062255859375,-36.43798828125,-371.15478515625,-141.11328125
0.3216552734375,-0.3037109375,1.0015869140625,-57.7392578125,-415.95458984375,-152.52685546875
0.33837890625,-0.3504638671875,1.066162109375,-153.6865234375,-465.33203125,-149.658203125
0.3985595703125,-0.324951171875,1.0804443359375,-189.14794921875,-472.5341796875,-92.22412109375
0.4891357421875,-0.2008056640625,1.2666015625,-169.73876953125,-332.70263671875,-86.669921875
0.5552978515625,-0.1015625,2.0386962890625,-147.64404296875,-158.38623046875,-87.09716796875
0.4903564453125,-0.075439453125,1.9161376953125,-123.10791015625,123.291015625,-75.5615234375
0.4090576171875,-0.2501220703125,1.7783203125,-174.98779296875,170.95947265625,-59.38720703125
0.1871337890625,-0.7864990234375,2.040771484375,-20.56884765625,178.955078125,-40.71044921875
0.1239013671875,-1.042236328125,2.9652099609375,-11.8408203125,187.92724609375,-22.64404296875
0.498046875,-1.2158203125,3.3214111328125,29.60205078125,196.83837890625,-7.32421875
0.99951171875,-0.8707275390625,3.3084716796875,50.1708984375,209.9609375,5.2490234375
1.13232421875,-0.48388671875,2.144775390625,40.83251953125,222.83935546875,16.05224609375
1.11181640625,-0.71923828125,0.953125,30.33447265625,233.82568359375,44.0673828125
0.8458251953125,-1.0018310546875,0.7557373046875,21.78955078125,240.966796875,57.373046875
0.9547119140625,-0.7509765625,0.7867431640625,18.73779296875,245.1171875,61.21826171875
1.4454345703125,-0.5272216796875,0.80419921875,18.98193359375,270.99609375,64.208984375
0.4886474609375,-0.33642578125,0.7947998046875,20.263671875,297.05810546875,67.3828125
0.0174560546875,-0.3004150390625,0.780029296875,22.705078125,306.82373046875,71.4111328125
-0.2427978515625,-0.30322265625,0.783203125,18.6767578125,312.31689453125,76.5380859375
-0.10009765625,-0.3302001953125,0.814697265625,13.36669921875,315.12451171875,82.82470703125
-0.0433349609375,-0.3673095703125,1.1424560546875,4.638671875,315.73486328125,91.9189453125
-0.009765625,-0.3970947265625,1.2398681640625,-5.37109375,314.3310546875,128.96728515625
-0.0047607421875,-0.415771484375,1.2186279296875,-13.73291015625,310.60791015625,145.1416015625
0.0093994140625,-0.4437255859375,1.206787109375,-17.27294921875,307.06787109375,161.31591796875
0.032958984375,-0.4285888671875,1.238525390625,-16.54052734375,299.560546875,174.6826171875
0.06884765625,-0.3887939453125,1.310791015625,-16.2353515625,300.9033203125,183.7158203125
0.406005859375,-0.3638916015625,1.3973388671875,0.6103515625,301.57470703125,188.29345703125
0.5760498046875,-0.376220703125,1.4940185546875,12.87841796875,299.25537109375,189.697265625
0.6109619140625,-0.43505859375,1.6295166015625,29.296875,293.3349609375,176.08642578125
0.6619873046875,-0.524169921875,2.2236328125,44.0673828125,281.92138671875,152.83203125
0.7269287109375,-0.603515625,2.3406982421875,50.9033203125,266.05224609375,47.30224609375
0.782958984375,-0.6806640625,2.324951171875,47.79052734375,211.60888671875,-22.52197265625
0.8233642578125,-1.090576171875,2.16943359375,34.3017578125,172.607421875,-82.03125
0.8614501953125,-1.2529296875,1.904052734375,-0.06103515625,59.02099609375,-124.1455078125
0.9346923828125,-1.3515625,1.5535888671875,-24.96337890625,-38.02490234375,-151.2451171875
1.3768310546875,-1.33251953125,1.1458740234375,-61.70654296875,-117.1875,-153.6865234375
1.60546875,-1.207275390625,0.127197265625,-40.8935546875,-177.79541015625,-191.34521484375
1.8475341796875,-1.0,-0.58837890625,-0.48828125,-168.9453125,-142.4560546875
2.0849609375,-0.7633056640625,-2.155517578125,47.66845703125,-133.7890625,-95.458984375
2.3282470703125,-0.1361083984375,-2.4381103515625,87.5244140625,-112.48779296875,-23.62060546875
2.580810546875,0.439697265625,-2.0654296875,54.13818359375,-172.18017578125,-36.0107421875
2.8531494140625,0.94775390625,-1.0135498046875,-73.6083984375,-259.94873046875,-41.44287109375
3.43505859375,0.7633056640625,0.7620849609375,-79.89501953125,-262.3291015625,-23.25439453125
3.7900390625,0.3431396484375,2.6201171875,-6.34765625,-238.95263671875,-11.53564453125
3.9346923828125,-0.174560546875,2.016845703125,-58.41064453125,-221.5576171875,-3.47900390625
3.61572265625,0.3128662109375,-0.262451171875,-58.7158203125,-201.171875,-22.8271484375
3.0948486328125,-0.4967041015625,-0.459228515625,-53.1005859375,-192.32177734375,-13.0615234375
2.8353271484375,-1.673095703125,1.796630859375,-46.2646484375,-153.6865234375,-9.70458984375
0.6148681640625,-1.35107421875,2.118408203125,-5.92041015625,-77.2705078125,-7.080078125
-1.2908935546875,-1.0546875,1.8260498046875,17.88330078125,-58.77685546875,-3.35693359375
-1.313720703125,-0.8043212890625,1.61962890625,37.53662109375,-42.17529296875,-1.77001953125
-0.427734375,0.6190185546875,1.2784423828125,25.93994140625,-23.25439453125,-1.708984375
0.97412109375,-0.1279296875,1.412841796875,16.29638671875,-15.5029296875,-1.5869140625
1.4468994140625,-1.098388671875,1.455322265625,1.28173828125,-12.0849609375,-1.15966796875
1.619873046875,-1.240966796875,1.269775390625,-5.615234375,-9.94873046875,-0.67138671875
1.3115234375,-0.6112060546875,1.1959228515625,-6.16455078125,-10.6201171875,0.6103515625
1.1964111328125,0.07275390625,1.0892333984375,-5.615234375,-11.53564453125,3.35693359375
0.955810546875,-0.560546875,0.9742431640625,-4.69970703125,-12.02392578125,3.35693359375
0.9525146484375,-0.403076171875,0.957763671875,-4.45556640625,-11.3525390625,0.9765625
0.717529296875,-0.14697265625,0.9486083984375,-2.74658203125,-10.6201171875,-1.46484375
0.5849609375,-0.2633056640625,0.9537353515625,-0.30517578125,-13.61083984375,-1.77001953125
0.586181640625,-0.312255859375,0.9583740234375,0.30517578125,-14.2822265625,-4.0283203125
0.53125,-0.308349609375,0.9437255859375,7.4462890625,-25.634765625,-2.0751953125
0.4246826171875,-0.2901611328125,0.9434814453125,11.41357421875,-22.15576171875,-3.662109375
0.380126953125,-0.2630615234375,0.94287109375,17.9443359375,-27.7099609375,-3.173828125
0.3507080078125,-0.267822265625,0.908203125,15.0146484375,-19.22607421875,-3.173828125
0.344970703125,-0.2484130859375,0.9228515625,19.1650390625,-20.44677734375,-5.126953125
0.3594970703125,-0.247314453125,0.9058837890625,12.3291015625,-16.29638671875,-6.77490234375
0.369140625,-0.2974853515625,0.8861083984375,15.0146484375,-10.009765625,-7.75146484375
0.384033203125,-0.3155517578125,0.8868408203125,13.18359375,-9.46044921875,-7.6904296875
0.382568359375,-0.310302734375,0.8905029296875,8.6669921875,-7.32421875,-6.9580078125
0.3646240234375,-0.3101806640625,0.9071044921875,9.21630859375,-5.2490234375,-3.5400390625
0.3507080078125,-0.2943115234375,0.8817138671875,8.85009765625,-7.32421875,-2.197265625
0.3388671875,-0.2872314453125,0.881103515625,7.87353515625,-7.62939453125,-1.953125
0.329833984375,-0.2958984375,0.8927001953125,3.23486328125,-12.39013671875,-1.77001953125
0.3409423828125,-0.267333984375,0.8934326171875,-0.8544921875,-13.671875,-1.64794921875
0.349365234375,-0.2725830078125,0.896240234375,-11.29150390625,-12.5732421875,-2.13623046875
0.3409423828125,-0.2889404296875,0.8907470703125,-16.29638671875,-10.498046875,-4.39453125
0.362548828125,-0.279541015625,0.889892578125,-18.310546875,-7.568359375,-3.96728515625
0.36474609375,-0.2618408203125,0.8961181640625,-19.95849609375,-6.28662109375,-4.39453125
0.3602294921875,-0.2470703125,0.9024658203125,-20.751953125,-8.4228515625,-4.45556640625
0.3704833984375,-0.2374267578125,0.901611328125,-20.01953125,-18.06640625,-4.39453125
0.3785400390625,-0.2230224609375,0.89892578125,-17.2119140625,-26.2451171875,-4.638671875
0.3753662109375,-0.227294921875,0.90673828125,-19.4091796875,-39.73388671875,-6.40869140625
0.37255859375,-0.2357177734375,0.90478515625,-22.216796875,-51.45263671875,-10.31494140625
0.36962890625,-0.2452392578125,0.9134521484375,-24.71923828125,-60.36376953125,-14.58740234375
0.3831787109375,-0.25244140625,0.91650390625,-26.79443359375,-68.78662109375,-17.7001953125
0.391357421875,-0.259521484375,0.91845703125,-29.47998046875,-77.5146484375,-21.6064453125
0.3834228515625,-0.270751953125,0.9346923828125,-32.40966796875,-92.10205078125,-21.42333984375
0.378662109375,-0.255615234375,0.9324951171875,-31.8603515625,-124.57275390625,-20.81298828125
0.3641357421875,-0.248291015625,0.9322509765625,-32.5927734375,-132.75146484375,-22.03369140625
0.3505859375,-0.249755859375,0.934326171875,-38.330078125,-149.5361328125,-23.74267578125
0.3302001953125,-0.240234375,0.9530029296875,-37.29248046875,-166.32080078125,-13.3056640625
0.340576171875,-0.2430419921875,0.9766845703125,-36.7431640625,-180.72509765625,1.708984375
0.3402099609375,-0.287109375,0.94140625,-32.16552734375,-197.3876953125,10.31494140625
0.35302734375,-0.2994384765625,0.922119140625,-31.8603515625,-251.03759765625,3.84521484375
0.353515625,-0.2962646484375,0.9638671875,-34.3017578125,-271.3623046875,-43.39599609375
0.3602294921875,-0.3289794921875,0.9754638671875,-9.46044921875,-281.6162109375,-109.92431640625
0.3551025390625,-0.3065185546875,0.9591064453125,3.5400390625,-315.4296875,-136.962890625
0.2984619140625,-0.2996826171875,0.991943359375,-18.85986328125,-401.55029296875,-151.4892578125
0.3470458984375,-0.3380126953125,1.1444091796875,-82.763671875,-479.43115234375,-165.52734375
0.3973388671875,-0.327392578125,0.955322265625,-135.3759765625,-484.43603515625,-170.10498046875
0.41064453125,-0.3026123046875,1.2197265625,-147.705078125,-463.623046875,-169.7998046875
0.5157470703125,-0.2572021484375,2.1434326171875,-144.4091796875,-453.369140625,-114.92919921875
0.5474853515625,-0.0814208984375,2.4986572265625,-169.7998046875,-397.4609375,-68.78662109375
0.4534912109375,-0.267578125,2.0826416015625,-189.208984375,-252.62451171875,-48.828125
0.38916015625,-0.6434326171875,1.8466796875,-147.0947265625,-75.927734375,-30.1513671875
0.13525390625,-1.1705322265625,2.059326171875,-118.896484375,74.21875,-25.20751953125
0.724853515625,-1.316650390625,2.166259765625,-61.70654296875,144.8974609375,-20.3857421875
0.9420166015625,-1.14697265625,2.52783203125,5.67626953125,171.69189453125,-12.20703125
1.218994140625,-0.9078369140625,3.1251220703125,24.5361328125,185.302734375,-3.96728515625
1.2921142578125,-0.695556640625,3.57763671875,58.59375,195.4345703125,2.5634765625
1.135498046875,-0.7047119140625,3.643798828125,70.12939453125,206.0546875,6.77490234375
0.843505859375,-0.955810546875,2.7967529296875,77.45361328125,216.1865234375,9.8876953125
0.72705078125,-1.3880615234375,1.781494140625,73.2421875,224.06005859375,17.2119140625
0.80517578125,-1.4720458984375,1.1905517578125,54.6875,231.99462890625,22.4609375
1.234375,-1.1646728515625,0.8468017578125,38.51318359375,238.8916015625,33.0810546875
1.4454345703125,-0.88818359375,0.6768798828125,27.64892578125,257.14111328125,37.41455078125
0.682861328125,-0.6011962890625,0.59912109375,21.66748046875,273.13232421875,40.83251953125
0.0126953125,-0.3331298828125,0.6031494140625,27.28271484375,297.36328125,45.47119140625
-0.2733154296875,-0.1495361328125,0.6746826171875,30.1513671875,307.06787109375,51.3916015625
-0.322509765625,-0.052490234375,0.7735595703125,28.1982421875,313.1103515625,59.75341796875
-0.249755859375,-0.073974609375,0.9832763671875,24.658203125,318.7255859375,69.15283203125
-0.1954345703125,-0.1602783203125,1.0390625,21.1181640625,328.61328125,79.345703125
-0.14013671875,-0.2462158203125,1.11328125,14.95361328125,337.21923828125,90.2099609375
-0.0677490234375,-0.3621826171875,1.140380859375,9.94873046875,340.14892578125,101.07421875
-0.00732421875,-0.3756103515625,1.179443359375,2.01416015625,338.8671875,112.4267578125
0.046875,-0.3941650390625,1.2254638671875,-6.53076171875,332.33642578125,124.08447265625
0.21484375,-0.429931640625,1.272705078125,-14.7705078125,320.73974609375,134.6435546875
0.3079833984375,-0.462158203125,1.3428955078125,-21.484375,306.09130859375,143.4326171875
0.4742431640625,-0.490966796875,1.4285888671875,-23.13232421875,290.52734375,149.4140625
0.54833984375,-0.52392578125,1.4891357421875,-20.3857421875,277.9541015625,152.40478515625
0.596923828125,-0.5499267578125,1.52490234375,-13.24462890625,270.44677734375,154.4189453125
0.6690673828125,-0.5810546875,1.588623046875,0.79345703125,266.7236328125,159.1796875
0.755126953125,-0.6119384765625,1.713623046875,18.37158203125,265.80810546875,163.330078125
0.811767578125,-0.6561279296875,1.883056640625,32.3486328125,266.11328125,163.14697265625
0.8629150390625,-0.72607421875,2.0758056640625,38.75732421875,264.16015625,159.3017578125
0.9111328125,-0.8243408203125,2.252197265625,32.8369140625,254.57763671875,139.7705078125
0.930419921875,-0.9515380859375,2.328369140625,10.3759765625,235.107421875,97.7783203125
0.939208984375,-1.08349609375,2.2322998046875,-18.798828125,212.0361328125,37.41455078125
0.9842529296875,-1.20556640625,1.9638671875,-41.50390625,187.68310546875,-34.24072265625
1.0821533203125,-1.2720947265625,1.6199951171875,-62.56103515625,136.474609375,-138.97705078125
1.25341796875,-1.2003173828125,1.236083984375,-92.1630859375,54.13818359375,-162.17041015625
1.5086669921875,-0.968505859375,0.784912109375,-108.88671875,-36.1328125,-168.02978515625
1.810791015625,-0.7081298828125,0.26123046875,-100.40283203125,-181.0302734375,-113.09814453125
2.080078125,-0.536865234375,-0.4547119140625,-53.03955078125,-197.93701171875,-59.63134765625
2.286865234375,-0.2974853515625,-1.3963623046875,67.68798828125,-161.0107421875,-5.55419921875
2.5,0.2183837890625,-2.209716796875,107.421875,-198.73046875,-59.26513671875
2.74951171875,0.6322021484375,-2.534423828125,6.16455078125,-261.16943359375,-60.85205078125
2.9769287109375,0.7999267578125,-0.758544921875,-25.87890625,-260.55908203125,-34.3017578125
3.384521484375,0.8360595703125,2.196044921875,17.7001953125,-240.3564453125,3.84521484375
3.8453369140625,0.6407470703125,1.728515625,-27.34375,-232.97119140625,-2.3193359375
3.9979248046875,-0.180908203125,0.2469482421875,-37.41455078125,-220.21484375,-27.2216796875
3.8587646484375,-1.15283203125,0.1942138671875,-54.74853515625,-196.35009765625,-28.1982421875
3.3270263671875,-1.6690673828125,1.7564697265625,-8.23974609375,-172.66845703125,-13.24462890625
1.8609619140625,-1.007080078125,2.3087158203125,5.06591796875,-106.0791015625,-13.671875
-1.193359375,-0.628662109375,2.0694580078125,55.60302734375,-69.2138671875,-8.11767578125
-0.895263671875,0.07470703125,1.657958984375,46.9970703125,-53.955078125,-4.21142578125
0.223876953125,1.0653076171875,1.1436767578125,26.30615234375,-40.771484375,-1.953125
1.14306640625,-0.411865234375,1.51318359375,17.63916015625,-25.32958984375,0.0
1.3505859375,-1.8260498046875,1.82666015625,15.44189453125,-17.08984375,-0.8544921875
1.827880859375,-1.558837890625,1.4525146484375,10.25390625,-12.939453125,-2.13623046875
1.63818359375,-0.130126953125,1.114990234375,3.7841796875,-4.638671875,-1.0986328125
1.3043212890625,0.7498779296875,1.08154296875,4.21142578125,-2.13623046875,0.48828125
0.707275390625,-0.128662109375,1.0128173828125,-0.42724609375,-2.50244140625,0.79345703125
0.831298828125,-0.802001953125,0.952392578125,1.40380859375,-5.4931640625,1.46484375
1.0791015625,-0.242431640625,0.925048828125,3.41796875,-8.60595703125,2.86865234375
0.729248046875,-0.10693359375,0.9102783203125,1.40380859375,-10.986328125,2.99072265625
0.5023193359375,-0.2923583984375,0.920166015625,-1.8310546875,-13.12255859375,7.14111328125
0.5921630859375,-0.2197265625,0.933349609375,-3.35693359375,-10.31494140625,4.8828125
0.5855712890625,-0.2420654296875,0.9381103515625,-3.60107421875,-20.99609375,-8.7890625
0.4739990234375,-0.30615234375,0.926513671875,-4.21142578125,-10.80322265625,-1.220703125
0.3956298828125,-0.2332763671875,0.92138671875,-6.2255859375,13.5498046875,3.90625
0.3843994140625,-0.172119140625,0.9022216796875,-12.20703125,-10.986328125,1.3427734375
0.369384765625,-0.2015380859375,0.9312744140625,-1.77001953125,-23.5595703125,0.18310546875
0.354736328125,-0.2342529296875,0.927734375,20.32470703125,-31.18896484375,-2.99072265625
0.3485107421875,-0.2528076171875,0.8837890625,10.7421875,-51.57470703125,-0.42724609375
0.3304443359375,-0.2476806640625,0.9100341796875,-2.99072265625,-56.70166015625,-0.54931640625
0.3310546875,-0.2403564453125,0.9495849609375,8.11767578125,-51.57470703125,-3.2958984375
0.37158203125,-0.251220703125,0.885986328125,8.1787109375,-23.92578125,-6.28662109375
0.36865234375,-0.3026123046875,0.9151611328125,7.26318359375,-3.23486328125,-6.89697265625
0.370849609375,-0.27099609375,0.9644775390625,-4.69970703125,-3.173828125,-6.53076171875
0.4173583984375,-0.2025146484375,0.906005859375,-10.009765625,-10.009765625,-6.53076171875
0.37451171875,-0.21533203125,0.84814453125,-8.6669921875,-13.97705078125,-6.89697265625
0.3087158203125,-0.2635498046875,0.7979736328125,-5.79833984375,-11.23046875,-7.38525390625
0.319580078125,-0.260986328125,0.8388671875,-6.65283203125,-3.2958984375,-7.01904296875
0.3232421875,-0.2362060546875,0.8990478515625,-10.009765625,-4.39453125,-4.21142578125
0.3173828125,-0.2171630859375,0.9100341796875,-11.16943359375,-3.35693359375,-3.0517578125
0.343017578125,-0.2593994140625,0.8919677734375,-9.1552734375,-3.0517578125,-1.28173828125
0.399169921875,-0.29345703125,0.880126953125,-9.21630859375,-10.009765625,1.8310546875
0.449951171875,-0.279541015625,0.898193359375,-10.07080078125,-17.02880859375,3.84521484375
0.41015625,-0.257080078125,0.9041748046875,-18.73779296875,-23.62060546875,4.638671875
0.3623046875,-0.241455078125,0.8944091796875,-25.2685546875,-28.38134765625,5.79833984375
0.3690185546875,-0.2362060546875,0.8985595703125,-32.16552734375,-34.912109375,7.75146484375
0.396240234375,-0.239990234375,0.903564453125,-39.794921875,-43.5791015625,6.4697265625
0.4451904296875,-0.2371826171875,0.904541015625,-46.81396484375,-53.16162109375,-9.521484375
0.4449462890625,-0.2333984375,0.9034423828125,-51.33056640625,-68.42041015625,-12.8173828125
0.40966796875,-0.2191162109375,0.901611328125,-54.931640625,-77.392578125,-14.83154296875
0.40478515625,-0.2188720703125,0.9029541015625,-62.1337890625,-111.99951171875,-16.29638671875
0.39892578125,-0.206787109375,0.926025390625,-52.3681640625,-137.63427734375,-21.05712890625
0.37255859375,-0.2142333984375,0.910888671875,-46.7529296875,-158.99658203125,-27.64892578125
0.3477783203125,-0.236083984375,0.9434814453125,-31.67724609375,-166.50390625,-26.0009765625
0.3626708984375,-0.2373046875,0.931640625,-31.55517578125,-187.01171875,-16.6015625
0.3697509765625,-0.234619140625,0.96875,-25.146484375,-210.63232421875,-8.6669921875
0.364013671875,-0.261962890625,0.9532470703125,-30.33447265625,-235.4736328125,-30.82275390625
0.357177734375,-0.2818603515625,0.981201171875,-30.57861328125,-276.7333984375,-81.1767578125
0.3648681640625,-0.3746337890625,0.9771728515625,-24.47509765625,-315.97900390625,-123.6572265625
0.3599853515625,-0.3380126953125,1.0115966796875,-15.80810546875,-365.966796875,-140.380859375
0.360107421875,-0.3243408203125,1.0164794921875,-68.05419921875,-436.8896484375,-150.2685546875
0.342041015625,-0.3443603515625,1.058837890625,-130.43212890625,-478.759765625,-160.21728515625
0.3785400390625,-0.3524169921875,1.1221923828125,-160.7666015625,-480.1025390625,-175.35400390625
0.433349609375,-0.3233642578125,1.6488037109375,-157.16552734375,-472.47314453125,-179.50439453125
0.5416259765625,-0.22607421875,2.2823486328125,-157.470703125,-451.47705078125,-131.40869140625
0.5045166015625,-0.1251220703125,2.218505859375,-176.8798828125,-347.83935546875,-66.40625
0.4130859375,-0.5228271484375,2.015380859375,-176.45263671875,-164.9169921875,-58.65478515625
0.2747802734375,-0.854248046875,1.9320068359375,-124.6337890625,24.35302734375,-47.30224609375
0.0255126953125,-1.089599609375,2.01806640625,-141.90673828125,224.9755859375,-25.45166015625
0.870361328125,-1.2393798828125,2.32666015625,-44.0673828125,232.177734375,1.46484375
1.163818359375,-1.0631103515625,2.796142578125,25.57373046875,243.0419921875,24.59716796875
1.3253173828125,-0.7022705078125,3.42236328125,44.98291015625,255.859375,42.29736328125
1.225341796875,-0.6473388671875,3.856689453125,54.26025390625,271.1181640625,55.17578125
0.998291015625,-0.3253173828125,1.5185546875,39.9169921875,282.04345703125,64.63623046875
0.6728515625,-0.7974853515625,1.0462646484375,22.64404296875,283.87451171875,70.9228515625
0.775390625,-1.5093994140625,0.90234375,13.36669921875,282.53173828125,74.40185546875
0.6256103515625,-0.8585205078125,0.8369140625,12.26806640625,279.11376953125,76.171875
1.4774169921875,-0.673095703125,0.732421875,17.08984375,281.67724609375,75.927734375
1.71630859375,-0.489990234375,0.6605224609375,23.0712890625,287.9638671875,72.69287109375
-0.31396484375,-0.355712890625,0.64208984375,27.4658203125,292.8466796875,67.56591796875
-0.290771484375,-0.333251953125,0.677001953125,28.13720703125,299.072265625,61.34033203125
-0.14794921875,-0.3944091796875,0.751953125,26.2451171875,307.92236328125,55.48095703125
-0.0181884765625,-0.4461669921875,0.868408203125,24.4140625,313.17138671875,54.19921875
0.0220947265625,-0.4539794921875,1.008544921875,21.78955078125,314.39208984375,58.04443359375
-0.0252685546875,-0.417236328125,1.1279296875,18.6767578125,313.8427734375,62.68310546875
-0.045654296875,-0.367431640625,1.22216796875,16.41845703125,312.68310546875,71.6552734375
-0.0230712890625,-0.335205078125,1.2894287109375,13.671875,314.3310546875,83.06884765625
0.0457763671875,-0.3193359375,1.3343505859375,6.103515625,307.67822265625,96.5576171875
0.1744384765625,-0.3194580078125,1.3680419921875,-4.7607421875,302.42919921875,111.26708984375
0.31591796875,-0.3350830078125,1.388916015625,-6.103515625,297.2412109375,124.93896484375
0.4385986328125,-0.3521728515625,1.4000244140625,-4.638671875,288.26904296875,135.31494140625
0.5589599609375,-0.371826171875,1.4716796875,1.40380859375,279.35791015625,149.658203125
0.6610107421875,-0.3978271484375,1.611572265625,12.3291015625,273.681640625,157.8369140625
0.72265625,-0.43408203125,1.788330078125,23.25439453125,271.3623046875,164.36767578125
0.778564453125,-0.507568359375,1.9925537109375,30.029296875,271.97265625,157.470703125
0.8328857421875,-0.6168212890625,2.1605224609375,31.982421875,269.95849609375,133.1787109375
0.8607177734375,-0.7559814453125,2.23486328125,27.03857421875,259.27734375,91.85791015625
0.8818359375,-0.907958984375,2.2332763671875,-1.8310546875,203.91845703125,42.96875
0.9346923828125,-1.0252685546875,2.1871337890625,-20.263671875,166.68701171875,-12.3291015625
1.021484375,-1.0828857421875,2.0401611328125,-29.35791015625,108.642578125,-56.09130859375
1.1229248046875,-1.08154296875,1.4156494140625,-44.61669921875,28.4423828125,-84.3505859375
1.251220703125,-1.0474853515625,1.0234375,-62.80517578125,-62.3779296875,-91.85791015625
1.4139404296875,-0.9775390625,0.1234130859375,-69.3359375,-132.26318359375,-84.9609375
1.60400390625,-0.660888671875,-0.5751953125,-36.865234375,-185.48583984375,-64.39208984375
1.8330078125,-0.5433349609375,-1.527099609375,16.845703125,-196.2890625,-104.79736328125
2.0863037109375,0.0413818359375,-2.2864990234375,59.814453125,-174.072265625,-67.44384765625
2.482666015625,0.4954833984375,-2.4805908203125,72.69287109375,-121.39892578125,30.029296875
2.7088623046875,0.768798828125,-1.90673828125,63.17138671875,-117.919921875,-38.4521484375
3.315185546875,0.81494140625,-0.8458251953125,70.12939453125,-256.34765625,-8.7890625
3.7877197265625,0.47412109375,0.0546875,-163.02490234375,-283.0810546875,-19.1650390625
3.99462890625,-0.01220703125,1.282470703125,-42.17529296875,-226.6845703125,-30.76171875
3.740966796875,-0.3997802734375,2.3792724609375,-80.13916015625,-187.98828125,-20.44677734375
3.192626953125,-0.59423828125,0.328369140625,-19.71435546875,-140.13671875,-11.1083984375
2.72900390625,-0.082763671875,-0.9588623046875,19.8974609375,-97.2900390625,-9.27734375
2.6334228515625,-0.21875,2.860595703125,30.76171875,-74.64599609375,-7.50732421875
2.718017578125,-0.896484375,1.9930419921875,41.56494140625,-45.654296875,-6.591796875
1.18994140625,-0.45068359375,1.5711669921875,16.845703125,-22.39990234375,-5.67626953125
-0.19970703125,-0.02001953125,1.677734375,9.94873046875,-15.68603515625,-3.96728515625
-1.3983154296875,-1.3631591796875,1.7508544921875,5.43212890625,-7.62939453125,-4.57763671875
0.505615234375,-1.1990966796875,1.2613525390625,-0.06103515625,-8.72802734375,-2.25830078125
1.85693359375,-0.024169921875,1.1671142578125,2.25830078125,-10.8642578125,3.5400390625
1.6234130859375,0.33447265625,1.097900390625,1.03759765625,-17.4560546875,3.7841796875
1.3284912109375,-0.3203125,1.0078125,4.7607421875,-16.54052734375,-1.52587890625
1.074951171875,-0.67333984375,0.9652099609375,7.568359375,-17.88330078125,-2.8076171875
0.858642578125,-0.335693359375,0.95703125,6.28662109375,-23.86474609375,-5.43212890625
0.5625,-0.2752685546875,0.937744140625,4.7607421875,-39.24560546875,-4.638671875
0.5963134765625,-0.358642578125,0.937255859375,5.43212890625,-38.9404296875,-4.2724609375
0.5936279296875,-0.2828369140625,0.9234619140625,11.8408203125,-37.41455078125,-3.90625
0.4862060546875,-0.2877197265625,0.92529296875,10.31494140625,-31.06689453125,-3.41796875
0.4261474609375,-0.2518310546875,0.95166015625,10.7421875,-24.59716796875,-3.96728515625
0.4078369140625,-0.22119140625,0.9136962890625,6.8359375,-22.03369140625,-4.33349609375
0.3551025390625,-0.220703125,0.884765625,4.638671875,-16.4794921875,-5.18798828125
0.3695068359375,-0.269775390625,0.8480224609375,4.45556640625,-13.7939453125,-6.2255859375
0.371826171875,-0.31787109375,0.8756103515625,1.28173828125,-10.8642578125,-7.50732421875
0.3712158203125,-0.339599609375,0.8798828125,2.01416015625,-8.72802734375,-9.82666015625
0.3388671875,-0.317138671875,0.8712158203125,1.3427734375,-7.38525390625,-9.033203125
0.3515625,-0.2930908203125,0.8714599609375,0.6103515625,-7.568359375,-7.568359375
0.342529296875,-0.2806396484375,0.8956298828125,-0.244140625,-7.080078125,-5.9814453125
0.3798828125,-0.2613525390625,0.8870849609375,0.30517578125,-5.79833984375,-5.615234375
0.4031982421875,-0.251708984375,0.8873291015625,-2.685546875,-4.0283203125,-4.638671875
0.4071044921875,-0.24755859375,0.885498046875,-6.8359375,-2.5634765625,-2.9296875
0.4166259765625,-0.252197265625,0.8819580078125,-10.7421875,-1.220703125,-1.220703125
0.415771484375,-0.2659912109375,0.87353515625,-13.5498046875,-1.46484375,0.42724609375
0.4166259765625,-0.2696533203125,0.8697509765625,-15.44189453125,-4.08935546875,1.89208984375
0.4228515625,-0.26513671875,0.87158203125,-19.47021484375,-8.6669921875,1.89208984375
0.4229736328125,-0.252685546875,0.8775634765625,-23.01025390625,-9.765625,1.03759765625
0.42333984375,-0.23583984375,0.880615234375,-25.146484375,-11.77978515625,2.8076171875
0.4188232421875,-0.228759765625,0.8846435546875,-27.52685546875,-35.33935546875,2.3193359375
0.418212890625,-0.2281494140625,0.8978271484375,-30.8837890625,-48.9501953125,-8.85009765625
0.4317626953125,-0.2286376953125,0.9039306640625,-28.80859375,-75.8056640625,-18.37158203125
0.4388427734375,-0.2254638671875,0.8963623046875,-32.16552734375,-96.25244140625,-27.099609375
0.42529296875,-0.218505859375,0.9041748046875,-39.4287109375,-136.29150390625,-27.89306640625
0.4061279296875,-0.21533203125,0.914794921875,-44.86083984375,-173.64501953125,-18.24951171875
0.3978271484375,-0.220458984375,0.910888671875,-38.14697265625,-197.81494140625,0.48828125
0.3931884765625,-0.2274169921875,0.9368896484375,-21.78955078125,-226.07421875,7.75146484375
0.4051513671875,-0.2510986328125,0.949951171875,-20.69091796875,-264.34326171875,-115.90576171875
0.4044189453125,-0.257080078125,0.94140625,-17.08984375,-294.86083984375,-140.2587890625
0.3868408203125,-0.251708984375,1.008544921875,-9.09423828125,-296.81396484375,-155.8837890625
0.3475341796875,-0.26171875,1.0240478515625,-4.0283203125,-485.65673828125,-170.71533203125
0.343994140625,-0.3651123046875,1.04736328125,-36.07177734375,-491.455078125,-178.52783203125
0.3309326171875,-0.331298828125,1.0867919921875,-146.6064453125,-475.15869140625,-187.01171875
0.3397216796875,-0.358642578125,1.0103759765625,-139.2822265625,-469.3603515625,-130.67626953125
0.38916015625,-0.2904052734375,1.3011474609375,-164.61181640625,-408.38623046875,-86.85302734375
0.4720458984375,-0.085693359375,2.126220703125,-177.06298828125,-242.431640625,-59.6923828125
0.408203125,-0.035400390625,1.976806640625,-133.1787109375,-52.67333984375,-32.40966796875
0.3729248046875,-0.3056640625,2.09765625,-119.07958984375,92.34619140625,-24.169921875
0.0509033203125,-1.3245849609375,2.144775390625,-72.6318359375,171.875,-5.615234375
0.2149658203125,-1.1849365234375,2.460693359375,-32.958984375,198.42529296875,47.42431640625
0.7392578125,-0.8897705078125,3.175048828125,-3.96728515625,214.35546875,51.025390625
1.3172607421875,-0.7294921875,3.7403564453125,36.56005859375,228.21044921875,51.025390625
1.0931396484375,-0.6031494140625,3.719970703125,66.46728515625,271.3623046875,49.37744140625
0.77294921875,-0.853759765625,2.8515625,83.06884765625,276.67236328125,48.03466796875
0.706787109375,-1.3160400390625,1.8179931640625,19.71435546875,285.46142578125,46.0205078125
0.6470947265625,-1.3863525390625,1.2037353515625,33.935546875,294.43359375,43.701171875
1.369384765625,-1.25439453125,0.662109375,46.93603515625,300.29296875,40.71044921875
1.7349853515625,-1.04443359375,0.91845703125,50.47607421875,306.0302734375,38.75732421875
0.76513671875,-0.748046875,0.968505859375,44.49462890625,311.58447265625,38.87939453125
0.1273193359375,-0.1956787109375,0.980224609375,34.97314453125,314.14794921875,61.1572265625
-0.2032470703125,-0.3525390625,1.000244140625,26.2451171875,319.3359375,74.64599609375
-0.2418212890625,-0.3837890625,1.0511474609375,21.42333984375,321.6552734375,138.18359375
-0.136474609375,-0.3370361328125,1.14111328125,18.49365234375,323.73046875,149.23095703125
0.12939453125,-0.2587890625,1.2437744140625,16.66259765625,326.5380859375,159.1796875
0.1851806640625,-0.2095947265625,1.3135986328125,-7.6904296875,310.6689453125,165.22216796875
0.26318359375,-0.219482421875,1.351806640625,-17.27294921875,304.99267578125,166.015625
0.3541259765625,-0.289794921875,1.3812255859375,-4.150390625,295.10498046875,138.12255859375
0.4583740234375,-0.381591796875,1.6422119140625,-7.62939453125,277.16064453125,40.0390625
0.56689453125,-0.4666748046875,1.83544921875,-13.85498046875,247.00927734375,-55.96923828125
0.659912109375,-0.519775390625,2.19677734375,-17.02880859375,177.3681640625,-91.552734375
0.732666015625,-0.6258544921875,2.002685546875,-15.7470703125,74.76806640625,-138.0615234375
0.783935546875,-0.7215576171875,1.70361328125,-20.751953125,-54.443359375,-164.24560546875
0.83154296875,-1.0765380859375,1.3240966796875,-67.81005859375,-115.05126953125,-150.45166015625
0.99560546875,-0.9327392578125,0.8909912109375,-73.42529296875,-129.8828125,-97.0458984375
1.10693359375,-0.7945556640625,-0.148193359375,49.37744140625,-139.95361328125,-27.16064453125
1.986572265625,-0.6519775390625,-1.634521484375,100.52490234375,-186.09619140625,16.7236328125
2.2034912109375,-0.498046875,-2.2437744140625,18.85986328125,-267.4560546875,-26.611328125
2.3707275390625,0.320556640625,-1.2415771484375,-60.24169921875,-291.07666015625,-54.931640625
2.5335693359375,0.9814453125,1.5830078125,-41.015625,-293.8232421875,-45.2880859375
2.731689453125,0.8026123046875,1.790283203125,-32.470703125,-283.38623046875,-16.9677734375
3.4857177734375,-0.298583984375,0.6431884765625,-65.85693359375,-257.50732421875,-1.5869140625
3.99365234375,0.1197509765625,0.1292724609375,-52.91748046875,-235.65673828125,-34.0576171875
3.7664794921875,-0.8863525390625,1.30029296875,-65.5517578125,-208.251953125,-5.67626953125
2.9095458984375,-1.2430419921875,2.39501953125,-48.76708984375,-182.80029296875,-4.69970703125
-0.3326416015625,-1.083251953125,2.2177734375,-2.5634765625,-101.74560546875,-2.3193359375
-1.5904541015625,-0.7041015625,2.02099609375,37.29248046875,-41.50390625,-1.46484375
-1.1763916015625,-0.0032958984375,1.98583984375,41.32080078125,-38.2080078125,0.67138671875
0.85498046875,0.680419921875,1.545166015625,5.92041015625,-31.6162109375,3.84521484375
1.4306640625,0.2784423828125,1.508544921875,8.056640625,-26.123046875,4.45556640625
1.4725341796875,-1.0584716796875,1.538330078125,8.7890625,-18.9208984375,4.7607421875
1.682373046875,-1.528564453125,0.969482421875,10.3759765625,-5.0048828125,7.01904296875
1.6807861328125,-0.74365234375,0.9278564453125,6.8359375,-5.9814453125,3.96728515625
1.56689453125,0.2679443359375,0.9227294921875,-2.685546875,-7.50732421875,0.30517578125
1.1865234375,-0.31884765625,0.92431640625,-2.50244140625,-4.7607421875,2.5634765625
0.955810546875,-0.241943359375,0.8876953125,0.6103515625,-11.77978515625,0.18310546875
0.7174072265625,-0.2535400390625,0.8843994140625,-6.2255859375,-5.79833984375,-9.46044921875
0.426025390625,-0.2310791015625,0.92041015625,-7.26318359375,5.37109375,-12.26806640625
0.434326171875,-0.2174072265625,0.9185791015625,-11.04736328125,22.216796875,-10.7421875
0.4412841796875,-0.2408447265625,0.90869140625,-17.7001953125,23.01025390625,-7.8125
0.4017333984375,-0.2354736328125,0.8790283203125,-12.0849609375,14.6484375,0.6103515625
0.416259765625,-0.228759765625,0.86865234375,8.72802734375,7.62939453125,1.28173828125
0.4114990234375,-0.2576904296875,0.85693359375,13.5498046875,3.5400390625,-4.57763671875
0.3914794921875,-0.306640625,0.8734130859375,9.21630859375,-1.0986328125,-6.04248046875
0.39111328125,-0.32568359375,0.923583984375,2.13623046875,-8.48388671875,-5.7373046875
0.3743896484375,-0.3099365234375,0.9217529296875,-15.0146484375,-9.33837890625,-6.4697265625
0.3746337890625,-0.324462890625,0.9093017578125,-17.2119140625,-16.66259765625,-6.16455078125
0.3843994140625,-0.297119140625,0.8848876953125,-9.033203125,-14.46533203125,-5.55419921875
0.3995361328125,-0.263671875,0.90283203125,-7.87353515625,-13.48876953125,-4.69970703125
0.38818359375,-0.2384033203125,0.925537109375,-10.1318359375,-10.80322265625,-3.60107421875
0.3375244140625,-0.2152099609375,0.909912109375,-9.21630859375,-9.8876953125,-2.9296875
0.33740234375,-0.232666015625,0.89501953125,-8.7890625,-10.92529296875,-3.173828125
0.3548583984375,-0.2967529296875,0.88720703125,-8.4228515625,-13.916015625,-3.60107421875
0.3551025390625,-0.3074951171875,0.8990478515625,-8.72802734375,-16.7236328125,-2.685546875
0.342529296875,-0.28076171875,0.892578125,-9.58251953125,-28.076171875,-1.40380859375
0.351806640625,-0.280029296875,0.89697265625,-11.474609375,-33.14208984375,0.48828125
0.3626708984375,-0.2794189453125,0.900146484375,-15.625,-35.2783203125,2.62451171875
0.3626708984375,-0.263427734375,0.8992919921875,-17.4560546875,-35.94970703125,5.0048828125
0.3787841796875,-0.25927734375,0.9027099609375,-19.1650390625,-35.09521484375,5.9814453125
0.3995361328125,-0.25439453125,0.9124755859375,-20.08056640625,-32.8369140625,3.0517578125
0.404296875,-0.2554931640625,0.9052734375,-21.54541015625,-33.203125,3.60107421875
0.3927001953125,-0.26220703125,0.904052734375,-23.62060546875,-38.0859375,-20.93505859375
0.3851318359375,-0.2646484375,0.899169921875,-27.587890625,-65.73486328125,-21.3623046875
0.3758544921875,-0.2572021484375,0.89208984375,-27.83203125,-103.45458984375,-21.42333984375
0.365966796875,-0.2421875,0.8828125,-27.28271484375,-137.63427734375,-24.84130859375
0.3529052734375,-0.2406005859375,0.896484375,-38.26904296875,-152.587890625,-22.03369140625
0.3583984375,-0.2379150390625,0.915283203125,-29.60205078125,-170.41015625,-11.5966796875
0.3800048828125,-0.235107421875,0.9459228515625,-23.98681640625,-192.138671875,2.13623046875
0.4014892578125,-0.2479248046875,0.9559326171875,-19.10400390625,-244.7509765625,4.0283203125
0.399169921875,-0.268310546875,0.951416015625,-23.37646484375,-274.71923828125,-28.076171875
0.388671875,-0.2503662109375,0.9888916015625,-12.63427734375,-291.44287109375,-91.9189453125
0.3773193359375,-0.318603515625,1.0020751953125,2.5634765625,-310.302734375,-135.07080078125
0.3609619140625,-0.3807373046875,1.0159912109375,-13.0615234375,-393.00537109375,-149.2919921875
0.2967529296875,-0.3460693359375,1.1019287109375,-66.46728515625,-476.5625,-163.87939453125
0.3106689453125,-0.33056640625,1.0882568359375,-125.1220703125,-501.28173828125,-91.9189453125
0.3826904296875,-0.3314208984375,1.1712646484375,-146.240234375,-491.76025390625,-75.37841796875
0.4681396484375,-0.196044921875,1.88623046875,-130.31005859375,-472.59521484375,-57.12890625
0.4996337890625,-0.086669921875,2.464599609375,-142.27294921875,79.77294921875,-50.96435546875
0.4410400390625,-0.111083984375,2.2314453125,-156.43310546875,166.50390625,-38.39111328125
0.2681884765625,-0.4945068359375,2.0123291015625,-1.708984375,197.69287109375,-24.4140625
0.146484375,-1.0299072265625,1.9764404296875,-7.87353515625,205.2001953125,-9.33837890625
0.3787841796875,-1.32080078125,2.1593017578125,11.53564453125,212.82958984375,4.94384765625
0.8665771484375,-1.231689453125,3.6943359375,31.8603515625,217.83447265625,17.76123046875
1.194580078125,-1.0118408203125,2.9884033203125,66.5283203125,223.7548828125,28.9306640625
1.29052734375,-0.822509765625,1.85302734375,60.302734375,231.201171875,38.63525390625
1.1864013671875,-1.435546875,1.20849609375,50.35400390625,238.4033203125,46.2646484375
0.9473876953125,-1.0184326171875,0.7164306640625,38.818359375,246.03271484375,51.6357421875
0.6673583984375,-0.8515625,0.692138671875,30.3955078125,255.31005859375,58.10546875
1.268310546875,-0.7244873046875,0.68896484375,25.32958984375,265.2587890625,59.9365234375
0.167236328125,-0.39794921875,0.7159423828125,22.64404296875,278.1982421875,58.9599609375
-0.265380859375,-0.302978515625,0.75830078125,21.3623046875,309.26513671875,58.7158203125
-0.35302734375,-0.2698974609375,0.822509765625,21.05712890625,327.57568359375,59.75341796875
-0.1995849609375,-0.2822265625,0.91162109375,17.02880859375,338.9892578125,63.720703125
-0.1331787109375,-0.302490234375,1.01708984375,15.2587890625,344.66552734375,71.71630859375
-0.08203125,-0.3172607421875,1.1396484375,13.12255859375,342.34619140625,81.4208984375
-0.05712890625,-0.322998046875,1.4207763671875,0.91552734375,340.02685546875,93.017578125
-0.0350341796875,-0.3233642578125,1.445068359375,-6.2255859375,340.2099609375,140.31982421875
0.02099609375,-0.3280029296875,1.3953857421875,-12.0849609375,336.3037109375,156.1279296875
0.1077880859375,-0.3619384765625,1.3397216796875,-17.02880859375,327.94189453125,169.189453125
0.215087890625,-0.3695068359375,1.42138671875,-17.7001953125,303.22265625,179.0771484375
0.3460693359375,-0.3538818359375,1.5120849609375,-17.39501953125,302.8564453125,167.48046875
0.661376953125,-0.3699951171875,1.579345703125,2.50244140625,305.23681640625,46.56982421875
0.744873046875,-0.43310546875,1.6614990234375,10.25390625,265.2587890625,-3.662109375
0.7637939453125,-0.506591796875,1.8013916015625,11.65771484375,229.43115234375,-45.95947265625
0.844482421875,-0.5850830078125,2.4500732421875,-23.01025390625,78.7353515625,-83.19091796875
0.91162109375,-0.6710205078125,2.4886474609375,-30.1513671875,-3.5400390625,-105.04150390625
0.970947265625,-0.7940673828125,2.2999267578125,-122.9248046875,-81.6650390625,-107.97119140625
0.9957275390625,-1.2528076171875,0.932861328125,-115.966796875,-151.9775390625,-62.43896484375
0.99658203125,-1.2838134765625,0.3424072265625,-71.35009765625,-191.5283203125,-49.1943359375
1.052490234375,-1.16357421875,-2.1231689453125,-6.2255859375,-154.9072265625,4.150390625
1.7073974609375,-0.6141357421875,-2.5867919921875,35.888671875,-199.951171875,-7.14111328125
2.047119140625,-0.2652587890625,-2.26611328125,73.91357421875,-286.9873046875,-39.55078125
2.3377685546875,0.976318359375,-1.328369140625,-22.4609375,-254.39453125,-13.0615234375
3.126220703125,0.6717529296875,-0.1561279296875,34.3017578125,-242.37060546875,-40.46630859375
3.455322265625,0.077880859375,3.2418212890625,-28.6865234375,-189.63623046875,-30.21240234375
