0.397705078125,-0.2335205078125,0.906494140625,-0.244140625,-0.3662109375,0.18310546875
0.3944091796875,-0.2330322265625,0.9068603515625,-0.30517578125,-0.3662109375,0.18310546875
0.393310546875,-0.232421875,0.9075927734375,-0.3662109375,-0.30517578125,0.18310546875
0.3948974609375,-0.2327880859375,0.907470703125,-0.30517578125,-0.30517578125,0.1220703125
0.395751953125,-0.2332763671875,0.906982421875,-0.244140625,-0.3662109375,0.1220703125
0.3953857421875,-0.2330322265625,0.9071044921875,-0.244140625,-0.3662109375,0.18310546875
0.3941650390625,-0.233642578125,0.90771484375,-0.244140625,-0.3662109375,0.18310546875
0.3941650390625,-0.2337646484375,0.9075927734375,-0.244140625,-0.30517578125,0.244140625
0.3946533203125,-0.2325439453125,0.90673828125,-0.30517578125,-0.30517578125,0.244140625
0.395263671875,-0.232177734375,0.90673828125,-0.30517578125,-0.30517578125,0.244140625
0.39501953125,-0.2327880859375,0.9068603515625,-0.244140625,-0.30517578125,0.18310546875
0.3936767578125,-0.2330322265625,0.9063720703125,-0.30517578125,-0.244140625,0.18310546875
0.393310546875,-0.2322998046875,0.9061279296875,-0.30517578125,-0.244140625,0.244140625
0.39404296875,-0.23193359375,0.906982421875,-0.30517578125,-0.30517578125,0.244140625
0.3951416015625,-0.2330322265625,0.906494140625,-0.244140625,-0.244140625,0.244140625
0.394775390625,-0.232421875,0.906005859375,-0.244140625,-0.30517578125,0.244140625
0.3941650390625,-0.2315673828125,0.9061279296875,-0.244140625,-0.42724609375,0.244140625
0.3958740234375,-0.2315673828125,0.9066162109375,-0.30517578125,-0.42724609375,0.244140625
0.3958740234375,-0.233154296875,0.90673828125,-0.3662109375,-0.48828125,0.18310546875
0.3955078125,-0.233642578125,0.9072265625,-0.30517578125,-0.54931640625,0.18310546875
0.3948974609375,-0.233642578125,0.9071044921875,-0.3662109375,-0.54931640625,0.1220703125
0.3956298828125,-0.233642578125,0.90771484375,-0.42724609375,-0.48828125,0.1220703125
0.3961181640625,-0.232177734375,0.906982421875,-0.30517578125,-0.48828125,0.1220703125
0.39599609375,-0.2332763671875,0.9072265625,-0.30517578125,-0.48828125,0.06103515625
0.3953857421875,-0.2337646484375,0.9073486328125,-0.30517578125,-0.42724609375,0.1220703125
0.3951416015625,-0.23193359375,0.90673828125,-0.244140625,-0.3662109375,0.06103515625
0.3935546875,-0.2325439453125,0.9068603515625,-0.244140625,-0.3662109375,0.1220703125
0.3941650390625,-0.234375,0.906982421875,-0.244140625,-0.30517578125,0.1220703125
0.39453125,-0.23388671875,0.9061279296875,-0.18310546875,-0.3662109375,0.18310546875
0.392822265625,-0.233154296875,0.9058837890625,-0.18310546875,-0.3662109375,0.18310546875
0.39306640625,-0.233642578125,0.90673828125,-0.1220703125,-0.30517578125,0.18310546875
0.3951416015625,-0.2335205078125,0.906494140625,-0.1220703125,-0.3662109375,0.18310546875
0.395263671875,-0.2335205078125,0.90673828125,-0.18310546875,-0.3662109375,0.244140625
0.39453125,-0.2332763671875,0.9072265625,-0.244140625,-0.3662109375,0.30517578125
0.3946533203125,-0.2327880859375,0.9072265625,-0.244140625,-0.244140625,0.42724609375
0.39501953125,-0.2337646484375,0.9071044921875,-0.244140625,0.0,0.42724609375
0.395263671875,-0.234130859375,0.9075927734375,-0.1220703125,0.06103515625,0.54931640625
0.3951416015625,-0.233154296875,0.9080810546875,-0.1220703125,0.1220703125,0.79345703125
0.3953857421875,-0.2335205078125,0.9075927734375,0.0,0.244140625,1.15966796875
0.39501953125,-0.235107421875,0.906494140625,0.42724609375,0.67138671875,1.28173828125
0.3936767578125,-0.2342529296875,0.906005859375,0.18310546875,1.0986328125,1.15966796875
0.394775390625,-0.234130859375,0.906494140625,0.42724609375,1.28173828125,1.52587890625
0.3948974609375,-0.2335205078125,0.9063720703125,0.0,1.52587890625,2.62451171875
0.3961181640625,-0.232666015625,0.907958984375,-0.732421875,2.74658203125,4.8828125
0.3968505859375,-0.232421875,0.9056396484375,-1.0986328125,4.2724609375,7.32421875
0.3975830078125,-0.230712890625,0.9031982421875,-2.25830078125,7.01904296875,9.09423828125
0.39794921875,-0.2353515625,0.90576171875,-3.84521484375,9.21630859375,10.07080078125
0.3978271484375,-0.227294921875,0.9072265625,-7.2021484375,11.41357421875,9.3994140625
0.396728515625,-0.2261962890625,0.9117431640625,-9.521484375,14.83154296875,7.75146484375
0.400146484375,-0.2392578125,0.918212890625,-9.09423828125,16.05224609375,6.2255859375
0.4010009765625,-0.229736328125,0.9248046875,-4.08935546875,16.7236328125,2.01416015625
0.398193359375,-0.218505859375,0.93798828125,-4.21142578125,16.54052734375,1.77001953125
0.4024658203125,-0.2010498046875,0.9449462890625,-3.90625,10.1318359375,2.0751953125
0.4146728515625,-0.191650390625,0.93603515625,-3.84521484375,6.40869140625,1.46484375
0.430419921875,-0.2158203125,0.9320068359375,-0.30517578125,1.77001953125,-0.30517578125
0.44482421875,-0.2398681640625,0.930908203125,0.67138671875,-3.662109375,-3.23486328125
0.454345703125,-0.2677001953125,0.912353515625,0.79345703125,-8.11767578125,-10.986328125
0.4649658203125,-0.254638671875,0.87841796875,0.8544921875,-15.9912109375,-16.9677734375
0.47265625,-0.24853515625,0.8631591796875,0.1220703125,-43.88427734375,-37.29248046875
0.4208984375,-0.252685546875,0.8433837890625,-5.18798828125,-59.5703125,-56.33544921875
0.3873291015625,-0.2523193359375,0.84912109375,-23.4375,-100.03662109375,-74.40185546875
0.3533935546875,-0.2506103515625,0.85400390625,-33.0810546875,-116.27197265625,-101.37939453125
0.31689453125,-0.2452392578125,0.9224853515625,-52.1240234375,-135.6201171875,-136.04736328125
0.302001953125,-0.22216796875,0.9930419921875,-62.56103515625,-146.8505859375,-109.92431640625
0.28515625,-0.21044921875,1.0687255859375,-80.2001953125,-127.197265625,-72.08251953125
0.2586669921875,-0.251220703125,1.1776123046875,-77.45361328125,-93.3837890625,-27.34375
0.249267578125,-0.240234375,1.1207275390625,-10.7421875,-49.74365234375,25.390625
0.2420654296875,-0.1064453125,1.1864013671875,15.19775390625,-18.98193359375,37.2314453125
0.274169921875,-0.1744384765625,1.2869873046875,19.1650390625,32.28759765625,46.38671875
0.1468505859375,-0.1605224609375,1.6544189453125,3.0517578125,43.212890625,54.13818359375
0.0809326171875,-0.4158935546875,2.127197265625,-42.05322265625,58.28857421875,60.9130859375
0.2408447265625,-0.85107421875,2.1754150390625,-44.5556640625,73.54736328125,66.5283203125
0.35107421875,-1.1885986328125,1.898681640625,-37.90283203125,87.34130859375,112.12158203125
0.4300537109375,-1.39990234375,1.2860107421875,-32.04345703125,99.12109375,112.79296875
0.2965087890625,-1.2894287109375,1.2852783203125,-29.541015625,189.453125,110.65673828125
-0.086181640625,-0.949951171875,1.3739013671875,-25.146484375,195.1904296875,106.01806640625
-0.4822998046875,-0.5531005859375,1.41455078125,40.71044921875,198.42529296875,99.30419921875
-0.600830078125,-0.501220703125,1.3944091796875,45.34912109375,198.66943359375,71.96044921875
-0.743896484375,-0.4036865234375,1.418701171875,46.38671875,194.88525390625,68.90869140625
-1.2313232421875,-0.26416015625,1.6307373046875,44.98291015625,160.2783203125,66.162109375
-1.1981201171875,-0.179931640625,1.531982421875,41.3818359375,136.3525390625,63.65966796875
-1.0721435546875,-0.204833984375,1.4259033203125,20.44677734375,127.5634765625,65.0634765625
-0.9439697265625,-0.5576171875,1.2974853515625,8.6669921875,119.56787109375,70.49560546875
-0.839599609375,-0.546875,1.1513671875,7.568359375,111.63330078125,73.6083984375
-0.7139892578125,-0.5443115234375,0.824462890625,10.009765625,101.6845703125,70.556640625
0.41357421875,-0.5430908203125,0.85107421875,7.32421875,91.6748046875,62.5
0.57080078125,-0.5435791015625,0.845947265625,-1.89208984375,79.2236328125,47.8515625
0.712890625,-0.5264892578125,0.755126953125,-8.85009765625,65.4296875,27.64892578125
0.806884765625,-0.61669921875,0.6077880859375,-3.2958984375,49.86572265625,9.1552734375
0.847900390625,-0.6466064453125,0.4720458984375,8.7890625,32.53173828125,-5.92041015625
0.894775390625,-0.57275390625,0.3790283203125,21.54541015625,10.80322265625,-21.17919921875
1.0322265625,-0.3662109375,0.302001953125,27.587890625,-20.69091796875,-43.76220703125
1.1055908203125,-0.185302734375,0.2010498046875,15.13671875,-50.10986328125,-46.44775390625
1.144775390625,-0.1566162109375,0.0394287109375,-3.47900390625,-114.44091796875,-79.65087890625
1.161865234375,-0.1650390625,-0.2125244140625,-9.765625,-120.78857421875,-56.70166015625
1.1927490234375,-0.1220703125,-0.4249267578125,21.6064453125,-67.2607421875,20.1416015625
1.2498779296875,-0.0186767578125,-0.4949951171875,50.9033203125,-115.53955078125,14.70947265625
1.3087158203125,0.1630859375,-0.4083251953125,64.8193359375,-175.96435546875,-40.95458984375
1.4119873046875,0.308837890625,0.177001953125,5.67626953125,-153.38134765625,-40.771484375
1.5311279296875,0.26806640625,0.8843994140625,-8.4228515625,-134.765625,-23.01025390625
1.564697265625,0.0430908203125,2.8914794921875,-18.37158203125,-132.01904296875,-1.953125
1.507568359375,-0.3902587890625,-0.3251953125,-65.00244140625,-133.7890625,-0.42724609375
1.4451904296875,-0.1124267578125,1.29052734375,-59.87548828125,-122.25341796875,-11.16943359375
1.4481201171875,-1.2816162109375,2.116455078125,-36.9873046875,-114.44091796875,-13.0615234375
1.474365234375,-0.397705078125,1.400390625,-5.43212890625,-77.7587890625,-5.43212890625
-0.232666015625,-0.0474853515625,1.437255859375,25.2685546875,-46.08154296875,-3.7841796875
-0.8304443359375,0.4151611328125,1.1851806640625,32.5927734375,-34.3017578125,-4.7607421875
0.005126953125,0.2744140625,0.8282470703125,26.3671875,-30.517578125,-2.8076171875
0.814453125,-0.759765625,1.063232421875,20.56884765625,-22.03369140625,-1.3427734375
0.9837646484375,-1.5430908203125,1.64892578125,23.01025390625,-15.2587890625,-0.3662109375
0.792724609375,-1.4190673828125,1.420654296875,16.9677734375,-11.71875,1.64794921875
0.8096923828125,-0.541259765625,1.0357666015625,10.8642578125,-9.33837890625,3.2958984375
0.6075439453125,0.199951171875,1.0703125,9.8876953125,-7.568359375,4.2724609375
0.354248046875,0.0867919921875,1.0545654296875,6.77490234375,-7.14111328125,5.126953125
0.717529296875,-0.527099609375,1.0013427734375,2.99072265625,-7.6904296875,5.37109375
1.1162109375,-0.4989013671875,0.9598388671875,0.67138671875,-8.4228515625,4.45556640625
0.766845703125,-0.1748046875,0.9598388671875,-2.01416015625,-7.75146484375,2.74658203125
0.4056396484375,-0.2459716796875,0.9500732421875,-4.150390625,-7.50732421875,0.0
0.426025390625,-0.29638671875,0.935546875,-5.92041015625,-6.591796875,-1.28173828125
0.4771728515625,-0.1978759765625,0.9273681640625,-6.2255859375,-5.18798828125,-1.708984375
0.4373779296875,-0.18505859375,0.92236328125,-6.16455078125,-4.638671875,-1.03759765625
0.3946533203125,-0.2254638671875,0.914306640625,-4.8828125,-4.2724609375,-0.30517578125
0.3912353515625,-0.2296142578125,0.909423828125,-1.03759765625,-3.90625,-0.06103515625
0.3868408203125,-0.2421875,0.9090576171875,0.48828125,-3.90625,-0.48828125
0.3597412109375,-0.265625,0.902587890625,1.52587890625,-4.21142578125,-0.91552734375
0.3466796875,-0.2747802734375,0.90185546875,1.5869140625,-5.2490234375,-1.28173828125
0.3548583984375,-0.2884521484375,0.9066162109375,2.50244140625,-6.04248046875,-1.8310546875
0.3486328125,-0.301513671875,0.9222412109375,2.8076171875,-6.28662109375,-2.197265625
0.3365478515625,-0.2801513671875,0.926513671875,2.5634765625,-6.53076171875,-2.38037109375
0.3426513671875,-0.2501220703125,0.925537109375,2.01416015625,-6.9580078125,-2.685546875
0.3504638671875,-0.254638671875,0.9095458984375,1.0986328125,-7.62939453125,-2.9296875
0.3516845703125,-0.2393798828125,0.9061279296875,-0.18310546875,-8.1787109375,-3.11279296875
0.355712890625,-0.2520751953125,0.9017333984375,-1.46484375,-8.97216796875,-3.2958984375
0.3699951171875,-0.27880859375,0.8970947265625,-2.38037109375,-10.07080078125,-2.8076171875
0.3699951171875,-0.279052734375,0.901611328125,-3.23486328125,-11.16943359375,-2.86865234375
0.361328125,-0.2740478515625,0.8992919921875,-3.90625,-12.87841796875,-3.0517578125
0.347900390625,-0.2747802734375,0.8984375,-4.82177734375,-13.427734375,-3.47900390625
0.349853515625,-0.2725830078125,0.9039306640625,-6.591796875,-15.13671875,-4.45556640625
0.349365234375,-0.271728515625,0.90380859375,-6.591796875,-16.05224609375,-5.18798828125
0.3431396484375,-0.2744140625,0.9058837890625,-6.8359375,-17.63916015625,-7.62939453125
0.3453369140625,-0.2698974609375,0.90478515625,-7.01904296875,-16.357421875,-8.9111328125
0.34716796875,-0.2652587890625,0.9036865234375,-8.11767578125,-24.23095703125,-9.27734375
0.3455810546875,-0.2623291015625,0.8961181640625,-9.6435546875,-31.494140625,-8.72802734375
0.34814453125,-0.255615234375,0.8875732421875,-12.451171875,-37.29248046875,-8.36181640625
0.3494873046875,-0.2568359375,0.8935546875,-13.85498046875,-45.8984375,-9.3994140625
0.3511962890625,-0.283203125,0.9019775390625,-15.625,-56.45751953125,-11.962890625
0.3695068359375,-0.28369140625,0.9178466796875,-18.49365234375,-68.78662109375,-14.5263671875
0.3653564453125,-0.27197265625,0.9306640625,-21.17919921875,-83.0078125,-17.02880859375
0.3699951171875,-0.26318359375,0.9298095703125,-25.08544921875,-95.76416015625,-18.61572265625
0.3497314453125,-0.2677001953125,0.9273681640625,-29.23583984375,-109.43603515625,-18.12744140625
0.372314453125,-0.2579345703125,0.9296875,-29.72412109375,-124.20654296875,-18.6767578125
0.3829345703125,-0.2313232421875,0.9227294921875,-29.052734375,-136.5966796875,-11.29150390625
0.3695068359375,-0.2357177734375,0.9248046875,-24.96337890625,-193.66455078125,-24.169921875
0.3756103515625,-0.2457275390625,0.943359375,-23.92578125,-252.01416015625,-50.4150390625
0.36279296875,-0.26171875,0.962646484375,-30.94482421875,-329.1015625,-96.8017578125
0.367431640625,-0.29296875,0.976806640625,-25.20751953125,-383.48388671875,-121.64306640625
0.359619140625,-0.28857421875,0.9453125,-84.89990234375,-429.6875,-137.63427734375
0.33984375,-0.286865234375,1.033935546875,-133.1787109375,-432.12890625,-142.7001953125
0.349609375,-0.263671875,1.2021484375,-139.6484375,-414.306640625,-157.5927734375
0.351806640625,-0.2698974609375,1.8570556640625,-130.06591796875,-378.90625,-148.98681640625
0.3623046875,-0.2244873046875,2.1304931640625,-169.86083984375,-249.6337890625,-122.98583984375
0.390869140625,-0.2034912109375,1.83203125,-140.44189453125,-115.66162109375,-86.36474609375
0.4044189453125,-0.5338134765625,1.765625,-128.662109375,19.6533203125,-67.68798828125
0.4444580078125,-0.8848876953125,1.8304443359375,-110.4736328125,146.30126953125,-52.67333984375
0.180908203125,-1.1717529296875,2.0799560546875,-56.94580078125,164.9169921875,4.57763671875
0.9422607421875,-1.0687255859375,2.516845703125,-36.07177734375,183.41064453125,23.13232421875
1.2171630859375,-0.4283447265625,3.3544921875,-17.08984375,201.5380859375,40.34423828125
1.2745361328125,-0.4188232421875,3.7481689453125,1.0986328125,207.70263671875,55.60302734375
1.0999755859375,-0.46044921875,2.0443115234375,7.568359375,217.46826171875,84.3505859375
0.658935546875,-0.8350830078125,1.416259765625,6.65283203125,231.5673828125,86.9140625
0.6292724609375,-1.0994873046875,1.02685546875,12.14599609375,274.47509765625,86.3037109375
1.0506591796875,-0.86572265625,0.63623046875,23.01025390625,284.1796875,82.94677734375
1.54638671875,-0.766845703125,0.723388671875,36.07177734375,293.51806640625,77.81982421875
1.0950927734375,-0.6385498046875,0.9041748046875,27.28271484375,302.18505859375,72.3876953125
-0.069091796875,-0.3687744140625,1.05859375,17.02880859375,308.9599609375,66.58935546875
-0.175537109375,-0.416748046875,1.040771484375,10.009765625,313.17138671875,68.2373046875
-0.142578125,-0.5008544921875,1.045166015625,5.615234375,315.12451171875,72.69287109375
-0.2274169921875,-0.54248046875,1.0986328125,2.62451171875,313.17138671875,79.40673828125
-0.0802001953125,-0.2119140625,1.159423828125,0.1220703125,309.4482421875,86.97509765625
0.047119140625,-0.1297607421875,1.2071533203125,-0.54931640625,302.1240234375,94.90966796875
0.166259765625,-0.108154296875,1.2518310546875,-0.30517578125,293.45703125,103.271484375
0.333740234375,-0.1290283203125,1.3773193359375,-0.18310546875,286.1328125,123.10791015625
0.41259765625,-0.169189453125,1.44091796875,2.685546875,282.8369140625,138.61083984375
0.52490234375,-0.22021484375,1.492919921875,8.72802734375,283.38623046875,145.44677734375
0.609619140625,-0.359619140625,1.5599365234375,17.39501953125,281.25,154.11376953125
0.66796875,-0.4310302734375,1.6873779296875,32.89794921875,277.40478515625,162.04833984375
0.7271728515625,-0.4957275390625,1.8924560546875,31.25,270.20263671875,166.3818359375
0.83984375,-0.5635986328125,2.130126953125,20.69091796875,253.90625,163.75732421875
0.872802734375,-0.6617431640625,2.2919921875,2.86865234375,223.93798828125,139.09912109375
0.8916015625,-0.7984619140625,1.8990478515625,-12.6953125,186.09619140625,86.73095703125
0.915283203125,-0.9560546875,1.6072998046875,-17.4560546875,140.2587890625,18.73779296875
0.9813232421875,-1.1448974609375,1.2552490234375,-17.578125,88.5009765625,-49.01123046875
1.11328125,-1.050048828125,0.838134765625,-17.88330078125,19.287109375,-135.19287109375
1.31689453125,-0.9136962890625,0.3653564453125,-15.19775390625,-77.2705078125,-123.47412109375
1.74169921875,-0.7408447265625,-0.1585693359375,-14.2822265625,-187.255859375,-137.3291015625
2.1112060546875,-0.5775146484375,-0.8782958984375,12.87841796875,-148.5595703125,-113.58642578125
2.31591796875,-0.29541015625,-1.75146484375,71.2890625,-117.24853515625,-51.8798828125
2.5177001953125,0.1680908203125,-2.2430419921875,59.38720703125,-127.99072265625,-3.72314453125
2.69970703125,0.5537109375,-2.17333984375,-24.96337890625,-221.74072265625,10.31494140625
2.8568115234375,0.87939453125,0.8590087890625,-129.33349609375,-253.23486328125,-34.3017578125
3.2542724609375,1.0535888671875,2.5032958984375,-37.353515625,-234.4970703125,-58.7158203125
3.77783203125,0.857421875,2.473388671875,-35.7666015625,-220.76416015625,-46.56982421875
3.98095703125,0.1727294921875,0.4976806640625,-43.76220703125,-225.52490234375,-1.40380859375
3.6396484375,-0.5614013671875,-0.865478515625,-29.541015625,-214.05029296875,-20.93505859375
3.0140380859375,-1.7308349609375,0.7188720703125,-55.84716796875,-159.97314453125,-24.5361328125
0.7889404296875,-1.4923095703125,2.677001953125,-39.9169921875,-111.4501953125,-14.404296875
-0.3858642578125,-1.160888671875,2.2843017578125,17.27294921875,-78.06396484375,-8.48388671875
-0.6260986328125,-0.6409912109375,1.6444091796875,45.71533203125,-62.1337890625,-5.126953125
-0.7548828125,-0.0155029296875,1.803466796875,28.74755859375,-44.7998046875,-1.77001953125
0.3900146484375,0.847412109375,1.456298828125,14.404296875,-36.1328125,-1.220703125
1.0523681640625,0.507568359375,1.664794921875,12.5732421875,-21.3623046875,-1.953125
1.643310546875,-1.0037841796875,1.42919921875,-3.84521484375,-25.87890625,1.52587890625
1.640625,-0.623291015625,1.1727294921875,-9.09423828125,-22.3388671875,1.953125
1.3006591796875,0.2874755859375,1.0655517578125,-2.01416015625,-9.6435546875,1.77001953125
1.3675537109375,0.0533447265625,1.0341796875,4.0283203125,-6.77490234375,2.44140625
0.9713134765625,-0.628662109375,1.066650390625,-1.03759765625,-7.87353515625,4.08935546875
0.9862060546875,-0.38818359375,0.95654296875,-1.40380859375,-8.6669921875,6.04248046875
0.6470947265625,-0.1309814453125,0.9176025390625,-0.244140625,-7.9345703125,7.14111328125
0.4990234375,-0.32666015625,0.908203125,-1.953125,-6.53076171875,6.65283203125
0.4908447265625,-0.298583984375,0.9390869140625,-4.5166015625,-4.150390625,4.94384765625
0.541259765625,-0.2498779296875,0.944091796875,-7.2021484375,-0.79345703125,3.5400390625
0.5457763671875,-0.2674560546875,0.9351806640625,-8.97216796875,3.11279296875,2.9296875
0.371337890625,-0.2503662109375,0.9234619140625,-9.70458984375,4.39453125,2.3193359375
0.4073486328125,-0.241455078125,0.9197998046875,-9.09423828125,6.40869140625,2.86865234375
0.4140625,-0.2276611328125,0.922119140625,-7.75146484375,7.568359375,4.57763671875
0.384033203125,-0.2003173828125,0.911376953125,-6.40869140625,9.82666015625,5.126953125
0.3857421875,-0.2117919921875,0.909423828125,-5.2490234375,11.71875,3.96728515625
0.3846435546875,-0.25244140625,0.9129638671875,-3.7841796875,8.544921875,2.197265625
0.3873291015625,-0.2919921875,0.90869140625,-0.48828125,3.662109375,0.06103515625
0.3896484375,-0.311279296875,0.906494140625,1.89208984375,-1.220703125,-1.953125
0.378662109375,-0.3021240234375,0.908935546875,0.42724609375,-3.5400390625,-4.08935546875
0.372802734375,-0.2958984375,0.9202880859375,-0.54931640625,-5.37109375,-5.4931640625
0.3826904296875,-0.28759765625,0.9046630859375,-1.03759765625,-5.67626953125,-6.28662109375
0.3948974609375,-0.259521484375,0.887939453125,-1.40380859375,-5.859375,-6.89697265625
0.39697265625,-0.2459716796875,0.89306640625,-0.244140625,-5.43212890625,-7.080078125
0.3843994140625,-0.269775390625,0.892578125,0.8544921875,-5.31005859375,-4.45556640625
0.3973388671875,-0.2967529296875,0.899658203125,1.77001953125,-5.126953125,-2.99072265625
0.399658203125,-0.30322265625,0.90087890625,1.8310546875,-6.77490234375,-3.23486328125
0.3359375,-0.310302734375,0.8974609375,1.40380859375,-10.31494140625,-4.638671875
0.2803955078125,-0.3125,0.8975830078125,-1.3427734375,-14.95361328125,-6.65283203125
0.2762451171875,-0.30029296875,0.8992919921875,-6.53076171875,-18.310546875,-7.6904296875
0.27783203125,-0.2955322265625,0.90283203125,-8.72802734375,-21.240234375,-8.7890625
0.2921142578125,-0.291748046875,0.901611328125,-9.33837890625,-22.15576171875,-11.1083984375
0.3267822265625,-0.282958984375,0.8995361328125,-9.8876953125,-25.20751953125,-13.3056640625
0.3504638671875,-0.2674560546875,0.9033203125,-10.55908203125,-29.23583984375,-14.46533203125
0.3524169921875,-0.2464599609375,0.90380859375,-10.55908203125,-33.14208984375,-13.73291015625
0.348388671875,-0.2562255859375,0.9130859375,-10.80322265625,-38.4521484375,-12.6953125
0.35205078125,-0.263671875,0.9210205078125,-11.04736328125,-46.875,-13.671875
0.3521728515625,-0.2806396484375,0.9244384765625,-12.63427734375,-57.0068359375,-19.775390625
0.3199462890625,-0.27880859375,0.92724609375,-15.13671875,-70.37353515625,-22.15576171875
0.3228759765625,-0.2752685546875,0.9344482421875,-17.08984375,-101.62353515625,-19.53125
0.3021240234375,-0.2916259765625,0.940185546875,-20.3857421875,-117.37060546875,-26.611328125
0.33544921875,-0.2996826171875,0.9541015625,-28.1982421875,-158.63037109375,-27.03857421875
0.35302734375,-0.27783203125,0.9630126953125,-27.34375,-192.68798828125,-25.146484375
0.326904296875,-0.2396240234375,0.960205078125,-30.45654296875,-213.68408203125,-19.71435546875
0.3314208984375,-0.22119140625,0.9495849609375,-24.96337890625,-237.548828125,-8.7890625
0.34326171875,-0.2294921875,0.950927734375,-23.3154296875,-273.49853515625,-3.173828125
0.337646484375,-0.250732421875,0.9808349609375,-15.0146484375,-301.1474609375,-16.4794921875
0.366455078125,-0.2864990234375,0.996337890625,-0.30517578125,-329.04052734375,-63.78173828125
0.373046875,-0.296875,1.0404052734375,4.82177734375,-350.15869140625,-115.1123046875
0.327392578125,-0.2723388671875,1.176513671875,-20.6298828125,-409.66796875,-130.55419921875
0.3447265625,-0.324462890625,1.2269287109375,-83.984375,-470.703125,-162.65869140625
0.346435546875,-0.2672119140625,1.0987548828125,-139.2822265625,-461.42578125,-146.3623046875
0.3826904296875,-0.25537109375,1.36474609375,-141.6015625,-318.9697265625,-84.28955078125
0.58544921875,-0.1688232421875,2.1171875,-158.3251953125,-161.31591796875,-57.55615234375
0.4674072265625,-0.1199951171875,2.3868408203125,-111.9384765625,18.06640625,-33.0810546875
0.4013671875,-0.2591552734375,1.9859619140625,-103.515625,115.478515625,-19.47021484375
0.0833740234375,-0.61767578125,1.897216796875,-5.37109375,154.47998046875,-12.63427734375
0.1019287109375,-1.197998046875,2.9251708984375,9.521484375,167.236328125,-5.0048828125
0.69970703125,-1.3016357421875,3.4481201171875,27.4658203125,168.5791015625,4.21142578125
1.037109375,-0.9180908203125,3.78125,46.38671875,169.5556640625,11.962890625
1.306640625,-0.680908203125,3.287841796875,53.7109375,172.30224609375,18.4326171875
1.3603515625,-1.2197265625,2.0816650390625,60.60791015625,177.24609375,22.52197265625
1.142333984375,-1.730712890625,1.2337646484375,52.67333984375,185.60791015625,25.08544921875
0.7576904296875,-1.31005859375,0.7640380859375,43.5791015625,195.98388671875,26.7333984375
1.4708251953125,-0.947265625,0.5797119140625,37.4755859375,205.87158203125,29.72412109375
1.5423583984375,-0.648193359375,0.585693359375,33.935546875,217.10205078125,29.541015625
0.2327880859375,-0.386962890625,0.668701171875,34.3017578125,254.94384765625,29.296875
-0.28271484375,-0.2066650390625,0.776611328125,34.0576171875,267.76123046875,28.9306640625
-0.4742431640625,-0.120849609375,0.842041015625,30.94482421875,278.80859375,30.09033203125
-0.464599609375,-0.12255859375,0.8594970703125,30.3955078125,287.41455078125,34.3017578125
-0.3843994140625,-0.16748046875,0.8758544921875,29.23583984375,293.76220703125,41.50390625
-0.2734375,-0.204833984375,1.0457763671875,27.64892578125,301.025390625,51.20849609375
-0.16748046875,-0.21484375,1.1041259765625,23.5595703125,308.89892578125,62.98828125
-0.0810546875,-0.204833984375,1.1417236328125,17.27294921875,317.2607421875,75.8056640625
-0.016357421875,-0.25341796875,1.1826171875,10.009765625,324.15771484375,89.05029296875
0.025146484375,-0.296630859375,1.2294921875,3.0517578125,328.61328125,102.05078125
0.07470703125,-0.3394775390625,1.2923583984375,-3.173828125,329.833984375,114.1357421875
0.246826171875,-0.3817138671875,1.3682861328125,-8.056640625,326.7822265625,127.01416015625
0.42626953125,-0.4268798828125,1.461669921875,-11.77978515625,320.556640625,141.11328125
0.49755859375,-0.4803466796875,1.5687255859375,-13.85498046875,315.673828125,158.63037109375
0.5634765625,-0.5430908203125,1.6551513671875,-8.7890625,312.01171875,175.78125
0.6339111328125,-0.6053466796875,1.7249755859375,1.46484375,311.1572265625,188.8427734375
0.7147216796875,-0.667236328125,1.826171875,15.380859375,310.85205078125,195.49560546875
0.7913818359375,-0.7222900390625,1.986083984375,26.7333984375,306.396484375,196.8994140625
0.856689453125,-0.765625,2.1702880859375,30.70068359375,293.5791015625,191.95556640625
0.923095703125,-0.8441162109375,2.2867431640625,24.71923828125,272.15576171875,172.54638671875
0.984375,-0.987060546875,2.276611328125,12.8173828125,239.31884765625,44.73876953125
1.0361328125,-1.1812744140625,2.1392822265625,-2.01416015625,202.20947265625,-29.6630859375
1.1082763671875,-1.339111328125,1.8692626953125,-17.51708984375,110.29052734375,-79.28466796875
1.24853515625,-1.352783203125,1.4765625,-31.6162109375,29.296875,-131.8359375
1.46630859375,-1.2349853515625,0.9949951171875,-66.89453125,-55.23681640625,-140.80810546875
1.7369384765625,-1.056640625,0.4686279296875,-66.83349609375,-189.88037109375,-163.4521484375
2.020751953125,-0.850341796875,-0.083740234375,-37.109375,-164.306640625,-160.64453125
2.2802734375,-0.6021728515625,-1.6253662109375,82.3974609375,-129.33349609375,-96.49658203125
2.5133056640625,-0.2584228515625,-2.269287109375,118.2861328125,-126.8310546875,-35.400390625
2.75927734375,0.25732421875,-2.3253173828125,28.99169921875,-220.39794921875,7.14111328125
3.0196533203125,0.996337890625,0.002197265625,-82.21435546875,-255.18798828125,-27.587890625
3.281494140625,0.995361328125,2.0120849609375,-14.09912109375,-233.3984375,-34.912109375
3.6556396484375,0.5638427734375,2.5972900390625,-28.3203125,-215.087890625,-8.72802734375
3.9986572265625,0.062255859375,1.016357421875,-50.59814453125,-196.35009765625,1.0986328125
3.887451171875,-0.093505859375,-0.79931640625,-36.7431640625,-193.78662109375,-10.986328125
3.387939453125,-1.1922607421875,0.5472412109375,-56.0302734375,-181.15234375,-26.123046875
1.1185302734375,-1.4857177734375,2.7015380859375,-44.00634765625,-140.625,-27.2216796875
-0.2994384765625,-0.87939453125,2.2861328125,8.544921875,-97.22900390625,-17.76123046875
-1.161865234375,-0.442626953125,1.5098876953125,33.63037109375,-79.04052734375,-13.18359375
-0.971435546875,-0.1094970703125,1.1162109375,40.22216796875,-58.53271484375,-6.16455078125
0.4617919921875,0.81298828125,1.3140869140625,43.8232421875,-43.76220703125,-0.79345703125
0.942138671875,-1.4923095703125,1.6424560546875,46.875,-28.13720703125,-3.173828125
1.5633544921875,-1.497314453125,1.5306396484375,35.33935546875,-17.7001953125,-4.08935546875
1.595458984375,-0.76708984375,1.2470703125,13.671875,-13.85498046875,-2.01416015625
1.0274658203125,0.151611328125,1.2330322265625,6.28662109375,-11.65771484375,-0.67138671875
0.7252197265625,0.19482421875,1.155517578125,7.8125,-12.87841796875,0.48828125
0.8446044921875,-0.5169677734375,1.010498046875,6.591796875,-15.625,1.953125
1.1126708984375,-0.5650634765625,0.9556884765625,1.28173828125,-17.7001953125,2.8076171875
0.8343505859375,-0.1099853515625,0.95849609375,-3.0517578125,-18.00537109375,3.11279296875
0.597900390625,-0.18701171875,0.941650390625,-5.67626953125,-15.380859375,2.0751953125
0.621826171875,-0.380859375,0.93994140625,-7.6904296875,-10.92529296875,-0.6103515625
0.5679931640625,-0.287841796875,0.9393310546875,-8.85009765625,-5.2490234375,-4.0283203125
0.4591064453125,-0.2257080078125,0.928955078125,-8.9111328125,0.79345703125,-4.8828125
0.3880615234375,-0.229736328125,0.9197998046875,-7.62939453125,5.06591796875,-4.2724609375
0.3720703125,-0.227783203125,0.912109375,-3.35693359375,3.173828125,-4.21142578125
0.354248046875,-0.2470703125,0.906005859375,0.06103515625,1.40380859375,-3.41796875
0.33251953125,-0.248046875,0.904052734375,-1.220703125,0.67138671875,-2.5634765625
0.3388671875,-0.2530517578125,0.904296875,-2.9296875,-1.8310546875,-2.197265625
0.36279296875,-0.271728515625,0.9007568359375,-2.685546875,-4.39453125,-2.50244140625
0.380126953125,-0.284912109375,0.9005126953125,-4.0283203125,-7.32421875,-3.35693359375
0.3873291015625,-0.3099365234375,0.9051513671875,-5.37109375,-9.765625,-4.5166015625
0.38720703125,-0.318115234375,0.9052734375,-6.65283203125,-11.23046875,-6.4697265625
0.3885498046875,-0.298583984375,0.909912109375,-6.40869140625,-12.5732421875,-6.34765625
0.380859375,-0.286865234375,0.914306640625,-5.4931640625,-13.85498046875,-5.859375
0.36181640625,-0.2711181640625,0.91455078125,-3.90625,-14.16015625,-4.94384765625
0.361083984375,-0.250732421875,0.9091796875,-2.8076171875,-14.0380859375,-3.84521484375
0.370361328125,-0.254150390625,0.9019775390625,-3.41796875,-12.87841796875,-2.86865234375
0.3634033203125,-0.26953125,0.9013671875,-3.72314453125,-12.26806640625,-2.13623046875
0.3546142578125,-0.2779541015625,0.8936767578125,-3.23486328125,-11.962890625,-1.708984375
0.3492431640625,-0.284912109375,0.8978271484375,-3.2958984375,-12.8173828125,-1.3427734375
0.3458251953125,-0.2921142578125,0.9044189453125,-3.35693359375,-14.46533203125,-1.52587890625
0.3475341796875,-0.28466796875,0.901123046875,-4.0283203125,-17.08984375,-2.44140625
0.3521728515625,-0.2694091796875,0.893798828125,-5.43212890625,-18.798828125,-5.43212890625
0.35888671875,-0.2591552734375,0.89404296875,-6.34765625,-20.6298828125,-6.7138671875
0.35693359375,-0.25390625,0.8961181640625,-7.14111328125,-30.70068359375,-6.89697265625
0.379150390625,-0.2562255859375,0.8966064453125,-8.1787109375,-35.400390625,-6.53076171875
0.40380859375,-0.253662109375,0.8984375,-10.7421875,-42.8466796875,-7.38525390625
0.4053955078125,-0.2537841796875,0.8970947265625,-11.962890625,-52.490234375,-8.6669921875
0.3956298828125,-0.262451171875,0.898681640625,-14.5263671875,-67.19970703125,-10.43701171875
0.38671875,-0.2691650390625,0.9185791015625,-17.27294921875,-84.04541015625,-14.22119140625
0.3687744140625,-0.2764892578125,0.917724609375,-21.240234375,-99.91455078125,-16.66259765625
0.3519287109375,-0.2825927734375,0.9168701171875,-25.7568359375,-117.61474609375,-12.75634765625
0.358154296875,-0.267333984375,0.932373046875,-28.25927734375,-133.6669921875,-14.16015625
0.3675537109375,-0.2723388671875,0.939208984375,-27.89306640625,-153.99169921875,-20.20263671875
0.3443603515625,-0.255859375,0.9537353515625,-25.2685546875,-172.42431640625,-24.23095703125
0.3619384765625,-0.242919921875,0.9664306640625,-25.08544921875,-191.71142578125,-25.87890625
0.367431640625,-0.2374267578125,0.950439453125,-22.27783203125,-213.623046875,-22.3388671875
0.365478515625,-0.2442626953125,0.963623046875,-23.62060546875,-244.140625,-14.0380859375
0.34326171875,-0.285400390625,1.003173828125,-27.2216796875,-280.21240234375,-16.90673828125
0.3255615234375,-0.3172607421875,1.04833984375,-17.2119140625,-316.83349609375,-41.44287109375
0.337158203125,-0.2611083984375,1.0313720703125,-4.69970703125,-338.9892578125,-76.66015625
0.3231201171875,-0.2620849609375,1.05419921875,-0.30517578125,-366.2109375,-110.53466796875
0.3463134765625,-0.3594970703125,1.1973876953125,-25.81787109375,-429.26025390625,-131.53076171875
0.3680419921875,-0.35107421875,1.2474365234375,-82.6416015625,-472.412109375,-139.5263671875
0.36669921875,-0.3123779296875,1.194091796875,-129.5166015625,-463.5009765625,-153.80859375
0.4681396484375,-0.2886962890625,1.52392578125,-134.27734375,-447.998046875,-162.90283203125
0.544921875,-0.1719970703125,2.156494140625,-142.27294921875,-436.95068359375,-157.2265625
0.4501953125,-0.17529296875,2.2330322265625,-176.45263671875,-326.35498046875,-112.85400390625
0.36572265625,-0.409423828125,1.99072265625,-153.1982421875,-158.935546875,-95.3369140625
0.0753173828125,-0.6656494140625,1.9757080078125,-112.4267578125,17.76123046875,-49.8046875
0.1944580078125,-0.9803466796875,2.1441650390625,-109.9853515625,114.68505859375,-36.0107421875
0.7611083984375,-1.239501953125,2.3648681640625,-23.49853515625,183.59375,-20.3857421875
1.1109619140625,-1.0255126953125,2.8201904296875,-29.052734375,193.603515625,-1.89208984375
1.2955322265625,-0.6268310546875,3.4415283203125,17.63916015625,199.27978515625,17.578125
1.229248046875,-0.5670166015625,3.8072509765625,37.4755859375,204.2236328125,36.4990234375
0.9879150390625,-0.474609375,3.3248291015625,47.91259765625,210.8154296875,53.1005859375
0.6510009765625,-1.0001220703125,1.44482421875,40.46630859375,223.2666015625,65.5517578125
0.7381591796875,-1.4791259765625,0.987060546875,28.86962890625,239.19677734375,73.486328125
0.7628173828125,-1.1429443359375,0.7506103515625,18.06640625,255.859375,77.33154296875
1.4031982421875,-0.827392578125,0.6661376953125,14.58740234375,271.42333984375,77.392578125
1.412353515625,-0.6573486328125,0.7154541015625,18.24951171875,284.48486328125,74.03564453125
0.264404296875,-0.4725341796875,0.8587646484375,26.0009765625,294.5556640625,68.78662109375
-0.3724365234375,-0.3250732421875,1.0146484375,31.92138671875,302.06298828125,56.45751953125
-0.36474609375,-0.281005859375,1.1075439453125,32.3486328125,308.4716796875,51.69677734375
-0.334716796875,-0.3270263671875,1.12109375,28.01513671875,321.22802734375,49.072265625
-0.27783203125,-0.397216796875,1.0982666015625,20.81298828125,326.2939453125,49.9267578125
-0.1551513671875,-0.4344482421875,1.063232421875,10.19287109375,331.0546875,53.40576171875
-0.0059814453125,-0.406005859375,1.04052734375,8.11767578125,332.82470703125,59.326171875
0.124755859375,-0.32373046875,1.0806884765625,5.0048828125,333.43505859375,67.2607421875
0.213623046875,-0.2359619140625,1.274169921875,0.67138671875,330.2001953125,76.2939453125
0.261962890625,-0.17138671875,1.336669921875,-3.7841796875,323.1201171875,87.46337890625
0.3170166015625,-0.1470947265625,1.3988037109375,-8.30078125,316.46728515625,101.806640625
0.392333984375,-0.278076171875,1.4517822265625,-11.90185546875,312.31689453125,119.873046875
0.46337890625,-0.340087890625,1.4881591796875,-12.51220703125,310.791015625,139.34326171875
0.54150390625,-0.3836669921875,1.5545654296875,-8.7890625,310.36376953125,157.1044921875
0.726318359375,-0.4393310546875,1.6715087890625,-1.77001953125,309.38720703125,177.91748046875
0.78515625,-0.4852294921875,1.8482666015625,5.4931640625,308.89892578125,180.0537109375
0.8448486328125,-0.5345458984375,2.078125,9.21630859375,287.29248046875,174.86572265625
0.888671875,-0.6220703125,2.292724609375,4.33349609375,260.8642578125,157.16552734375
0.9154052734375,-0.7603759765625,2.3961181640625,-14.7705078125,224.79248046875,116.76025390625
0.93701171875,-0.9439697265625,2.3270263671875,-17.08984375,184.87548828125,56.640625
0.9769287109375,-1.1324462890625,2.0982666015625,-12.87841796875,142.51708984375,-5.79833984375
1.0648193359375,-1.2430419921875,1.3603515625,-12.02392578125,81.11572265625,-52.06298828125
1.22265625,-1.214111328125,0.930419921875,-32.958984375,4.2724609375,-75.86669921875
1.4468994140625,-1.0767822265625,0.4407958984375,-57.31201171875,-68.4814453125,-90.8203125
1.7003173828125,-0.78662109375,-0.125,-61.82861328125,-139.5263671875,-90.8203125
1.9608154296875,-0.6500244140625,-0.8953857421875,-29.96826171875,-187.31689453125,-95.39794921875
2.210693359375,-0.3787841796875,-1.7276611328125,12.14599609375,-192.81005859375,-97.59521484375
2.6697998046875,0.1929931640625,-2.1773681640625,56.57958984375,-98.388671875,-52.55126953125
2.924072265625,0.787841796875,-1.975341796875,72.6318359375,-197.93701171875,8.056640625
3.151123046875,1.057861328125,-1.22314453125,68.7255859375,-259.6435546875,-21.30126953125
3.5361328125,0.9039306640625,-0.3465576171875,-31.43310546875,-239.990234375,-54.38232421875
3.9061279296875,0.385009765625,0.71533203125,-0.3662109375,-241.2109375,-19.71435546875
3.9981689453125,-0.1787109375,2.9638671875,-58.65478515625,-249.69482421875,-7.6904296875
3.8531494140625,-0.49658203125,-1.511962890625,-22.39990234375,-223.20556640625,-5.43212890625
3.3973388671875,-0.3843994140625,-0.2515869140625,-64.453125,-202.7587890625,-20.20263671875
2.97314453125,-0.87158203125,2.3946533203125,-56.82373046875,-160.5224609375,-19.4091796875
2.862060546875,-0.4759521484375,2.316162109375,-21.05712890625,-114.990234375,-15.93017578125
2.1041259765625,-0.316650390625,1.5552978515625,25.57373046875,-66.71142578125,-16.54052734375
-1.6126708984375,-0.2772216796875,1.786865234375,39.9169921875,-51.33056640625,-9.765625
-0.1805419921875,0.439208984375,1.513671875,32.2265625,-63.04931640625,-6.34765625
1.0333251953125,0.711181640625,1.6846923828125,32.2265625,-44.98291015625,-3.90625
1.4822998046875,-1.32470703125,1.71142578125,-11.16943359375,-23.681640625,-3.47900390625
1.392333984375,-1.10009765625,1.332763671875,-0.1220703125,-9.6435546875,-1.03759765625
1.1934814453125,-0.2889404296875,1.1431884765625,14.404296875,-11.474609375,1.708984375
1.4056396484375,0.323974609375,1.0396728515625,5.126953125,-13.671875,3.84521484375
1.166259765625,-0.1405029296875,0.9952392578125,3.90625,-13.427734375,4.21142578125
1.1156005859375,-0.4176025390625,0.9552001953125,-0.18310546875,-12.26806640625,0.06103515625
1.0184326171875,-0.17724609375,0.9300537109375,-5.31005859375,-9.033203125,-1.8310546875
0.6375732421875,-0.245361328125,0.9195556640625,-8.48388671875,-0.244140625,-0.67138671875
0.6317138671875,-0.236328125,0.920166015625,-8.48388671875,2.5634765625,-1.64794921875
0.5390625,-0.248291015625,0.9168701171875,-3.662109375,-0.30517578125,-2.99072265625
0.503173828125,-0.2298583984375,0.9051513671875,-2.13623046875,-2.13623046875,-3.2958984375
0.4747314453125,-0.2099609375,0.905029296875,-7.4462890625,-4.21142578125,-3.72314453125
0.3453369140625,-0.201171875,0.9010009765625,-8.85009765625,-5.0048828125,-4.8828125
0.3533935546875,-0.2288818359375,0.895263671875,-9.27734375,-9.94873046875,-5.9814453125
0.3740234375,-0.272216796875,0.8902587890625,-12.02392578125,-16.78466796875,-4.33349609375
0.388916015625,-0.3087158203125,0.901611328125,-12.8173828125,-16.2353515625,-3.72314453125
0.382568359375,-0.302734375,0.892333984375,-13.0615234375,-17.4560546875,-1.40380859375
0.3846435546875,-0.289306640625,0.8997802734375,-12.39013671875,-27.52685546875,0.3662109375
0.388916015625,-0.2791748046875,0.9068603515625,-8.30078125,-30.94482421875,1.708984375
0.3824462890625,-0.2703857421875,0.9013671875,-10.31494140625,-36.1328125,2.25830078125
0.369384765625,-0.274658203125,0.905029296875,-13.12255859375,-42.96875,1.220703125
0.3427734375,-0.2786865234375,0.8929443359375,-14.892578125,-51.08642578125,-0.42724609375
0.3387451171875,-0.28955078125,0.9056396484375,-16.4794921875,-61.34033203125,-1.46484375
0.341552734375,-0.2835693359375,0.9000244140625,-17.76123046875,-72.69287109375,-4.39453125
0.3494873046875,-0.2830810546875,0.8995361328125,-19.8974609375,-85.44921875,-8.6669921875
0.3719482421875,-0.2503662109375,0.899658203125,-20.93505859375,-99.91455078125,-11.8408203125
0.4036865234375,-0.2369384765625,0.902587890625,-20.8740234375,-113.6474609375,-13.18359375
0.3687744140625,-0.242431640625,0.8985595703125,-20.69091796875,-128.23486328125,-16.54052734375
0.3753662109375,-0.2490234375,0.9140625,-17.333984375,-145.263671875,-16.357421875
0.4068603515625,-0.2696533203125,0.925048828125,-16.66259765625,-158.02001953125,-21.17919921875
0.39111328125,-0.2935791015625,0.9310302734375,-16.54052734375,-178.3447265625,-23.681640625
0.3798828125,-0.2904052734375,0.9425048828125,-13.24462890625,-199.5849609375,-7.38525390625
0.3638916015625,-0.287109375,0.9510498046875,-14.46533203125,-223.20556640625,3.41796875
0.3658447265625,-0.325927734375,0.96533203125,-17.39501953125,-275.634765625,-0.9765625
0.3756103515625,-0.3433837890625,0.9898681640625,-13.85498046875,-294.677734375,-34.72900390625
0.3568115234375,-0.32373046875,1.012451171875,1.03759765625,-317.87109375,-81.9091796875
0.356689453125,-0.354736328125,1.033935546875,-14.16015625,-380.126953125,-117.67578125
0.373046875,-0.3399658203125,1.0419921875,-71.59423828125,-448.18115234375,-134.8876953125
0.3662109375,-0.3089599609375,1.00146484375,-124.8779296875,-475.830078125,-147.03369140625
0.4324951171875,-0.3221435546875,1.1497802734375,-150.08544921875,-462.70751953125,-158.5693359375
0.5113525390625,-0.3006591796875,1.854736328125,-134.33837890625,-460.14404296875,-110.4736328125
0.5303955078125,-0.0655517578125,2.297607421875,-137.02392578125,-435.4248046875,-97.35107421875
0.453857421875,-0.1639404296875,2.142578125,-157.16552734375,-99.609375,-68.66455078125
0.471923828125,-0.53369140625,2.0408935546875,-141.845703125,164.9169921875,-48.88916015625
0.0865478515625,-0.875244140625,2.008544921875,-117.919921875,199.89013671875,-34.97314453125
0.5150146484375,-1.1011962890625,2.0782470703125,-41.9921875,211.48681640625,-18.24951171875
0.96044921875,-1.189697265625,2.462158203125,-12.51220703125,215.39306640625,1.52587890625
1.2376708984375,-0.98876953125,3.593505859375,16.41845703125,215.9423828125,19.59228515625
1.2926025390625,-0.6636962890625,3.115966796875,42.41943359375,215.39306640625,34.1796875
1.1558837890625,-0.6129150390625,2.002685546875,54.50439453125,217.041015625,44.86083984375
0.9365234375,-0.778076171875,1.2840576171875,49.74365234375,222.10693359375,50.6591796875
0.68896484375,-1.07568359375,0.8280029296875,40.283203125,226.74560546875,53.1005859375
0.8743896484375,-0.9949951171875,0.6136474609375,30.09033203125,233.45947265625,53.64990234375
1.745849609375,-0.8438720703125,0.55322265625,25.390625,243.0419921875,53.1005859375
0.327392578125,-0.6148681640625,0.587158203125,25.45166015625,254.82177734375,51.3916015625
-0.141845703125,-0.4066162109375,0.677734375,28.50341796875,268.1884765625,49.01123046875
-0.2708740234375,-0.25146484375,0.7735595703125,32.2265625,281.982421875,46.08154296875
-0.2852783203125,-0.181884765625,0.8604736328125,34.1796875,293.64013671875,40.8935546875
-0.2716064453125,-0.1766357421875,0.9517822265625,33.14208984375,302.490234375,42.3583984375
-0.2078857421875,-0.2061767578125,1.050048828125,30.8837890625,313.41552734375,47.30224609375
-0.1309814453125,-0.2340087890625,1.1204833984375,26.7333984375,317.0166015625,55.0537109375
-0.063232421875,-0.2440185546875,1.146240234375,17.15087890625,322.69287109375,77.45361328125
0.0074462890625,-0.2415771484375,1.14794921875,10.68115234375,329.9560546875,89.599609375
0.08740234375,-0.2364501953125,1.1529541015625,5.9814453125,341.1865234375,113.83056640625
0.1790771484375,-0.2364501953125,1.251220703125,1.708984375,338.43994140625,140.31982421875
0.286376953125,-0.2447509765625,1.375732421875,-9.1552734375,324.0966796875,163.818359375
0.3953857421875,-0.275390625,1.5072021484375,-12.14599609375,317.07763671875,170.22705078125
0.4761962890625,-0.41259765625,1.6221923828125,-5.31005859375,296.44775390625,172.05810546875
0.5299072265625,-0.498291015625,1.7451171875,4.45556640625,285.21728515625,159.3017578125
0.5706787109375,-0.5850830078125,1.8177490234375,6.89697265625,267.9443359375,131.103515625
0.7001953125,-0.6510009765625,2.111572265625,-3.47900390625,208.67919921875,79.52880859375
0.80322265625,-0.7291259765625,2.235595703125,-10.43701171875,170.59326171875,16.78466796875
0.9075927734375,-0.790283203125,1.8360595703125,-17.15087890625,122.13134765625,-40.6494140625
0.9879150390625,-1.042724609375,1.5675048828125,-35.46142578125,38.75732421875,-78.55224609375
1.0751953125,-1.1748046875,1.2703857421875,-68.05419921875,-38.330078125,-101.01318359375
1.1080322265625,-0.891357421875,0.8609619140625,-79.7119140625,-114.92919921875,-149.23095703125
1.3389892578125,-0.77783203125,-0.5736083984375,-59.38720703125,-176.7578125,-124.0234375
1.583251953125,-0.671630859375,-1.50048828125,-11.04736328125,-132.14111328125,-92.7734375
2.2684326171875,-0.4869384765625,-2.2076416015625,37.29248046875,-161.43798828125,-34.7900390625
2.516357421875,0.56201171875,-2.357177734375,-34.3017578125,-251.89208984375,-59.2041015625
2.8455810546875,0.9658203125,-1.676025390625,-76.72119140625,-246.9482421875,-33.14208984375
3.171630859375,0.97900390625,-0.592529296875,9.3994140625,-210.87646484375,-6.7138671875
3.8546142578125,0.6190185546875,2.0133056640625,-35.7666015625,-200.25634765625,3.84521484375
3.994140625,0.0550537109375,0.0205078125,-48.9501953125,-199.89013671875,-24.23095703125
3.9017333984375,-0.421630859375,-0.37109375,-38.63525390625,-184.814453125,-21.97265625
3.532470703125,-1.5084228515625,1.4996337890625,-9.6435546875,-101.9287109375,-17.76123046875
3.0531005859375,-1.0484619140625,1.837158203125,5.18798828125,-82.763671875,-16.357421875
2.88720703125,-0.6680908203125,1.83984375,38.57421875,-63.96484375,-13.12255859375
-1.2374267578125,-0.324951171875,1.2442626953125,34.97314453125,-46.56982421875,-2.50244140625
-0.7528076171875,-0.0369873046875,1.261962890625,34.97314453125,-35.7666015625,-1.5869140625
0.8289794921875,-1.3756103515625,1.570068359375,29.052734375,-13.3056640625,-2.74658203125
1.3863525390625,-1.421875,1.2332763671875,19.8974609375,-6.34765625,-3.23486328125
1.2598876953125,-0.5626220703125,1.210205078125,8.30078125,-6.8359375,-2.44140625
1.28857421875,0.275634765625,1.187744140625,4.21142578125,-9.521484375,-0.1220703125
0.9891357421875,-0.437744140625,1.05615234375,5.06591796875,-13.3056640625,0.67138671875
0.7386474609375,-0.55859375,0.917236328125,3.0517578125,-17.333984375,1.220703125
0.851806640625,-0.1563720703125,0.9365234375,-0.79345703125,-14.95361328125,-0.244140625
0.5159912109375,-0.1708984375,0.9478759765625,-3.47900390625,-5.18798828125,-3.0517578125
0.5816650390625,-0.2529296875,0.9276123046875,-3.5400390625,-0.1220703125,-4.94384765625
0.6285400390625,-0.233642578125,0.9283447265625,-3.72314453125,4.21142578125,-3.173828125
0.52197265625,-0.23095703125,0.9208984375,-1.8310546875,5.126953125,-2.13623046875
0.3902587890625,-0.20166015625,0.9205322265625,0.9765625,1.28173828125,-2.44140625
0.3626708984375,-0.208251953125,0.9188232421875,0.42724609375,-1.77001953125,-2.0751953125
0.3284912109375,-0.228759765625,0.9141845703125,-5.126953125,-3.173828125,-3.7841796875
0.302490234375,-0.2532958984375,0.9061279296875,-7.75146484375,-11.5966796875,-7.38525390625
0.3175048828125,-0.267822265625,0.9013671875,-8.9111328125,-16.6015625,-7.62939453125
0.36962890625,-0.28662109375,0.90576171875,-13.0615234375,-14.892578125,-7.32421875
0.3836669921875,-0.303955078125,0.9073486328125,-12.39013671875,-13.36669921875,-6.28662109375
0.4010009765625,-0.2860107421875,0.908447265625,-11.962890625,-13.0615234375,-4.39453125
0.38525390625,-0.2569580078125,0.91552734375,-10.986328125,-16.17431640625,-4.94384765625
0.3614501953125,-0.2437744140625,0.902587890625,-10.19287109375,-18.4326171875,-5.06591796875
0.3466796875,-0.24169921875,0.9036865234375,-9.3994140625,-23.37646484375,-4.69970703125
0.3455810546875,-0.2313232421875,0.9052734375,-8.23974609375,-28.74755859375,-4.33349609375
0.342529296875,-0.2940673828125,0.9058837890625,-9.521484375,-34.85107421875,-4.33349609375
0.334228515625,-0.2708740234375,0.9111328125,-11.23046875,-42.66357421875,-5.126953125
0.3365478515625,-0.258544921875,0.9127197265625,-12.451171875,-51.8798828125,-4.7607421875
0.3541259765625,-0.255859375,0.9139404296875,-14.58740234375,-64.94140625,-6.7138671875
0.382080078125,-0.255859375,0.9156494140625,-16.2353515625,-96.00830078125,-25.93994140625
0.39794921875,-0.2518310546875,0.9212646484375,-19.53125,-113.1591796875,-33.26416015625
0.38232421875,-0.258544921875,0.9263916015625,-25.146484375,-195.00732421875,-25.634765625
0.392578125,-0.2413330078125,0.9329833984375,-25.87890625,-244.5068359375,-11.1083984375
0.374755859375,-0.2403564453125,0.9384765625,-11.41357421875,-272.705078125,-9.765625
0.36328125,-0.23681640625,0.9547119140625,1.3427734375,-298.88916015625,-32.89794921875
0.3546142578125,-0.233642578125,0.9560546875,10.6201171875,-314.3310546875,-157.5927734375
0.365478515625,-0.2381591796875,1.0244140625,6.77490234375,-341.49169921875,-180.60302734375
0.35693359375,-0.241455078125,1.0931396484375,-11.16943359375,-460.87646484375,-63.29345703125
0.3392333984375,-0.298095703125,1.0323486328125,-69.27490234375,-239.44091796875,-32.16552734375
0.339111328125,-0.2999267578125,1.0850830078125,-170.10498046875,192.626953125,-13.3056640625
0.335205078125,-0.2650146484375,1.4310302734375,-103.759765625,223.44970703125,3.662109375
0.33935546875,-0.060791015625,2.098388671875,-21.17919921875,237.60986328125,22.39990234375
0.51806640625,-0.0830078125,2.053466796875,8.6669921875,248.35205078125,41.80908203125
0.361328125,-0.40283203125,3.31494140625,32.958984375,256.7138671875,59.4482421875
0.06787109375,-0.6650390625,2.868896484375,52.978515625,266.29638671875,86.0595703125
0.279296875,-0.5106201171875,1.8424072265625,52.91748046875,277.4658203125,86.9140625
0.755859375,-0.7930908203125,1.260986328125,42.48046875,296.56982421875,83.67919921875
1.1085205078125,-1.1959228515625,0.965087890625,32.470703125,299.01123046875,77.08740234375
0.54541015625,-1.05810546875,0.8482666015625,32.40966796875,302.67333984375,67.9931640625
1.2547607421875,-0.86572265625,0.8201904296875,33.3251953125,309.63134765625,57.06787109375
0.0501708984375,-0.650634765625,0.844970703125,30.57861328125,319.4580078125,46.0205078125
-0.2987060546875,-0.45458984375,0.890625,26.4892578125,329.9560546875,37.109375
-0.2838134765625,-0.334228515625,0.9122314453125,21.3623046875,339.84375,32.2265625
-0.17626953125,-0.329345703125,0.9937744140625,15.380859375,344.1162109375,32.65380859375
-0.09716796875,-0.295654296875,1.1280517578125,7.75146484375,346.8017578125,45.71533203125
0.000244140625,-0.23046875,1.2542724609375,-0.18310546875,344.78759765625,58.7158203125
0.0963134765625,-0.1763916015625,1.347412109375,-10.009765625,326.904296875,75.37841796875
0.2489013671875,-0.1591796875,1.4014892578125,-17.578125,316.650390625,92.95654296875
0.331787109375,-0.166259765625,1.4073486328125,-21.8505859375,304.8095703125,110.16845703125
0.4521484375,-0.1796875,1.3953857421875,-18.85986328125,294.00634765625,125.18310546875
0.6102294921875,-0.2156982421875,1.39599609375,-14.95361328125,286.31591796875,135.43701171875
0.7542724609375,-0.2723388671875,1.5250244140625,-10.68115234375,283.50830078125,159.3017578125
0.854248046875,-0.3511962890625,1.6654052734375,-9.09423828125,285.09521484375,178.3447265625
0.9324951171875,-0.4632568359375,1.80126953125,-15.13671875,289.61181640625,192.81005859375
0.9796142578125,-0.754638671875,1.9378662109375,-23.62060546875,277.587890625,196.59423828125
0.98974609375,-0.910888671875,2.0546875,-54.50439453125,250.3662109375,185.546875
0.975341796875,-1.046630859375,2.1597900390625,-74.89013671875,213.56201171875,89.9658203125
0.9793701171875,-1.143798828125,2.1910400390625,-77.392578125,177.490234375,31.6162109375
1.0340576171875,-1.166015625,1.607177734375,-55.17578125,104.248046875,-13.7939453125
1.13037109375,-1.1826171875,1.1812744140625,-28.564453125,38.818359375,-69.39697265625
1.2574462890625,-1.2059326171875,0.8475341796875,-50.6591796875,-34.3017578125,-67.9931640625
1.4287109375,-0.805908203125,0.595947265625,-88.56201171875,-190.5517578125,-63.78173828125
1.671875,-0.6026611328125,0.2374267578125,-85.38818359375,-113.4033203125,-60.546875
1.9625244140625,-0.59326171875,-1.4580078125,63.17138671875,-114.3798828125,-38.9404296875
2.2296142578125,-0.4873046875,-2.0245361328125,23.62060546875,-264.0380859375,-12.20703125
2.3131103515625,-0.1009521484375,-1.8607177734375,-75.50048828125,-262.26806640625,-49.31640625
2.4365234375,1.1131591796875,0.3682861328125,33.447265625,-239.74609375,-56.21337890625
2.67724609375,1.153076171875,2.4664306640625,-24.23095703125,-244.9951171875,-22.3388671875
3.22998046875,0.4964599609375,0.38671875,-26.9775390625,-211.9140625,-5.126953125
3.9815673828125,-0.779052734375,-1.0517578125,-20.69091796875,-198.3642578125,-5.0048828125
