0.5179443359375,-0.2685546875,0.950927734375,-15.31982421875,-256.40869140625,-23.193359375
0.5001220703125,-0.207763671875,0.9627685546875,-22.0947265625,-281.6162109375,-32.3486328125
0.481689453125,-0.1990966796875,0.97802734375,-27.52685546875,-307.80029296875,-57.4951171875
0.500732421875,-0.1834716796875,0.9794921875,-31.005859375,-375.0,-69.4580078125
0.4937744140625,-0.159912109375,0.9844970703125,-30.94482421875,-383.6669921875,-78.369140625
0.496826171875,-0.1224365234375,0.993896484375,-27.7099609375,-402.52685546875,-122.74169921875
0.5042724609375,-0.0616455078125,0.989990234375,-24.96337890625,-374.69482421875,-150.634765625
0.5103759765625,-0.036376953125,0.9874267578125,-21.8505859375,-358.09326171875,-149.59716796875
0.5240478515625,-0.0506591796875,0.9752197265625,-47.42431640625,-329.58984375,-132.75146484375
0.526123046875,-0.0712890625,0.9527587890625,-80.99365234375,-217.83447265625,-113.46435546875
0.514404296875,-0.1099853515625,0.9259033203125,-109.43603515625,-132.080078125,-53.1005859375
0.49560546875,-0.1815185546875,0.900146484375,-170.22705078125,-8.60595703125,-7.32421875
0.4931640625,-0.2518310546875,0.96875,-169.25048828125,80.01708984375,15.31982421875
0.503173828125,-0.3123779296875,0.98583984375,-174.74365234375,156.67724609375,17.578125
0.504638671875,-0.3585205078125,1.0247802734375,-173.52294921875,205.56640625,22.27783203125
0.5179443359375,-0.359619140625,1.1168212890625,-138.97705078125,219.3603515625,32.958984375
0.4921875,-0.232421875,1.2447509765625,-94.6044921875,231.62841796875,41.8701171875
0.4591064453125,-0.2415771484375,1.3677978515625,-44.189453125,235.9619140625,50.59814453125
0.5062255859375,-0.332763671875,1.4188232421875,5.06591796875,244.140625,60.97412109375
0.9351806640625,-0.6475830078125,1.3712158203125,54.13818359375,260.6201171875,96.37451171875
1.34423828125,-0.9783935546875,2.0106201171875,76.84326171875,312.80517578125,103.94287109375
1.4725341796875,-0.876708984375,2.1324462890625,91.064453125,316.71142578125,110.53466796875
1.9462890625,-0.857177734375,1.4578857421875,88.56201171875,315.36865234375,114.19677734375
2.1739501953125,-1.0972900390625,1.037353515625,84.716796875,315.5517578125,117.73681640625
1.99853515625,-1.7498779296875,0.8125,79.16259765625,315.4296875,121.337890625
1.0406494140625,-2.00732421875,0.6539306640625,52.8564453125,317.93212890625,123.47412109375
1.5753173828125,-1.6322021484375,0.66650390625,46.5087890625,325.25634765625,124.45068359375
2.6649169921875,-1.12548828125,0.6993408203125,41.9921875,335.02197265625,123.53515625
2.0089111328125,-0.644775390625,0.7244873046875,40.8935546875,341.73583984375,118.59130859375
0.7247314453125,-0.3101806640625,0.632568359375,35.400390625,343.8720703125,114.501953125
0.01513671875,-0.3212890625,0.5970458984375,27.34375,337.646484375,109.7412109375
-0.1805419921875,-0.34521484375,0.56982421875,19.83642578125,327.392578125,101.37939453125
-0.022705078125,-0.3087158203125,0.5936279296875,15.31982421875,314.94140625,91.61376953125
0.089599609375,-0.2542724609375,0.6741943359375,15.869140625,303.64990234375,82.45849609375
0.2271728515625,-0.2913818359375,0.7669677734375,17.578125,299.8046875,73.974609375
0.38134765625,-0.31201171875,0.8623046875,16.29638671875,304.0771484375,63.3544921875
0.4124755859375,-0.2996826171875,0.9603271484375,12.87841796875,307.92236328125,49.98779296875
0.3690185546875,-0.2523193359375,1.0570068359375,7.38525390625,297.9736328125,37.78076171875
0.390380859375,-0.233154296875,1.2108154296875,-3.0517578125,277.9541015625,25.390625
0.4853515625,-0.2615966796875,1.293701171875,-17.7001953125,158.99658203125,30.21240234375
0.6436767578125,-0.3157958984375,1.358642578125,-29.6630859375,111.572265625,3.0517578125
0.835693359375,-0.36669921875,1.4246826171875,-35.58349609375,2.99072265625,-36.80419921875
1.018310546875,-0.354736328125,1.5089111328125,-43.9453125,-69.27490234375,-30.70068359375
1.1641845703125,-0.3465576171875,1.5977783203125,-64.8193359375,-97.2900390625,-41.259765625
1.2579345703125,-0.3565673828125,1.5919189453125,-132.38525390625,-143.12744140625,-44.0673828125
1.3868408203125,-0.3638916015625,1.3692626953125,-121.15478515625,-115.6005859375,-43.701171875
1.443359375,-0.3587646484375,0.94482421875,-7.8125,-90.51513671875,-34.912109375
1.5235595703125,-0.3980712890625,0.4542236328125,80.50537109375,-194.580078125,-52.3681640625
1.6778564453125,-0.5032958984375,-0.8131103515625,111.87744140625,-181.09130859375,-53.955078125
1.9537353515625,-0.5718994140625,-1.1710205078125,150.57373046875,-176.20849609375,-34.7900390625
2.3348388671875,-0.4091796875,-1.3736572265625,140.93017578125,-177.06298828125,-18.49365234375
2.623779296875,-0.094970703125,-0.517578125,124.3896484375,-168.9453125,-25.45166015625
2.5499267578125,0.51904296875,0.0948486328125,40.8935546875,-147.03369140625,-30.94482421875
2.2012939453125,0.3885498046875,0.5703125,25.20751953125,-33.50830078125,-29.60205078125
2.0831298828125,-0.092041015625,1.3853759765625,11.474609375,-20.32470703125,-24.658203125
2.4190673828125,0.1231689453125,1.803955078125,2.38037109375,-13.48876953125,-21.728515625
2.5843505859375,-0.205322265625,1.44091796875,2.62451171875,-10.31494140625,-13.671875
2.432373046875,-0.2061767578125,1.5069580078125,15.07568359375,-18.06640625,-12.451171875
2.2666015625,0.3465576171875,1.2227783203125,43.212890625,-20.44677734375,-9.8876953125
1.3597412109375,0.45361328125,0.9298095703125,35.21728515625,-21.3623046875,-5.55419921875
0.6055908203125,0.7252197265625,0.9561767578125,32.5927734375,-21.8505859375,-5.0048828125
0.3267822265625,0.383056640625,1.135498046875,28.6865234375,-22.3388671875,-6.2255859375
0.3609619140625,-0.11181640625,1.1680908203125,16.05224609375,-22.0947265625,-7.38525390625
1.41162109375,-0.52734375,1.0428466796875,13.36669921875,-23.8037109375,-8.6669921875
1.38720703125,-0.5328369140625,0.9891357421875,10.25390625,-27.77099609375,-9.58251953125
0.9525146484375,-0.19482421875,0.9456787109375,3.35693359375,-38.02490234375,-10.80322265625
0.6666259765625,-0.060791015625,0.9271240234375,1.15966796875,-40.71044921875,-9.09423828125
0.86181640625,-0.034912109375,0.9183349609375,0.54931640625,-41.1376953125,-14.6484375
1.242919921875,-0.13525390625,0.9029541015625,0.06103515625,-41.56494140625,-19.04296875
0.88916015625,-0.1024169921875,0.88330078125,-0.67138671875,-38.63525390625,-20.08056640625
0.695068359375,-0.087646484375,0.87353515625,-3.47900390625,-42.724609375,-22.88818359375
0.6636962890625,-0.0504150390625,0.8685302734375,-5.7373046875,-47.119140625,-25.08544921875
0.545654296875,-0.05810546875,0.8839111328125,-9.8876953125,-49.37744140625,-25.69580078125
0.450439453125,-0.124267578125,0.8953857421875,-8.11767578125,-54.0771484375,-26.3671875
0.4742431640625,-0.160400390625,0.917236328125,-6.65283203125,-58.77685546875,-26.42822265625
0.491943359375,-0.154052734375,0.9034423828125,-8.36181640625,-64.697265625,-24.5361328125
0.467041015625,-0.1185302734375,0.8851318359375,-6.77490234375,-70.1904296875,-22.27783203125
0.4561767578125,-0.08740234375,0.85595703125,-6.34765625,-75.0732421875,-20.56884765625
0.471923828125,-0.065673828125,0.8453369140625,-4.69970703125,-88.8671875,-24.5361328125
0.45263671875,-0.121337890625,0.875732421875,-3.11279296875,-112.48779296875,-25.57373046875
0.4249267578125,-0.126708984375,0.8701171875,-1.77001953125,-126.40380859375,-22.64404296875
0.406494140625,-0.1610107421875,0.854248046875,-0.3662109375,-154.4189453125,-21.728515625
0.4857177734375,-0.1292724609375,0.83740234375,0.9765625,-170.0439453125,-23.5595703125
0.5263671875,-0.1046142578125,0.8408203125,2.62451171875,-205.74951171875,-25.7568359375
0.548828125,-0.087890625,0.84375,4.69970703125,-227.23388671875,-31.18896484375
0.523193359375,-0.05517578125,0.839599609375,6.34765625,-254.94384765625,-40.52734375
0.4996337890625,-0.0693359375,0.8499755859375,7.32421875,-295.34912109375,-55.7861328125
0.52783203125,-0.0841064453125,0.886962890625,5.7373046875,-344.17724609375,-65.00244140625
0.5579833984375,-0.0609130859375,0.9049072265625,-0.48828125,-399.71923828125,-73.2421875
0.5472412109375,-0.0255126953125,0.9283447265625,-7.01904296875,-439.63623046875,-97.65625
0.5322265625,-0.0223388671875,0.912841796875,-13.3056640625,-465.576171875,-108.2763671875
0.55029296875,-0.09765625,0.911865234375,-14.2822265625,-473.93798828125,-115.1123046875
0.583740234375,-0.107421875,0.9146728515625,-9.46044921875,-466.24755859375,-143.5546875
0.5771484375,-0.02783203125,0.9364013671875,-10.43701171875,-426.025390625,-170.71533203125
0.5509033203125,0.0703125,0.97509765625,-39.4287109375,-381.89697265625,-150.57373046875
0.5423583984375,0.0513916015625,1.030029296875,-70.1904296875,-199.76806640625,-76.59912109375
0.55419921875,-0.011962890625,1.0982666015625,-105.3466796875,-98.14453125,13.97705078125
0.579833984375,-0.0535888671875,1.194580078125,-149.35302734375,32.40966796875,58.4716796875
0.57275390625,-0.1546630859375,1.3082275390625,-172.18017578125,100.52490234375,70.068359375
0.519775390625,-0.267333984375,1.30126953125,-165.4052734375,164.794921875,71.6552734375
0.4580078125,-0.2567138671875,1.168212890625,-59.9365234375,191.40625,74.89013671875
0.3917236328125,-0.16748046875,1.2764892578125,-28.74755859375,203.06396484375,77.880859375
0.3729248046875,-0.3477783203125,1.614501953125,-17.76123046875,213.92822265625,83.06884765625
0.4393310546875,-0.4822998046875,1.846923828125,18.1884765625,226.806640625,88.56201171875
0.9805908203125,-0.234619140625,1.4244384765625,57.12890625,241.02783203125,90.8203125
1.419921875,-0.4517822265625,1.59326171875,90.087890625,263.61083984375,92.1630859375
1.604736328125,-1.0255126953125,2.1263427734375,99.609375,290.52734375,94.05517578125
1.854248046875,-1.2816162109375,1.6854248046875,96.3134765625,313.90380859375,95.3369140625
2.1607666015625,-0.909423828125,1.0870361328125,82.33642578125,332.09228515625,98.388671875
2.76513671875,-1.1116943359375,0.834716796875,61.95068359375,337.890625,102.96630859375
2.8631591796875,-1.5335693359375,0.6578369140625,44.86083984375,337.95166015625,107.2998046875
1.248291015625,-1.58740234375,0.5811767578125,35.64453125,337.70751953125,112.36572265625
2.372802734375,-1.332275390625,0.6136474609375,31.1279296875,337.7685546875,117.37060546875
2.6199951171875,-0.78955078125,0.6749267578125,27.89306640625,339.53857421875,121.76513671875
1.3096923828125,-0.3038330078125,0.7161865234375,22.3388671875,345.0927734375,125.42724609375
0.451171875,-0.0428466796875,0.7032470703125,13.5498046875,351.98974609375,127.0751953125
0.0731201171875,0.0616455078125,0.6251220703125,5.0048828125,357.11669921875,129.0283203125
-0.0118408203125,0.030517578125,0.549072265625,-4.21142578125,357.60498046875,130.79833984375
0.02001953125,-0.077392578125,0.493896484375,-12.26806640625,356.689453125,132.4462890625
0.1556396484375,-0.1806640625,0.4725341796875,-16.7236328125,351.806640625,136.23046875
0.331787109375,-0.2181396484375,0.5126953125,-16.66259765625,331.0546875,132.62939453125
0.4879150390625,-0.18603515625,0.57666015625,-12.14599609375,320.37353515625,107.97119140625
0.5523681640625,-0.1187744140625,0.6695556640625,-9.94873046875,314.39208984375,94.6044921875
0.5164794921875,-0.0654296875,0.7850341796875,-11.3525390625,315.5517578125,83.19091796875
0.43310546875,-0.0572509765625,0.8734130859375,-12.451171875,309.814453125,73.18115234375
0.372314453125,-0.0892333984375,0.9290771484375,-10.68115234375,289.36767578125,36.865234375
0.3846435546875,-0.1497802734375,0.9613037109375,-9.1552734375,215.4541015625,28.74755859375
0.462158203125,-0.212158203125,0.9984130859375,-13.85498046875,169.61669921875,25.390625
0.5810546875,-0.268310546875,1.080810546875,-21.8505859375,26.67236328125,-8.60595703125
0.7537841796875,-0.2799072265625,1.3248291015625,-29.052734375,-30.33447265625,-40.6494140625
0.9791259765625,-0.2225341796875,1.4796142578125,-39.36767578125,-68.4814453125,-50.10986328125
1.166015625,-0.1795654296875,1.6722412109375,-79.16259765625,-92.8955078125,-30.2734375
1.253662109375,-0.182861328125,1.601806640625,-117.61474609375,-210.99853515625,-28.1982421875
1.2860107421875,-0.19775390625,1.3319091796875,-72.81494140625,-201.11083984375,-3.173828125
1.3299560546875,-0.224853515625,0.8282470703125,17.333984375,-185.1806640625,-5.4931640625
1.3929443359375,-0.2066650390625,-0.3826904296875,75.927734375,-164.12353515625,-15.869140625
1.5762939453125,-0.2567138671875,-0.8551025390625,83.3740234375,-136.71875,-10.19287109375
1.847900390625,-0.3209228515625,-1.2255859375,4.8828125,-110.77880859375,-7.99560546875
2.487548828125,-0.304931640625,-1.0816650390625,-12.8173828125,-83.43505859375,-9.3994140625
2.590576171875,0.13623046875,-0.816162109375,-31.1279296875,-37.353515625,-6.77490234375
2.449462890625,0.798095703125,-0.401611328125,-31.8603515625,-26.85546875,-5.7373046875
2.3118896484375,-0.3885498046875,1.646240234375,-10.6201171875,-20.1416015625,-0.30517578125
2.333984375,-0.3658447265625,1.3236083984375,-2.0751953125,-17.15087890625,2.01416015625
2.3450927734375,0.25439453125,0.9923095703125,6.89697265625,-20.99609375,3.84521484375
2.6192626953125,0.2176513671875,1.118408203125,26.2451171875,-22.4609375,4.0283203125
2.3934326171875,0.344970703125,1.1207275390625,18.49365234375,-22.0947265625,3.35693359375
2.195068359375,-0.090576171875,1.04931640625,13.18359375,-20.751953125,2.197265625
1.62255859375,-0.435302734375,1.20947265625,1.89208984375,-21.66748046875,-3.96728515625
1.361328125,-0.4478759765625,1.01318359375,-12.8173828125,-31.1279296875,-7.568359375
1.1439208984375,-0.41748046875,0.955810546875,-16.29638671875,-32.470703125,-8.36181640625
0.9051513671875,-0.27587890625,0.9737548828125,-17.51708984375,-26.123046875,-9.3994140625
1.2183837890625,-0.3232421875,0.944580078125,-15.80810546875,-23.0712890625,-10.55908203125
1.301025390625,-0.023681640625,0.9161376953125,-12.20703125,-22.27783203125,-11.77978515625
1.1396484375,-0.06689453125,0.896484375,0.54931640625,-21.17919921875,-15.07568359375
1.2532958984375,-0.065673828125,0.870361328125,4.45556640625,-20.44677734375,-18.1884765625
0.869140625,-0.060302734375,0.850341796875,8.23974609375,-20.263671875,-23.98681640625
0.5936279296875,-0.1815185546875,0.83544921875,8.9111328125,-17.63916015625,-26.55029296875
0.6298828125,-0.20458984375,0.82080078125,8.97216796875,-19.83642578125,-26.18408203125
0.55029296875,-0.2342529296875,0.8409423828125,8.23974609375,-26.7333984375,-23.49853515625
0.5159912109375,-0.28466796875,0.8082275390625,7.2021484375,-31.1279296875,-20.3857421875
0.5302734375,-0.3172607421875,0.821044921875,10.55908203125,-37.7197265625,-17.9443359375
0.489013671875,-0.36572265625,0.8209228515625,16.7236328125,-42.90771484375,-15.2587890625
0.4716796875,-0.343505859375,0.821533203125,20.44677734375,-48.33984375,-12.75634765625
0.4356689453125,-0.23193359375,0.834228515625,18.12744140625,-54.87060546875,-10.68115234375
0.39404296875,-0.2523193359375,0.8128662109375,17.822265625,-62.255859375,-8.4228515625
0.4593505859375,-0.258056640625,0.7979736328125,14.46533203125,-70.37353515625,-9.94873046875
0.57177734375,-0.2347412109375,0.8057861328125,12.3291015625,-81.54296875,-14.70947265625
0.5361328125,-0.2337646484375,0.8792724609375,8.23974609375,-95.88623046875,-18.37158203125
0.5191650390625,-0.318115234375,0.8880615234375,4.39453125,-111.9384765625,-17.88330078125
0.5140380859375,-0.267333984375,0.8743896484375,3.84521484375,-128.72314453125,-12.63427734375
0.5126953125,-0.2471923828125,0.860595703125,4.638671875,-177.001953125,-12.6953125
0.4954833984375,-0.1380615234375,0.869873046875,7.4462890625,-195.61767578125,-13.24462890625
0.5589599609375,-0.115234375,0.878662109375,9.33837890625,-218.26171875,-15.625
0.493896484375,-0.1094970703125,0.8740234375,8.85009765625,-249.51171875,-23.92578125
0.52294921875,-0.115234375,0.88330078125,8.60595703125,-287.04833984375,-36.56005859375
0.5255126953125,-0.101806640625,0.9486083984375,-0.79345703125,-332.03125,-54.74853515625
0.5556640625,-0.099609375,0.9808349609375,-4.33349609375,-394.47021484375,-70.37353515625
0.5675048828125,-0.0897216796875,0.9638671875,-13.3056640625,-448.91357421875,-93.68896484375
0.562255859375,-0.1497802734375,0.9552001953125,-19.83642578125,-517.51708984375,-100.5859375
0.5496826171875,-0.2447509765625,0.9918212890625,-24.23095703125,-528.1982421875,-176.8798828125
0.5445556640625,-0.255126953125,1.026611328125,-29.96826171875,-360.9619140625,-171.142578125
0.5286865234375,-0.1815185546875,1.03173828125,-24.0478515625,-276.9775390625,-164.0625
0.4722900390625,-0.07763671875,1.0185546875,-37.4755859375,-180.0537109375,-111.38916015625
0.4444580078125,-0.1246337890625,1.03955078125,-102.294921875,-73.66943359375,-43.27392578125
0.4766845703125,-0.124267578125,1.097900390625,-138.00048828125,75.3173828125,22.76611328125
0.519287109375,-0.13427734375,1.1141357421875,-211.12060546875,256.8359375,29.47998046875
0.5341796875,-0.25,1.1497802734375,-179.5654296875,291.1376953125,34.3017578125
0.504150390625,-0.3231201171875,1.220703125,-154.96826171875,302.8564453125,39.61181640625
0.46826171875,-0.3203125,0.9251708984375,-119.44580078125,305.17578125,48.9501953125
0.38525390625,-0.2015380859375,1.5496826171875,-76.96533203125,300.29296875,63.17138671875
0.3017578125,-0.2161865234375,2.1005859375,60.72998046875,294.86083984375,77.63671875
0.174072265625,-0.431640625,1.6485595703125,111.083984375,303.8330078125,90.14892578125
0.2672119140625,-0.395751953125,1.7757568359375,136.65771484375,320.3125,114.8681640625
0.95947265625,-1.1068115234375,2.322021484375,140.625,350.40283203125,124.8779296875
1.480712890625,-1.05908203125,1.2171630859375,125.18310546875,355.28564453125,133.60595703125
1.924072265625,-0.878173828125,0.856689453125,96.86279296875,362.48779296875,131.34765625
2.779541015625,-1.36328125,0.5794677734375,68.78662109375,372.802734375,130.55419921875
1.7200927734375,-2.07958984375,0.4315185546875,48.33984375,373.6572265625,132.568359375
1.330810546875,-1.83056640625,0.423583984375,36.80419921875,373.22998046875,135.8642578125
2.3502197265625,-1.2071533203125,0.4844970703125,26.30615234375,369.68994140625,136.77978515625
2.564208984375,-0.6270751953125,0.558837890625,14.34326171875,364.44091796875,132.32421875
0.72021484375,-0.2149658203125,0.58984375,-8.60595703125,356.38427734375,121.27685546875
0.189208984375,0.014404296875,0.5582275390625,-5.06591796875,349.18212890625,109.55810546875
-0.0823974609375,0.0296630859375,0.599853515625,-1.46484375,341.30859375,91.36962890625
-0.1590576171875,-0.11083984375,0.6424560546875,1.220703125,323.2421875,70.1904296875
-0.078369140625,-0.283447265625,1.121826171875,-0.8544921875,291.44287109375,43.0908203125
0.1363525390625,-0.3724365234375,1.2613525390625,-7.32421875,253.2958984375,24.96337890625
0.3966064453125,-0.12548828125,1.3751220703125,-8.30078125,210.8154296875,27.64892578125
0.546630859375,-0.0897216796875,1.468505859375,-15.13671875,161.4990234375,37.59765625
0.4576416015625,-0.3035888671875,1.546142578125,-17.88330078125,109.68017578125,31.1279296875
0.7489013671875,-0.31591796875,1.6138916015625,-27.40478515625,59.99755859375,5.4931640625
0.8812255859375,-0.2967529296875,1.6295166015625,-46.08154296875,3.11279296875,-46.5087890625
1.498046875,-0.2567138671875,1.4793701171875,-86.181640625,-58.04443359375,-79.9560546875
1.6865234375,-0.2342529296875,1.079345703125,-147.64404296875,-86.12060546875,-66.22314453125
1.8148193359375,-0.259033203125,0.4620361328125,-183.349609375,-91.49169921875,-46.875
1.9326171875,-0.280517578125,-0.2467041015625,-150.0244140625,-101.6845703125,-28.6865234375
2.106689453125,-0.380126953125,-0.886962890625,-60.302734375,-130.43212890625,-1.64794921875
2.3428955078125,-0.526123046875,-1.3427734375,44.86083984375,-191.650390625,8.6669921875
2.656982421875,-0.5335693359375,-1.541748046875,99.365234375,-228.3935546875,-11.23046875
2.8731689453125,-0.218994140625,-1.513916015625,110.7177734375,-246.27685546875,-45.34912109375
2.8095703125,0.5762939453125,-1.3726806640625,120.30029296875,-224.30419921875,-56.0302734375
2.7047119140625,1.252197265625,-1.122802734375,112.1826171875,-204.58984375,-36.7431640625
2.67431640625,1.0167236328125,-0.7117919921875,90.39306640625,-201.904296875,-23.49853515625
2.6114501953125,0.0958251953125,0.2916259765625,57.9833984375,-192.3828125,-33.02001953125
2.6090087890625,-0.6368408203125,1.2955322265625,25.0244140625,-154.72412109375,-43.64013671875
2.760009765625,-0.3763427734375,1.1099853515625,2.3193359375,-109.68017578125,-43.9453125
2.9813232421875,0.503662109375,0.7767333984375,-6.04248046875,-65.5517578125,-36.7431640625
2.844482421875,0.364990234375,1.01904296875,-0.8544921875,-54.38232421875,-25.634765625
2.491943359375,-0.0997314453125,1.4698486328125,15.625,-21.484375,-11.53564453125
2.20654296875,0.04931640625,1.64013671875,38.0859375,-14.70947265625,-6.2255859375
1.1802978515625,0.501953125,1.35595703125,40.22216796875,-14.7705078125,14.2822265625
-0.065673828125,0.975830078125,1.1229248046875,60.11962890625,-17.333984375,4.0283203125
-0.25830078125,1.22119140625,1.1846923828125,60.05859375,-23.5595703125,6.53076171875
0.099853515625,0.77001953125,1.1661376953125,34.85107421875,-25.146484375,8.85009765625
0.76220703125,-0.309326171875,1.2099609375,14.22119140625,-24.84130859375,9.58251953125
1.4532470703125,-1.198974609375,1.186279296875,5.7373046875,-25.08544921875,8.85009765625
1.7484130859375,-0.9505615234375,1.067138671875,-1.220703125,-24.90234375,6.2255859375
1.43798828125,0.0584716796875,0.985595703125,-10.009765625,-24.658203125,4.150390625
1.22607421875,0.1761474609375,0.93701171875,-12.451171875,-23.25439453125,2.5634765625
1.5084228515625,-0.247314453125,0.9185791015625,-15.19775390625,-21.78955078125,0.79345703125
1.5343017578125,-0.1015625,0.9052734375,-16.7236328125,-21.78955078125,-1.0986328125
1.5633544921875,0.0274658203125,0.9066162109375,-19.1650390625,-24.2919921875,-3.5400390625
1.399658203125,-0.0604248046875,0.8975830078125,-19.287109375,-27.34375,-7.75146484375
0.865478515625,-0.02734375,0.8848876953125,-18.12744140625,-24.7802734375,-8.72802734375
0.644775390625,-0.05126953125,0.873291015625,-15.56396484375,-25.634765625,-8.72802734375
0.634033203125,-0.062744140625,0.8717041015625,-12.939453125,-24.90234375,-11.8408203125
0.5771484375,-0.0556640625,0.8587646484375,-9.6435546875,-25.0244140625,-13.85498046875
0.5281982421875,-0.0880126953125,0.835693359375,-6.9580078125,-25.57373046875,-16.05224609375
0.5615234375,-0.1302490234375,0.828857421875,-9.58251953125,-27.28271484375,-19.1650390625
0.55078125,-0.1983642578125,0.832763671875,-5.9814453125,-29.35791015625,-21.17919921875
0.53076171875,-0.238037109375,0.847900390625,-7.4462890625,-43.212890625,-19.34814453125
0.515380859375,-0.212890625,0.8287353515625,-3.96728515625,-62.255859375,-9.27734375
0.5047607421875,-0.1923828125,0.8145751953125,-1.15966796875,-105.3466796875,-5.615234375
0.5137939453125,-0.171875,0.8099365234375,3.173828125,-122.1923828125,0.18310546875
0.5361328125,-0.170166015625,0.8038330078125,7.75146484375,-138.48876953125,5.0048828125
0.543701171875,-0.161865234375,0.7984619140625,15.0146484375,-153.13720703125,7.01904296875
0.5286865234375,-0.189453125,0.792724609375,14.83154296875,-170.7763671875,6.53076171875
0.5367431640625,-0.168212890625,0.80078125,9.1552734375,-189.94140625,4.33349609375
0.529541015625,-0.1806640625,0.8133544921875,6.2255859375,-209.28955078125,-0.79345703125
0.55029296875,-0.2413330078125,0.8704833984375,2.3193359375,-237.48779296875,-12.3291015625
0.5491943359375,-0.216064453125,0.8895263671875,-1.52587890625,-271.66748046875,-30.6396484375
0.5596923828125,-0.216552734375,0.961669921875,-5.67626953125,-312.98828125,-48.76708984375
0.5589599609375,-0.2060546875,0.962890625,-10.43701171875,-374.81689453125,-56.94580078125
0.570068359375,-0.1357421875,0.9517822265625,-19.22607421875,-442.56591796875,-58.53271484375
0.5562744140625,-0.099609375,0.9603271484375,-31.06689453125,-479.248046875,-77.08740234375
0.5489501953125,-0.020751953125,0.9737548828125,-39.24560546875,-518.24951171875,-82.58056640625
0.521484375,0.053955078125,0.9957275390625,-37.90283203125,-542.8466796875,-89.66064453125
0.5347900390625,0.0933837890625,1.024658203125,-31.92138671875,-513.24462890625,-125.3662109375
0.5089111328125,0.0699462890625,1.034423828125,-37.41455078125,-478.94287109375,-133.056640625
0.537109375,-0.0096435546875,1.0382080078125,-66.7724609375,-407.40966796875,-167.48046875
0.5599365234375,-0.088623046875,1.0777587890625,-103.21044921875,-370.4833984375,-161.07177734375
0.5438232421875,-0.125732421875,1.1278076171875,-136.1083984375,-295.654296875,-157.470703125
0.5286865234375,-0.2288818359375,1.1322021484375,-187.8662109375,-217.529296875,-45.0439453125
0.510498046875,-0.3837890625,1.3233642578125,-206.72607421875,3.23486328125,24.0478515625
0.46826171875,-0.4078369140625,1.2777099609375,-231.26220703125,96.37451171875,53.64990234375
0.4139404296875,-0.2113037109375,0.9608154296875,-213.134765625,200.37841796875,59.99755859375
0.322265625,-0.12353515625,0.931884765625,-196.47216796875,246.337890625,62.01171875
0.19921875,-0.3280029296875,1.09033203125,-178.16162109375,259.94873046875,62.6220703125
0.15478515625,-0.4129638671875,1.37353515625,-102.4169921875,272.8271484375,70.00732421875
0.7425537109375,-0.2890625,1.8382568359375,-42.48046875,279.4189453125,82.1533203125
1.3392333984375,-0.6494140625,2.0260009765625,31.982421875,300.6591796875,92.1630859375
1.501708984375,-1.1046142578125,1.5384521484375,93.75,338.92822265625,93.3837890625
1.92724609375,-1.0498046875,1.5009765625,130.126953125,350.09765625,92.10205078125
2.486572265625,-1.053955078125,1.90478515625,145.1416015625,361.81640625,91.30859375
3.001220703125,-1.068359375,1.3721923828125,121.27685546875,374.93896484375,94.66552734375
2.909912109375,-0.809814453125,1.0452880859375,67.56591796875,385.31494140625,107.60498046875
2.4111328125,-1.306884765625,0.7633056640625,43.27392578125,385.55908203125,113.1591796875
1.6146240234375,-2.139404296875,0.5555419921875,23.8037109375,382.8125,117.0654296875
0.9256591796875,-2.0028076171875,0.4952392578125,23.193359375,379.69970703125,121.4599609375
2.2535400390625,-1.484619140625,0.568359375,23.01025390625,381.16455078125,128.662109375
1.47265625,-0.8704833984375,0.574462890625,17.9443359375,384.8876953125,138.0615234375
0.9779052734375,-0.384033203125,0.60205078125,0.54931640625,387.14599609375,147.216796875
0.4534912109375,0.0604248046875,0.57421875,-10.986328125,384.8876953125,154.6630859375
0.1351318359375,0.002197265625,0.55078125,-17.333984375,381.28662109375,155.09033203125
0.01123046875,-0.093505859375,0.5533447265625,-16.78466796875,373.47412109375,147.705078125
0.114501953125,-0.27099609375,0.585693359375,-10.3759765625,364.74609375,138.48876953125
0.4569091796875,-0.3057861328125,0.72998046875,-3.47900390625,355.89599609375,120.54443359375
0.5662841796875,-0.2813720703125,0.92724609375,2.86865234375,333.49609375,94.7265625
0.6455078125,-0.2115478515625,1.1153564453125,1.953125,288.63525390625,35.82763671875
0.6668701171875,-0.126220703125,1.3023681640625,-3.84521484375,182.2509765625,34.60693359375
0.68017578125,-0.1669921875,1.4661865234375,-3.96728515625,130.79833984375,35.82763671875
0.717529296875,-0.2958984375,1.5955810546875,-11.3525390625,76.2939453125,19.83642578125
0.80419921875,-0.4256591796875,1.69287109375,-8.85009765625,24.169921875,-15.13671875
0.9801025390625,-0.5003662109375,1.7550048828125,-7.99560546875,-25.20751953125,-81.48193359375
1.225341796875,-0.509521484375,1.7470703125,-66.10107421875,-80.4443359375,-75.439453125
1.44970703125,-0.4608154296875,1.56103515625,-134.521484375,-94.6044921875,-37.841796875
1.6436767578125,-0.38720703125,1.06201171875,-155.09033203125,-152.83203125,34.97314453125
1.7806396484375,-0.356689453125,0.2896728515625,-101.318359375,-251.77001953125,-11.65771484375
1.89794921875,-0.3458251953125,-0.5068359375,-8.056640625,-264.95361328125,-46.44775390625
2.08984375,-0.4410400390625,-1.4246826171875,126.77001953125,-237.548828125,-34.912109375
2.38134765625,-0.64794921875,-1.579345703125,119.68994140625,-224.4873046875,-8.36181640625
2.7630615234375,-0.657470703125,-1.6248779296875,104.98046875,-223.9990234375,-10.6201171875
3.0469970703125,-0.0936279296875,-1.4686279296875,38.6962890625,-203.43017578125,-18.9208984375
2.9495849609375,1.5130615234375,0.651123046875,14.404296875,-156.55517578125,-31.67724609375
2.678955078125,0.92578125,1.24951171875,-16.29638671875,-87.890625,-31.982421875
2.541748046875,-0.0205078125,0.7156982421875,-21.8505859375,-65.49072265625,-29.47998046875
2.841552734375,-0.476806640625,1.2239990234375,-6.9580078125,-43.64013671875,-31.18896484375
3.1824951171875,0.54443359375,1.7640380859375,21.91162109375,-25.20751953125,-23.25439453125
3.27734375,-0.12548828125,1.653076171875,15.68603515625,-18.5546875,-14.6484375
2.9095458984375,0.052978515625,1.3509521484375,34.85107421875,-17.27294921875,-9.033203125
1.150634765625,0.9854736328125,1.2913818359375,43.0908203125,-15.19775390625,-4.08935546875
-0.7149658203125,1.42578125,1.2718505859375,37.65869140625,-16.7236328125,-2.44140625
-0.703857421875,0.6676025390625,1.237548828125,37.78076171875,-19.287109375,-1.28173828125
1.247802734375,-0.913818359375,1.146728515625,30.82275390625,-21.6064453125,-0.244140625
1.89404296875,-1.5406494140625,0.9722900390625,21.484375,-23.193359375,0.732421875
1.8927001953125,-0.470947265625,1.0032958984375,11.474609375,-24.23095703125,1.28173828125
1.5435791015625,0.3499755859375,1.025634765625,4.638671875,-25.32958984375,0.54931640625
1.560302734375,-0.0264892578125,0.9677734375,2.13623046875,-25.20751953125,-1.52587890625
1.6590576171875,-0.1944580078125,0.9483642578125,0.244140625,-24.23095703125,-2.50244140625
1.6849365234375,-0.0269775390625,0.932373046875,-1.64794921875,-24.10888671875,-2.99072265625
1.5897216796875,0.0419921875,0.912109375,-2.3193359375,-25.5126953125,-2.99072265625
0.9677734375,-0.0667724609375,0.8941650390625,-3.173828125,-29.96826171875,-3.35693359375
0.6431884765625,-0.0552978515625,0.890625,-3.23486328125,-30.09033203125,-4.21142578125
0.73046875,0.0220947265625,0.8914794921875,-1.708984375,-29.35791015625,-4.57763671875
0.7115478515625,-0.0245361328125,0.8785400390625,-0.54931640625,-30.1513671875,-5.859375
0.63330078125,-0.09130859375,0.8658447265625,0.6103515625,-29.541015625,-7.99560546875
0.5955810546875,-0.1168212890625,0.8585205078125,1.40380859375,-28.99169921875,-9.94873046875
0.601806640625,-0.128662109375,0.8494873046875,1.89208984375,-30.1513671875,-12.5732421875
0.5545654296875,-0.1312255859375,0.8546142578125,1.03759765625,-32.470703125,-18.1884765625
0.513427734375,-0.15576171875,0.868896484375,-0.3662109375,-37.2314453125,-18.73779296875
0.5367431640625,-0.2196044921875,0.8489990234375,-3.11279296875,-38.57421875,-18.98193359375
0.5252685546875,-0.210693359375,0.8404541015625,-3.7841796875,-40.71044921875,-18.49365234375
0.5001220703125,-0.1732177734375,0.84130859375,-4.69970703125,-45.2880859375,-16.7236328125
0.505859375,-0.1324462890625,0.830078125,-5.55419921875,-51.3916015625,-14.0380859375
0.5245361328125,-0.11181640625,0.814697265625,-2.86865234375,-58.77685546875,-10.8642578125
0.5426025390625,-0.1212158203125,0.8123779296875,0.0,-67.626953125,-8.056640625
0.5457763671875,-0.149169921875,0.8204345703125,2.8076171875,-76.59912109375,-5.0048828125
0.5582275390625,-0.1702880859375,0.8125,4.39453125,-86.60888671875,-4.0283203125
0.568115234375,-0.162841796875,0.7713623046875,5.55419921875,-99.2431640625,-5.2490234375
0.5487060546875,-0.158447265625,0.775634765625,6.2255859375,-112.79296875,-5.31005859375
0.5523681640625,-0.1346435546875,0.8056640625,6.40869140625,-125.8544921875,-3.2958984375
0.5760498046875,-0.1529541015625,0.826416015625,6.34765625,-138.916015625,-1.3427734375
0.5679931640625,-0.17333984375,0.845947265625,5.31005859375,-156.6162109375,-0.9765625
0.5386962890625,-0.1484375,0.855712890625,4.57763671875,-173.9501953125,-2.197265625
0.5382080078125,-0.114990234375,0.853515625,3.23486328125,-193.17626953125,-5.859375
0.5914306640625,-0.0970458984375,0.8524169921875,0.79345703125,-216.49169921875,-13.12255859375
0.5836181640625,-0.061767578125,0.87255859375,-1.5869140625,-243.95751953125,-26.18408203125
0.568115234375,-0.025390625,0.90771484375,-3.5400390625,-276.7333984375,-45.47119140625
0.5753173828125,-0.0341796875,0.918212890625,-5.31005859375,-322.509765625,-61.6455078125
0.576904296875,-0.0345458984375,0.9188232421875,-9.765625,-385.7421875,-54.87060546875
0.5703125,-0.04541015625,0.9462890625,-18.24951171875,-443.05419921875,-69.76318359375
0.5609130859375,-0.081298828125,0.95068359375,-23.3154296875,-477.84423828125,-77.2705078125
0.557373046875,-0.07763671875,0.9383544921875,-24.0478515625,-521.484375,-91.4306640625
0.563232421875,-0.02880859375,0.9532470703125,-23.92578125,-496.03271484375,-148.0712890625
0.5653076171875,0.01025390625,0.950927734375,-23.25439453125,-387.3291015625,-175.6591796875
0.5673828125,-0.016357421875,0.96044921875,-41.32080078125,-350.5859375,-165.52734375
0.5699462890625,-0.0692138671875,1.0037841796875,-70.9228515625,-270.93505859375,-164.4287109375
0.5711669921875,-0.0999755859375,1.06689453125,-103.57666015625,-191.46728515625,-95.52001953125
0.5625,-0.1466064453125,1.1339111328125,-197.3876953125,-98.44970703125,-10.68115234375
0.56298828125,-0.2313232421875,1.2332763671875,-228.271484375,42.3583984375,46.56982421875
0.55908203125,-0.3326416015625,1.2857666015625,-202.69775390625,136.71875,62.8662109375
0.5030517578125,-0.304443359375,1.0638427734375,-169.49462890625,225.89111328125,65.97900390625
0.41552734375,-0.1219482421875,0.946044921875,-142.08984375,254.2724609375,66.22314453125
0.3087158203125,-0.1802978515625,1.255126953125,-112.24365234375,267.15087890625,66.22314453125
0.22900390625,-0.2872314453125,2.0289306640625,-71.6552734375,276.42822265625,69.76318359375
0.4300537109375,-0.1650390625,2.09521484375,-10.55908203125,278.86962890625,78.0029296875
1.0155029296875,-0.8480224609375,1.4259033203125,57.9833984375,281.73828125,86.0595703125
1.4725341796875,-1.194580078125,1.6097412109375,108.7646484375,294.7998046875,97.2900390625
1.5941162109375,-1.24169921875,2.164306640625,136.474609375,333.3740234375,98.0224609375
2.5794677734375,-1.0880126953125,1.729248046875,144.53125,348.6328125,96.8017578125
3.0777587890625,-0.9332275390625,1.20654296875,134.6435546875,357.72705078125,92.7734375
2.3179931640625,-1.458740234375,0.9013671875,109.375,369.20166015625,92.71240234375
1.454345703125,-2.0084228515625,0.6544189453125,80.078125,378.72314453125,101.1962890625
1.3624267578125,-2.0882568359375,0.5035400390625,37.353515625,384.21630859375,104.8583984375
2.4739990234375,-1.8162841796875,0.4901123046875,32.16552734375,385.7421875,107.23876953125
2.227294921875,-1.228759765625,0.5284423828125,31.31103515625,386.29150390625,109.130859375
1.2884521484375,-0.662841796875,0.5638427734375,31.25,386.90185546875,113.46435546875
0.811279296875,-0.23681640625,0.5960693359375,23.74267578125,389.7705078125,122.61962890625
0.3575439453125,0.029052734375,0.6038818359375,-6.103515625,393.9208984375,155.2734375
0.08740234375,0.1138916015625,0.5882568359375,-18.98193359375,387.26806640625,154.296875
-0.0107421875,0.0645751953125,0.543212890625,-26.123046875,378.173828125,121.39892578125
0.056396484375,-0.172119140625,0.5220947265625,-26.30615234375,346.00830078125,95.0927734375
0.2193603515625,-0.2559814453125,0.603759765625,-21.97265625,314.5751953125,30.82275390625
0.4007568359375,-0.272216796875,0.714599609375,-17.51708984375,207.70263671875,47.18017578125
0.6453857421875,-0.1983642578125,0.8846435546875,-7.568359375,108.5205078125,53.16162109375
0.6630859375,-0.0673828125,1.0572509765625,-5.79833984375,43.15185546875,40.58837890625
0.6640625,-0.0059814453125,1.2215576171875,5.31005859375,-16.78466796875,-12.14599609375
0.670654296875,-0.0823974609375,1.3773193359375,5.0048828125,-82.8857421875,-64.453125
0.6788330078125,-0.209716796875,1.6502685546875,-34.66796875,-129.69970703125,-71.59423828125
0.8070068359375,-0.31591796875,1.723876953125,-116.3330078125,-124.0234375,-47.91259765625
0.96923828125,-0.357421875,1.4034423828125,-189.5751953125,-77.08740234375,-38.87939453125
1.181396484375,-0.3482666015625,0.7586669921875,-111.81640625,-76.23291015625,-57.4951171875
1.3746337890625,-0.222412109375,-0.9715576171875,8.23974609375,-140.07568359375,-20.751953125
1.5714111328125,-0.2674560546875,-1.6473388671875,95.458984375,-184.814453125,35.58349609375
1.7705078125,-0.470947265625,-2.0269775390625,111.4501953125,-217.71240234375,6.9580078125
2.3170166015625,-0.6798095703125,-1.733642578125,114.501953125,-230.52978515625,-38.51318359375
2.6302490234375,0.5562744140625,-1.2890625,93.3837890625,-240.17333984375,-30.57861328125
3.173095703125,1.7139892578125,-0.8046875,109.92431640625,-213.19580078125,-19.53125
2.9312744140625,0.5616455078125,0.136474609375,102.9052734375,-204.16259765625,-18.798828125
2.71728515625,-0.678955078125,1.479248046875,43.3349609375,-167.48046875,-33.99658203125
2.827392578125,-0.9132080078125,1.783935546875,24.90234375,-102.9052734375,-32.77587890625
3.1824951171875,-0.0150146484375,0.961669921875,-9.46044921875,-71.35009765625,-30.21240234375
2.9658203125,0.5565185546875,0.39404296875,-14.5263671875,-56.884765625,-31.8603515625
2.497314453125,0.115966796875,0.716064453125,27.9541015625,-37.9638671875,-29.72412109375
2.3948974609375,-0.7762451171875,1.4794921875,29.9072265625,-24.169921875,-20.99609375
1.278564453125,-0.588623046875,1.8377685546875,41.56494140625,-18.61572265625,-4.21142578125
0.4635009765625,0.6109619140625,1.3817138671875,39.61181640625,-16.29638671875,2.685546875
0.029296875,1.0885009765625,1.14404296875,46.69189453125,-19.47021484375,6.34765625
-0.5948486328125,1.35009765625,1.201171875,52.001953125,-23.3154296875,8.9111328125
-0.0577392578125,1.3956298828125,1.1456298828125,40.22216796875,-25.45166015625,10.498046875
0.694091796875,-1.797119140625,0.8526611328125,29.9072265625,-27.4658203125,10.498046875
1.4222412109375,-1.387939453125,0.917724609375,6.04248046875,-26.3671875,8.9111328125
1.8721923828125,-0.0948486328125,1.092529296875,-4.08935546875,-25.69580078125,7.26318359375
1.7674560546875,0.2152099609375,1.0159912109375,-10.009765625,-22.5830078125,4.69970703125
1.5594482421875,-0.1400146484375,0.945068359375,-15.869140625,-20.263671875,2.01416015625
1.6746826171875,-0.3560791015625,0.9378662109375,-18.9208984375,-21.97265625,0.9765625
1.649658203125,0.074462890625,0.918701171875,-20.20263671875,-24.47509765625,1.3427734375
0.8145751953125,0.1435546875,0.894287109375,-20.8740234375,-26.55029296875,0.9765625
0.4637451171875,-0.1243896484375,0.887451171875,-21.30126953125,-29.11376953125,0.42724609375
0.8424072265625,0.089111328125,0.877685546875,-19.04296875,-29.23583984375,-1.15966796875
0.81787109375,-0.021484375,0.869873046875,-13.97705078125,-28.6865234375,-3.35693359375
0.6754150390625,-0.081787109375,0.856689453125,-11.16943359375,-29.84619140625,-8.72802734375
0.5880126953125,-0.118896484375,0.8233642578125,-9.21630859375,-26.9775390625,-12.63427734375
0.5625,-0.1612548828125,0.8236083984375,-8.60595703125,-26.06201171875,-20.99609375
0.5333251953125,-0.185302734375,0.839111328125,-10.7421875,-25.146484375,-30.45654296875
0.53662109375,-0.25244140625,0.8477783203125,-12.20703125,-24.96337890625,-39.85595703125
0.539794921875,-0.3004150390625,0.83837890625,-9.82666015625,-22.8271484375,-45.2880859375
0.5423583984375,-0.284912109375,0.8194580078125,-6.2255859375,-20.5078125,-47.54638671875
0.5360107421875,-0.2286376953125,0.818603515625,-2.86865234375,-19.4091796875,-45.0439453125
0.5391845703125,-0.1842041015625,0.8052978515625,4.45556640625,-24.35302734375,-37.2314453125
0.5400390625,-0.1527099609375,0.795166015625,12.87841796875,-32.5927734375,-27.587890625
0.5125732421875,-0.13427734375,0.736572265625,20.01953125,-43.76220703125,-17.333984375
0.546875,-0.168212890625,0.756591796875,28.62548828125,-55.908203125,-7.62939453125
0.5672607421875,-0.257080078125,0.76513671875,34.3017578125,-70.00732421875,-0.42724609375
0.5408935546875,-0.2607421875,0.760986328125,33.87451171875,-88.5009765625,2.9296875
0.5614013671875,-0.2554931640625,0.754150390625,32.3486328125,-106.3232421875,5.92041015625
0.52392578125,-0.2945556640625,0.7506103515625,25.146484375,-122.9248046875,9.27734375
0.540283203125,-0.3656005859375,0.7921142578125,18.798828125,-139.0380859375,3.96728515625
0.55322265625,-0.4041748046875,0.83984375,15.44189453125,-190.85693359375,-3.2958984375
0.533935546875,-0.440673828125,0.86767578125,11.04736328125,-211.60888671875,-8.056640625
0.513671875,-0.365478515625,0.888916015625,7.080078125,-238.83056640625,-16.41845703125
0.52001953125,-0.163818359375,0.9090576171875,2.44140625,-273.92578125,-33.3251953125
0.552001953125,-0.031494140625,0.9403076171875,-1.953125,-312.3779296875,-51.94091796875
0.5963134765625,0.071533203125,0.9537353515625,-13.48876953125,-369.81201171875,-55.0537109375
0.6204833984375,0.119873046875,0.9542236328125,-14.6484375,-438.65966796875,-41.8701171875
0.6063232421875,0.10107421875,0.956298828125,-18.61572265625,-473.20556640625,-62.43896484375
0.5728759765625,0.0908203125,0.9512939453125,-23.13232421875,-517.63916015625,-62.80517578125
0.5771484375,0.0394287109375,0.998779296875,-23.5595703125,-542.17529296875,-62.1337890625
0.584228515625,0.0006103515625,0.9971923828125,-19.4091796875,-517.7001953125,-112.1826171875
0.5457763671875,0.0052490234375,1.0078125,-26.06201171875,-493.95751953125,-132.50732421875
0.5208740234375,0.011962890625,1.025390625,-67.56591796875,-434.326171875,-164.36767578125
0.51123046875,-0.2174072265625,1.071044921875,-98.0224609375,-380.06591796875,-174.6826171875
0.523681640625,-0.2274169921875,1.098388671875,-142.08984375,-316.162109375,-162.7197265625
0.55126953125,-0.1923828125,1.066650390625,-201.47705078125,-237.60986328125,-151.4892578125
0.49462890625,-0.2684326171875,1.2701416015625,-220.5810546875,-164.0625,-66.34521484375
0.4852294921875,-0.3321533203125,1.30615234375,-233.0322265625,-23.01025390625,4.57763671875
0.4482421875,-0.1455078125,0.9757080078125,-230.40771484375,82.70263671875,37.7197265625
0.347900390625,0.0660400390625,0.8896484375,-190.73486328125,192.7490234375,45.0439453125
0.2078857421875,-0.261474609375,1.0281982421875,-173.2177734375,252.62451171875,48.095703125
0.1552734375,-0.328369140625,1.333740234375,-149.0478515625,270.3857421875,49.31640625
0.8304443359375,-0.134765625,1.87646484375,-110.65673828125,285.33935546875,53.28369140625
1.34228515625,-0.6666259765625,2.1800537109375,-61.4013671875,294.7998046875,62.3779296875
1.4254150390625,-1.20703125,1.8427734375,18.24951171875,297.05810546875,74.40185546875
1.8438720703125,-1.1417236328125,1.5858154296875,86.36474609375,306.0302734375,85.75439453125
2.3699951171875,-1.1416015625,1.8975830078125,127.50244140625,319.2138671875,93.994140625
2.8321533203125,-1.149169921875,1.9632568359375,146.97265625,335.3271484375,96.98486328125
3.0001220703125,-0.645263671875,1.5155029296875,144.6533203125,350.15869140625,96.5576171875
2.7799072265625,-1.09765625,1.1060791015625,124.08447265625,356.201171875,95.703125
1.8892822265625,-1.91015625,0.80810546875,92.46826171875,364.44091796875,96.49658203125
0.91650390625,-2.103515625,0.5672607421875,58.349609375,375.0,100.03662109375
2.1527099609375,-2.116455078125,0.4730224609375,31.43310546875,385.55908203125,104.00390625
2.7191162109375,-1.6390380859375,0.48779296875,18.37158203125,392.4560546875,108.0322265625
1.43212890625,-1.008544921875,0.5108642578125,16.90673828125,393.798828125,109.92431640625
0.994384765625,-0.4801025390625,0.533935546875,18.6767578125,394.6533203125,110.29052734375
0.620849609375,-0.0980224609375,0.5330810546875,18.1884765625,394.59228515625,112.12158203125
0.263427734375,0.126708984375,0.554931640625,10.43701171875,396.54541015625,118.1640625
0.0567626953125,0.1798095703125,0.582275390625,0.18310546875,402.52685546875,141.2353515625
0.0230712890625,0.0865478515625,0.5670166015625,-9.6435546875,411.1328125,151.0009765625
0.1480712890625,-0.0653076171875,0.5689697265625,-17.7001953125,409.5458984375,154.60205078125
0.315185546875,-0.20947265625,0.5963134765625,-22.52197265625,403.4423828125,145.81298828125
0.4405517578125,-0.27978515625,0.6417236328125,-21.91162109375,388.0615234375,126.15966796875
0.5201416015625,-0.2418212890625,0.6912841796875,-18.06640625,368.46923828125,92.95654296875
0.5494384765625,-0.1318359375,0.81005859375,-13.00048828125,333.984375,52.67333984375
0.5733642578125,-0.0394287109375,1.007568359375,-9.82666015625,272.216796875,4.08935546875
0.6265869140625,-0.0123291015625,1.2060546875,-13.61083984375,167.17529296875,20.5078125
0.6978759765625,-0.0306396484375,1.3951416015625,-13.61083984375,118.5302734375,29.052734375
0.78759765625,-0.0882568359375,1.712890625,-11.53564453125,45.654296875,21.66748046875
0.8619384765625,-0.1842041015625,1.7591552734375,-7.99560546875,-30.76171875,-16.357421875
0.928955078125,-0.2822265625,1.7637939453125,-10.498046875,-80.6884765625,-58.349609375
1.056396484375,-0.3275146484375,1.72021484375,-141.845703125,-119.2626953125,-54.26025390625
1.2747802734375,-0.2900390625,1.467041015625,-210.44921875,-117.5537109375,-34.11865234375
1.5123291015625,-0.2222900390625,0.8660888671875,-194.091796875,-114.6240234375,-38.75732421875
1.7132568359375,-0.1802978515625,-0.032958984375,-105.89599609375,-175.96435546875,13.427734375
2.1123046875,-0.2535400390625,-1.6978759765625,6.53076171875,-233.642578125,31.6162109375
2.309326171875,-0.500732421875,-2.0487060546875,92.71240234375,-273.37646484375,-26.18408203125
2.5491943359375,-0.7723388671875,-2.0057373046875,119.68994140625,-264.892578125,-51.57470703125
2.8935546875,-0.428955078125,-1.841064453125,114.6240234375,-233.88671875,-28.564453125
3.1956787109375,1.6915283203125,-1.49462890625,133.85009765625,-217.34619140625,-36.376953125
3.11865234375,1.560791015625,-0.915283203125,98.14453125,-132.4462890625,-31.1279296875
2.89013671875,0.4000244140625,0.259521484375,41.68701171875,-86.9140625,-29.72412109375
2.966064453125,-0.7467041015625,1.2965087890625,19.34814453125,-54.931640625,-31.982421875
3.0782470703125,-0.8712158203125,0.705810546875,-22.0947265625,-28.076171875,-24.90234375
3.1494140625,-0.0184326171875,0.4271240234375,37.7197265625,-21.8505859375,-20.263671875
3.0250244140625,0.326904296875,0.953369140625,53.64990234375,-13.36669921875,-16.11328125
2.666748046875,-0.695556640625,1.802978515625,27.16064453125,-10.19287109375,-0.8544921875
2.48486328125,-0.062744140625,1.6552734375,38.57421875,-14.404296875,1.0986328125
1.34130859375,1.1065673828125,1.388427734375,44.3115234375,-17.08984375,2.5634765625
-0.463134765625,1.4534912109375,1.1649169921875,29.96826171875,-19.95849609375,3.662109375
-0.580322265625,1.63623046875,0.8759765625,27.64892578125,-22.0947265625,4.69970703125
0.0367431640625,-1.258544921875,0.9222412109375,21.78955078125,-22.94921875,3.5400390625
1.1085205078125,-2.0587158203125,1.021484375,2.9296875,-23.13232421875,1.8310546875
2.1148681640625,0.780029296875,0.9422607421875,-2.13623046875,-21.728515625,-3.173828125
2.320556640625,0.2412109375,0.914794921875,-5.9814453125,-21.30126953125,-4.94384765625
2.0567626953125,-0.4781494140625,0.9244384765625,-8.60595703125,-23.25439453125,-7.2021484375
1.689208984375,-0.0457763671875,0.8953857421875,-9.82666015625,-25.20751953125,-9.8876953125
0.8623046875,0.0308837890625,0.885986328125,-9.521484375,-27.9541015625,-12.20703125
0.6949462890625,-0.1932373046875,0.87548828125,-8.60595703125,-28.564453125,-12.20703125
0.8624267578125,-0.0445556640625,0.86328125,-3.173828125,-28.38134765625,-10.1318359375
0.7947998046875,-0.0035400390625,0.85498046875,0.732421875,-29.052734375,-8.1787109375
0.707763671875,-0.10791015625,0.8514404296875,2.99072265625,-27.9541015625,-7.2021484375
0.618896484375,-0.1541748046875,0.8486328125,5.06591796875,-27.83203125,-5.859375
0.60009765625,-0.161865234375,0.815185546875,3.7841796875,-29.1748046875,-5.0048828125
0.5565185546875,-0.1763916015625,0.8355712890625,5.43212890625,-31.18896484375,-3.662109375
0.53515625,-0.1953125,0.8380126953125,3.23486328125,-34.48486328125,-1.64794921875
0.536376953125,-0.2493896484375,0.837890625,-0.67138671875,-37.109375,-0.732421875
0.5382080078125,-0.2470703125,0.8323974609375,-4.150390625,-38.87939453125,-0.1220703125
0.533935546875,-0.2215576171875,0.8067626953125,-8.4228515625,-41.6259765625,-0.54931640625
0.5283203125,-0.2147216796875,0.78955078125,-12.26806640625,-44.7998046875,-0.9765625
0.5184326171875,-0.188232421875,0.7994384765625,-12.87841796875,-48.15673828125,-2.13623046875
0.5228271484375,-0.1865234375,0.8133544921875,-13.73291015625,-52.67333984375,-3.662109375
0.53662109375,-0.163330078125,0.814697265625,-13.7939453125,-58.9599609375,-7.38525390625
0.548583984375,-0.1278076171875,0.809326171875,-12.75634765625,-73.91357421875,-11.5966796875
0.53662109375,-0.11962890625,0.78857421875,-9.1552734375,-86.3037109375,-13.7939453125
0.553466796875,-0.0865478515625,0.76806640625,-5.18798828125,-99.853515625,-11.5966796875
0.607666015625,-0.070556640625,0.7723388671875,-2.9296875,-113.8916015625,0.06103515625
0.612060546875,-0.1024169921875,0.779296875,-1.15966796875,-160.64453125,0.54931640625
0.596923828125,-0.122314453125,0.7783203125,1.8310546875,-177.91748046875,-0.244140625
0.5806884765625,-0.108642578125,0.7894287109375,3.662109375,-197.81494140625,-2.74658203125
0.5772705078125,-0.1251220703125,0.8026123046875,4.08935546875,-223.14453125,-6.89697265625
0.5919189453125,-0.12744140625,0.805419921875,3.0517578125,-251.3427734375,-11.474609375
0.60205078125,-0.140625,0.860107421875,-5.4931640625,-283.8134765625,-28.62548828125
0.5972900390625,-0.1697998046875,0.883544921875,-7.01904296875,-323.974609375,-40.83251953125
0.6123046875,-0.186279296875,0.8878173828125,-13.5498046875,-387.20703125,-53.16162109375
0.6241455078125,-0.191650390625,0.883544921875,-17.27294921875,-459.1064453125,-75.37841796875
0.600341796875,-0.25048828125,0.913818359375,-18.06640625,-503.35693359375,-94.90966796875
0.5777587890625,-0.2357177734375,0.93505859375,-26.91650390625,-483.2763671875,-129.2724609375
0.5718994140625,-0.1392822265625,0.94580078125,-22.0947265625,-465.39306640625,-117.7978515625
0.52490234375,-0.0439453125,0.910888671875,-32.28759765625,-396.54541015625,-146.1181640625
0.5301513671875,-0.083740234375,0.90234375,-79.52880859375,-351.07421875,-140.19775390625
0.556640625,-0.138916015625,0.920654296875,-146.240234375,-285.82763671875,-124.755859375
0.58642578125,-0.1922607421875,0.984619140625,-182.43408203125,-195.25146484375,-85.38818359375
0.57958984375,-0.2218017578125,1.0889892578125,-193.7255859375,-99.79248046875,-28.01513671875
0.587890625,-0.1771240234375,1.2322998046875,-223.81591796875,28.4423828125,23.49853515625
0.5426025390625,-0.2215576171875,0.75732421875,-228.33251953125,133.11767578125,33.26416015625
0.4854736328125,-0.234130859375,0.8189697265625,-201.35498046875,231.99462890625,37.9638671875
0.424560546875,-0.1427001953125,1.017333984375,-202.81982421875,271.66748046875,40.1611328125
0.3046875,-0.45556640625,1.3267822265625,-171.81396484375,294.5556640625,42.724609375
0.264892578125,-0.431884765625,1.8397216796875,-105.3466796875,317.07763671875,47.8515625
0.7213134765625,-0.818115234375,2.0584716796875,-40.83251953125,324.0966796875,55.17578125
1.3099365234375,-1.0655517578125,1.6993408203125,56.5185546875,324.64599609375,63.41552734375
2.0093994140625,-0.950927734375,1.629638671875,115.6005859375,327.08740234375,71.2890625
2.4376220703125,-0.88134765625,2.01953125,146.17919921875,337.46337890625,77.08740234375
2.9332275390625,-0.78515625,1.8896484375,155.70068359375,349.609375,76.7822265625
2.8236083984375,-0.6600341796875,1.347412109375,143.49365234375,363.525390625,75.50048828125
2.3472900390625,-1.4263916015625,0.9862060546875,119.140625,369.20166015625,79.2236328125
1.734375,-2.1917724609375,0.6829833984375,89.35546875,376.77001953125,85.99853515625
1.367919921875,-2.2547607421875,0.498291015625,59.02099609375,378.7841796875,92.4072265625
2.41796875,-2.0611572265625,0.4383544921875,37.90283203125,377.13623046875,97.16796875
2.375732421875,-1.4100341796875,0.449462890625,36.43798828125,375.48828125,99.2431640625
1.421142578125,-0.7418212890625,0.4842529296875,40.83251953125,374.8779296875,104.91943359375
1.052978515625,-0.2587890625,0.5167236328125,36.92626953125,376.15966796875,113.58642578125
0.57080078125,0.03369140625,0.550048828125,24.96337890625,378.41796875,124.3896484375
0.2542724609375,0.13916015625,0.5740966796875,7.62939453125,377.8076171875,130.2490234375
0.0972900390625,0.0992431640625,0.524169921875,-10.009765625,371.9482421875,131.65283203125
0.0806884765625,-0.0281982421875,0.4998779296875,-7.99560546875,365.3564453125,127.01416015625
0.1612548828125,-0.2012939453125,0.5250244140625,-3.173828125,356.75048828125,114.3798828125
0.3167724609375,-0.4014892578125,0.582763671875,2.3193359375,343.26171875,96.19140625
0.489501953125,-0.2969970703125,0.878662109375,5.31005859375,326.23291015625,61.8896484375
0.61083984375,-0.123779296875,1.0618896484375,10.009765625,260.6201171875,50.59814453125
0.60986328125,-0.012451171875,1.2296142578125,11.71875,222.65625,45.8984375
0.6136474609375,-0.012451171875,1.3765869140625,4.39453125,184.2041015625,49.13330078125
0.6632080078125,-0.243408203125,1.4906005859375,-2.0751953125,135.55908203125,27.77099609375
0.736328125,-0.331298828125,1.548583984375,-7.01904296875,19.22607421875,-12.6953125
0.836669921875,-0.361572265625,1.547119140625,-31.1279296875,-38.87939453125,-57.0068359375
1.144775390625,-0.364013671875,1.5235595703125,-73.79150390625,-88.2568359375,-68.603515625
1.32470703125,-0.34765625,1.4315185546875,-132.568359375,-118.46923828125,-61.4013671875
1.5179443359375,-0.313720703125,1.1895751953125,-180.908203125,-120.60546875,-72.69287109375
1.6864013671875,-0.261962890625,0.2137451171875,-177.8564453125,-123.4130859375,-53.64990234375
1.8203125,-0.248046875,-0.4324951171875,-38.02490234375,-178.52783203125,-29.052734375
1.9400634765625,-0.3829345703125,-1.0208740234375,39.0625,-251.64794921875,-53.1005859375
2.11181640625,-0.623046875,-1.42041015625,112.85400390625,-239.07470703125,-67.32177734375
2.36962890625,-0.21337890625,-1.7015380859375,114.74609375,-228.57666015625,-45.59326171875
2.64453125,0.44775390625,-1.627685546875,121.09375,-216.796875,-29.541015625
2.76708984375,1.0255126953125,-1.1239013671875,115.8447265625,-204.2236328125,-36.43798828125
2.6134033203125,1.0870361328125,0.534423828125,77.5146484375,-155.94482421875,-39.0625
2.624755859375,0.5618896484375,1.1685791015625,18.24951171875,-31.73828125,-35.82763671875
2.6585693359375,-0.4271240234375,1.251220703125,12.939453125,-15.93017578125,-17.15087890625
2.7734375,-0.01953125,0.8699951171875,37.4755859375,-10.6201171875,-7.14111328125
2.9974365234375,0.0135498046875,0.807373046875,63.3544921875,-11.04736328125,0.42724609375
2.4805908203125,-0.158447265625,1.96240234375,67.68798828125,-15.9912109375,4.08935546875
2.2767333984375,-0.2646484375,1.66748046875,58.2275390625,-20.44677734375,5.126953125
0.5977783203125,0.4735107421875,1.2386474609375,46.81396484375,-25.32958984375,5.7373046875
0.3968505859375,1.107177734375,1.0556640625,27.587890625,-27.587890625,6.65283203125
0.0457763671875,0.876220703125,1.236328125,12.0849609375,-27.64892578125,5.615234375
-0.2552490234375,-0.49462890625,1.0057373046875,-0.9765625,-26.7333984375,2.8076171875
0.416015625,-1.6539306640625,0.9674072265625,-7.38525390625,-24.5361328125,-0.244140625
2.44384765625,-0.9552001953125,0.933349609375,-10.19287109375,-21.05712890625,-2.8076171875
2.129150390625,0.3089599609375,0.9263916015625,-11.23046875,-18.85986328125,-4.45556640625
1.73291015625,-0.0712890625,0.916748046875,-12.26806640625,-19.71435546875,-6.9580078125
1.457275390625,0.1207275390625,0.90283203125,-11.65771484375,-31.92138671875,-15.869140625
1.827880859375,0.0595703125,0.8958740234375,-9.94873046875,-35.09521484375,-17.822265625
0.7117919921875,0.1103515625,0.884033203125,-8.056640625,-35.94970703125,-19.775390625
0.7388916015625,0.079833984375,0.8841552734375,-6.16455078125,-36.865234375,-17.76123046875
0.656982421875,-0.0213623046875,0.875244140625,-3.35693359375,-43.02978515625,-11.90185546875
0.64501953125,-0.06396484375,0.8558349609375,0.244140625,-66.10107421875,-5.859375
0.6044921875,-0.0716552734375,0.8359375,-5.7373046875,-90.8203125,-3.35693359375
0.5496826171875,-0.0986328125,0.833740234375,-7.26318359375,-105.46875,-0.67138671875
0.548095703125,-0.158935546875,0.8486328125,-4.2724609375,-121.337890625,4.0283203125
0.5447998046875,-0.240478515625,0.8499755859375,8.85009765625,-136.16943359375,5.859375
0.53857421875,-0.2667236328125,0.7918701171875,8.97216796875,-148.8037109375,4.94384765625
0.54443359375,-0.2218017578125,0.7601318359375,9.3994140625,-166.3818359375,1.0986328125
0.5496826171875,-0.150146484375,0.73486328125,9.46044921875,-185.1806640625,-4.82177734375
0.5426025390625,-0.099365234375,0.810302734375,9.46044921875,-206.54296875,-12.39013671875
0.5362548828125,-0.1632080078125,0.8575439453125,5.31005859375,-233.70361328125,-53.52783203125
0.5458984375,-0.156494140625,0.9117431640625,0.48828125,-307.861328125,-72.1435546875
0.5423583984375,-0.15478515625,0.927978515625,-2.99072265625,-367.5537109375,-76.171875
0.5797119140625,-0.0635986328125,0.936767578125,-5.859375,-478.33251953125,-93.81103515625
0.59765625,-0.036865234375,0.932373046875,-9.94873046875,-527.099609375,-88.56201171875
0.6163330078125,-0.010498046875,0.9415283203125,-17.88330078125,-542.78564453125,-90.75927734375
0.5875244140625,0.017822265625,0.9532470703125,-16.54052734375,-519.95849609375,-102.4169921875
0.576904296875,0.062744140625,0.95947265625,-18.49365234375,-484.619140625,-130.2490234375
0.5616455078125,0.06640625,0.989501953125,-54.8095703125,-414.61181640625,-167.96875
0.573486328125,0.0107421875,1.02587890625,-86.0595703125,-376.220703125,-168.45703125
0.586181640625,-0.062744140625,1.03759765625,-129.0283203125,-302.91748046875,-116.2109375
0.5887451171875,-0.1297607421875,1.149658203125,-183.89892578125,-127.86865234375,-14.0380859375
0.5811767578125,-0.138916015625,1.3128662109375,-236.26708984375,36.865234375,61.6455078125
0.5682373046875,-0.240234375,1.2547607421875,-260.498046875,134.33837890625,82.275390625
0.5498046875,-0.3531494140625,0.8629150390625,-238.525390625,280.70068359375,86.97509765625
0.536865234375,-0.1597900390625,0.7952880859375,-209.77783203125,304.931640625,101.806640625
0.469482421875,-0.303466796875,1.0750732421875,-144.287109375,307.6171875,112.36572265625
0.347412109375,-0.2999267578125,1.5419921875,-97.5341796875,317.87109375,124.32861328125
0.25146484375,-0.0968017578125,2.0062255859375,-37.65869140625,350.52490234375,124.6337890625
1.323486328125,-0.3548583984375,2.1182861328125,99.365234375,353.82080078125,123.47412109375
1.509521484375,-0.916015625,1.6744384765625,136.16943359375,374.267578125,126.28173828125
2.0406494140625,-1.1087646484375,2.2293701171875,94.90966796875,376.8310546875,129.638671875
2.48681640625,-1.177734375,1.8046875,59.6923828125,373.96240234375,126.0986328125
2.9703369140625,-1.1846923828125,0.931396484375,15.44189453125,362.9150390625,120.2392578125
3.0599365234375,-1.45458984375,0.4803466796875,16.357421875,362.85400390625,112.6708984375
2.6392822265625,-2.173583984375,0.4591064453125,22.216796875,365.78369140625,109.619140625
1.7928466796875,-2.1787109375,0.5528564453125,16.29638671875,373.1689453125,120.91064453125
2.417236328125,-1.3729248046875,0.6600341796875,4.7607421875,372.86376953125,117.67578125
2.477783203125,-0.185546875,0.65234375,-8.544921875,358.21533203125,107.84912109375
1.238037109375,0.12744140625,0.540283203125,-18.1884765625,343.8720703125,94.8486328125
0.481201171875,0.1627197265625,0.5380859375,-20.08056640625,327.45361328125,72.75390625
0.078369140625,-0.1893310546875,0.578125,-22.52197265625,294.43359375,44.43359375
0.07373046875,-0.269287109375,0.8175048828125,-24.90234375,234.619140625,18.73779296875
0.4603271484375,-0.0987548828125,1.0203857421875,-24.90234375,173.828125,29.1748046875
0.6527099609375,0.0540771484375,1.1993408203125,-15.93017578125,122.49755859375,62.56103515625
0.6473388671875,0.135009765625,1.37255859375,-14.58740234375,58.837890625,83.251953125
0.5582275390625,0.059326171875,1.63232421875,-13.5498046875,6.8359375,-11.962890625
0.58056640625,0.0621337890625,1.66650390625,-12.51220703125,-163.87939453125,-14.16015625
0.654541015625,-0.035400390625,1.611328125,-28.25927734375,-141.29638671875,-2.86865234375
0.96337890625,-0.076904296875,1.22216796875,-94.7265625,-111.81640625,-34.60693359375
1.209228515625,-0.0137939453125,0.4425048828125,-155.94482421875,-150.146484375,-19.8974609375
1.412109375,-0.164306640625,-0.5306396484375,-161.80419921875,-188.3544921875,7.38525390625
1.5968017578125,-0.214111328125,-1.471923828125,105.95703125,-189.14794921875,-6.591796875
2.12255859375,-0.3204345703125,-2.14306640625,120.60546875,-193.05419921875,-38.818359375
2.6903076171875,-0.63818359375,-2.4228515625,103.08837890625,-193.78662109375,-50.47607421875
3.2178955078125,-0.620361328125,-2.2706298828125,142.578125,-193.603515625,-37.2314453125
3.552001953125,0.3424072265625,0.089111328125,128.0517578125,-186.82861328125,-33.14208984375
3.3958740234375,1.455078125,0.9796142578125,83.67919921875,-181.33544921875,-30.33447265625
3.082763671875,1.4381103515625,1.5902099609375,47.9736328125,-157.65380859375,-39.55078125
2.9893798828125,0.4241943359375,1.2762451171875,18.4326171875,-107.91015625,-43.0908203125
2.954833984375,-0.145263671875,0.7425537109375,-7.4462890625,-78.18603515625,-37.65869140625
2.9072265625,0.1571044921875,0.9661865234375,-13.24462890625,-59.5703125,-38.4521484375
3.0118408203125,-0.7662353515625,1.361572265625,27.83203125,-29.1748046875,-37.53662109375
0.844970703125,-0.2064208984375,1.5379638671875,38.330078125,-19.10400390625,-29.6630859375
0.951171875,1.1756591796875,1.406982421875,45.47119140625,-11.53564453125,-20.99609375
0.6568603515625,1.451416015625,1.1883544921875,58.53271484375,-5.55419921875,-17.51708984375
0.140625,1.5286865234375,1.0306396484375,55.11474609375,-9.46044921875,-12.0849609375
0.385009765625,1.396240234375,1.1219482421875,52.91748046875,-14.22119140625,-6.53076171875
0.872802734375,0.322509765625,1.3045654296875,44.921875,-21.240234375,-2.44140625
1.341064453125,-1.2520751953125,1.0406494140625,37.59765625,-20.81298828125,-0.1220703125
1.5338134765625,-1.4853515625,0.874267578125,27.2216796875,-20.93505859375,0.1220703125
1.3790283203125,-0.3353271484375,1.031982421875,24.96337890625,-21.17919921875,-1.953125
1.267578125,0.03369140625,1.0238037109375,16.11328125,-19.1650390625,-3.84521484375
1.312255859375,-0.1776123046875,0.93359375,5.43212890625,-18.310546875,-5.859375
1.5054931640625,-0.1611328125,0.9168701171875,2.3193359375,-23.01025390625,-6.4697265625
1.76806640625,0.07080078125,0.9072265625,-0.06103515625,-27.28271484375,-5.67626953125
1.2000732421875,0.0570068359375,0.8902587890625,-1.15966796875,-30.70068359375,-4.57763671875
0.644775390625,-0.1224365234375,0.8779296875,-1.40380859375,-30.6396484375,-5.55419921875
0.7967529296875,-0.045166015625,0.8726806640625,-1.220703125,-29.78515625,-7.14111328125
0.716064453125,-0.0457763671875,0.8739013671875,0.30517578125,-32.5927734375,-9.70458984375
0.623779296875,-0.0506591796875,0.8602294921875,1.8310546875,-33.99658203125,-11.5966796875
0.6173095703125,-0.0556640625,0.8402099609375,0.42724609375,-36.07177734375,-11.962890625
0.5352783203125,-0.033203125,0.845458984375,-3.35693359375,-65.5517578125,-8.544921875
0.5247802734375,-0.097900390625,0.8638916015625,-7.4462890625,-74.52392578125,-5.31005859375
0.5167236328125,-0.1641845703125,0.867919921875,-8.9111328125,-84.5947265625,-3.23486328125
0.5650634765625,-0.1881103515625,0.8524169921875,-9.46044921875,-96.98486328125,-1.0986328125
0.5509033203125,-0.18701171875,0.835693359375,-8.36181640625,-122.49755859375,2.74658203125
0.5272216796875,-0.08740234375,0.8248291015625,3.23486328125,-171.630859375,0.42724609375
0.5260009765625,-0.066650390625,0.8270263671875,3.5400390625,-190.85693359375,-9.8876953125
0.526123046875,-0.0531005859375,0.7860107421875,5.859375,-233.3984375,-20.263671875
0.542236328125,-0.069580078125,0.79736328125,4.45556640625,-263.18359375,-40.71044921875
0.5361328125,-0.0767822265625,0.875244140625,-0.48828125,-299.6826171875,-58.77685546875
0.5394287109375,-0.1229248046875,0.8741455078125,-4.8828125,-351.6845703125,-65.5517578125
0.5584716796875,-0.1343994140625,0.89453125,-6.591796875,-423.76708984375,-59.6923828125
0.571533203125,-0.15185546875,0.9033203125,-17.27294921875,-470.52001953125,-81.787109375
0.53759765625,-0.02197265625,0.93359375,-22.52197265625,-510.498046875,-84.9609375
0.5692138671875,-0.0445556640625,0.9403076171875,-17.9443359375,-541.80908203125,-166.07666015625
0.5523681640625,-0.043701171875,0.9700927734375,-19.8974609375,-337.890625,-147.3388671875
0.5635986328125,-0.048828125,0.998046875,-18.12744140625,-251.220703125,-140.9912109375
0.561279296875,0.000244140625,1.009521484375,-44.0673828125,-155.21240234375,-41.07666015625
0.552734375,0.026611328125,1.011962890625,-76.171875,-5.43212890625,70.25146484375
0.5430908203125,-0.1285400390625,1.0828857421875,-113.76953125,220.3369140625,75.13427734375
0.5501708984375,-0.1510009765625,1.141845703125,-207.8857421875,288.87939453125,75.86669921875
0.5745849609375,-0.312255859375,1.2579345703125,-194.7021484375,311.1572265625,76.66015625
0.542724609375,-0.33251953125,1.2537841796875,-168.76220703125,334.04541015625,80.810546875
0.5064697265625,-0.2000732421875,0.999755859375,-127.9296875,346.13037109375,96.5576171875
0.3912353515625,-0.110107421875,2.1893310546875,14.2822265625,347.2900390625,107.23876953125
0.2763671875,-0.2861328125,2.060791015625,87.646484375,366.02783203125,107.0556640625
0.1954345703125,-0.3511962890625,1.6468505859375,133.23974609375,362.36572265625,106.689453125
0.643310546875,-0.1990966796875,1.9854736328125,151.7333984375,366.2109375,111.328125
1.2021484375,-1.058837890625,1.55322265625,145.81298828125,368.95751953125,119.7509765625
1.5150146484375,-0.706787109375,1.1083984375,88.43994140625,368.59130859375,124.57275390625
1.927734375,-1.1177978515625,0.7860107421875,21.3623046875,372.802734375,125.6103515625
2.03515625,-2.006103515625,0.50830078125,21.05712890625,377.62451171875,123.84033203125
1.21533203125,-2.2484130859375,0.4049072265625,22.0947265625,379.82177734375,121.7041015625
2.1146240234375,-1.7757568359375,0.468994140625,15.625,383.60595703125,121.52099609375
2.6400146484375,-1.0380859375,0.5704345703125,2.25830078125,388.00048828125,124.08447265625
1.1925048828125,-0.407958984375,0.5340576171875,-8.544921875,393.24951171875,127.685546875
0.791748046875,0.0196533203125,0.522705078125,-16.2353515625,392.51708984375,108.0322265625
0.4229736328125,0.198486328125,0.59130859375,-19.04296875,375.06103515625,16.41845703125
0.1983642578125,-0.274658203125,0.6669921875,-17.27294921875,185.60791015625,47.36328125
0.121826171875,-0.2958984375,0.7510986328125,-13.61083984375,144.6533203125,68.603515625
0.3482666015625,-0.189697265625,0.8751220703125,-3.72314453125,82.03125,73.91357421875
0.5528564453125,-0.0408935546875,1.0335693359375,-11.1083984375,13.97705078125,-8.85009765625
0.490234375,0.043701171875,1.2020263671875,-25.93994140625,-127.197265625,-6.4697265625
0.52099609375,0.0286865234375,1.3768310546875,-134.1552734375,-119.9951171875,0.54931640625
0.6368408203125,-0.03759765625,1.620849609375,-209.28955078125,-93.26171875,-16.90673828125
0.8170166015625,-0.1011962890625,1.65380859375,-204.345703125,-106.8115234375,-30.2734375
0.9930419921875,-0.140625,1.65576171875,-127.0751953125,-211.60888671875,-4.33349609375
1.1273193359375,-0.1343994140625,-1.2081298828125,89.66064453125,-248.4130859375,-36.0107421875
1.27978515625,-0.058837890625,-1.5596923828125,81.48193359375,-259.58251953125,-67.87109375
1.4697265625,0.043701171875,-1.6201171875,124.45068359375,-247.1923828125,-43.5791015625
1.6690673828125,0.01220703125,-1.6390380859375,115.1123046875,-186.8896484375,-49.98779296875
2.0511474609375,1.30419921875,-0.742919921875,122.802734375,-134.3994140625,-33.87451171875
2.218505859375,1.254150390625,0.161376953125,58.16650390625,-33.0810546875,-14.6484375
2.78125,0.324462890625,1.3514404296875,38.0859375,-19.04296875,-4.0283203125
2.64892578125,-0.5989990234375,1.559814453125,14.83154296875,-18.24951171875,1.8310546875
2.6678466796875,0.7489013671875,0.906982421875,76.66015625,-18.9208984375,4.7607421875
2.8616943359375,0.4324951171875,0.8125,80.13916015625,-20.1416015625,5.126953125
2.9783935546875,-0.3023681640625,1.6668701171875,51.20849609375,-24.10888671875,5.67626953125
2.359130859375,-0.5244140625,1.932373046875,24.0478515625,-25.146484375,6.591796875
1.2137451171875,0.025634765625,1.128662109375,7.62939453125,-24.59716796875,6.16455078125
0.3583984375,1.2506103515625,1.318603515625,-1.77001953125,-24.90234375,4.150390625
-0.02001953125,1.1724853515625,1.0657958984375,-8.36181640625,-23.37646484375,-3.662109375
-0.42626953125,0.7406005859375,0.952880859375,-9.46044921875,-21.6064453125,-5.37109375
0.7535400390625,-0.512451171875,0.9449462890625,-8.9111328125,-23.25439453125,-4.8828125
1.711181640625,0.4420166015625,0.8917236328125,-7.9345703125,-29.541015625,-5.06591796875
2.3258056640625,-0.08447265625,0.8909912109375,-6.40869140625,-29.60205078125,-3.662109375
1.632568359375,0.0032958984375,0.895751953125,-5.2490234375,-32.04345703125,-2.50244140625
1.9412841796875,0.0126953125,0.880859375,-1.8310546875,-32.8369140625,-9.765625
0.7431640625,0.0087890625,0.8798828125,-0.1220703125,-34.1796875,-13.85498046875
0.6614990234375,-0.0352783203125,0.87841796875,-1.77001953125,-36.43798828125,-16.78466796875
0.6710205078125,-0.068359375,0.8626708984375,-3.90625,-36.43798828125,-18.9208984375
0.5899658203125,-0.060302734375,0.835693359375,-2.197265625,-35.82763671875,-19.287109375
0.540771484375,-0.084228515625,0.8421630859375,-6.77490234375,-36.7431640625,-18.98193359375
0.5535888671875,-0.142578125,0.849365234375,-10.3759765625,-37.41455078125,-19.04296875
0.545166015625,-0.2166748046875,0.8394775390625,-8.72802734375,-41.1376953125,-17.2119140625
0.5191650390625,-0.24609375,0.8291015625,-8.30078125,-47.42431640625,-13.24462890625
0.5286865234375,-0.1563720703125,0.8204345703125,-5.7373046875,-53.64990234375,-0.42724609375
0.52783203125,-0.05908203125,0.8232421875,-4.08935546875,-76.7822265625,1.15966796875
0.5303955078125,-0.1092529296875,0.7904052734375,-0.9765625,-104.30908203125,1.52587890625
0.5350341796875,-0.076416015625,0.748291015625,3.47900390625,-120.05615234375,3.173828125
0.5758056640625,-0.0924072265625,0.73583984375,6.103515625,-135.1318359375,4.0283203125
0.5155029296875,-0.1802978515625,0.74462890625,7.14111328125,-165.34423828125,1.0986328125
0.5333251953125,-0.1954345703125,0.7864990234375,5.67626953125,-183.7158203125,-12.20703125
0.580322265625,-0.1781005859375,0.8277587890625,4.0283203125,-227.4169921875,-28.076171875
0.545654296875,-0.1654052734375,0.8380126953125,1.52587890625,-257.8125,-62.255859375
0.5634765625,-0.1053466796875,0.835693359375,-0.9765625,-353.69873046875,-67.93212890625
0.6048583984375,-0.0882568359375,0.8717041015625,-4.7607421875,-473.0224609375,-86.12060546875
0.5980224609375,-0.0745849609375,0.9090576171875,-5.859375,-513.0615234375,-70.98388671875
0.612060546875,-0.034912109375,0.943603515625,-19.4091796875,-531.43310546875,-135.3759765625
0.5960693359375,-0.0040283203125,0.9227294921875,-20.6298828125,-409.66796875,-164.73388671875
0.5762939453125,-0.0384521484375,0.9420166015625,-24.0478515625,-377.44140625,-129.82177734375
0.597412109375,-0.0596923828125,0.9620361328125,-61.5234375,-132.50732421875,82.51953125
0.6068115234375,-0.0050048828125,0.991455078125,-92.59033203125,311.70654296875,87.09716796875
0.560302734375,0.0325927734375,1.0018310546875,-139.2822265625,324.27978515625,90.2099609375
0.5430908203125,-0.0906982421875,1.1317138671875,-226.9287109375,326.5380859375,99.2431640625
0.5732421875,-0.14794921875,1.3033447265625,-212.82958984375,326.11083984375,100.9521484375
0.58544921875,-0.2567138671875,1.1893310546875,-128.60107421875,334.41162109375,91.00341796875
0.57080078125,-0.370361328125,0.902099609375,126.46484375,351.5625,87.46337890625
0.56396484375,-0.1478271484375,1.024169921875,129.638671875,356.8115234375,90.9423828125
0.4932861328125,-0.314453125,1.9210205078125,117.7978515625,371.15478515625,91.796875
0.3831787109375,-0.1494140625,1.7918701171875,62.80517578125,376.03759765625,108.0322265625
0.1693115234375,-0.114990234375,0.719482421875,38.39111328125,387.26806640625,113.46435546875
1.3792724609375,-1.0233154296875,0.4881591796875,13.3056640625,387.39013671875,121.15478515625
1.530029296875,-1.0242919921875,0.45654296875,9.033203125,385.43701171875,107.60498046875
1.9625244140625,-1.4061279296875,0.5345458984375,-23.86474609375,368.59130859375,87.0361328125
2.854248046875,-0.6270751953125,0.573974609375,-35.09521484375,354.3701171875,58.04443359375
2.317138671875,-0.117919921875,0.6116943359375,-55.35888671875,317.87109375,24.90234375
2.3909912109375,0.14306640625,0.562744140625,-67.07763671875,196.22802734375,-90.9423828125
0.275390625,0.116943359375,0.7381591796875,-88.9892578125,-188.29345703125,-37.65869140625
0.0367431640625,-0.0015869140625,1.0093994140625,-82.1533203125,-141.2353515625,-53.22265625
0.048095703125,-0.1429443359375,1.409423828125,-69.27490234375,-81.9091796875,-42.724609375
0.36572265625,-0.0338134765625,1.4837646484375,-51.45263671875,-44.7998046875,-32.958984375
0.48681640625,-0.0487060546875,1.562744140625,-52.30712890625,-22.216796875,-28.4423828125
0.5198974609375,-0.211669921875,1.6048583984375,51.08642578125,-11.77978515625,-20.81298828125
0.5400390625,-0.0216064453125,1.3507080078125,94.42138671875,-6.2255859375,-15.2587890625
0.9197998046875,0.07421875,0.7911376953125,76.84326171875,-6.2255859375,-8.056640625
