0.466064453125,-0.0968017578125,0.89501953125,-0.18310546875,-0.42724609375,-0.06103515625
0.46630859375,-0.0970458984375,0.89501953125,-0.06103515625,-0.42724609375,-0.06103515625
0.465576171875,-0.0968017578125,0.8953857421875,-0.1220703125,-0.42724609375,-0.06103515625
0.4647216796875,-0.0968017578125,0.895751953125,-0.1220703125,-0.48828125,0.0
0.465087890625,-0.096435546875,0.8963623046875,-0.1220703125,-0.48828125,0.0
0.4654541015625,-0.0965576171875,0.89599609375,-0.1220703125,-0.54931640625,0.0
0.465087890625,-0.0977783203125,0.8956298828125,-0.18310546875,-0.48828125,0.0
0.4642333984375,-0.09814453125,0.8963623046875,-0.18310546875,-0.42724609375,-0.06103515625
0.464599609375,-0.0987548828125,0.8961181640625,-0.1220703125,-0.48828125,-0.06103515625
0.465087890625,-0.0986328125,0.895751953125,-0.18310546875,-0.42724609375,0.0
0.4649658203125,-0.097412109375,0.8953857421875,-0.18310546875,-0.42724609375,0.0
0.4658203125,-0.096435546875,0.8951416015625,-0.18310546875,-0.48828125,-0.06103515625
0.4659423828125,-0.0963134765625,0.8956298828125,-0.18310546875,-0.48828125,0.0
0.46533203125,-0.0972900390625,0.8956298828125,-0.1220703125,-0.48828125,0.0
0.46435546875,-0.0977783203125,0.8948974609375,-0.18310546875,-0.48828125,0.0
0.463623046875,-0.0966796875,0.8948974609375,-0.18310546875,-0.48828125,0.0
0.4638671875,-0.095458984375,0.8955078125,-0.244140625,-0.42724609375,0.06103515625
0.4637451171875,-0.0963134765625,0.896240234375,-0.18310546875,-0.42724609375,0.06103515625
0.4644775390625,-0.0970458984375,0.896240234375,-0.18310546875,-0.42724609375,0.0
0.46533203125,-0.0970458984375,0.89501953125,-0.18310546875,-0.42724609375,0.06103515625
0.4649658203125,-0.096923828125,0.89501953125,-0.1220703125,-0.3662109375,0.06103515625
0.4649658203125,-0.096923828125,0.8956298828125,-0.244140625,-0.42724609375,0.0
0.4649658203125,-0.0968017578125,0.895263671875,-0.244140625,-0.3662109375,0.0
0.464599609375,-0.09716796875,0.895263671875,-0.244140625,-0.3662109375,0.06103515625
0.46484375,-0.097412109375,0.8958740234375,-0.18310546875,-0.42724609375,0.06103515625
0.465576171875,-0.0972900390625,0.8966064453125,-0.18310546875,-0.42724609375,0.06103515625
0.4658203125,-0.0975341796875,0.896484375,-0.1220703125,-0.42724609375,0.06103515625
0.4658203125,-0.09716796875,0.8951416015625,-0.1220703125,-0.42724609375,0.06103515625
0.465087890625,-0.0965576171875,0.895263671875,-0.18310546875,-0.42724609375,0.06103515625
0.465087890625,-0.0972900390625,0.896240234375,-0.244140625,-0.42724609375,0.06103515625
0.4658203125,-0.09765625,0.896240234375,-0.30517578125,-0.3662109375,0.06103515625
0.4656982421875,-0.0975341796875,0.89599609375,-0.244140625,-0.30517578125,0.06103515625
0.4654541015625,-0.0972900390625,0.8953857421875,-0.244140625,-0.244140625,0.06103515625
0.466064453125,-0.09716796875,0.8941650390625,-0.244140625,-0.30517578125,0.0
0.466796875,-0.0960693359375,0.89453125,-0.244140625,-0.3662109375,0.06103515625
0.4666748046875,-0.094970703125,0.8956298828125,-0.244140625,-0.3662109375,0.06103515625
0.4652099609375,-0.094482421875,0.8948974609375,-0.244140625,-0.42724609375,0.06103515625
0.4642333984375,-0.094970703125,0.8948974609375,-0.18310546875,-0.48828125,0.06103515625
0.46435546875,-0.0968017578125,0.8953857421875,-0.18310546875,-0.48828125,0.0
0.46435546875,-0.097412109375,0.8956298828125,-0.244140625,-0.42724609375,0.0
0.4647216796875,-0.09765625,0.895751953125,-0.30517578125,-0.42724609375,0.0
0.4658203125,-0.0968017578125,0.8956298828125,-0.244140625,-0.3662109375,-0.06103515625
0.466064453125,-0.0963134765625,0.8961181640625,-0.244140625,-0.3662109375,-0.06103515625
0.46630859375,-0.0968017578125,0.8955078125,-0.244140625,-0.42724609375,-0.06103515625
0.4664306640625,-0.0968017578125,0.8956298828125,-0.1220703125,-0.48828125,-0.06103515625
0.465087890625,-0.0963134765625,0.895263671875,-0.1220703125,-0.42724609375,0.0
0.464111328125,-0.09619140625,0.894775390625,-0.18310546875,-0.48828125,0.0
0.4637451171875,-0.096923828125,0.8955078125,-0.18310546875,-0.42724609375,0.0
0.4637451171875,-0.095703125,0.8958740234375,-0.18310546875,-0.42724609375,0.0
0.464111328125,-0.096923828125,0.8963623046875,-0.244140625,-0.3662109375,-0.06103515625
0.4638671875,-0.0963134765625,0.896240234375,-0.18310546875,-0.30517578125,-0.06103515625
0.46533203125,-0.096923828125,0.8951416015625,-0.18310546875,-0.30517578125,-0.1220703125
0.4661865234375,-0.0970458984375,0.8941650390625,-0.06103515625,-0.3662109375,-0.1220703125
0.464111328125,-0.0965576171875,0.89453125,-0.1220703125,-0.48828125,-0.1220703125
0.4642333984375,-0.0966796875,0.8946533203125,-0.18310546875,-0.6103515625,-0.18310546875
0.4652099609375,-0.0966796875,0.89453125,-0.1220703125,-0.6103515625,-0.18310546875
0.4637451171875,-0.0966796875,0.8951416015625,-0.1220703125,-0.48828125,-0.1220703125
0.4642333984375,-0.0975341796875,0.8961181640625,-0.06103515625,-0.30517578125,0.30517578125
0.4654541015625,-0.097412109375,0.89697265625,0.0,-0.18310546875,-0.3662109375
0.465576171875,-0.096435546875,0.8975830078125,0.18310546875,-0.06103515625,-1.3427734375
0.4654541015625,-0.0963134765625,0.896240234375,0.18310546875,-0.8544921875,-1.953125
0.4658203125,-0.097412109375,0.894287109375,0.0,-1.52587890625,-2.13623046875
0.46630859375,-0.09814453125,0.894287109375,-0.54931640625,-3.2958984375,-2.685546875
0.4658203125,-0.099365234375,0.894287109375,-0.6103515625,-7.01904296875,-3.23486328125
0.4656982421875,-0.0987548828125,0.8956298828125,-1.89208984375,-4.0283203125,-3.84521484375
0.4649658203125,-0.0955810546875,0.905029296875,-3.35693359375,1.953125,-3.60107421875
0.46337890625,-0.0948486328125,0.9090576171875,-5.06591796875,1.15966796875,-3.173828125
0.464111328125,-0.09716796875,0.92578125,-1.28173828125,-0.244140625,-2.685546875
0.466796875,-0.0965576171875,0.9127197265625,0.06103515625,-1.03759765625,-2.74658203125
0.4674072265625,-0.09521484375,0.8802490234375,0.54931640625,0.244140625,-2.99072265625
0.468017578125,-0.0994873046875,0.896728515625,-0.3662109375,3.47900390625,-5.31005859375
0.468017578125,-0.1077880859375,0.90283203125,-1.15966796875,4.21142578125,-5.43212890625
0.4671630859375,-0.1055908203125,0.913818359375,-4.150390625,4.69970703125,-4.5166015625
0.4674072265625,-0.1002197265625,0.91845703125,-4.45556640625,5.615234375,-2.74658203125
0.465576171875,-0.1021728515625,0.915771484375,-4.69970703125,6.103515625,-1.40380859375
0.4637451171875,-0.1192626953125,0.9085693359375,-4.638671875,6.591796875,-1.8310546875
0.4920654296875,-0.1187744140625,0.9007568359375,-4.94384765625,8.4228515625,1.46484375
0.5157470703125,-0.1026611328125,0.9044189453125,-4.82177734375,10.1318359375,2.74658203125
0.448486328125,-0.097412109375,0.904052734375,-6.89697265625,10.498046875,4.39453125
0.4384765625,-0.098876953125,0.89404296875,-7.080078125,9.09423828125,5.67626953125
0.4478759765625,-0.0928955078125,0.885498046875,-6.2255859375,8.11767578125,6.53076171875
0.4852294921875,-0.073974609375,0.9031982421875,-5.615234375,5.859375,6.4697265625
0.5091552734375,-0.050048828125,0.902099609375,-4.2724609375,5.0048828125,6.2255859375
0.492919921875,-0.03955078125,0.9017333984375,-3.90625,3.173828125,6.16455078125
0.4818115234375,-0.066162109375,0.89404296875,-4.94384765625,2.50244140625,6.04248046875
0.4752197265625,-0.06689453125,0.88037109375,-7.4462890625,2.01416015625,5.9814453125
0.4752197265625,-0.1131591796875,0.8779296875,-8.60595703125,1.64794921875,6.103515625
0.4764404296875,-0.1253662109375,0.87548828125,-9.3994140625,1.220703125,6.28662109375
0.462646484375,-0.1153564453125,0.8828125,-9.6435546875,-0.8544921875,6.53076171875
0.4923095703125,-0.14013671875,0.8907470703125,-9.58251953125,-2.25830078125,5.0048828125
0.48779296875,-0.1259765625,0.8955078125,-8.23974609375,-2.9296875,4.5166015625
0.4571533203125,-0.1024169921875,0.8883056640625,-7.14111328125,-4.0283203125,3.662109375
0.4449462890625,-0.0985107421875,0.878662109375,-6.04248046875,-5.67626953125,3.662109375
0.4176025390625,-0.0732421875,0.8638916015625,-4.57763671875,-6.2255859375,3.35693359375
0.399658203125,-0.07373046875,0.8646240234375,-1.03759765625,-5.126953125,2.99072265625
0.41162109375,-0.084228515625,0.8734130859375,0.9765625,-4.5166015625,2.25830078125
0.40234375,-0.1051025390625,0.88330078125,3.2958984375,-4.21142578125,1.8310546875
0.4122314453125,-0.1229248046875,0.89697265625,4.2724609375,-5.2490234375,0.6103515625
0.425537109375,-0.131591796875,0.907958984375,5.0048828125,-5.92041015625,-0.3662109375
0.4268798828125,-0.1307373046875,0.9180908203125,5.06591796875,-6.9580078125,-1.3427734375
0.4154052734375,-0.1270751953125,0.9169921875,4.57763671875,-9.46044921875,-1.15966796875
0.39794921875,-0.1441650390625,0.9130859375,3.47900390625,-12.51220703125,0.0
0.4053955078125,-0.1790771484375,0.917236328125,2.38037109375,-15.869140625,-0.79345703125
0.427734375,-0.1790771484375,0.924072265625,3.41796875,-12.451171875,-0.48828125
0.4244384765625,-0.1729736328125,0.9139404296875,5.43212890625,-13.18359375,-0.67138671875
0.43212890625,-0.1661376953125,0.8934326171875,6.77490234375,-12.20703125,-1.708984375
0.458740234375,-0.1552734375,0.88330078125,6.40869140625,-13.5498046875,-2.25830078125
0.477783203125,-0.128173828125,0.8924560546875,5.79833984375,-12.939453125,-2.8076171875
0.468505859375,-0.089599609375,0.9505615234375,4.33349609375,-13.12255859375,-2.685546875
0.4488525390625,-0.0814208984375,0.9158935546875,5.9814453125,-13.73291015625,-2.74658203125
0.43408203125,-0.123046875,0.8997802734375,7.32421875,-14.70947265625,-3.47900390625
0.4359130859375,-0.1522216796875,0.89794921875,7.26318359375,-15.44189453125,-2.99072265625
0.4337158203125,-0.1715087890625,0.8983154296875,6.16455078125,-13.5498046875,-2.8076171875
0.4063720703125,-0.08642578125,0.8924560546875,4.82177734375,-13.18359375,-3.2958984375
0.37841796875,-0.134765625,0.8751220703125,4.69970703125,-13.24462890625,-3.96728515625
0.4007568359375,-0.135498046875,0.8785400390625,4.82177734375,-14.58740234375,-4.82177734375
0.5194091796875,-0.112548828125,0.8909912109375,2.74658203125,-16.357421875,-5.9814453125
0.4781494140625,-0.096923828125,0.89306640625,1.52587890625,-18.85986328125,-7.080078125
0.46728515625,-0.1138916015625,0.8863525390625,1.52587890625,-21.54541015625,-8.23974609375
0.4580078125,-0.1217041015625,0.8753662109375,1.708984375,-23.0712890625,-9.70458984375
0.478759765625,-0.1278076171875,0.87890625,3.11279296875,-24.90234375,-11.29150390625
0.4654541015625,-0.123291015625,0.884033203125,4.7607421875,-27.16064453125,-11.77978515625
0.453857421875,-0.10791015625,0.8902587890625,4.94384765625,-28.99169921875,-12.6953125
0.4561767578125,-0.1409912109375,0.882568359375,4.33349609375,-37.4755859375,-13.97705078125
0.4884033203125,-0.100830078125,0.873779296875,4.57763671875,-40.52734375,-15.2587890625
0.493408203125,-0.1229248046875,0.8812255859375,1.89208984375,-44.25048828125,-17.27294921875
0.491455078125,-0.13134765625,0.882568359375,2.01416015625,-48.40087890625,-16.78466796875
0.4990234375,-0.135009765625,0.88037109375,2.74658203125,-54.443359375,-14.58740234375
0.475830078125,-0.1356201171875,0.8892822265625,2.86865234375,-69.3359375,-11.90185546875
0.4710693359375,-0.1392822265625,0.8914794921875,3.7841796875,-77.81982421875,-11.16943359375
0.4725341796875,-0.13818359375,0.8936767578125,5.2490234375,-87.34130859375,-12.14599609375
0.478271484375,-0.1324462890625,0.902587890625,7.87353515625,-91.552734375,-14.16015625
0.47119140625,-0.1302490234375,0.914306640625,11.5966796875,-95.703125,-16.29638671875
0.4715576171875,-0.09912109375,0.9459228515625,14.83154296875,-104.4921875,-18.00537109375
0.4854736328125,-0.1099853515625,0.9549560546875,14.34326171875,-114.31884765625,-29.541015625
0.481201171875,-0.1119384765625,0.943603515625,13.97705078125,-123.22998046875,-34.97314453125
0.50244140625,-0.1146240234375,0.90966796875,11.23046875,-132.2021484375,-47.66845703125
0.4971923828125,-0.099609375,0.903076171875,9.94873046875,-172.2412109375,-52.55126953125
0.4945068359375,-0.0958251953125,0.9239501953125,8.97216796875,-190.73486328125,-60.1806640625
0.4871826171875,-0.0797119140625,0.9288330078125,6.9580078125,-237.60986328125,-69.51904296875
0.4859619140625,-0.040283203125,0.9359130859375,1.77001953125,-270.08056640625,-39.48974609375
0.486328125,-0.0015869140625,0.9456787109375,15.380859375,-305.6640625,-46.44775390625
0.5025634765625,-0.02783203125,0.96630859375,32.89794921875,-340.51513671875,-85.38818359375
0.5108642578125,-0.0609130859375,0.9501953125,47.8515625,-392.2119140625,-97.5341796875
0.5245361328125,-0.0716552734375,0.83984375,61.6455078125,-410.82763671875,-126.953125
0.5233154296875,-0.0732421875,0.849365234375,26.85546875,-398.193359375,-131.16455078125
0.5185546875,-0.07177734375,0.8892822265625,-8.23974609375,-380.43212890625,-106.0791015625
0.527099609375,-0.14697265625,0.912353515625,-96.74072265625,-357.421875,-122.802734375
0.5445556640625,-0.108642578125,0.992919921875,-111.38916015625,-316.58935546875,-67.07763671875
0.554443359375,-0.2490234375,0.880859375,-95.15380859375,-183.9599609375,-23.98681640625
0.5205078125,-0.219970703125,0.933837890625,-91.73583984375,-141.17431640625,9.21630859375
0.5263671875,-0.147216796875,0.98828125,-125.244140625,-42.29736328125,25.20751953125
0.4578857421875,-0.0889892578125,1.076171875,-99.2431640625,76.7822265625,31.25
0.4288330078125,0.1051025390625,1.3726806640625,-91.4306640625,156.8603515625,37.04833984375
0.4859619140625,-0.0582275390625,1.3626708984375,-69.580078125,213.5009765625,42.90771484375
0.71142578125,-0.3875732421875,1.1119384765625,-36.7431640625,252.13623046875,47.42431640625
1.1202392578125,-0.4710693359375,1.45849609375,-0.244140625,278.25927734375,51.69677734375
1.2733154296875,-0.509033203125,1.64013671875,31.43310546875,290.58837890625,57.06787109375
1.98828125,-0.4935302734375,1.286376953125,48.828125,294.00634765625,64.94140625
2.134521484375,-0.2928466796875,1.0203857421875,54.8095703125,293.45703125,76.11083984375
2.1141357421875,-0.5115966796875,0.8363037109375,53.1005859375,294.98291015625,89.9658203125
2.0623779296875,-1.105712890625,0.711181640625,42.90771484375,300.84228515625,105.3466796875
0.7352294921875,-1.265869140625,0.6142578125,27.7099609375,310.60791015625,118.95751953125
1.57421875,-1.2301025390625,0.52734375,9.21630859375,317.138671875,129.8828125
2.5230712890625,-1.09326171875,0.4705810546875,-10.25390625,321.77734375,139.58740234375
1.6981201171875,-0.804443359375,0.453125,-27.03857421875,328.55224609375,147.76611328125
1.2132568359375,-0.5279541015625,0.4595947265625,-42.78564453125,331.298828125,152.89306640625
0.9365234375,-0.34375,0.4986572265625,-54.6875,330.9326171875,155.82275390625
0.7188720703125,-0.2166748046875,0.5482177734375,-61.4013671875,331.72607421875,156.73828125
0.5084228515625,-0.143310546875,0.5706787109375,-62.8662109375,331.23779296875,158.5693359375
0.303955078125,-0.118408203125,0.604248046875,-58.7158203125,329.833984375,162.65869140625
0.1644287109375,-0.109619140625,0.66748046875,-50.47607421875,328.67431640625,165.71044921875
0.123291015625,-0.11181640625,0.74072265625,-42.236328125,330.9326171875,163.02490234375
0.1759033203125,-0.1265869140625,0.81396484375,-35.2783203125,330.810546875,153.076171875
0.2852783203125,-0.144775390625,0.87841796875,-24.35302734375,326.72119140625,138.916015625
0.3956298828125,-0.1617431640625,0.95849609375,-20.5078125,319.51904296875,88.68408203125
0.4586181640625,-0.164306640625,1.06103515625,-16.2353515625,309.99755859375,64.0869140625
0.4844970703125,-0.154541015625,1.4100341796875,-11.8408203125,301.025390625,36.31591796875
0.4937744140625,-0.1661376953125,1.4964599609375,-8.23974609375,264.5263671875,10.31494140625
0.5325927734375,-0.1842041015625,1.5595703125,-7.38525390625,242.12646484375,2.01416015625
0.6380615234375,-0.1668701171875,1.6177978515625,-18.9208984375,215.9423828125,-24.71923828125
0.7528076171875,-0.1341552734375,1.657958984375,-43.15185546875,134.58251953125,-63.17138671875
0.8304443359375,-0.14208984375,1.6402587890625,-63.5986328125,82.8857421875,-105.712890625
0.9158935546875,-0.151611328125,1.2947998046875,-151.79443359375,23.98681640625,-103.21044921875
1.022216796875,-0.1531982421875,0.3505859375,-163.51318359375,-42.6025390625,-93.81103515625
1.48779296875,-0.174560546875,-0.22900390625,-116.27197265625,-88.623046875,-83.92333984375
1.6016845703125,-0.1912841796875,-1.324462890625,-18.1884765625,-89.7216796875,-72.3876953125
1.674072265625,-0.1751708984375,-1.43212890625,110.2294921875,-82.8857421875,-80.74951171875
1.7969970703125,-0.1119384765625,-1.15283203125,118.896484375,-77.63671875,-43.212890625
2.0286865234375,-0.0361328125,-0.7861328125,97.71728515625,-83.31298828125,-1.46484375
2.2816162109375,0.415283203125,0.1019287109375,76.171875,-122.37548828125,3.41796875
2.498046875,1.4549560546875,0.432861328125,36.62109375,-192.19970703125,-15.0146484375
2.4852294921875,0.86572265625,1.2530517578125,29.60205078125,-254.57763671875,-30.33447265625
2.6375732421875,-0.0267333984375,1.8477783203125,38.2080078125,-263.61083984375,-25.20751953125
2.3646240234375,-0.40966796875,1.4937744140625,37.59765625,-245.05615234375,-21.240234375
2.3404541015625,0.232666015625,0.77880859375,32.89794921875,-206.84814453125,-24.47509765625
2.2454833984375,0.5406494140625,0.1845703125,29.78515625,-153.80859375,-20.93505859375
2.04248046875,0.3603515625,0.580810546875,26.30615234375,-59.26513671875,-21.6064453125
2.1995849609375,0.037109375,1.45166015625,31.92138671875,-44.98291015625,-20.751953125
2.05859375,-0.3809814453125,1.7391357421875,47.42431640625,-34.1796875,-17.39501953125
1.020751953125,-0.5455322265625,1.693359375,50.6591796875,-27.89306640625,-11.90185546875
-0.5487060546875,-0.17724609375,1.6597900390625,46.7529296875,-26.123046875,-7.9345703125
-1.0538330078125,-0.0927734375,1.12890625,46.0205078125,-23.25439453125,-3.84521484375
-0.6435546875,0.1309814453125,1.12109375,38.87939453125,-20.01953125,2.44140625
-0.221435546875,0.6197509765625,1.0272216796875,30.82275390625,-18.4326171875,4.82177734375
0.393310546875,0.4482421875,0.958251953125,20.44677734375,-19.95849609375,4.82177734375
1.2239990234375,-0.37939453125,0.9666748046875,11.53564453125,-23.98681640625,3.0517578125
1.7025146484375,0.094482421875,0.94580078125,4.82177734375,-26.123046875,0.54931640625
1.995361328125,-0.0567626953125,0.9373779296875,-3.173828125,-29.35791015625,-2.3193359375
2.1754150390625,-0.2095947265625,0.950927734375,-6.77490234375,-31.92138671875,-6.65283203125
0.5579833984375,-0.2681884765625,0.95703125,-9.70458984375,-31.1279296875,-7.26318359375
0.6636962890625,-0.177490234375,0.93017578125,-11.16943359375,-30.76171875,-6.77490234375
0.63916015625,-0.089111328125,0.9227294921875,-12.451171875,-31.25,-7.32421875
0.466552734375,-0.0062255859375,0.92333984375,-12.39013671875,-32.28759765625,-8.544921875
0.49853515625,0.0059814453125,0.9014892578125,-12.26806640625,-32.5927734375,-8.97216796875
0.5645751953125,0.01806640625,0.885986328125,-10.7421875,-32.28759765625,-9.521484375
0.535888671875,-0.0126953125,0.8818359375,-10.92529296875,-32.5927734375,-5.4931640625
0.498046875,-0.050048828125,0.88623046875,-9.46044921875,-31.982421875,-8.9111328125
0.493896484375,-0.10498046875,0.875,-6.103515625,-31.79931640625,-9.6435546875
0.4808349609375,-0.145263671875,0.8671875,-6.28662109375,-33.63037109375,-5.37109375
0.440185546875,-0.182373046875,0.865234375,-6.591796875,-33.935546875,-4.638671875
0.453125,-0.1932373046875,0.8555908203125,-12.451171875,-32.77587890625,-4.21142578125
0.466796875,-0.1424560546875,0.8519287109375,-4.7607421875,-33.5693359375,-3.662109375
0.4715576171875,-0.1343994140625,0.854736328125,-1.953125,-31.79931640625,-6.65283203125
0.4898681640625,-0.127197265625,0.8590087890625,-3.2958984375,-29.84619140625,-10.498046875
0.492919921875,-0.1690673828125,0.8507080078125,-1.0986328125,-30.82275390625,-13.7939453125
0.505859375,-0.1544189453125,0.8387451171875,0.06103515625,-30.82275390625,-11.29150390625
0.5216064453125,-0.138671875,0.7919921875,0.06103515625,-33.447265625,-10.986328125
0.5108642578125,-0.1158447265625,0.767822265625,2.5634765625,-43.27392578125,-10.80322265625
0.5211181640625,-0.093505859375,0.775390625,4.82177734375,-50.35400390625,-9.46044921875
0.54443359375,-0.16357421875,0.7767333984375,11.8408203125,-60.1806640625,-6.9580078125
0.5396728515625,-0.13232421875,0.7923583984375,10.80322265625,-72.32666015625,-4.57763671875
0.5364990234375,-0.1036376953125,0.8013916015625,11.474609375,-84.77783203125,-3.72314453125
0.560791015625,-0.1180419921875,0.8494873046875,11.71875,-97.71728515625,-6.53076171875
0.57568359375,-0.1207275390625,0.8951416015625,12.02392578125,-113.34228515625,-12.8173828125
0.5892333984375,-0.166259765625,0.9197998046875,13.00048828125,-129.57763671875,-18.6767578125
0.5947265625,-0.2103271484375,0.9300537109375,14.22119140625,-145.32470703125,-22.0947265625
0.5987548828125,-0.2095947265625,0.9287109375,14.5263671875,-158.99658203125,-43.5791015625
0.577880859375,-0.09912109375,0.9346923828125,15.869140625,-169.12841796875,-51.7578125
0.550537109375,-0.06982421875,0.958251953125,17.76123046875,-185.05859375,-54.87060546875
0.5528564453125,-0.1014404296875,0.9627685546875,17.88330078125,-281.43310546875,-29.9072265625
0.5394287109375,-0.0806884765625,0.960693359375,15.44189453125,-329.77294921875,-114.74609375
0.522705078125,-0.0380859375,0.9627685546875,32.89794921875,-395.01953125,-145.01953125
0.496826171875,-0.0338134765625,0.9757080078125,45.34912109375,-480.5908203125,-167.78564453125
0.49853515625,-0.0582275390625,1.0118408203125,47.66845703125,-493.34716796875,-145.3857421875
0.519287109375,-0.1121826171875,1.0572509765625,24.96337890625,-460.02197265625,-47.2412109375
0.5225830078125,-0.1864013671875,1.158203125,-117.98095703125,-419.49462890625,7.01904296875
0.51611328125,-0.2083740234375,1.2061767578125,-131.8359375,-179.38232421875,41.32080078125
0.52099609375,-0.1790771484375,1.270263671875,-155.70068359375,41.259765625,57.373046875
0.520751953125,-0.177490234375,1.0224609375,-190.00244140625,149.0478515625,62.1337890625
0.5185546875,-0.191650390625,1.1292724609375,-124.20654296875,226.86767578125,66.10107421875
0.5369873046875,-0.0372314453125,1.4208984375,-84.04541015625,269.8974609375,72.32666015625
0.502685546875,0.0330810546875,1.4461669921875,-23.98681640625,292.1142578125,79.1015625
0.241455078125,-0.1815185546875,1.95068359375,36.7431640625,304.0771484375,86.12060546875
0.116455078125,-0.888916015625,1.6724853515625,82.70263671875,303.89404296875,96.37451171875
0.383544921875,-0.93212890625,1.2337646484375,106.8115234375,297.79052734375,108.7646484375
1.0247802734375,-0.68359375,0.9052734375,111.328125,295.95947265625,118.0419921875
2.5181884765625,-0.4033203125,0.7392578125,100.4638671875,304.99267578125,123.96240234375
2.771484375,-1.7091064453125,0.636474609375,75.8056640625,323.8525390625,129.69970703125
2.6781005859375,-1.7659912109375,0.5418701171875,41.68701171875,347.2900390625,139.95361328125
0.9012451171875,-1.64013671875,0.47119140625,6.34765625,371.826171875,143.6767578125
2.6461181640625,-1.3426513671875,0.460205078125,-20.99609375,378.7841796875,147.15576171875
1.36474609375,-0.8861083984375,0.4842529296875,-39.48974609375,366.63818359375,150.5126953125
0.8675537109375,-0.461669921875,0.52294921875,-38.14697265625,364.013671875,153.74755859375
0.5418701171875,-0.155517578125,0.5677490234375,-41.6259765625,358.3984375,157.470703125
0.3515625,0.0452880859375,0.5966796875,-41.748046875,356.01806640625,161.865234375
0.2032470703125,0.137451171875,0.62646484375,-38.2080078125,355.52978515625,166.9921875
0.078369140625,0.150390625,0.6248779296875,-38.39111328125,356.5673828125,170.47119140625
0.015380859375,0.0823974609375,0.7181396484375,-36.68212890625,360.16845703125,170.59326171875
0.09716796875,-0.0626220703125,0.83203125,-35.33935546875,363.4033203125,165.46630859375
0.2845458984375,-0.18115234375,0.970458984375,-33.63037109375,365.234375,154.72412109375
0.4580078125,-0.2154541015625,1.139404296875,-30.2734375,364.1357421875,116.943359375
0.5528564453125,-0.1392822265625,1.31103515625,-25.81787109375,360.9619140625,85.63232421875
0.5740966796875,-0.135498046875,1.4805908203125,-20.81298828125,355.712890625,44.5556640625
0.51708984375,-0.087890625,1.6376953125,-14.58740234375,340.02685546875,7.8125
0.5379638671875,-0.051513671875,1.763671875,-8.11767578125,315.91796875,-7.2021484375
0.62255859375,-0.09326171875,1.8818359375,-3.90625,278.62548828125,-7.080078125
0.73291015625,-0.14208984375,1.9696044921875,-10.19287109375,229.55322265625,-32.8369140625
0.8773193359375,-0.1947021484375,1.9654541015625,-27.52685546875,165.95458984375,-62.43896484375
1.0506591796875,-0.2440185546875,1.809326171875,-81.60400390625,111.63330078125,-75.98876953125
1.22900390625,-0.27978515625,0.7120361328125,-165.6494140625,1.77001953125,-40.1611328125
1.4078369140625,-0.32470703125,-0.0662841796875,-219.17724609375,-58.4716796875,-62.255859375
1.5831298828125,-0.39599609375,-0.88720703125,-120.1171875,-122.9248046875,-35.94970703125
1.7547607421875,-0.454833984375,-1.61865234375,2.01416015625,-116.51611328125,-2.3193359375
1.9666748046875,-0.4794921875,-2.0189208984375,79.65087890625,-161.92626953125,-42.90771484375
2.240966796875,-0.3994140625,-1.41455078125,60.6689453125,-230.95703125,-66.0400390625
2.5550537109375,0.1107177734375,-1.0306396484375,118.71337890625,-308.04443359375,-51.33056640625
2.9066162109375,1.1055908203125,1.23291015625,138.12255859375,-279.35791015625,-31.73828125
3.1209716796875,1.808349609375,1.428955078125,76.416015625,-235.77880859375,-46.44775390625
3.189208984375,1.48193359375,0.8271484375,59.50927734375,-193.17626953125,-45.47119140625
3.24365234375,-0.62158203125,0.438232421875,40.71044921875,-155.76171875,-40.83251953125
3.2021484375,-0.682373046875,1.6507568359375,45.10498046875,-71.533203125,-36.80419921875
3.296142578125,-0.1036376953125,2.0133056640625,71.044921875,-58.837890625,-32.16552734375
3.1070556640625,-1.05908203125,1.84619140625,85.9375,-38.87939453125,-27.64892578125
2.5947265625,-1.388427734375,1.47119140625,83.984375,-28.50341796875,-22.8271484375
0.0252685546875,0.2144775390625,1.23583984375,89.35546875,-24.35302734375,-17.822265625
-0.282470703125,1.2218017578125,1.3123779296875,79.40673828125,-17.333984375,-13.00048828125
-0.3131103515625,1.40673828125,1.1690673828125,60.72998046875,-14.34326171875,-9.82666015625
-0.1107177734375,0.5302734375,1.114013671875,47.79052734375,-13.7939453125,-7.87353515625
1.1739501953125,-0.89697265625,1.0887451171875,33.8134765625,-16.05224609375,-1.15966796875
1.7806396484375,-1.11865234375,1.0389404296875,21.66748046875,-20.44677734375,-1.708984375
1.993896484375,0.5198974609375,0.994384765625,11.474609375,-22.64404296875,-2.38037109375
2.0257568359375,-0.03466796875,0.9693603515625,6.9580078125,-31.67724609375,-3.47900390625
1.892822265625,-0.2694091796875,0.950439453125,6.28662109375,-31.43310546875,-4.8828125
1.0677490234375,-0.0289306640625,0.9412841796875,2.62451171875,-29.78515625,-6.77490234375
0.8082275390625,0.0347900390625,0.91064453125,-0.9765625,-28.13720703125,-8.72802734375
0.78857421875,-0.052734375,0.9002685546875,-4.94384765625,-26.7333984375,-9.765625
0.574951171875,-0.0211181640625,0.904052734375,-6.04248046875,-26.611328125,-11.65771484375
0.573974609375,0.0048828125,0.8963623046875,-6.04248046875,-27.2216796875,-14.16015625
0.60205078125,-0.0308837890625,0.8907470703125,-3.23486328125,-26.9775390625,-15.625
0.547119140625,-0.1065673828125,0.89013671875,-0.67138671875,-27.2216796875,-18.24951171875
0.50048828125,-0.1121826171875,0.89453125,-0.6103515625,-28.9306640625,-19.1650390625
0.4625244140625,-0.0885009765625,0.8948974609375,-1.8310546875,-30.57861328125,-19.22607421875
0.434814453125,-0.074462890625,0.880859375,-0.42724609375,-34.11865234375,-19.59228515625
0.421875,-0.0855712890625,0.8709716796875,-2.01416015625,-36.80419921875,-18.06640625
0.4775390625,-0.090087890625,0.875244140625,0.9765625,-38.26904296875,-13.0615234375
0.4896240234375,-0.112548828125,0.86767578125,0.6103515625,-38.57421875,-10.31494140625
0.50634765625,-0.15478515625,0.8740234375,0.18310546875,-40.771484375,-8.6669921875
0.517578125,-0.14794921875,0.876708984375,4.0283203125,-48.4619140625,-8.056640625
0.511962890625,-0.1190185546875,0.8436279296875,5.79833984375,-54.3212890625,-8.30078125
0.51123046875,-0.1405029296875,0.8060302734375,7.26318359375,-61.8896484375,-8.11767578125
0.5079345703125,-0.135986328125,0.799560546875,7.9345703125,-71.1669921875,-8.1787109375
0.5035400390625,-0.1236572265625,0.826416015625,8.72802734375,-81.787109375,-6.65283203125
0.49072265625,-0.1143798828125,0.8662109375,9.521484375,-92.1630859375,-3.23486328125
0.4962158203125,-0.085205078125,0.8807373046875,10.68115234375,-102.96630859375,-0.1220703125
0.4892578125,-0.1072998046875,0.88525390625,11.3525390625,-115.41748046875,-0.18310546875
0.4808349609375,-0.0997314453125,0.9071044921875,13.3056640625,-130.06591796875,-12.26806640625
0.523681640625,-0.05419921875,0.919677734375,14.95361328125,-146.484375,-23.37646484375
0.560302734375,-0.00830078125,0.9200439453125,15.13671875,-174.31640625,-36.0107421875
0.5516357421875,-0.020263671875,0.941162109375,14.16015625,-238.28125,-46.5087890625
0.5340576171875,-0.0606689453125,0.956787109375,10.6201171875,-269.59228515625,-23.74267578125
0.529052734375,-0.0867919921875,0.9671630859375,10.68115234375,-311.46240234375,-22.52197265625
0.5233154296875,-0.082275390625,0.9710693359375,17.02880859375,-366.8212890625,-59.38720703125
0.507568359375,-0.0682373046875,0.953125,31.005859375,-444.3359375,-63.3544921875
0.4844970703125,-0.0361328125,1.0150146484375,41.80908203125,-514.22119140625,-71.96044921875
0.4884033203125,0.0159912109375,1.0294189453125,41.32080078125,-523.5595703125,-117.0654296875
0.498291015625,0.0458984375,1.10888671875,-1.40380859375,-522.0947265625,-143.4326171875
0.511474609375,0.040283203125,1.163330078125,-35.64453125,-511.90185546875,-178.5888671875
0.53369140625,-0.042724609375,1.2166748046875,-74.03564453125,-495.4833984375,-171.630859375
0.547119140625,-0.1982421875,1.3505859375,-116.943359375,-457.70263671875,-141.29638671875
0.53759765625,-0.254638671875,1.2344970703125,-128.5400390625,-409.0576171875,-142.51708984375
0.51953125,-0.195556640625,1.0880126953125,-148.193359375,-322.998046875,-61.767578125
0.3829345703125,0.001953125,1.0787353515625,-150.146484375,-237.548828125,-4.33349609375
0.2977294921875,0.0687255859375,1.140625,-169.12841796875,-163.02490234375,40.34423828125
0.185791015625,-0.2054443359375,1.4208984375,-191.46728515625,-39.85595703125,59.50927734375
0.12255859375,-0.2353515625,1.8140869140625,-193.66455078125,106.201171875,61.09619140625
0.7498779296875,-0.056884765625,2.0472412109375,-179.38232421875,203.2470703125,57.373046875
1.3497314453125,-0.46484375,1.8048095703125,-154.96826171875,270.44677734375,59.2041015625
1.5701904296875,-0.9598388671875,1.43017578125,-108.2763671875,303.16162109375,62.92724609375
1.9776611328125,-0.8514404296875,1.7293701171875,-43.51806640625,324.5849609375,67.93212890625
2.246337890625,-0.624267578125,1.95751953125,16.66259765625,335.26611328125,76.96533203125
2.6036376953125,-0.5234375,1.4677734375,57.67822265625,335.693359375,90.087890625
2.77734375,-0.2275390625,1.0242919921875,75.439453125,332.51953125,103.45458984375
2.662841796875,-0.4398193359375,0.773193359375,77.63671875,329.52880859375,116.0888671875
2.2041015625,-1.188720703125,0.6488037109375,64.39208984375,335.51025390625,128.173828125
0.9884033203125,-1.6544189453125,0.555419921875,38.4521484375,345.27587890625,140.56396484375
1.5816650390625,-1.7774658203125,0.460693359375,4.45556640625,359.375,153.80859375
2.7257080078125,-1.6224365234375,0.4091796875,-27.89306640625,370.54443359375,165.283203125
1.9923095703125,-1.229248046875,0.4034423828125,-55.35888671875,357.72705078125,175.84228515625
1.173828125,-0.7470703125,0.4217529296875,-68.54248046875,351.01318359375,183.10546875
0.716064453125,-0.37548828125,0.460205078125,-63.29345703125,351.74560546875,186.5234375
0.49072265625,-0.122802734375,0.4844970703125,-63.78173828125,351.37939453125,187.98828125
0.357666015625,0.055908203125,0.5570068359375,-60.546875,352.35595703125,189.8193359375
0.256591796875,0.1436767578125,0.6331787109375,-52.978515625,354.30908203125,194.03076171875
0.155029296875,0.1207275390625,0.6856689453125,-44.00634765625,357.11669921875,201.2939453125
0.111083984375,0.02099609375,0.78271484375,-37.41455078125,360.4736328125,209.716796875
0.1910400390625,-0.1033935546875,0.8831787109375,-34.60693359375,363.83056640625,211.60888671875
0.324951171875,-0.239990234375,1.003662109375,-34.0576171875,365.72265625,203.06396484375
0.421630859375,-0.27978515625,1.1605224609375,-34.5458984375,365.05126953125,183.7158203125
0.4791259765625,-0.2529296875,1.3167724609375,-33.02001953125,359.80224609375,154.1748046875
0.4654541015625,-0.2427978515625,1.4573974609375,-26.55029296875,348.57177734375,113.58642578125
0.452880859375,-0.2030029296875,1.5885009765625,-13.24462890625,332.3974609375,63.65966796875
0.5494384765625,-0.1484375,1.69775390625,2.44140625,309.02099609375,7.6904296875
0.7008056640625,-0.113037109375,1.756103515625,14.16015625,278.1982421875,4.39453125
0.854248046875,-0.12060546875,1.744384765625,19.47021484375,248.4130859375,-13.3056640625
1.005859375,-0.1611328125,1.6522216796875,14.83154296875,162.2314453125,-44.98291015625
1.1771240234375,-0.221923828125,1.4146728515625,-6.4697265625,121.58203125,-81.84814453125
1.3673095703125,-0.282470703125,0.97314453125,-64.697265625,82.275390625,-98.6328125
1.566650390625,-0.3626708984375,0.4207763671875,-206.72607421875,19.10400390625,-108.88671875
1.7725830078125,-0.4453125,-0.1226806640625,-185.11962890625,-32.40966796875,-92.22412109375
1.986328125,-0.4482421875,-0.6380615234375,-94.66552734375,-57.373046875,-72.021484375
2.220458984375,-0.4005126953125,-1.4349365234375,15.7470703125,-112.36572265625,1.15966796875
2.4539794921875,-0.3336181640625,-1.3717041015625,61.5234375,-127.13623046875,2.86865234375
2.66748046875,-0.224365234375,-1.1226806640625,89.90478515625,-125.0,-34.1796875
2.7869873046875,0.1981201171875,-0.82861328125,110.04638671875,-280.33447265625,-52.8564453125
2.6993408203125,1.1575927734375,-0.08935546875,107.421875,-323.05908203125,-33.447265625
2.6944580078125,1.404052734375,0.4710693359375,79.65087890625,-288.818359375,-11.77978515625
2.84326171875,0.232177734375,0.53125,50.9033203125,-235.16845703125,-24.2919921875
2.8524169921875,-0.6141357421875,0.944091796875,33.14208984375,-192.32177734375,-34.85107421875
2.8258056640625,-0.4901123046875,0.789306640625,19.1650390625,-154.35791015625,-34.97314453125
2.9423828125,-0.0208740234375,1.473876953125,27.28271484375,-107.97119140625,-36.07177734375
2.735107421875,0.22705078125,2.18359375,51.94091796875,-71.4111328125,-35.46142578125
2.4371337890625,-0.1888427734375,1.9432373046875,70.556640625,-57.80029296875,-29.23583984375
1.675537109375,-0.7060546875,1.3616943359375,64.453125,-45.8984375,-19.8974609375
0.9141845703125,0.5242919921875,1.2119140625,64.8193359375,-35.7666015625,-16.66259765625
0.72998046875,1.174072265625,1.33154296875,77.0263671875,-28.3203125,-9.765625
0.0345458984375,1.249267578125,1.2294921875,70.25146484375,-23.74267578125,-5.92041015625
-0.079345703125,0.3187255859375,0.992431640625,47.607421875,-18.49365234375,-4.57763671875
1.112548828125,-1.0640869140625,1.0247802734375,30.21240234375,-19.47021484375,-1.8310546875
2.1439208984375,-1.079833984375,1.1427001953125,18.5546875,-20.6298828125,-4.39453125
2.3177490234375,0.0640869140625,1.0631103515625,5.18798828125,-22.27783203125,-7.14111328125
1.98828125,0.421875,0.98681640625,0.1220703125,-27.03857421875,-9.27734375
1.7105712890625,-0.25,0.9932861328125,-2.8076171875,-26.2451171875,-10.986328125
1.468017578125,-0.35107421875,0.966552734375,-3.7841796875,-25.08544921875,-12.63427734375
1.0628662109375,0.1134033203125,0.9281005859375,-0.54931640625,-25.146484375,-14.09912109375
0.7362060546875,0.0841064453125,0.9130859375,1.64794921875,-24.96337890625,-13.00048828125
0.6904296875,-0.0927734375,0.9102783203125,4.7607421875,-25.390625,-11.65771484375
0.6881103515625,-0.003662109375,0.861572265625,7.9345703125,-26.06201171875,-11.474609375
0.62451171875,-0.0233154296875,0.855712890625,10.7421875,-25.5126953125,-12.6953125
0.55224609375,-0.1199951171875,0.85107421875,13.73291015625,-23.92578125,-13.85498046875
0.532958984375,-0.15576171875,0.8565673828125,12.87841796875,-22.27783203125,-14.2822265625
0.5291748046875,-0.1572265625,0.87646484375,11.3525390625,-22.0947265625,-14.22119140625
0.492919921875,-0.227783203125,0.8785400390625,9.3994140625,-22.88818359375,-13.97705078125
0.473388671875,-0.2098388671875,0.8646240234375,7.32421875,-24.4140625,-12.51220703125
0.460205078125,-0.1866455078125,0.8531494140625,4.7607421875,-25.08544921875,-11.77978515625
0.4820556640625,-0.173828125,0.8551025390625,3.41796875,-26.2451171875,-11.16943359375
0.5076904296875,-0.171630859375,0.8616943359375,2.685546875,-31.67724609375,-11.41357421875
0.4957275390625,-0.1368408203125,0.862548828125,3.23486328125,-36.7431640625,-12.02392578125
0.463623046875,-0.1060791015625,0.8529052734375,4.638671875,-40.10009765625,-13.12255859375
0.4879150390625,-0.1192626953125,0.8370361328125,4.2724609375,-44.921875,-14.34326171875
0.5103759765625,-0.131591796875,0.8309326171875,5.7373046875,-51.26953125,-15.44189453125
0.5277099609375,-0.130615234375,0.850830078125,6.8359375,-58.837890625,-15.56396484375
0.5513916015625,-0.1279296875,0.8521728515625,9.33837890625,-67.9931640625,-14.5263671875
0.5362548828125,-0.12353515625,0.8575439453125,12.14599609375,-78.857421875,-10.80322265625
0.5047607421875,-0.110595703125,0.871826171875,15.380859375,-90.63720703125,-6.4697265625
0.518310546875,-0.11669921875,0.879638671875,17.08984375,-102.96630859375,-2.62451171875
0.5318603515625,-0.0635986328125,0.89794921875,19.10400390625,-116.39404296875,-5.67626953125
0.5343017578125,-0.0816650390625,0.926025390625,20.99609375,-133.36181640625,-10.07080078125
0.5260009765625,-0.109130859375,0.9429931640625,21.78955078125,-152.77099609375,-14.95361328125
0.525146484375,-0.12353515625,0.94873046875,21.3623046875,-180.6640625,-22.27783203125
0.5360107421875,-0.132080078125,0.9608154296875,18.798828125,-199.5849609375,-32.5927734375
0.5157470703125,-0.1533203125,0.9869384765625,14.34326171875,-222.59521484375,-38.2080078125
0.509765625,-0.154541015625,1.0179443359375,11.16943359375,-250.30517578125,-37.17041015625
0.4993896484375,-0.1337890625,1.0113525390625,8.97216796875,-289.55078125,-4.5166015625
0.47265625,-0.1048583984375,0.9788818359375,7.4462890625,-344.6044921875,-64.75830078125
0.4752197265625,-0.027099609375,1.025390625,16.4794921875,-417.41943359375,-56.396484375
0.47509765625,0.033203125,1.0426025390625,31.92138671875,-505.55419921875,-94.3603515625
0.469970703125,0.0572509765625,1.052001953125,35.15625,-529.296875,-120.4833984375
0.48974609375,0.05224609375,1.0938720703125,10.7421875,-527.099609375,-146.17919921875
0.51123046875,-0.0963134765625,1.22265625,-61.1572265625,-501.0986328125,-160.888671875
0.51904296875,-0.142333984375,1.2579345703125,-115.234375,-472.5341796875,-143.5546875
0.52099609375,-0.1746826171875,1.24365234375,-144.22607421875,-429.62646484375,-54.931640625
0.47705078125,-0.213623046875,1.216064453125,-165.0390625,-347.16796875,17.76123046875
0.4732666015625,-0.201904296875,1.0465087890625,-178.7109375,-269.53125,66.58935546875
0.4154052734375,-0.0435791015625,1.16845703125,-189.697265625,-83.740234375,81.4208984375
0.30517578125,0.1082763671875,1.34423828125,-182.92236328125,64.8193359375,76.96533203125
0.1734619140625,0.01806640625,1.7076416015625,-107.2998046875,165.52734375,68.2373046875
0.03369140625,-0.2315673828125,2.02001953125,-50.1708984375,233.58154296875,60.9130859375
0.2069091796875,-0.3304443359375,2.113525390625,0.91552734375,263.12255859375,58.9599609375
1.016845703125,-0.808349609375,1.5299072265625,71.6552734375,271.30126953125,59.14306640625
1.784423828125,-0.818603515625,1.9173583984375,113.1591796875,277.89306640625,57.861328125
2.0833740234375,-0.6072998046875,1.50927734375,129.94384765625,284.0576171875,55.419921875
2.6402587890625,-0.608642578125,1.190673828125,129.21142578125,296.142578125,53.28369140625
2.9215087890625,-0.84228515625,0.8756103515625,111.87744140625,315.0634765625,51.7578125
2.7486572265625,-1.54052734375,0.6600341796875,88.37890625,335.693359375,52.1240234375
2.1573486328125,-1.9193115234375,0.5845947265625,65.0634765625,358.33740234375,57.7392578125
1.41796875,-1.91845703125,0.55029296875,43.27392578125,377.5634765625,68.359375
2.10693359375,-1.552490234375,0.5511474609375,23.193359375,393.49365234375,88.9892578125
1.9622802734375,-0.8948974609375,0.5679931640625,5.2490234375,396.42333984375,98.0224609375
0.9989013671875,-0.3804931640625,0.57080078125,-13.427734375,383.60595703125,104.55322265625
0.6600341796875,-0.0589599609375,0.5372314453125,-26.55029296875,382.01904296875,111.26708984375
0.3096923828125,0.101806640625,0.5064697265625,-43.5791015625,375.06103515625,131.34765625
0.116943359375,0.1070556640625,0.4901123046875,-71.35009765625,367.0654296875,142.27294921875
0.0687255859375,0.0047607421875,0.5233154296875,-73.05908203125,359.43603515625,150.69580078125
0.1331787109375,-0.105712890625,0.55712890625,-68.17626953125,356.62841796875,153.9306640625
0.28857421875,-0.1639404296875,0.6263427734375,-60.97412109375,359.43603515625,150.5126953125
0.4295654296875,-0.1826171875,0.7283935546875,-46.93603515625,358.58154296875,142.4560546875
0.55029296875,-0.1563720703125,0.910888671875,-39.306640625,351.6845703125,129.39453125
0.6328125,-0.098876953125,1.113525390625,-32.958984375,341.61376953125,113.83056640625
0.6522216796875,-0.06005859375,1.479736328125,-25.87890625,328.67431640625,92.10205078125
0.650146484375,-0.144775390625,1.5960693359375,-17.4560546875,314.8193359375,58.41064453125
0.6326904296875,-0.2099609375,1.66552734375,-8.1787109375,298.33984375,23.49853515625
0.6717529296875,-0.2677001953125,1.706298828125,0.6103515625,272.705078125,0.54931640625
0.7476806640625,-0.2998046875,1.710693359375,3.173828125,244.07958984375,-13.12255859375
0.7965087890625,-0.3323974609375,1.6746826171875,-0.9765625,208.3740234375,-74.3408203125
0.933349609375,-0.3262939453125,1.542724609375,-13.85498046875,157.8369140625,-109.55810546875
1.1353759765625,-0.3212890625,1.2398681640625,-45.166015625,107.421875,-118.10302734375
1.5599365234375,-0.344482421875,0.7705078125,-104.3701171875,-2.3193359375,-73.54736328125
1.681396484375,-0.376220703125,0.18896484375,-160.0341796875,-53.89404296875,-45.10498046875
1.767578125,-0.3853759765625,-0.517822265625,-98.08349609375,-75.86669921875,-1.8310546875
1.9124755859375,-0.3331298828125,-1.313232421875,-0.3662109375,-109.68017578125,18.49365234375
2.1365966796875,-0.1922607421875,-1.8406982421875,60.4248046875,-169.7998046875,-71.044921875
2.4217529296875,-0.014892578125,-1.7415771484375,82.275390625,-243.83544921875,-39.36767578125
2.6527099609375,0.2886962890625,-0.8116455078125,92.6513671875,-298.9501953125,-46.20361328125
2.6695556640625,1.063232421875,-0.237548828125,83.43505859375,-180.908203125,-26.0009765625
2.6239013671875,1.9041748046875,1.38671875,62.92724609375,-107.666015625,-23.01025390625
2.7822265625,1.8531494140625,0.7529296875,50.1708984375,-67.626953125,-9.70458984375
3.0277099609375,0.9052734375,0.5819091796875,92.22412109375,-46.630859375,-7.38525390625
3.107177734375,-0.383544921875,1.2261962890625,98.81591796875,-40.10009765625,-1.708984375
3.106689453125,-0.07861328125,2.0302734375,67.87109375,-37.2314453125,-0.8544921875
3.0833740234375,-0.52099609375,1.2381591796875,44.3115234375,-31.67724609375,-0.8544921875
2.429443359375,-0.7872314453125,1.343505859375,27.03857421875,-31.31103515625,-0.6103515625
2.249267578125,0.3489990234375,1.1070556640625,12.26806640625,-31.18896484375,-0.8544921875
-0.0030517578125,0.9957275390625,1.0147705078125,-1.40380859375,-31.25,-6.04248046875
-0.5166015625,1.1856689453125,0.99462890625,-14.404296875,-32.77587890625,-9.033203125
0.0037841796875,-0.5599365234375,0.989501953125,-14.58740234375,-33.5693359375,-8.97216796875
0.826171875,0.643310546875,0.973876953125,-13.48876953125,-31.79931640625,-8.97216796875
2.129638671875,-0.015380859375,0.9207763671875,-10.25390625,-30.21240234375,-8.7890625
1.642822265625,0.3216552734375,0.91015625,-5.06591796875,-30.09033203125,-4.33349609375
1.2310791015625,0.0068359375,0.9119873046875,3.11279296875,-30.6396484375,-2.13623046875
0.5064697265625,0.120361328125,0.90576171875,1.953125,-31.494140625,-1.40380859375
0.602294921875,0.0894775390625,0.8900146484375,1.8310546875,-35.64453125,-0.9765625
0.6019287109375,-0.0604248046875,0.869873046875,-0.6103515625,-35.2783203125,-7.01904296875
0.5650634765625,-0.09375,0.8896484375,-5.92041015625,-37.4755859375,-11.474609375
0.55322265625,-0.1236572265625,0.90185546875,-9.46044921875,-37.90283203125,-16.4794921875
0.503173828125,-0.168701171875,0.9019775390625,-7.87353515625,-39.73388671875,-20.69091796875
0.478271484375,-0.221435546875,0.880615234375,-10.25390625,-40.0390625,-21.97265625
0.4559326171875,-0.1612548828125,0.8651123046875,-1.708984375,-39.85595703125,-22.64404296875
0.47216796875,-0.1146240234375,0.858154296875,2.3193359375,-38.57421875,-22.03369140625
0.5018310546875,-0.0887451171875,0.8363037109375,6.34765625,-37.4755859375,-20.93505859375
0.501220703125,-0.0394287109375,0.79443359375,10.55908203125,-39.12353515625,-18.98193359375
0.51318359375,-0.015625,0.7686767578125,11.474609375,-45.8984375,-16.7236328125
0.521484375,-0.051513671875,0.753173828125,13.24462890625,-63.04931640625,-14.0380859375
0.5262451171875,-0.0673828125,0.7479248046875,13.97705078125,-72.509765625,-9.8876953125
0.52685546875,-0.0675048828125,0.766845703125,17.578125,-83.984375,3.7841796875
0.538818359375,-0.14794921875,0.8072509765625,18.98193359375,-96.8017578125,6.4697265625
0.52490234375,-0.202392578125,0.8465576171875,20.263671875,-109.55810546875,4.69970703125
0.5552978515625,-0.2086181640625,0.8883056640625,19.8974609375,-142.51708984375,1.89208984375
0.5635986328125,-0.1826171875,0.9136962890625,19.59228515625,-158.935546875,-14.6484375
0.5579833984375,-0.1343994140625,0.9381103515625,18.6767578125,-168.64013671875,-26.85546875
0.55517578125,-0.1060791015625,0.94677734375,14.09912109375,-184.87548828125,-42.66357421875
0.5797119140625,-0.0947265625,0.953857421875,10.009765625,-234.80224609375,-53.8330078125
0.577880859375,-0.06884765625,0.971923828125,4.2724609375,-270.20263671875,-20.8740234375
0.5589599609375,-0.03662109375,0.9395751953125,1.3427734375,-318.7255859375,-38.0859375
0.5439453125,-0.0040283203125,0.957763671875,6.40869140625,-384.33837890625,-74.89013671875
0.5294189453125,0.0335693359375,1.0123291015625,18.1884765625,-467.59033203125,-65.24658203125
0.5284423828125,0.09765625,1.0072021484375,29.84619140625,-523.13232421875,-186.03515625
0.52490234375,0.1331787109375,1.0286865234375,28.076171875,-519.71435546875,-185.1806640625
0.533203125,0.0614013671875,1.1070556640625,-17.7001953125,-518.310546875,-181.82373046875
0.550048828125,-0.0230712890625,1.2154541015625,-62.01171875,-419.677734375,-130.43212890625
0.5635986328125,-0.0966796875,1.3072509765625,-119.93408203125,-268.4326171875,-43.8232421875
0.531982421875,-0.2974853515625,1.3245849609375,-153.076171875,-195.37353515625,24.10888671875
0.5162353515625,-0.3275146484375,1.1356201171875,-147.64404296875,-133.544921875,61.95068359375
