0.7109375,-0.1817626953125,1.4176025390625,15.19775390625,-34.36279296875,-14.404296875
0.589111328125,0.09326171875,1.3515625,33.63037109375,-25.146484375,-11.41357421875
0.0679931640625,0.3157958984375,1.1943359375,31.25,-17.15087890625,-3.5400390625
-0.1434326171875,0.51806640625,1.186279296875,27.89306640625,-14.46533203125,-0.06103515625
0.1533203125,0.394287109375,1.1566162109375,32.77587890625,-13.48876953125,6.2255859375
0.7626953125,-0.430908203125,0.96484375,31.982421875,-18.4326171875,7.9345703125
1.4892578125,-1.010498046875,1.01171875,20.263671875,-23.5595703125,7.568359375
1.8438720703125,-0.4288330078125,1.0181884765625,15.5029296875,-29.23583984375,5.06591796875
1.798583984375,0.026611328125,0.941162109375,7.38525390625,-30.517578125,3.11279296875
1.71875,-0.0467529296875,0.9324951171875,3.96728515625,-30.517578125,0.48828125
1.458740234375,-0.0428466796875,0.919921875,-3.662109375,-28.1982421875,-0.48828125
1.4998779296875,-0.0802001953125,0.88720703125,-6.34765625,-25.93994140625,-0.6103515625
1.4366455078125,-0.0836181640625,0.8975830078125,-7.75146484375,-24.90234375,-0.30517578125
0.843505859375,-0.0672607421875,0.876953125,-9.27734375,-25.390625,-0.1220703125
0.64990234375,-0.0440673828125,0.8721923828125,-8.30078125,-27.9541015625,-0.9765625
0.69970703125,-0.0408935546875,0.861328125,-7.6904296875,-30.70068359375,-4.638671875
0.6416015625,-0.025146484375,0.85009765625,-6.9580078125,-32.3486328125,-6.65283203125
0.580810546875,-0.0927734375,0.8489990234375,-6.8359375,-35.15625,-8.9111328125
0.5750732421875,-0.13134765625,0.8524169921875,-6.77490234375,-33.99658203125,-10.31494140625
0.5303955078125,-0.175537109375,0.853271484375,-9.521484375,-35.2783203125,-10.986328125
0.4837646484375,-0.171142578125,0.8548583984375,-13.85498046875,-38.63525390625,-8.4228515625
0.515869140625,-0.18212890625,0.8455810546875,-11.962890625,-42.66357421875,-6.103515625
0.5321044921875,-0.18798828125,0.826171875,-10.92529296875,-49.31640625,0.30517578125
0.5374755859375,-0.1669921875,0.8309326171875,-8.056640625,-66.95556640625,3.84521484375
0.5440673828125,-0.1209716796875,0.7940673828125,-6.28662109375,-77.5146484375,1.220703125
0.555419921875,-0.093505859375,0.8057861328125,-4.8828125,-98.388671875,2.5634765625
0.5550537109375,-0.0830078125,0.8173828125,0.1220703125,-109.130859375,2.9296875
0.54150390625,-0.0634765625,0.83154296875,-1.46484375,-169.25048828125,-4.0283203125
0.5435791015625,-0.1328125,0.841552734375,-5.92041015625,-186.6455078125,-27.28271484375
0.5499267578125,-0.166259765625,0.8970947265625,-7.99560546875,-264.34326171875,-3.7841796875
0.5439453125,-0.2081298828125,0.8768310546875,-10.92529296875,-301.57470703125,-13.18359375
0.5401611328125,-0.2042236328125,0.861083984375,-13.61083984375,-428.52783203125,-76.96533203125
0.5748291015625,-0.162109375,0.86865234375,-34.7900390625,-472.900390625,-111.083984375
0.54443359375,-0.1236572265625,0.9521484375,-34.36279296875,-513.671875,-95.3369140625
0.5360107421875,-0.0743408203125,0.994140625,-50.59814453125,-533.3251953125,-118.896484375
0.55322265625,-0.0819091796875,0.98388671875,-70.556640625,-514.58740234375,-141.54052734375
0.569580078125,-0.0345458984375,1.0426025390625,-129.82177734375,-447.265625,-108.7646484375
0.5355224609375,-0.076416015625,1.1044921875,-178.22265625,-373.046875,-63.29345703125
0.5517578125,-0.112548828125,1.3350830078125,-216.6748046875,-123.6572265625,-48.76708984375
0.56689453125,-0.0596923828125,1.33154296875,-253.41796875,10.92529296875,-39.00146484375
0.564453125,-0.1505126953125,0.9542236328125,-275.45166015625,109.43603515625,-24.90234375
0.556640625,-0.2513427734375,0.991943359375,-253.96728515625,216.24755859375,-16.17431640625
0.5379638671875,-0.220703125,1.25146484375,-178.8330078125,266.78466796875,3.7841796875
0.3486328125,-0.1107177734375,1.7142333984375,-120.7275390625,293.27392578125,29.1748046875
0.20068359375,-0.4420166015625,1.591796875,-27.40478515625,290.52734375,55.5419921875
0.599609375,-0.6612548828125,2.0260009765625,41.07666015625,283.38623046875,82.3974609375
1.255615234375,-0.910400390625,2.0303955078125,109.375,276.55029296875,105.1025390625
1.5506591796875,-0.9564208984375,1.41455078125,117.5537109375,288.63525390625,120.66650390625
2.5189208984375,-0.89599609375,1.0098876953125,109.130859375,305.72509765625,130.55419921875
2.8936767578125,-0.3167724609375,0.4571533203125,94.8486328125,320.12939453125,142.9443359375
3.1075439453125,-2.168701171875,0.3848876953125,74.951171875,334.53369140625,143.06640625
2.7855224609375,-2.2276611328125,0.4332275390625,55.11474609375,342.6513671875,138.24462890625
1.502197265625,-2.0892333984375,0.4837646484375,43.76220703125,382.50732421875,132.87353515625
2.7977294921875,-1.59423828125,0.5263671875,41.44287109375,392.822265625,133.544921875
1.708251953125,-0.5872802734375,0.5902099609375,46.20361328125,392.02880859375,138.18359375
1.118896484375,-0.3201904296875,0.6015625,44.49462890625,390.2587890625,157.40966796875
0.4678955078125,-0.14404296875,0.6080322265625,14.09912109375,391.11328125,155.94482421875
-0.2557373046875,-0.098876953125,0.6220703125,8.48388671875,389.58740234375,116.27197265625
-0.296142578125,-0.1474609375,0.6190185546875,13.5498046875,372.4365234375,55.7861328125
-0.1678466796875,-0.26025390625,0.80419921875,18.798828125,361.26708984375,29.72412109375
0.0341796875,-0.3748779296875,0.958251953125,29.96826171875,335.99853515625,16.6015625
0.2679443359375,-0.4251708984375,1.102294921875,42.724609375,271.05712890625,27.099609375
0.4466552734375,-0.39404296875,1.2479248046875,45.166015625,230.224609375,33.75244140625
0.5264892578125,-0.1209716796875,1.376220703125,35.82763671875,184.75341796875,23.98681640625
0.5732421875,-0.0574951171875,1.5177001953125,-6.103515625,125.0,-68.78662109375
0.6295166015625,-0.15478515625,1.525390625,-55.2978515625,61.34033203125,-90.88134765625
0.9478759765625,-0.2747802734375,1.14501953125,-124.93896484375,14.2822265625,-67.93212890625
1.2415771484375,-0.366455078125,0.0272216796875,-183.77685546875,-102.96630859375,-47.36328125
1.4248046875,-0.40673828125,-0.698486328125,-184.5703125,-171.38671875,-38.63525390625
1.58935546875,-0.3568115234375,-1.3695068359375,-127.38037109375,-168.88427734375,-33.3251953125
1.7669677734375,-0.3646240234375,-1.7427978515625,50.23193359375,-134.70458984375,-58.10546875
1.955810546875,-0.5682373046875,-1.861328125,66.46728515625,-269.95849609375,-84.41162109375
2.321533203125,-0.309814453125,-1.7811279296875,81.54296875,-275.390625,-41.07666015625
2.6026611328125,0.3582763671875,-1.1822509765625,72.69287109375,-231.38427734375,-46.08154296875
3.108154296875,1.0904541015625,-0.5533447265625,60.60791015625,-208.31298828125,-40.95458984375
2.833740234375,1.2113037109375,0.486572265625,31.92138671875,-181.15234375,-33.14208984375
2.8187255859375,0.461669921875,1.4058837890625,15.93017578125,-65.85693359375,-23.681640625
2.6978759765625,-0.5487060546875,0.851318359375,15.2587890625,-39.36767578125,-18.1884765625
2.620849609375,-0.12255859375,1.286376953125,70.25146484375,-21.8505859375,-8.6669921875
2.79541015625,0.5814208984375,1.8948974609375,60.11962890625,-12.8173828125,-4.33349609375
2.9129638671875,0.3509521484375,1.90087890625,55.2978515625,-9.765625,-1.220703125
1.7896728515625,-0.3585205078125,1.10302734375,45.8984375,-12.51220703125,5.79833984375
0.451904296875,0.4661865234375,1.0,34.60693359375,-15.07568359375,1.46484375
0.498779296875,1.02978515625,0.9708251953125,28.4423828125,-22.76611328125,-2.685546875
0.66650390625,0.901123046875,0.9466552734375,15.380859375,-25.2685546875,-3.2958984375
0.4921875,-0.194580078125,0.9317626953125,6.89697265625,-21.91162109375,-1.89208984375
1.8499755859375,-1.2227783203125,0.92822265625,0.9765625,-25.7568359375,2.0751953125
2.5673828125,0.037841796875,0.9049072265625,-9.3994140625,-28.74755859375,8.72802734375
2.442626953125,-0.1776123046875,0.895751953125,-10.1318359375,-28.076171875,2.86865234375
1.476806640625,0.1365966796875,0.8773193359375,-7.38525390625,-27.099609375,-0.91552734375
0.7991943359375,0.133056640625,0.8602294921875,-5.615234375,-24.0478515625,-4.0283203125
0.746337890625,0.068603515625,0.8389892578125,-11.3525390625,-21.91162109375,-3.60107421875
0.74853515625,0.04833984375,0.8583984375,-12.20703125,-22.15576171875,-3.662109375
0.6842041015625,-0.00927734375,0.85986328125,-19.34814453125,-22.64404296875,-4.5166015625
0.6580810546875,-0.000732421875,0.7989501953125,-18.98193359375,-21.240234375,-6.53076171875
0.5830078125,-0.095458984375,0.7989501953125,-16.4794921875,-22.3388671875,-8.6669921875
0.5523681640625,-0.2186279296875,0.77490234375,-10.009765625,-27.83203125,-9.33837890625
0.548583984375,-0.04248046875,0.7939453125,-7.4462890625,-37.109375,-9.1552734375
0.5311279296875,-0.020751953125,0.7830810546875,-3.11279296875,-46.9970703125,-9.6435546875
0.53564453125,-0.0361328125,0.736572265625,-2.38037109375,-58.04443359375,-7.8125
0.5526123046875,-0.0247802734375,0.7308349609375,-1.28173828125,-71.8994140625,-2.9296875
0.5689697265625,-0.0802001953125,0.8045654296875,1.15966796875,-87.34130859375,2.8076171875
0.599853515625,-0.14453125,0.8624267578125,3.2958984375,-103.57666015625,6.40869140625
0.6041259765625,-0.167236328125,0.8905029296875,4.2724609375,-120.66650390625,6.9580078125
0.6197509765625,-0.109375,0.8970947265625,4.39453125,-136.29150390625,6.65283203125
0.5775146484375,-0.099609375,0.9168701171875,4.150390625,-150.0244140625,3.72314453125
0.579833984375,-0.1114501953125,0.9447021484375,3.5400390625,-166.44287109375,0.91552734375
0.6324462890625,-0.1343994140625,0.953125,-0.8544921875,-184.63134765625,-3.41796875
0.626708984375,-0.150146484375,0.9512939453125,-7.14111328125,-204.58984375,-20.3857421875
0.56005859375,-0.137939453125,0.949951171875,-10.31494140625,-230.712890625,-31.55517578125
0.5255126953125,-0.1285400390625,0.944580078125,-13.85498046875,-264.95361328125,-38.9404296875
0.5146484375,-0.1287841796875,0.947265625,-17.76123046875,-306.70166015625,-24.90234375
0.5155029296875,-0.079345703125,0.96142578125,-26.55029296875,-366.943359375,-37.29248046875
0.50830078125,0.00732421875,0.99072265625,-40.283203125,-431.15234375,-47.7294921875
0.4947509765625,0.07080078125,1.0333251953125,-34.36279296875,-482.60498046875,-101.50146484375
0.5006103515625,0.0872802734375,1.0526123046875,-30.6396484375,-529.296875,-107.177734375
0.5260009765625,0.0352783203125,1.0382080078125,-33.447265625,-552.91748046875,-143.00537109375
0.5606689453125,-0.031005859375,1.069580078125,-63.1103515625,-497.802734375,-135.986328125
0.574951171875,-0.08935546875,1.1199951171875,-99.4873046875,-435.48583984375,-133.85009765625
0.5574951171875,-0.106689453125,1.1014404296875,-134.765625,-318.78662109375,-70.25146484375
0.5426025390625,-0.1295166015625,1.3486328125,-201.171875,-250.1220703125,-4.150390625
0.53271484375,-0.2825927734375,1.2821044921875,-220.88623046875,-170.166015625,31.73828125
0.5069580078125,-0.3634033203125,0.843994140625,-202.45361328125,-40.83251953125,37.7197265625
0.4549560546875,-0.1910400390625,0.8990478515625,-197.021484375,82.51953125,38.02490234375
0.3382568359375,-0.0003662109375,1.2032470703125,-187.8662109375,175.78125,36.4990234375
0.183349609375,-0.1820068359375,1.9395751953125,-129.39453125,249.6337890625,35.21728515625
0.09765625,-0.324462890625,1.728515625,-80.9326171875,276.79443359375,38.51318359375
0.615966796875,-0.295166015625,1.5242919921875,-1.40380859375,297.66845703125,48.7060546875
1.1591796875,-1.0408935546875,1.80078125,77.57568359375,307.80029296875,65.61279296875
1.461669921875,-0.9671630859375,2.0076904296875,124.32861328125,305.5419921875,70.61767578125
1.9498291015625,-0.9141845703125,1.5877685546875,151.18408203125,303.52783203125,73.8525390625
2.8677978515625,-0.51171875,1.12548828125,157.53173828125,337.2802734375,77.08740234375
2.9180908203125,-1.05810546875,0.8206787109375,143.37158203125,358.88671875,88.68408203125
1.850341796875,-1.907470703125,0.5341796875,92.10205078125,362.24365234375,94.970703125
1.0408935546875,-2.084228515625,0.378662109375,34.912109375,370.05615234375,99.7314453125
2.179931640625,-2.1390380859375,0.362060546875,21.78955078125,392.63916015625,103.02734375
2.739501953125,-1.756591796875,0.44775390625,20.6298828125,400.20751953125,105.16357421875
1.5859375,-1.150146484375,0.541259765625,18.00537109375,404.1748046875,110.3515625
1.1627197265625,-0.607666015625,0.5494384765625,0.67138671875,397.52197265625,118.5302734375
0.810546875,-0.1717529296875,0.5426025390625,-8.85009765625,390.5029296875,134.6435546875
0.424072265625,0.067626953125,0.5030517578125,-18.37158203125,386.962890625,156.31103515625
0.1182861328125,0.06396484375,0.557861328125,-25.45166015625,388.427734375,152.7099609375
-0.0477294921875,-0.1363525390625,0.579345703125,-27.9541015625,391.7236328125,136.8408203125
-0.06787109375,-0.249755859375,0.6539306640625,-27.83203125,380.7373046875,51.3916015625
0.3101806640625,-0.279052734375,0.8187255859375,-18.49365234375,367.24853515625,39.1845703125
0.6934814453125,-0.2222900390625,1.027099609375,-16.845703125,351.6845703125,46.630859375
0.697998046875,-0.098876953125,1.27880859375,-17.63916015625,222.71728515625,46.69189453125
0.6259765625,-0.100830078125,1.5316162109375,-11.8408203125,174.560546875,15.380859375
0.6429443359375,-0.13037109375,1.6824951171875,-2.99072265625,132.50732421875,-43.27392578125
0.889892578125,-0.2064208984375,1.7430419921875,-26.06201171875,-6.16455078125,-71.47216796875
0.936279296875,-0.2918701171875,1.69873046875,-93.75,-50.35400390625,-58.65478515625
0.9534912109375,-0.3858642578125,1.513671875,-175.23193359375,-103.6376953125,-37.04833984375
1.05517578125,-0.4010009765625,-0.375244140625,-170.166015625,-137.63427734375,-25.390625
1.2376708984375,-0.338134765625,-1.13330078125,-94.1162109375,-122.86376953125,26.91650390625
1.4923095703125,-0.287353515625,-1.8463134765625,12.8173828125,-110.7177734375,26.79443359375
1.82666015625,-0.4154052734375,-2.2646484375,70.25146484375,-133.36181640625,-70.86181640625
2.13330078125,-0.692626953125,-1.8580322265625,91.6748046875,-183.41064453125,-37.17041015625
2.4739990234375,0.24755859375,-0.963134765625,143.98193359375,-234.68017578125,-43.51806640625
2.71826171875,1.279052734375,-0.3272705078125,135.55908203125,-153.38134765625,-43.88427734375
2.959228515625,1.6385498046875,0.400146484375,110.41259765625,-156.73828125,-36.31591796875
2.541015625,0.0501708984375,1.310302734375,74.8291015625,-102.84423828125,-31.982421875
2.7537841796875,-0.7471923828125,1.3817138671875,86.60888671875,-60.6689453125,-28.74755859375
3.0384521484375,-0.62939453125,0.580078125,86.73095703125,-35.64453125,-23.62060546875
2.87158203125,0.037353515625,0.85595703125,82.3974609375,-25.390625,-20.44677734375
2.3138427734375,-0.365478515625,1.1859130859375,53.22265625,-19.1650390625,-12.63427734375
2.095458984375,-0.701416015625,1.0772705078125,46.32568359375,-18.06640625,-7.568359375
2.285400390625,-0.2666015625,1.279052734375,45.8984375,-16.29638671875,-3.5400390625
1.36376953125,0.85107421875,1.1063232421875,35.94970703125,-16.54052734375,-1.64794921875
0.26708984375,1.4512939453125,0.9320068359375,27.89306640625,-18.798828125,-0.48828125
-0.091552734375,-1.8372802734375,0.9281005859375,22.3388671875,-23.86474609375,0.732421875
0.1922607421875,-0.7584228515625,0.9222412109375,11.90185546875,-24.71923828125,-1.220703125
0.8084716796875,0.6856689453125,0.9207763671875,6.16455078125,-25.45166015625,-0.42724609375
1.565673828125,0.5755615234375,0.9420166015625,1.89208984375,-26.79443359375,-0.9765625
1.411376953125,-0.353271484375,0.9296875,0.9765625,-24.5361328125,0.18310546875
1.70458984375,-0.1800537109375,0.919189453125,-0.54931640625,-28.1982421875,-3.11279296875
0.96240234375,0.0765380859375,0.8912353515625,-3.41796875,-37.353515625,-5.06591796875
0.4400634765625,-0.036865234375,0.8839111328125,-7.8125,-41.8701171875,-6.7138671875
0.5797119140625,0.045166015625,0.8934326171875,-9.94873046875,-43.27392578125,-8.60595703125
0.6033935546875,0.1328125,0.88818359375,-7.87353515625,-46.9970703125,-9.09423828125
0.5909423828125,0.0765380859375,0.8658447265625,-10.31494140625,-49.62158203125,-8.36181640625
0.6768798828125,-0.00439453125,0.885986328125,-12.14599609375,-50.23193359375,-8.11767578125
0.6392822265625,-0.0145263671875,0.85791015625,-13.18359375,-50.72021484375,-11.474609375
0.5782470703125,-0.0299072265625,0.843505859375,-14.58740234375,-49.86572265625,-12.5732421875
0.5513916015625,-0.0423583984375,0.8521728515625,-13.5498046875,-47.79052734375,-12.20703125
0.533935546875,-0.122802734375,0.8294677734375,-10.8642578125,-52.06298828125,-9.033203125
0.5068359375,-0.0323486328125,0.784912109375,-8.85009765625,-58.2275390625,-9.33837890625
0.506591796875,-0.07421875,0.75439453125,-8.23974609375,-64.0869140625,-7.568359375
0.5157470703125,-0.0587158203125,0.729736328125,0.06103515625,-78.67431640625,0.0
0.529296875,-0.1055908203125,0.7193603515625,4.7607421875,-102.84423828125,-6.77490234375
0.507080078125,-0.0679931640625,0.7342529296875,7.87353515625,-117.24853515625,-15.869140625
0.540771484375,-0.0767822265625,0.8094482421875,10.25390625,-174.86572265625,-26.18408203125
0.5205078125,-0.1114501953125,0.818115234375,10.7421875,-193.84765625,-42.66357421875
0.55859375,-0.09716796875,0.8155517578125,10.3759765625,-214.599609375,-66.10107421875
0.6085205078125,-0.0914306640625,0.86376953125,1.220703125,-243.46923828125,-65.97900390625
0.608154296875,-0.124267578125,0.8818359375,-1.03759765625,-278.01513671875,-87.82958984375
0.61376953125,-0.1060791015625,0.8875732421875,-7.01904296875,-391.9677734375,-79.04052734375
0.618896484375,-0.0748291015625,0.9083251953125,-11.65771484375,-457.1533203125,-58.4716796875
0.6207275390625,-0.0513916015625,0.9508056640625,-8.7890625,-496.03271484375,-80.2001953125
0.6036376953125,-0.0538330078125,0.9622802734375,3.35693359375,-532.16552734375,-148.8037109375
0.6136474609375,-0.0208740234375,0.9931640625,-14.16015625,-533.0810546875,-155.09033203125
0.61279296875,0.0599365234375,1.0079345703125,-44.189453125,-456.9091796875,-178.40576171875
0.598388671875,-0.0185546875,1.1842041015625,-80.2001953125,-347.2900390625,-76.66015625
0.5748291015625,-0.1583251953125,1.2208251953125,-139.58740234375,-258.48388671875,1.708984375
0.601318359375,-0.14453125,1.1822509765625,-237.85400390625,-154.1748046875,57.4951171875
0.5986328125,-0.2078857421875,0.8792724609375,-220.88623046875,-52.490234375,75.62255859375
0.5843505859375,-0.313720703125,0.57373046875,-191.7724609375,79.2236328125,91.49169921875
0.5267333984375,-0.1246337890625,1.25634765625,-141.11328125,194.64111328125,101.37939453125
0.4381103515625,-0.2120361328125,2.0361328125,-104.736328125,262.51220703125,103.8818359375
0.3502197265625,-0.2640380859375,2.150634765625,-39.24560546875,286.31591796875,106.201171875
0.611083984375,-0.08447265625,1.6925048828125,9.21630859375,291.9921875,108.33740234375
0.962158203125,0.0745849609375,2.0140380859375,70.61767578125,288.75732421875,107.11669921875
1.3624267578125,-0.928955078125,2.222412109375,104.43115234375,284.5458984375,105.89599609375
1.7603759765625,-1.1597900390625,1.5064697265625,119.7509765625,285.15625,101.9287109375
2.15185546875,-1.08251953125,1.1168212890625,125.48828125,299.62158203125,96.6796875
3.3555908203125,-1.2200927734375,0.85546875,115.8447265625,313.78173828125,92.041015625
3.09912109375,-1.763916015625,0.6326904296875,99.30419921875,333.0078125,89.17236328125
1.7572021484375,-1.9144287109375,0.5140380859375,80.13916015625,349.06005859375,88.2568359375
2.0185546875,-1.8272705078125,0.5133056640625,59.50927734375,351.5625,88.8671875
2.631591796875,-1.4515380859375,0.560791015625,44.43359375,366.8212890625,90.88134765625
1.8660888671875,-0.825927734375,0.6090087890625,34.60693359375,371.76513671875,93.07861328125
1.10791015625,-0.369873046875,0.6370849609375,32.16552734375,373.4130859375,95.0927734375
0.6942138671875,-0.0443115234375,0.630859375,24.23095703125,375.79345703125,97.22900390625
0.2529296875,0.1326904296875,0.6488037109375,16.90673828125,375.67138671875,101.07421875
-0.07666015625,0.1474609375,0.5772705078125,10.68115234375,377.99072265625,101.6845703125
-0.126708984375,0.1153564453125,0.5067138671875,6.40869140625,381.103515625,106.689453125
0.027099609375,0.0887451171875,0.5535888671875,5.9814453125,386.962890625,108.70361328125
0.2694091796875,0.0447998046875,0.6021728515625,5.79833984375,393.73779296875,109.375
0.47705078125,0.0068359375,0.688720703125,6.4697265625,396.8505859375,105.1025390625
0.5970458984375,0.014892578125,0.8302001953125,4.82177734375,394.34814453125,95.15380859375
0.655517578125,0.02392578125,0.9932861328125,11.29150390625,385.19287109375,82.45849609375
0.6297607421875,0.00146484375,1.1568603515625,8.544921875,371.7041015625,66.83349609375
0.599365234375,-0.0311279296875,1.309326171875,9.21630859375,358.21533203125,55.72509765625
0.5897216796875,-0.0770263671875,1.4617919921875,5.859375,345.703125,45.95947265625
0.615478515625,-0.119873046875,1.59521484375,3.173828125,310.60791015625,-66.58935546875
0.709716796875,-0.1475830078125,1.677978515625,4.08935546875,252.13623046875,-34.24072265625
0.8289794921875,-0.157958984375,1.705322265625,-0.06103515625,192.93212890625,-60.05859375
0.99462890625,-0.1929931640625,1.701904296875,-5.7373046875,-129.08935546875,-77.392578125
1.1973876953125,-0.1873779296875,1.6173095703125,-36.80419921875,-60.302734375,-70.6787109375
1.39404296875,-0.1724853515625,1.2730712890625,-94.90966796875,-159.24072265625,-31.67724609375
1.5704345703125,-0.177734375,0.561279296875,73.30322265625,-234.68017578125,-38.14697265625
1.723876953125,-0.1756591796875,-0.382080078125,83.92333984375,-213.134765625,-25.390625
1.8780517578125,-0.2620849609375,-1.40966796875,83.0078125,-193.54248046875,-22.64404296875
2.06494140625,-0.4315185546875,0.4033203125,29.35791015625,-104.248046875,-17.15087890625
2.2896728515625,-0.683349609375,1.9261474609375,28.9306640625,-54.26025390625,-11.29150390625
2.5963134765625,-0.62060546875,0.7119140625,70.86181640625,-28.13720703125,-5.615234375
3.044677734375,0.052001953125,2.1044921875,64.75830078125,-24.59716796875,3.35693359375
3.3380126953125,1.0916748046875,1.8031005859375,25.87890625,-17.08984375,10.3759765625
3.1636962890625,0.4300537109375,1.5167236328125,28.38134765625,-22.64404296875,13.36669921875
2.9112548828125,-1.008544921875,1.177734375,21.78955078125,-23.49853515625,7.8125
2.883056640625,-0.65673828125,0.93212890625,11.3525390625,-25.81787109375,4.82177734375
1.2864990234375,0.81884765625,0.94384765625,5.859375,-32.958984375,2.5634765625
-0.183349609375,-0.9122314453125,0.93212890625,-7.26318359375,-31.06689453125,1.15966796875
-1.17626953125,-1.6693115234375,0.9495849609375,-18.49365234375,-28.3203125,2.38037109375
2.6180419921875,1.2010498046875,0.9388427734375,-19.71435546875,-31.005859375,4.7607421875
2.6943359375,0.3675537109375,0.90478515625,-17.578125,-34.36279296875,6.4697265625
2.180908203125,-0.365478515625,0.899658203125,-16.41845703125,-39.1845703125,4.8828125
1.4755859375,-0.0478515625,0.8936767578125,-15.93017578125,-44.12841796875,3.60107421875
0.6513671875,-0.074951171875,0.8546142578125,-18.00537109375,-43.88427734375,0.54931640625
0.599365234375,0.06640625,0.8424072265625,-16.78466796875,-43.3349609375,-2.62451171875
0.620361328125,0.137939453125,0.853515625,-11.90185546875,-44.3115234375,-6.77490234375
0.6527099609375,-0.0057373046875,0.86328125,-12.3291015625,-45.5322265625,-9.8876953125
0.6917724609375,-0.12646484375,0.857177734375,-11.3525390625,-45.95947265625,-13.0615234375
0.6312255859375,-0.2684326171875,0.82568359375,-12.5732421875,-48.095703125,-14.46533203125
0.5758056640625,-0.2208251953125,0.7950439453125,-11.8408203125,-50.35400390625,-19.775390625
0.5098876953125,-0.1680908203125,0.7965087890625,-13.48876953125,-47.54638671875,-24.71923828125
0.5528564453125,-0.095947265625,0.8052978515625,-13.36669921875,-44.73876953125,-27.16064453125
0.5499267578125,-0.090576171875,0.790283203125,-11.53564453125,-45.47119140625,-28.3203125
0.537353515625,-0.083740234375,0.775634765625,-9.09423828125,-49.31640625,-26.67236328125
0.5430908203125,-0.12158203125,0.7811279296875,-6.7138671875,-55.5419921875,-21.54541015625
0.5313720703125,-0.167236328125,0.7548828125,-0.3662109375,-62.6220703125,-15.44189453125
0.5693359375,-0.22119140625,0.6839599609375,7.32421875,-70.80078125,-10.55908203125
0.589111328125,-0.2288818359375,0.7025146484375,11.5966796875,-80.13916015625,-3.7841796875
0.5665283203125,-0.2008056640625,0.744140625,14.5263671875,-91.97998046875,4.8828125
0.552978515625,-0.23876953125,0.78271484375,16.11328125,-106.38427734375,12.63427734375
0.5721435546875,-0.244384765625,0.7982177734375,15.9912109375,-123.47412109375,18.06640625
0.591552734375,-0.197265625,0.7882080078125,13.5498046875,-138.73291015625,20.3857421875
0.584716796875,-0.2147216796875,0.7891845703125,10.3759765625,-153.6865234375,17.39501953125
0.6097412109375,-0.2598876953125,0.820556640625,7.26318359375,-172.30224609375,12.02392578125
0.6390380859375,-0.25439453125,0.8626708984375,3.5400390625,-192.0166015625,4.39453125
0.63037109375,-0.2159423828125,0.8909912109375,0.6103515625,-217.34619140625,-15.56396484375
0.6219482421875,-0.16015625,0.8955078125,-3.662109375,-246.826171875,-19.83642578125
0.5977783203125,-0.0831298828125,0.8828125,-13.18359375,-284.97314453125,0.3662109375
0.5816650390625,-0.00634765625,0.906982421875,-20.99609375,-334.1064453125,-15.68603515625
0.6026611328125,0.019775390625,0.95458984375,-27.64892578125,-407.04345703125,-43.212890625
0.6259765625,0.0401611328125,0.96435546875,-35.82763671875,-453.0029296875,-55.35888671875
0.628173828125,0.102294921875,0.9482421875,-24.658203125,-496.03271484375,-78.55224609375
0.6207275390625,0.1229248046875,0.9560546875,-37.59765625,-541.3818359375,-109.619140625
0.6114501953125,0.0762939453125,0.9873046875,-60.97412109375,-541.44287109375,-100.64697265625
0.6146240234375,0.0023193359375,1.04052734375,-106.62841796875,-520.08056640625,-125.732421875
0.627685546875,-0.1129150390625,1.128173828125,-132.26318359375,-491.5771484375,-117.7978515625
0.615234375,-0.205810546875,1.361083984375,-162.41455078125,-398.92578125,-123.59619140625
0.5928955078125,-0.201904296875,1.393798828125,-207.6416015625,-338.19580078125,-78.06396484375
0.5333251953125,-0.26220703125,1.05908203125,-229.00390625,-268.6767578125,-20.81298828125
0.4613037109375,-0.2490234375,0.8331298828125,-271.6064453125,-164.73388671875,13.73291015625
0.3699951171875,-0.1031494140625,0.86572265625,-254.0283203125,-45.71533203125,18.310546875
0.2314453125,-0.2174072265625,1.11767578125,-227.05078125,71.533203125,20.3857421875
0.130859375,-0.4322509765625,1.6173095703125,-235.107421875,178.7109375,22.15576171875
0.6407470703125,-0.481201171875,2.122802734375,-169.12841796875,263.48876953125,22.15576171875
1.157958984375,-0.5059814453125,2.121826171875,-111.63330078125,289.73388671875,29.052734375
1.3702392578125,-0.8123779296875,1.66943359375,-27.099609375,309.814453125,40.0390625
1.8282470703125,-0.9912109375,1.876953125,62.6220703125,316.95556640625,50.9033203125
2.3133544921875,-0.919189453125,2.1929931640625,108.7646484375,315.00244140625,61.58447265625
2.7685546875,-0.8927001953125,1.660888671875,132.2021484375,308.89892578125,73.05908203125
3.2969970703125,-0.5841064453125,1.1453857421875,140.31982421875,318.4814453125,79.9560546875
3.1024169921875,-0.991943359375,0.840087890625,128.35693359375,329.2236328125,83.49609375
2.30615234375,-1.957763671875,0.595458984375,108.70361328125,338.68408203125,89.41650390625
1.488525390625,-2.29833984375,0.4661865234375,85.0830078125,353.271484375,95.458984375
2.0714111328125,-2.2825927734375,0.450927734375,61.46240234375,357.0556640625,101.5625
2.7767333984375,-1.8255615234375,0.464599609375,45.166015625,369.9951171875,108.45947265625
1.876953125,-1.08984375,0.4908447265625,37.17041015625,383.1787109375,113.76953125
1.1546630859375,-0.5767822265625,0.5673828125,39.12353515625,392.9443359375,116.2109375
0.6917724609375,-0.2100830078125,0.5797119140625,34.7900390625,398.86474609375,116.8212890625
0.326416015625,0.032958984375,0.5899658203125,29.11376953125,397.64404296875,117.67578125
0.048828125,0.0665283203125,0.58447265625,22.94921875,394.53125,120.66650390625
-0.101806640625,-0.0223388671875,0.565673828125,15.93017578125,392.333984375,124.3896484375
-0.07373046875,-0.1368408203125,0.595703125,10.19287109375,394.4091796875,129.08935546875
0.090576171875,-0.2327880859375,0.6214599609375,6.8359375,398.49853515625,117.61474609375
0.284423828125,-0.297119140625,0.6651611328125,4.5166015625,398.98681640625,102.47802734375
0.441162109375,-0.2764892578125,0.7681884765625,8.11767578125,393.24951171875,78.4912109375
0.5545654296875,-0.1954345703125,0.926513671875,11.16943359375,369.0185546875,56.7626953125
0.58935546875,-0.16650390625,1.1104736328125,15.93017578125,358.88671875,39.55078125
0.607421875,-0.173583984375,1.2896728515625,15.5029296875,338.68408203125,26.30615234375
0.697265625,-0.1531982421875,1.436767578125,18.24951171875,301.08642578125,33.447265625
0.807861328125,-0.15380859375,1.52685546875,15.7470703125,251.8310546875,51.7578125
0.88134765625,-0.178955078125,1.567138671875,15.80810546875,206.97021484375,54.6875
0.9326171875,-0.2181396484375,1.517822265625,1.5869140625,156.3720703125,25.5126953125
1.0447998046875,-0.254150390625,1.353759765625,-31.1279296875,89.17236328125,-36.07177734375
1.22509765625,-0.2628173828125,0.97021484375,-91.552734375,35.7666015625,-74.64599609375
1.447998046875,-0.241455078125,0.3486328125,-160.70556640625,-15.869140625,-72.265625
1.71533203125,-0.207275390625,-0.4158935546875,-201.171875,-78.61328125,-62.92724609375
1.9495849609375,-0.3167724609375,-1.1976318359375,-180.11474609375,-113.6474609375,-67.87109375
2.116455078125,-0.5313720703125,-1.7646484375,-100.9521484375,-107.0556640625,-59.02099609375
2.2572021484375,-0.6865234375,-2.0028076171875,5.18798828125,-101.318359375,-16.05224609375
2.8258056640625,-0.4935302734375,-1.990478515625,61.21826171875,-107.5439453125,4.57763671875
3.161376953125,0.057373046875,-1.7745361328125,85.75439453125,-154.4189453125,-46.32568359375
3.1947021484375,0.79833984375,-1.3360595703125,104.55322265625,-225.89111328125,-32.2265625
2.9332275390625,1.3128662109375,-0.7314453125,102.294921875,-277.7099609375,-37.2314453125
2.8079833984375,1.0198974609375,0.4144287109375,107.60498046875,-215.02685546875,-31.06689453125
2.85546875,0.01904296875,1.187744140625,83.1298828125,-204.7119140625,-29.60205078125
2.77001953125,-0.826904296875,1.1839599609375,45.8984375,-120.42236328125,-24.47509765625
2.8685302734375,-0.614990234375,0.8709716796875,2.9296875,-85.693359375,-11.29150390625
3.1014404296875,0.197998046875,0.5267333984375,49.072265625,-37.4755859375,-5.18798828125
2.8480224609375,0.2935791015625,1.0213623046875,63.720703125,-28.50341796875,0.48828125
2.4647216796875,-0.223876953125,1.592529296875,38.75732421875,-15.9912109375,5.0048828125
2.282470703125,-0.4542236328125,1.3509521484375,37.04833984375,-20.32470703125,6.103515625
1.4239501953125,-0.0157470703125,1.091064453125,28.1982421875,-22.8271484375,8.97216796875
0.45068359375,0.6300048828125,0.8763427734375,10.80322265625,-23.86474609375,8.9111328125
-0.232421875,1.083251953125,0.949462890625,3.7841796875,-24.47509765625,8.056640625
-0.6097412109375,-1.07763671875,1.0120849609375,-3.90625,-25.390625,5.06591796875
-0.056396484375,-1.540283203125,0.9129638671875,-9.82666015625,-25.87890625,-0.79345703125
1.13427734375,0.54345703125,0.936279296875,-12.20703125,-24.2919921875,-8.23974609375
2.21044921875,0.166015625,0.917724609375,-14.5263671875,-22.8271484375,-13.24462890625
1.88330078125,-0.2552490234375,0.888916015625,-14.22119140625,-22.94921875,-14.83154296875
1.468994140625,0.021484375,0.8780517578125,-15.13671875,-30.029296875,-12.51220703125
0.8231201171875,-0.087890625,0.8717041015625,-15.31982421875,-31.67724609375,-11.41357421875
0.7437744140625,-0.0355224609375,0.870361328125,-11.29150390625,-35.46142578125,-14.892578125
0.7257080078125,-0.007080078125,0.8497314453125,0.3662109375,-38.02490234375,-20.32470703125
0.6307373046875,-0.0614013671875,0.8349609375,3.662109375,-36.0107421875,-22.15576171875
0.6424560546875,-0.113037109375,0.8330078125,9.6435546875,-33.203125,-25.2685546875
0.6339111328125,-0.12060546875,0.81982421875,7.50732421875,-29.1748046875,-30.33447265625
0.61962890625,-0.13427734375,0.838134765625,3.47900390625,-25.81787109375,-32.16552734375
0.6016845703125,-0.1905517578125,0.8297119140625,2.44140625,-23.3154296875,-31.73828125
0.5731201171875,-0.302001953125,0.7952880859375,3.662109375,-20.69091796875,-31.494140625
0.541748046875,-0.3023681640625,0.7843017578125,3.173828125,-21.6064453125,-23.0712890625
0.50146484375,-0.2081298828125,0.7872314453125,1.0986328125,-22.216796875,-17.51708984375
0.5172119140625,-0.242919921875,0.783447265625,5.55419921875,-23.8037109375,-11.23046875
0.5042724609375,-0.1826171875,0.7435302734375,5.55419921875,-37.59765625,-5.0048828125
0.565673828125,-0.1341552734375,0.7177734375,5.4931640625,-50.048828125,-0.9765625
0.4940185546875,-0.1807861328125,0.7203369140625,8.056640625,-62.6220703125,-0.48828125
0.5042724609375,-0.2061767578125,0.72216796875,10.986328125,-74.27978515625,2.99072265625
0.5833740234375,-0.241455078125,0.752685546875,11.29150390625,-85.75439453125,4.57763671875
0.5904541015625,-0.2459716796875,0.7940673828125,11.41357421875,-113.1591796875,4.638671875
0.591552734375,-0.287353515625,0.8770751953125,11.16943359375,-145.1416015625,2.3193359375
0.585205078125,-0.252685546875,0.8856201171875,8.9111328125,-162.7197265625,-1.28173828125
0.6229248046875,-0.136474609375,0.873291015625,2.25830078125,-183.837890625,-4.33349609375
0.6376953125,-0.1055908203125,0.8702392578125,-1.46484375,-206.787109375,-19.95849609375
0.5794677734375,-0.0576171875,0.8800048828125,-2.86865234375,-232.421875,-43.51806640625
0.58544921875,0.009765625,0.918701171875,-4.0283203125,-264.83154296875,-51.94091796875
0.60498046875,0.0279541015625,0.9349365234375,-4.45556640625,-301.45263671875,-36.4990234375
0.608642578125,0.043212890625,0.9705810546875,-7.62939453125,-348.44970703125,-58.2275390625
0.587890625,0.03125,1.007080078125,-18.49365234375,-414.9169921875,-79.04052734375
0.5653076171875,-0.034912109375,1.02197265625,-19.22607421875,-464.7216796875,-82.82470703125
0.571533203125,-0.077392578125,1.021240234375,-10.6201171875,-511.23046875,-97.96142578125
0.567138671875,0.018798828125,1.02294921875,-15.7470703125,-549.9267578125,-124.57275390625
0.5523681640625,0.006591796875,1.04296875,-48.7060546875,-544.3115234375,-148.681640625
0.5535888671875,-0.0469970703125,1.084228515625,-82.51953125,-517.15087890625,-137.0849609375
0.567138671875,-0.10498046875,1.1102294921875,-111.26708984375,-401.7333984375,-139.16015625
0.5599365234375,-0.09521484375,1.283203125,-148.13232421875,-340.88134765625,-59.6923828125
0.5303955078125,-0.1690673828125,1.35009765625,-197.3876953125,-261.8408203125,9.94873046875
0.518310546875,-0.322998046875,1.0128173828125,-260.19287109375,-166.9921875,49.072265625
0.4937744140625,-0.2711181640625,0.747314453125,-234.55810546875,-35.2783203125,51.025390625
0.402099609375,-0.0469970703125,0.7913818359375,-209.53369140625,69.580078125,56.94580078125
0.2755126953125,-0.2230224609375,1.705078125,-192.2607421875,183.65478515625,58.16650390625
0.1663818359375,-0.4808349609375,2.1092529296875,-136.90185546875,258.60595703125,67.07763671875
0.5750732421875,-0.442138671875,2.062255859375,-69.15283203125,277.89306640625,75.50048828125
1.063720703125,-0.35546875,1.5860595703125,10.498046875,293.15185546875,82.275390625
1.406494140625,-0.6593017578125,1.8720703125,96.923828125,296.142578125,88.7451171875
1.8521728515625,-0.9111328125,2.1158447265625,135.6201171875,294.43359375,90.8203125
2.3035888671875,-1.02294921875,1.568603515625,156.1279296875,309.6923828125,88.7451171875
2.704345703125,-0.738525390625,1.1328125,135.68115234375,324.89013671875,87.2802734375
3.024169921875,-1.1014404296875,0.8338623046875,108.88671875,343.68896484375,92.22412109375
2.287841796875,-2.0050048828125,0.5673828125,77.45361328125,352.783203125,96.435546875
1.3785400390625,-2.2938232421875,0.451171875,50.9033203125,376.52587890625,98.2666015625
2.0302734375,-2.2138671875,0.4986572265625,35.0341796875,384.1552734375,97.65625
2.7374267578125,-1.7340087890625,0.565673828125,30.45654296875,386.77978515625,96.25244140625
1.689697265625,-1.0096435546875,0.60498046875,14.34326171875,388.12255859375,97.83935546875
1.060302734375,-0.4608154296875,0.6087646484375,0.244140625,387.0849609375,99.91455078125
0.71533203125,0.1883544921875,0.633056640625,-12.939453125,387.14599609375,108.09326171875
0.32421875,0.177490234375,0.5640869140625,-20.01953125,390.7470703125,118.408203125
0.02294921875,0.078125,0.60205078125,-22.15576171875,397.52197265625,124.267578125
-0.0069580078125,-0.0556640625,0.677734375,-20.3857421875,401.85546875,123.84033203125
0.1988525390625,-0.173583984375,0.8133544921875,-19.04296875,399.59716796875,115.72265625
0.4451904296875,-0.2237548828125,1.000732421875,-11.3525390625,386.90185546875,93.75
0.597900390625,0.040771484375,1.1904296875,-9.09423828125,372.9248046875,68.7255859375
0.6231689453125,0.0528564453125,1.38720703125,-14.46533203125,361.38916015625,48.828125
0.60498046875,0.0145263671875,1.5823974609375,-15.44189453125,337.646484375,43.3349609375
0.699951171875,-0.0677490234375,1.7138671875,-10.55908203125,297.119140625,67.626953125
0.778564453125,-0.1685791015625,1.7545166015625,-9.3994140625,232.48291015625,90.087890625
0.8521728515625,-0.224365234375,1.7301025390625,5.18798828125,176.025390625,94.482421875
0.9852294921875,-0.2410888671875,1.65185546875,9.765625,129.2724609375,67.3828125
1.1690673828125,-0.22607421875,1.488525390625,-5.79833984375,65.97900390625,6.04248046875
1.367919921875,-0.156982421875,1.04541015625,-63.96484375,21.240234375,-33.99658203125
1.5943603515625,-0.0950927734375,0.240234375,-152.28271484375,-30.57861328125,-37.17041015625
1.82763671875,-0.1295166015625,-0.7061767578125,-199.52392578125,-98.2666015625,-31.005859375
2.03125,-0.2186279296875,-1.571044921875,-178.7109375,-136.16943359375,-51.1474609375
2.2208251953125,-0.4775390625,-2.06591796875,-94.1162109375,-121.39892578125,-57.373046875
2.4610595703125,-0.854248046875,-2.2412109375,18.310546875,-89.78271484375,-15.68603515625
2.83642578125,-0.87548828125,-2.1396484375,79.2236328125,-132.080078125,-49.560546875
3.2664794921875,-0.175048828125,-1.734619140625,86.669921875,-183.9599609375,-47.4853515625
3.5013427734375,1.0745849609375,-1.2333984375,92.529296875,-250.54931640625,-43.0908203125
3.3170166015625,1.6953125,-0.3681640625,95.21484375,-235.83984375,-50.4150390625
2.8857421875,1.1328125,0.8717041015625,116.27197265625,-180.7861328125,-41.19873046875
2.773681640625,0.0216064453125,1.456787109375,50.84228515625,-150.57373046875,-37.04833984375
2.8995361328125,-0.8548583984375,1.20166015625,29.541015625,-64.0869140625,-30.1513671875
3.111572265625,-0.621337890625,0.728759765625,71.8994140625,-37.7197265625,-22.216796875
3.2259521484375,0.31103515625,1.1912841796875,70.80078125,-29.47998046875,-15.869140625
2.8271484375,0.550048828125,1.850830078125,60.05859375,-23.8037109375,-7.01904296875
2.4425048828125,-0.3583984375,1.147705078125,52.24609375,-20.08056640625,-3.7841796875
1.55322265625,-0.830322265625,1.2100830078125,52.30712890625,-15.9912109375,-1.52587890625
0.8543701171875,0.204833984375,0.927978515625,39.85595703125,-18.85986328125,0.42724609375
0.3861083984375,1.095458984375,0.903564453125,35.15625,-19.95849609375,2.9296875
-0.3218994140625,1.0484619140625,1.01025390625,24.59716796875,-22.64404296875,5.615234375
-0.1138916015625,-1.04052734375,0.97216796875,13.7939453125,-27.16064453125,7.38525390625
1.337646484375,-0.0106201171875,0.9334716796875,6.4697265625,-30.45654296875,6.2255859375
2.216064453125,0.00341796875,0.9351806640625,0.79345703125,-31.06689453125,2.01416015625
1.6103515625,-0.339111328125,0.9100341796875,-2.8076171875,-31.06689453125,0.732421875
1.711669921875,-0.0042724609375,0.893310546875,-6.04248046875,-28.62548828125,1.52587890625
0.827880859375,0.11328125,0.9012451171875,-8.9111328125,-24.96337890625,0.18310546875
0.41650390625,-0.01513671875,0.89697265625,-12.0849609375,-23.5595703125,-4.08935546875
0.6275634765625,0.104736328125,0.8824462890625,-14.34326171875,-23.62060546875,-1.953125
0.7315673828125,0.1041259765625,0.8760986328125,-12.3291015625,-26.42822265625,-2.5634765625
0.7412109375,0.011962890625,0.86962890625,-9.1552734375,-32.1044921875,-5.55419921875
0.695068359375,-0.03955078125,0.8568115234375,-9.21630859375,-36.07177734375,-7.8125
0.6077880859375,-0.02001953125,0.8447265625,-7.6904296875,-36.0107421875,-9.765625
0.566162109375,0.0166015625,0.8359375,-4.45556640625,-37.2314453125,-10.986328125
0.5545654296875,0.0086669921875,0.8411865234375,-4.638671875,-40.46630859375,-12.26806640625
0.5562744140625,-0.0592041015625,0.8538818359375,-7.26318359375,-40.4052734375,-12.5732421875
0.55712890625,-0.176025390625,0.862548828125,-10.1318359375,-40.283203125,-13.61083984375
0.5435791015625,-0.232666015625,0.831298828125,-8.7890625,-40.8935546875,-13.97705078125
0.5477294921875,-0.174560546875,0.8204345703125,-9.94873046875,-40.58837890625,-14.95361328125
0.555419921875,-0.1295166015625,0.833740234375,-8.36181640625,-39.48974609375,-15.44189453125
0.5567626953125,-0.12451171875,0.804931640625,-5.92041015625,-40.71044921875,-14.34326171875
0.578125,-0.093505859375,0.751953125,-4.82177734375,-44.921875,-12.939453125
0.5828857421875,-0.08544921875,0.734619140625,-1.77001953125,-51.7578125,-11.1083984375
0.5628662109375,-0.1104736328125,0.7294921875,0.67138671875,-59.326171875,-8.60595703125
0.5400390625,-0.1400146484375,0.7236328125,3.72314453125,-68.2373046875,-5.06591796875
0.56884765625,-0.1424560546875,0.7337646484375,6.53076171875,-79.04052734375,-0.30517578125
0.5875244140625,-0.125732421875,0.771240234375,7.080078125,-92.22412109375,4.08935546875
0.5618896484375,-0.15380859375,0.80859375,7.4462890625,-107.48291015625,7.75146484375
0.572509765625,-0.13330078125,0.824462890625,7.75146484375,-122.74169921875,8.48388671875
0.62255859375,-0.1341552734375,0.8370361328125,8.36181640625,-137.939453125,6.65283203125
0.6142578125,-0.1275634765625,0.8546142578125,7.8125,-155.70068359375,1.8310546875
0.607177734375,-0.1171875,0.86767578125,4.39453125,-176.7578125,-5.79833984375
0.6124267578125,-0.115966796875,0.882080078125,1.40380859375,-198.79150390625,-20.6298828125
0.6217041015625,-0.083740234375,0.9161376953125,-2.8076171875,-223.388671875,-42.05322265625
0.6070556640625,-0.06982421875,0.9300537109375,-6.34765625,-253.11279296875,-62.01171875
0.5855712890625,-0.07177734375,0.942138671875,-9.521484375,-289.73388671875,-61.5234375
0.586181640625,-0.0450439453125,0.9713134765625,-16.29638671875,-335.99853515625,-74.21875
0.590087890625,-0.0052490234375,0.9781494140625,-25.146484375,-401.0009765625,-62.31689453125
0.58837890625,0.0423583984375,0.9901123046875,-24.169921875,-515.44189453125,-76.96533203125
0.5845947265625,0.0860595703125,0.99755859375,-21.78955078125,-558.04443359375,-110.83984375
0.5718994140625,0.098876953125,1.008544921875,-14.5263671875,-562.98828125,-161.4990234375
0.5604248046875,0.0452880859375,1.027587890625,-77.880859375,-532.40966796875,-154.6630859375
0.5706787109375,-0.034912109375,1.087158203125,-114.013671875,-491.943359375,-158.87451171875
0.5777587890625,-0.1051025390625,1.1357421875,-169.3115234375,-352.783203125,-60.546875
0.5625,-0.147216796875,1.20751953125,-227.05078125,-263.12255859375,25.0244140625
0.55126953125,-0.2369384765625,1.0172119140625,-253.96728515625,-154.11376953125,71.96044921875
0.5382080078125,-0.3453369140625,0.6611328125,-247.61962890625,-33.447265625,78.43017578125
0.4993896484375,-0.3509521484375,0.764892578125,-213.92822265625,88.0126953125,80.01708984375
0.3941650390625,-0.143798828125,1.2252197265625,-169.98291015625,203.9794921875,81.9091796875
0.290771484375,-0.13671875,2.2078857421875,-117.49267578125,266.66259765625,85.87646484375
0.19189453125,-0.244873046875,2.281494140625,-45.10498046875,278.99169921875,93.017578125
0.4527587890625,-0.158447265625,1.614501953125,17.63916015625,289.24560546875,99.7314453125
0.930419921875,-0.73974609375,1.869384765625,86.12060546875,294.677734375,106.50634765625
1.7613525390625,-1.16455078125,2.1827392578125,127.62451171875,294.98291015625,111.63330078125
2.2271728515625,-1.1881103515625,1.531494140625,144.4091796875,316.34521484375,111.02294921875
2.757080078125,-1.21337890625,1.0889892578125,143.310546875,337.5244140625,105.16357421875
3.2840576171875,-1.4154052734375,0.818359375,129.2724609375,367.5537109375,98.9990234375
3.151123046875,-2.003662109375,0.6094970703125,102.5390625,390.19775390625,94.29931640625
1.726806640625,-2.2537841796875,0.552978515625,74.40185546875,389.22119140625,94.17724609375
1.8897705078125,-2.0721435546875,0.578125,51.69677734375,391.9677734375,93.93310546875
2.463134765625,-1.6259765625,0.6412353515625,40.283203125,397.88818359375,92.28515625
1.808349609375,-0.928466796875,0.7181396484375,41.44287109375,394.22607421875,89.2333984375
1.0482177734375,-0.3712158203125,0.6834716796875,40.6494140625,389.46533203125,87.46337890625
0.524169921875,-0.0191650390625,0.6226806640625,33.26416015625,387.39013671875,94.78759765625
0.164794921875,0.14794921875,0.56396484375,19.4091796875,385.25390625,103.94287109375
0.027099609375,0.1380615234375,0.451171875,3.60107421875,385.68115234375,113.1591796875
0.05322265625,0.0555419921875,0.3958740234375,-10.68115234375,393.37158203125,119.62890625
0.2498779296875,-0.0369873046875,0.4500732421875,-19.22607421875,396.17919921875,103.33251953125
0.513427734375,-0.1126708984375,0.54443359375,-23.74267578125,395.1416015625,91.85791015625
0.74853515625,-0.1458740234375,0.69580078125,-24.47509765625,384.46044921875,84.53369140625
0.830322265625,-0.0831298828125,0.877685546875,-20.93505859375,351.9287109375,80.62744140625
0.7396240234375,0.04052734375,1.0526123046875,-14.16015625,330.01708984375,63.90380859375
0.611083984375,0.1158447265625,1.38427734375,-7.75146484375,298.76708984375,24.59716796875
0.536865234375,0.1270751953125,1.5294189453125,10.8642578125,268.6767578125,15.68603515625
0.5423583984375,0.062255859375,1.6077880859375,6.65283203125,230.95703125,41.3818359375
0.6199951171875,-0.04931640625,1.6390380859375,-5.7373046875,167.724609375,47.18017578125
0.76611328125,-0.127197265625,1.60302734375,-29.11376953125,104.79736328125,-38.14697265625
0.9676513671875,-0.222900390625,1.4013671875,-51.08642578125,46.0205078125,-33.26416015625
1.16748046875,-0.3026123046875,0.9913330078125,-37.2314453125,-6.591796875,-32.53173828125
1.34326171875,-0.3353271484375,0.3638916015625,-73.66943359375,-135.68115234375,-28.86962890625
1.702880859375,-0.3671875,-0.4295654296875,-145.08056640625,-85.63232421875,23.92578125
1.9190673828125,-0.3504638671875,-1.3468017578125,-149.23095703125,-70.86181640625,8.7890625
2.09228515625,-0.197998046875,-2.1343994140625,116.88232421875,-177.06298828125,-32.40966796875
2.223876953125,0.0631103515625,-2.4183349609375,126.40380859375,-218.505859375,-37.353515625
2.734619140625,0.13525390625,-2.194091796875,85.9375,-266.7236328125,-33.203125
2.9246826171875,-0.458251953125,0.444580078125,91.85791015625,-253.41796875,-35.21728515625
2.97705078125,-0.15966796875,1.65087890625,54.6875,-175.537109375,-22.705078125
2.9765625,1.435302734375,1.8382568359375,37.109375,-144.8974609375,-17.9443359375
2.9578857421875,1.72314453125,1.0152587890625,17.15087890625,-77.20947265625,-14.83154296875
2.9759521484375,0.4659423828125,0.493896484375,56.09130859375,-52.18505859375,-11.29150390625
2.892822265625,0.5291748046875,1.3193359375,53.466796875,-36.0107421875,-8.60595703125
2.78759765625,0.393310546875,1.79833984375,47.9736328125,-27.40478515625,-0.79345703125
2.8380126953125,-0.4219970703125,1.3323974609375,33.26416015625,-19.71435546875,3.23486328125
1.148681640625,-0.5098876953125,1.2728271484375,26.30615234375,-20.01953125,3.23486328125
0.4864501953125,0.6627197265625,1.124755859375,18.37158203125,-22.8271484375,3.173828125
0.039794921875,0.8704833984375,0.96044921875,12.02392578125,-25.32958984375,4.21142578125
-0.6282958984375,0.9954833984375,0.983154296875,10.31494140625,-26.67236328125,3.90625
0.4598388671875,-0.7525634765625,0.9443359375,-0.18310546875,-28.01513671875,1.0986328125
1.2822265625,0.2896728515625,0.9378662109375,-7.8125,-28.13720703125,-2.685546875
2.2005615234375,0.4697265625,0.953125,-7.50732421875,-26.42822265625,-5.9814453125
2.03759765625,-0.0565185546875,0.8939208984375,-6.16455078125,-25.20751953125,-6.4697265625
1.832275390625,-0.1585693359375,0.8856201171875,-5.43212890625,-25.146484375,-5.126953125
1.532958984375,0.061279296875,0.8819580078125,-5.859375,-24.84130859375,-4.94384765625
0.7427978515625,-0.05224609375,0.8765869140625,-5.18798828125,-27.83203125,-2.86865234375
0.6414794921875,-0.1092529296875,0.8577880859375,-2.62451171875,-30.70068359375,0.67138671875
0.6640625,-0.029296875,0.84326171875,-0.54931640625,-31.79931640625,4.21142578125
0.6270751953125,-0.104736328125,0.83837890625,-0.06103515625,-32.1044921875,-0.06103515625
0.6441650390625,-0.121826171875,0.829833984375,-1.89208984375,-35.0341796875,-1.953125
0.607666015625,-0.1202392578125,0.8424072265625,-4.94384765625,-34.423828125,-3.60107421875
0.5230712890625,-0.13134765625,0.8604736328125,-9.3994140625,-34.423828125,-3.96728515625
0.5296630859375,-0.1824951171875,0.8583984375,-8.4228515625,-35.58349609375,-4.7607421875
0.5465087890625,-0.25439453125,0.8480224609375,-14.34326171875,-36.1328125,-5.79833984375
0.5543212890625,-0.2769775390625,0.8349609375,-18.310546875,-37.7197265625,-6.103515625
0.5213623046875,-0.222900390625,0.8199462890625,-18.12744140625,-38.63525390625,-6.9580078125
0.5118408203125,-0.1063232421875,0.806884765625,-17.15087890625,-41.19873046875,-7.50732421875
0.519775390625,-0.05322265625,0.8028564453125,-15.07568359375,-46.08154296875,-7.26318359375
0.5233154296875,-0.033935546875,0.769287109375,-14.7705078125,-53.40576171875,-6.40869140625
0.553955078125,-0.0673828125,0.760009765625,-11.90185546875,-60.6689453125,-4.8828125
0.5843505859375,-0.049072265625,0.757568359375,-9.033203125,-69.091796875,-4.69970703125
0.6064453125,-0.0595703125,0.7554931640625,-5.615234375,-78.125,-4.69970703125
0.5533447265625,-0.1578369140625,0.7864990234375,-4.08935546875,-88.9892578125,-2.01416015625
0.5665283203125,-0.179931640625,0.8193359375,-2.38037109375,-102.72216796875,2.197265625
0.613037109375,-0.180908203125,0.833251953125,0.06103515625,-117.73681640625,6.40869140625
0.57177734375,-0.1580810546875,0.8375244140625,0.18310546875,-134.82666015625,10.19287109375
0.6011962890625,-0.1397705078125,0.8341064453125,-0.67138671875,-152.9541015625,13.0615234375
0.607666015625,-0.1297607421875,0.847900390625,-2.3193359375,-170.5322265625,15.380859375
0.5970458984375,-0.118408203125,0.878173828125,-3.60107421875,-188.720703125,9.21630859375
0.6051025390625,-0.1453857421875,0.8970947265625,-4.21142578125,-210.51025390625,-0.8544921875
0.596923828125,-0.13818359375,0.917236328125,-4.7607421875,-236.9384765625,-13.24462890625
0.5860595703125,-0.1361083984375,0.9227294921875,-8.23974609375,-266.17431640625,-26.85546875
0.5626220703125,-0.1240234375,0.921630859375,-17.76123046875,-302.42919921875,-17.4560546875
0.55419921875,-0.1182861328125,0.9459228515625,-28.3203125,-357.11669921875,-28.076171875
0.5631103515625,-0.131103515625,0.9666748046875,-31.005859375,-421.38671875,-54.74853515625
0.563720703125,-0.0826416015625,0.941650390625,-30.57861328125,-458.49609375,-69.7021484375
0.5570068359375,0.0001220703125,0.9422607421875,-36.31591796875,-504.69970703125,-104.736328125
0.5390625,0.0301513671875,0.96630859375,-48.2177734375,-543.02978515625,-109.06982421875
0.5380859375,0.0145263671875,1.0233154296875,-62.6220703125,-536.62109375,-120.60546875
0.5755615234375,0.0,1.0830078125,-108.09326171875,-519.95849609375,-110.7177734375
0.603271484375,-0.0789794921875,1.1142578125,-124.57275390625,-476.5625,-107.2998046875
0.5892333984375,-0.1724853515625,1.336181640625,-155.3955078125,-321.77734375,-64.0869140625
0.5577392578125,-0.2454833984375,1.2764892578125,-185.05859375,-241.8212890625,-15.93017578125
0.52880859375,-0.3109130859375,0.95263671875,-214.84375,-137.20703125,-5.37109375
0.4542236328125,-0.295166015625,0.87744140625,-230.77392578125,-6.77490234375,-12.0849609375
0.3336181640625,-0.2724609375,0.934326171875,-222.47314453125,101.74560546875,-15.9912109375
0.20556640625,-0.2520751953125,1.1865234375,-227.47802734375,206.787109375,-18.4326171875
0.1751708984375,-0.40869140625,1.96533203125,-153.9306640625,267.39501953125,-12.5732421875
0.72265625,-0.4818115234375,1.8616943359375,-89.2333984375,286.865234375,3.41796875
1.2880859375,-0.6077880859375,1.548095703125,9.6435546875,305.48095703125,23.01025390625
1.4395751953125,-0.96630859375,1.978759765625,83.92333984375,312.1337890625,41.1376953125
1.8321533203125,-0.83740234375,2.139404296875,112.060546875,311.21826171875,59.14306640625
2.3427734375,-0.873046875,1.442626953125,119.20166015625,312.01171875,75.62255859375
2.73388671875,-0.4844970703125,1.0115966796875,105.52978515625,323.79150390625,86.7919921875
3.230712890625,-1.0380859375,0.6927490234375,78.9794921875,328.125,97.5341796875
2.148681640625,-2.10009765625,0.4683837890625,49.74365234375,337.40234375,107.97119140625
1.4534912109375,-2.3668212890625,0.400634765625,24.71923828125,343.017578125,118.10302734375
2.3565673828125,-2.226806640625,0.4080810546875,10.31494140625,350.9521484375,125.48828125
2.8974609375,-1.533935546875,0.42578125,6.4697265625,364.19677734375,130.18798828125
1.803955078125,-0.740966796875,0.4725341796875,15.07568359375,374.08447265625,131.77490234375
1.1519775390625,-0.2230224609375,0.506591796875,24.4140625,380.2490234375,130.9814453125
0.5615234375,0.0697021484375,0.5133056640625,28.13720703125,382.87353515625,127.5634765625
0.148681640625,0.144287109375,0.5499267578125,23.01025390625,381.65283203125,126.708984375
-0.0408935546875,0.01708984375,0.5555419921875,14.892578125,378.90625,129.8828125
-0.0489501953125,-0.205322265625,0.530517578125,4.45556640625,379.2724609375,135.6201171875
0.030517578125,-0.393310546875,0.551513671875,-5.37109375,383.23974609375,143.310546875
0.146240234375,-0.5064697265625,0.5830078125,-12.14599609375,388.73291015625,145.44677734375
0.2747802734375,-0.5296630859375,0.61572265625,-11.16943359375,393.12744140625,144.22607421875
0.3699951171875,-0.45556640625,0.7254638671875,-5.9814453125,393.9208984375,129.82177734375
0.4241943359375,-0.3170166015625,0.906982421875,-7.568359375,387.26806640625,104.3701171875
0.4935302734375,-0.1798095703125,1.0946044921875,-12.87841796875,378.60107421875,71.22802734375
0.612548828125,-0.097900390625,1.264892578125,-19.10400390625,361.4501953125,35.2783203125
0.6788330078125,-0.06591796875,1.42724609375,-11.90185546875,332.275390625,9.70458984375
0.7196044921875,-0.0947265625,1.5458984375,-4.7607421875,285.888671875,55.72509765625
0.76953125,-0.185546875,1.6015625,10.3759765625,230.40771484375,67.2607421875
0.8095703125,-0.2640380859375,1.5904541015625,24.7802734375,178.03955078125,41.56494140625
0.926513671875,-0.237060546875,1.52783203125,22.27783203125,60.36376953125,-12.87841796875
1.125732421875,-0.1593017578125,1.3797607421875,-5.06591796875,11.53564453125,-41.68701171875
1.3656005859375,-0.110107421875,0.9510498046875,-62.744140625,-47.607421875,-41.93115234375
1.623779296875,-0.10791015625,0.2041015625,-150.81787109375,-120.17822265625,-27.34375
1.8756103515625,-0.1845703125,-0.6773681640625,-196.59423828125,-132.9345703125,-62.19482421875
2.12109375,-0.3486328125,-1.556884765625,-90.33203125,-84.41162109375,-29.296875
2.3592529296875,-0.5621337890625,-2.2587890625,42.90771484375,-91.97998046875,3.0517578125
2.614501953125,-0.70361328125,-2.2275390625,115.29541015625,-148.4375,-29.60205078125
2.9254150390625,-0.657470703125,-1.5977783203125,129.69970703125,-192.87109375,-63.53759765625
3.238037109375,-0.1566162109375,-1.1121826171875,102.23388671875,-226.07421875,-30.517578125
3.3055419921875,0.9605712890625,0.10107421875,140.07568359375,-249.51171875,-39.00146484375
3.0992431640625,1.7857666015625,1.4757080078125,121.9482421875,-220.15380859375,-35.94970703125
3.0853271484375,-0.1505126953125,1.5977783203125,68.115234375,-178.40576171875,-32.40966796875
3.21533203125,-1.283203125,0.9305419921875,36.9873046875,-120.91064453125,-31.06689453125
3.035400390625,-0.9346923828125,0.48291015625,20.08056640625,-82.763671875,-26.42822265625
3.0523681640625,0.04443359375,0.7525634765625,65.4296875,-56.884765625,-22.94921875
2.889404296875,0.2109375,1.4952392578125,68.42041015625,-41.1376953125,-19.83642578125
2.556640625,-0.5384521484375,1.6820068359375,50.9033203125,-31.1279296875,-15.19775390625
1.3363037109375,-0.21142578125,1.2525634765625,41.50390625,-25.81787109375,-8.23974609375
0.2347412109375,1.10986328125,1.3350830078125,43.45703125,-24.5361328125,-4.150390625
-0.22119140625,1.4832763671875,1.0137939453125,33.02001953125,-21.17919921875,-0.54931640625
-0.51025390625,1.4776611328125,0.939453125,27.28271484375,-19.47021484375,3.35693359375
0.0517578125,-0.9254150390625,0.983642578125,25.2685546875,-18.6767578125,7.4462890625
0.721435546875,-0.4610595703125,0.9234619140625,19.71435546875,-21.78955078125,6.34765625
1.6651611328125,0.3538818359375,0.946044921875,11.23046875,-27.099609375,4.5166015625
2.2572021484375,0.2781982421875,0.9385986328125,5.92041015625,-31.67724609375,3.0517578125
1.7841796875,-0.205322265625,0.8931884765625,1.52587890625,-30.517578125,2.9296875
1.9603271484375,-0.0885009765625,0.870849609375,-1.64794921875,-27.2216796875,2.8076171875
1.1224365234375,0.0638427734375,0.873779296875,-10.31494140625,-26.79443359375,2.62451171875
0.6116943359375,-0.0833740234375,0.8817138671875,-13.48876953125,-27.34375,3.5400390625
0.71923828125,-0.0650634765625,0.8919677734375,-14.6484375,-28.4423828125,5.43212890625
0.6217041015625,0.045654296875,0.8665771484375,-13.5498046875,-31.494140625,5.859375
0.6153564453125,0.041259765625,0.8433837890625,-12.8173828125,-32.89794921875,4.638671875
0.6461181640625,-0.0152587890625,0.8275146484375,-12.6953125,-33.935546875,3.96728515625
0.62744140625,-0.0367431640625,0.8367919921875,-14.892578125,-33.87451171875,2.685546875
0.5936279296875,-0.02587890625,0.8370361328125,-13.5498046875,-32.71484375,1.220703125
0.58447265625,-0.119873046875,0.8416748046875,-15.80810546875,-32.71484375,-1.0986328125
0.5528564453125,-0.1763916015625,0.8448486328125,-18.310546875,-32.40966796875,-4.0283203125
0.532470703125,-0.187255859375,0.817626953125,-20.8740234375,-31.92138671875,-7.26318359375
0.5401611328125,-0.1439208984375,0.8021240234375,-22.705078125,-31.31103515625,-7.4462890625
0.5667724609375,-0.0970458984375,0.7933349609375,-22.0947265625,-30.6396484375,-7.38525390625
0.5831298828125,-0.078125,0.783447265625,-19.71435546875,-31.18896484375,-6.591796875
0.5701904296875,-0.10009765625,0.7882080078125,-18.6767578125,-32.77587890625,-4.150390625
0.58984375,-0.0789794921875,0.77490234375,-17.2119140625,-36.4990234375,-1.40380859375
0.57763671875,-0.09033203125,0.7479248046875,-13.0615234375,-40.58837890625,0.30517578125
0.5594482421875,-0.1419677734375,0.744873046875,-10.19287109375,-46.44775390625,0.244140625
0.5772705078125,-0.1337890625,0.7464599609375,-7.32421875,-53.955078125,-5.06591796875
0.58642578125,-0.14013671875,0.745361328125,-4.69970703125,-63.1103515625,-2.62451171875
0.6046142578125,-0.1666259765625,0.7635498046875,-2.5634765625,-75.8056640625,2.74658203125
0.6044921875,-0.181884765625,0.7789306640625,-1.8310546875,-90.51513671875,7.6904296875
0.59619140625,-0.1959228515625,0.7823486328125,-1.220703125,-125.91552734375,9.33837890625
0.620361328125,-0.2125244140625,0.8018798828125,-2.01416015625,-144.10400390625,8.36181640625
0.6240234375,-0.1776123046875,0.8238525390625,-1.5869140625,-160.09521484375,8.30078125
0.5931396484375,-0.1483154296875,0.86474609375,0.3662109375,-177.42919921875,5.126953125
0.59912109375,-0.1400146484375,0.9022216796875,-2.62451171875,-197.08251953125,-4.8828125
0.6177978515625,-0.1153564453125,0.9071044921875,-7.87353515625,-220.03173828125,-21.728515625
0.6123046875,-0.07958984375,0.919189453125,-10.8642578125,-249.81689453125,-39.73388671875
0.6007080078125,-0.08251953125,0.9085693359375,-13.24462890625,-286.19384765625,-34.66796875
0.598876953125,-0.126953125,0.9249267578125,-18.6767578125,-337.82958984375,-41.56494140625
0.59765625,-0.1763916015625,0.963134765625,-23.25439453125,-401.3671875,-62.1337890625
0.5850830078125,-0.2071533203125,1.001953125,-25.87890625,-453.06396484375,-80.4443359375
0.5543212890625,-0.0404052734375,1.0281982421875,-31.1279296875,-489.44091796875,-95.27587890625
0.5250244140625,-0.0069580078125,1.0439453125,-47.8515625,-535.82763671875,-93.994140625
0.5211181640625,-0.038818359375,1.0732421875,-53.8330078125,-534.97314453125,-87.890625
0.5511474609375,-0.11181640625,1.1148681640625,-100.40283203125,-510.31494140625,-125.244140625
0.5703125,-0.1534423828125,1.154052734375,-131.65283203125,-468.32275390625,-108.58154296875
0.573486328125,-0.172119140625,1.305908203125,-159.72900390625,-388.36669921875,-118.896484375
0.5572509765625,-0.2489013671875,1.2886962890625,-213.623046875,-329.345703125,-86.181640625
0.5421142578125,-0.3375244140625,1.0157470703125,-254.45556640625,-234.92431640625,-47.36328125
0.4901123046875,-0.282470703125,0.83203125,-283.99658203125,-122.55859375,-17.51708984375
0.3697509765625,-0.2271728515625,0.857177734375,-253.35693359375,-11.23046875,-10.009765625
0.2430419921875,-0.2635498046875,1.1004638671875,-254.638671875,115.6005859375,0.67138671875
0.1910400390625,-0.2816162109375,1.474365234375,-229.06494140625,259.765625,11.962890625
0.4403076171875,-0.47119140625,1.854248046875,-149.90234375,282.16552734375,43.27392578125
1.0294189453125,-0.580810546875,2.0660400390625,-76.7822265625,290.58837890625,58.59375
1.4798583984375,-0.6466064453125,1.6807861328125,73.8525390625,285.46142578125,74.0966796875
1.790283203125,-0.805908203125,1.90869140625,110.4736328125,280.3955078125,84.228515625
2.247314453125,-0.857421875,2.2000732421875,124.20654296875,298.828125,88.37890625
2.7420654296875,-0.814208984375,1.056396484375,125.42724609375,316.95556640625,90.087890625
3.259521484375,-0.6776123046875,0.7313232421875,98.08349609375,341.1865234375,93.68896484375
2.92578125,-1.2940673828125,0.5384521484375,80.50537109375,356.14013671875,98.0224609375
2.2265625,-2.1485595703125,0.488037109375,65.5517578125,359.19189453125,101.98974609375
1.776123046875,-2.2591552734375,0.583251953125,58.53271484375,372.98583984375,101.74560546875
2.1806640625,-1.36572265625,0.683349609375,57.18994140625,379.69970703125,100.830078125
2.504638671875,-0.774658203125,0.70361328125,57.80029296875,384.3994140625,103.69873046875
1.772216796875,-0.337158203125,0.6697998046875,46.5087890625,387.451171875,111.6943359375
0.369384765625,-0.1046142578125,0.63916015625,32.8369140625,389.892578125,120.78857421875
-0.06982421875,-0.083984375,0.531982421875,18.24951171875,396.3623046875,131.04248046875
-0.277587890625,-0.1907958984375,0.479736328125,10.3759765625,400.81787109375,138.427734375
-0.2840576171875,-0.27978515625,0.5218505859375,4.638671875,401.4892578125,138.97705078125
0.200439453125,-0.3345947265625,0.5672607421875,2.685546875,396.484375,132.6904296875
0.508056640625,-0.3355712890625,0.6759033203125,0.0,387.3291015625,117.919921875
0.6798095703125,-0.228759765625,0.8333740234375,-2.13623046875,375.1220703125,98.08349609375
0.6884765625,-0.0960693359375,1.1212158203125,-4.45556640625,363.22021484375,75.37841796875
0.600341796875,-0.062255859375,1.250244140625,-8.056640625,349.91455078125,48.2177734375
0.58056640625,-0.134033203125,1.373046875,-13.36669921875,323.18115234375,28.50341796875
0.62890625,-0.2476806640625,1.49658203125,-19.8974609375,282.53173828125,28.62548828125
0.7015380859375,-0.328857421875,1.586669921875,-23.62060546875,239.8681640625,33.87451171875
0.82373046875,-0.4083251953125,1.6156005859375,-27.77099609375,192.5048828125,-29.296875
0.994384765625,-0.390869140625,1.566162109375,-41.9921875,144.34814453125,-44.7998046875
1.18310546875,-0.413330078125,1.3621826171875,-70.6787109375,18.61572265625,-38.14697265625
1.5467529296875,-0.4114990234375,0.9149169921875,-115.1123046875,-84.65576171875,-30.70068359375
1.6983642578125,-0.37841796875,0.270751953125,-169.37255859375,-116.5771484375,-23.5595703125
1.81884765625,-0.3394775390625,-0.459228515625,-149.90234375,-133.72802734375,-12.75634765625
1.950439453125,-0.3531494140625,-1.16552734375,16.41845703125,-146.484375,-26.91650390625
2.1400146484375,-0.443603515625,-1.669189453125,63.720703125,-206.4208984375,-79.04052734375
2.418701171875,-0.440185546875,-1.81005859375,112.4267578125,-262.451171875,-47.42431640625
2.7607421875,-0.261962890625,-1.1932373046875,116.3330078125,-267.08984375,-54.931640625
2.9444580078125,0.14892578125,-0.45947265625,117.0654296875,-238.28125,-47.54638671875
2.8072509765625,0.8218994140625,0.57421875,77.5146484375,-145.99609375,-47.607421875
2.74951171875,1.1995849609375,1.144775390625,39.0625,-92.83447265625,-42.78564453125
2.8369140625,0.02392578125,0.70068359375,12.51220703125,-52.24609375,-36.4990234375
2.8172607421875,-0.5828857421875,0.72265625,101.50146484375,-36.80419921875,-29.78515625
2.7850341796875,-0.100341796875,1.4407958984375,74.70703125,-23.8037109375,-21.484375
2.9615478515625,-0.0791015625,1.7479248046875,52.8564453125,-11.04736328125,-13.85498046875
2.6690673828125,-0.36328125,1.355224609375,59.5703125,-5.859375,-9.33837890625
1.4371337890625,0.6151123046875,1.11669921875,53.89404296875,-5.06591796875,-6.8359375
0.5179443359375,1.3909912109375,0.9278564453125,46.7529296875,-5.67626953125,-4.21142578125
-0.0322265625,1.4134521484375,0.9349365234375,39.00146484375,-9.27734375,-2.01416015625
-0.2569580078125,-0.55322265625,0.912353515625,29.4189453125,-15.19775390625,-0.06103515625
0.4385986328125,0.4119873046875,0.9136962890625,20.01953125,-20.69091796875,0.732421875
1.695556640625,0.847412109375,0.90380859375,12.75634765625,-22.4609375,-1.953125
2.3067626953125,-0.1480712890625,0.8870849609375,9.521484375,-22.52197265625,-1.89208984375
1.986328125,-0.405517578125,0.89013671875,6.7138671875,-22.216796875,-2.50244140625
1.4295654296875,0.0076904296875,0.8916015625,3.90625,-16.9677734375,-0.732421875
0.65673828125,0.039794921875,0.8944091796875,1.28173828125,-23.49853515625,0.244140625
0.6104736328125,0.0311279296875,0.888916015625,-2.50244140625,-26.4892578125,0.48828125
0.7296142578125,0.096923828125,0.87646484375,-6.04248046875,-28.076171875,1.0986328125
0.76513671875,0.0791015625,0.8699951171875,-2.3193359375,-27.89306640625,1.3427734375
0.7161865234375,-0.0081787109375,0.862060546875,1.03759765625,-27.52685546875,-0.9765625
0.630615234375,-0.0333251953125,0.841064453125,-0.244140625,-30.029296875,-4.57763671875
0.6068115234375,0.00439453125,0.8624267578125,-3.41796875,-30.94482421875,-6.28662109375
0.5654296875,0.0006103515625,0.8634033203125,-7.32421875,-31.1279296875,-7.14111328125
0.542724609375,-0.0299072265625,0.845947265625,-9.21630859375,-34.36279296875,-7.38525390625
0.5494384765625,-0.111328125,0.8338623046875,-13.73291015625,-33.0810546875,-7.01904296875
0.5584716796875,-0.11865234375,0.830810546875,-14.95361328125,-35.70556640625,-4.94384765625
0.5482177734375,-0.0546875,0.8114013671875,-13.00048828125,-39.85595703125,-2.9296875
0.5311279296875,-0.03076171875,0.7991943359375,-11.3525390625,-46.38671875,-2.01416015625
0.5587158203125,-0.0106201171875,0.8046875,-7.8125,-52.978515625,-1.64794921875
0.5594482421875,-0.04248046875,0.741455078125,-6.103515625,-59.814453125,-0.48828125
0.551513671875,-0.075439453125,0.736328125,-3.90625,-68.7255859375,1.0986328125
0.562255859375,-0.0546875,0.8001708984375,-2.50244140625,-78.91845703125,3.35693359375
0.565185546875,-0.07763671875,0.8343505859375,-1.0986328125,-91.064453125,6.8359375
0.53662109375,-0.0904541015625,0.8453369140625,-0.8544921875,-105.04150390625,9.27734375
0.5687255859375,-0.1085205078125,0.83837890625,-1.03759765625,-119.68994140625,8.48388671875
0.590087890625,-0.1241455078125,0.84912109375,-1.46484375,-133.60595703125,5.615234375
0.5589599609375,-0.0997314453125,0.867431640625,-1.64794921875,-145.6298828125,1.89208984375
0.61279296875,-0.0765380859375,0.87744140625,-1.64794921875,-158.02001953125,-0.54931640625
0.583740234375,-0.042236328125,0.894287109375,-4.08935546875,-172.42431640625,-7.87353515625
0.5831298828125,-0.0318603515625,0.9063720703125,-8.48388671875,-188.720703125,-22.52197265625
0.56884765625,-0.054931640625,0.91552734375,-11.16943359375,-211.181640625,-36.43798828125
0.5703125,-0.077392578125,0.9140625,-12.8173828125,-239.31884765625,-50.537109375
0.5950927734375,-0.0736083984375,0.900146484375,-16.6015625,-274.2919921875,-47.36328125
0.578857421875,-0.04345703125,0.8951416015625,-23.74267578125,-327.2705078125,-58.16650390625
0.552490234375,-0.003173828125,0.9039306640625,-26.7333984375,-380.7373046875,-38.75732421875
0.5621337890625,0.02734375,0.9171142578125,-24.169921875,-429.13818359375,-66.2841796875
0.5712890625,0.0264892578125,0.9312744140625,-22.88818359375,-488.8916015625,-80.6884765625
0.590576171875,-0.020751953125,0.963134765625,-26.7333984375,-484.43603515625,-109.130859375
0.60546875,-0.1004638671875,1.0264892578125,-41.44287109375,-458.06884765625,-138.85498046875
0.603515625,-0.144775390625,1.0947265625,-102.05078125,-425.537109375,-137.451171875
0.5992431640625,-0.1204833984375,1.098876953125,-155.33447265625,-385.07080078125,-123.59619140625
0.5982666015625,-0.1552734375,1.135986328125,-188.53759765625,-344.66552734375,-88.07373046875
0.59521484375,-0.2879638671875,0.984619140625,-210.0830078125,-273.37646484375,-25.146484375
0.5628662109375,-0.3359375,0.873046875,-229.1259765625,-172.30224609375,10.68115234375
0.501220703125,-0.2327880859375,0.9376220703125,-192.32177734375,-80.87158203125,28.50341796875
0.40478515625,-0.140380859375,1.1387939453125,-170.22705078125,35.0341796875,50.23193359375
0.31005859375,-0.1988525390625,1.5435791015625,-174.31640625,146.17919921875,57.80029296875
0.3226318359375,0.0096435546875,1.8975830078125,-119.0185546875,209.5947265625,65.00244140625
0.6085205078125,-0.2259521484375,1.9361572265625,-82.82470703125,262.14599609375,70.61767578125
1.199462890625,-0.8052978515625,1.525390625,-24.2919921875,259.6435546875,77.2705078125
1.59521484375,-0.9384765625,1.6171875,32.16552734375,259.765625,84.65576171875
2.0384521484375,-0.9322509765625,1.95947265625,100.7080078125,271.42333984375,87.09716796875
2.5458984375,-0.935546875,1.592529296875,102.11181640625,288.14697265625,88.7451171875
2.84521484375,-0.651611328125,1.1151123046875,96.5576171875,305.6640625,86.73095703125
2.6905517578125,-0.823974609375,0.46044921875,87.09716796875,324.951171875,86.5478515625
2.02197265625,-1.3458251953125,0.4755859375,74.64599609375,335.5712890625,86.9140625
1.403564453125,-1.660400390625,0.515625,61.1572265625,340.51513671875,87.95166015625
1.8592529296875,-1.7091064453125,0.57958984375,51.8798828125,353.271484375,87.158203125
2.4124755859375,-1.4185791015625,0.6201171875,43.5791015625,363.09814453125,74.8291015625
1.9031982421875,-0.2882080078125,0.6044921875,40.83251953125,372.6806640625,68.4814453125
1.299560546875,-0.1396484375,0.59228515625,30.09033203125,378.2958984375,66.83349609375
0.681884765625,-0.118408203125,0.610595703125,18.85986328125,374.69482421875,70.00732421875
-0.1494140625,-0.138427734375,0.5897216796875,5.55419921875,368.7744140625,77.7587890625
-0.05908203125,-0.1279296875,0.6094970703125,-8.97216796875,363.58642578125,87.0361328125
0.1173095703125,-0.1334228515625,0.6650390625,-27.28271484375,357.2998046875,100.40283203125
0.3216552734375,-0.13720703125,0.6773681640625,-32.3486328125,351.07421875,110.29052734375
0.48095703125,-0.1348876953125,0.7288818359375,-34.72900390625,346.49658203125,110.29052734375
0.535888671875,-0.0904541015625,0.9293212890625,-38.02490234375,345.15380859375,102.05078125
0.532470703125,-0.0108642578125,1.0814208984375,-39.61181640625,344.54345703125,90.33203125
0.53515625,0.03662109375,1.251220703125,-33.5693359375,332.03125,83.1298828125
0.5667724609375,0.0738525390625,1.4453125,-25.2685546875,302.30712890625,84.47265625
0.6669921875,0.0806884765625,1.6307373046875,-16.66259765625,251.220703125,97.35107421875
0.80322265625,-0.0343017578125,1.7642822265625,-4.5166015625,191.58935546875,99.609375
0.8865966796875,-0.0828857421875,1.7828369140625,1.28173828125,142.822265625,79.1015625
0.947509765625,-0.128662109375,1.593505859375,-0.79345703125,97.35107421875,31.73828125
1.177001953125,-0.1925048828125,1.1444091796875,-21.17919921875,29.6630859375,-24.96337890625
1.350341796875,-0.2652587890625,0.50390625,-67.2607421875,-29.11376953125,-54.62646484375
1.545166015625,-0.33935546875,-0.2188720703125,-116.63818359375,-83.1298828125,-48.64501953125
1.7867431640625,-0.393310546875,-0.955322265625,-123.046875,-142.76123046875,-24.59716796875
2.0955810546875,-0.4840087890625,-1.631591796875,-84.47265625,-172.7294921875,-21.6064453125
2.4365234375,-0.6309814453125,-2.1148681640625,-10.6201171875,-154.6630859375,-17.578125
2.84765625,-0.716796875,-2.3284912109375,70.1904296875,-84.8388671875,6.7138671875
3.2037353515625,-0.504638671875,-2.2108154296875,82.8857421875,-76.5380859375,43.27392578125
3.2843017578125,0.252685546875,-1.6546630859375,77.0263671875,-148.62060546875,36.43798828125
3.10546875,1.1312255859375,-0.9605712890625,102.23388671875,-199.03564453125,-7.8125
2.7767333984375,1.390380859375,-0.2808837890625,70.3125,-207.8857421875,-11.41357421875
2.5543212890625,0.9287109375,0.9854736328125,52.91748046875,-206.787109375,-12.3291015625
2.693603515625,0.1253662109375,2.42138671875,46.20361328125,-190.36865234375,-15.869140625
2.9163818359375,-0.3773193359375,2.3433837890625,28.3203125,-106.689453125,-13.3056640625
2.97119140625,-0.0888671875,0.9583740234375,21.66748046875,-79.58984375,-8.60595703125
2.7601318359375,0.644775390625,0.2510986328125,39.9169921875,-44.61669921875,-9.27734375
2.30419921875,0.4420166015625,0.8336181640625,53.1005859375,-28.01513671875,-7.62939453125
2.0606689453125,-0.48095703125,1.5966796875,45.654296875,-26.123046875,-4.638671875
1.8150634765625,-0.7745361328125,1.696533203125,37.29248046875,-17.333984375,4.0283203125
0.5322265625,-0.361328125,0.9747314453125,29.84619140625,-10.3759765625,8.544921875
0.16943359375,0.1484375,0.993896484375,27.2216796875,-11.04736328125,14.09912109375
0.11181640625,0.2386474609375,1.0135498046875,22.76611328125,-13.48876953125,15.68603515625
-0.6083984375,0.15625,0.9381103515625,17.27294921875,-14.70947265625,17.2119140625
-0.063720703125,0.3944091796875,0.9208984375,10.8642578125,-20.44677734375,18.24951171875
1.1395263671875,-0.2447509765625,0.88818359375,-1.953125,-23.25439453125,18.310546875
2.0716552734375,0.252197265625,0.87939453125,-8.544921875,-24.0478515625,17.822265625
2.3677978515625,0.277587890625,0.9068603515625,-16.845703125,-24.2919921875,18.98193359375
0.9449462890625,-0.04833984375,0.88916015625,-20.263671875,-22.0947265625,19.6533203125
0.88037109375,-0.17529296875,0.8822021484375,-25.45166015625,-21.05712890625,19.71435546875
0.8856201171875,-0.0843505859375,0.8948974609375,-29.1748046875,-22.0947265625,18.85986328125
0.724853515625,-0.06103515625,0.882080078125,-30.82275390625,-26.06201171875,16.66259765625
0.6583251953125,-0.0369873046875,0.8641357421875,-29.541015625,-28.25927734375,11.77978515625
0.716796875,0.0257568359375,0.8599853515625,-27.77099609375,-29.1748046875,8.97216796875
0.6890869140625,-0.0184326171875,0.8438720703125,-25.5126953125,-29.23583984375,6.16455078125
0.602294921875,-0.091796875,0.8463134765625,-26.4892578125,-29.60205078125,3.47900390625
0.5968017578125,-0.0889892578125,0.841552734375,-28.13720703125,-29.47998046875,-0.1220703125
0.58056640625,-0.1005859375,0.8182373046875,-28.076171875,-30.029296875,-3.7841796875
0.5494384765625,-0.1485595703125,0.805908203125,-26.91650390625,-30.6396484375,-7.75146484375
0.56298828125,-0.15673828125,0.7891845703125,-26.9775390625,-31.55517578125,-9.27734375
0.54638671875,-0.1593017578125,0.7750244140625,-25.69580078125,-31.18896484375,-8.6669921875
0.5467529296875,-0.1514892578125,0.769287109375,-24.169921875,-31.18896484375,-8.9111328125
0.5579833984375,-0.1553955078125,0.760009765625,-20.44677734375,-31.73828125,-10.1318359375
0.5672607421875,-0.1754150390625,0.7554931640625,-16.11328125,-35.400390625,-10.07080078125
0.5533447265625,-0.2205810546875,0.748046875,-11.04736328125,-40.34423828125,-8.85009765625
0.5513916015625,-0.255615234375,0.7357177734375,-6.77490234375,-46.9970703125,-8.544921875
0.54638671875,-0.2554931640625,0.7373046875,0.6103515625,-54.13818359375,-10.1318359375
0.5458984375,-0.2532958984375,0.7491455078125,2.99072265625,-61.95068359375,-6.9580078125
0.5443115234375,-0.2589111328125,0.74072265625,6.16455078125,-71.77734375,-1.40380859375
0.5732421875,-0.2823486328125,0.762939453125,7.6904296875,-83.80126953125,8.11767578125
0.575927734375,-0.3109130859375,0.78564453125,7.32421875,-114.013671875,7.50732421875
0.5638427734375,-0.322509765625,0.794921875,6.04248046875,-129.08935546875,1.77001953125
0.556396484375,-0.29931640625,0.8004150390625,5.92041015625,-154.11376953125,-0.67138671875
0.5740966796875,-0.2767333984375,0.830322265625,8.36181640625,-170.5322265625,-30.94482421875
0.579833984375,-0.194091796875,0.8636474609375,6.77490234375,-210.3271484375,-22.76611328125
0.585693359375,-0.2247314453125,0.8773193359375,-2.62451171875,-232.72705078125,-22.03369140625
0.603271484375,-0.2508544921875,0.892578125,-8.11767578125,-349.12109375,-42.41943359375
0.595947265625,-0.2515869140625,0.8712158203125,-13.85498046875,-395.8740234375,-61.34033203125
0.5615234375,-0.243408203125,0.860107421875,-14.46533203125,-420.10498046875,-81.0546875
0.5518798828125,-0.2501220703125,0.8856201171875,-50.1708984375,-454.89501953125,-67.0166015625
0.57763671875,-0.25146484375,0.9647216796875,-83.92333984375,-470.03173828125,-95.947265625
0.572509765625,-0.1190185546875,1.0152587890625,-124.81689453125,-459.04541015625,-105.89599609375
0.5340576171875,-0.0814208984375,0.99853515625,-163.14697265625,-372.314453125,-99.12109375
0.521240234375,-0.15576171875,0.991455078125,-188.29345703125,-319.7021484375,-111.6943359375
0.5977783203125,-0.2442626953125,0.99755859375,-216.552734375,-266.845703125,-89.9658203125
0.6260986328125,-0.24951171875,0.802978515625,-255.79833984375,-197.021484375,-58.7158203125
0.60693359375,-0.2913818359375,0.6556396484375,-274.71923828125,-104.6142578125,-42.48046875
0.5780029296875,-0.1197509765625,0.76123046875,-267.63916015625,-3.96728515625,-7.4462890625
0.5594482421875,-0.2718505859375,1.0545654296875,-259.3994140625,126.77001953125,2.86865234375
0.4822998046875,-0.4429931640625,1.2806396484375,-218.07861328125,205.322265625,13.61083984375
0.50341796875,-0.64794921875,1.4039306640625,-140.44189453125,281.6162109375,24.658203125
0.9481201171875,-0.6241455078125,1.48046875,-71.35009765625,270.1416015625,35.2783203125
1.34130859375,-0.601318359375,1.4326171875,12.0849609375,268.85986328125,44.49462890625
1.5701904296875,-0.6951904296875,1.773193359375,104.248046875,273.13232421875,54.3212890625
1.9644775390625,-0.588623046875,1.9931640625,102.23388671875,284.11865234375,63.65966796875
2.3885498046875,-0.681884765625,1.4215087890625,95.5810546875,294.7998046875,72.021484375
2.6190185546875,-0.8380126953125,0.4888916015625,85.26611328125,305.72509765625,77.7587890625
2.1102294921875,-1.2470703125,0.450439453125,73.73046875,324.27978515625,80.078125
