0.3028564453125,-0.1539306640625,0.9591064453125,-0.1220703125,-0.54931640625,0.06103515625
0.302734375,-0.1539306640625,0.958984375,-0.18310546875,-0.54931640625,0.06103515625
0.3028564453125,-0.1541748046875,0.9595947265625,-0.18310546875,-0.54931640625,0.06103515625
0.302734375,-0.1534423828125,0.960205078125,-0.18310546875,-0.54931640625,0.06103515625
0.3021240234375,-0.1529541015625,0.9598388671875,-0.18310546875,-0.6103515625,0.0
0.301513671875,-0.1539306640625,0.959228515625,-0.244140625,-0.67138671875,0.0
0.301025390625,-0.1541748046875,0.9600830078125,-0.244140625,-0.54931640625,0.0
0.3018798828125,-0.1549072265625,0.9598388671875,-0.244140625,-0.54931640625,0.0
0.303466796875,-0.1552734375,0.95947265625,-0.244140625,-0.48828125,0.0
0.30322265625,-0.1556396484375,0.9598388671875,-0.30517578125,-0.54931640625,0.0
0.302734375,-0.155029296875,0.9591064453125,-0.30517578125,-0.54931640625,0.0
0.3035888671875,-0.1552734375,0.95849609375,-0.30517578125,-0.6103515625,0.1220703125
0.304931640625,-0.15380859375,0.959228515625,-0.244140625,-0.54931640625,0.1220703125
0.30419921875,-0.154296875,0.9591064453125,-0.244140625,-0.48828125,0.06103515625
0.3040771484375,-0.153564453125,0.958740234375,-0.18310546875,-0.48828125,0.06103515625
0.3033447265625,-0.154052734375,0.9593505859375,-0.18310546875,-0.54931640625,0.06103515625
0.3026123046875,-0.154541015625,0.95947265625,-0.18310546875,-0.54931640625,0.06103515625
0.3040771484375,-0.1541748046875,0.958251953125,-0.1220703125,-0.48828125,0.06103515625
0.3028564453125,-0.15380859375,0.958984375,-0.244140625,-0.48828125,0.06103515625
0.302978515625,-0.1546630859375,0.9583740234375,-0.18310546875,-0.48828125,0.1220703125
0.3035888671875,-0.1549072265625,0.9583740234375,-0.244140625,-0.3662109375,0.18310546875
0.3033447265625,-0.154296875,0.9598388671875,-0.18310546875,-0.3662109375,0.1220703125
0.3033447265625,-0.1549072265625,0.9595947265625,-0.244140625,-0.42724609375,0.1220703125
0.3031005859375,-0.154296875,0.9586181640625,-0.244140625,-0.42724609375,0.1220703125
0.3033447265625,-0.1544189453125,0.9595947265625,-0.244140625,-0.42724609375,0.1220703125
0.303955078125,-0.1536865234375,0.9578857421875,-0.244140625,-0.42724609375,0.18310546875
0.3043212890625,-0.154052734375,0.9583740234375,-0.18310546875,-0.3662109375,0.18310546875
0.304931640625,-0.1541748046875,0.958984375,-0.18310546875,-0.30517578125,0.1220703125
0.305419921875,-0.154296875,0.9588623046875,-0.18310546875,-0.244140625,0.0
0.304443359375,-0.154052734375,0.958740234375,-0.30517578125,-1.40380859375,-0.9765625
0.3037109375,-0.154541015625,0.9588623046875,-0.244140625,-1.953125,-1.46484375
0.3037109375,-0.1539306640625,0.9588623046875,-0.18310546875,-3.11279296875,-2.01416015625
0.3037109375,-0.154052734375,0.9580078125,-0.1220703125,-2.8076171875,-2.25830078125
0.303466796875,-0.154541015625,0.9580078125,-0.1220703125,-2.13623046875,-2.13623046875
0.3033447265625,-0.1544189453125,0.9591064453125,-0.1220703125,-0.91552734375,-1.953125
0.3033447265625,-0.15380859375,0.957275390625,-0.18310546875,0.54931640625,-1.8310546875
0.30419921875,-0.154296875,0.9578857421875,-0.54931640625,1.8310546875,-1.953125
0.304443359375,-0.154541015625,0.959228515625,-0.30517578125,2.38037109375,-2.13623046875
0.3040771484375,-0.154296875,0.9586181640625,0.54931640625,2.44140625,-2.0751953125
0.3043212890625,-0.1536865234375,0.959228515625,0.3662109375,2.8076171875,-2.01416015625
0.3048095703125,-0.1556396484375,0.9608154296875,0.67138671875,3.2958984375,-1.64794921875
0.3056640625,-0.154541015625,0.9676513671875,0.9765625,3.41796875,-1.15966796875
0.30517578125,-0.1534423828125,0.9703369140625,1.15966796875,3.60107421875,-0.67138671875
0.3046875,-0.154296875,0.963134765625,0.91552734375,3.90625,-0.1220703125
0.3056640625,-0.1541748046875,0.9534912109375,0.42724609375,5.615234375,-4.21142578125
0.303955078125,-0.1573486328125,0.94970703125,-0.6103515625,7.14111328125,4.08935546875
0.3045654296875,-0.159423828125,0.9583740234375,-1.89208984375,15.0146484375,4.33349609375
0.3055419921875,-0.175048828125,0.9632568359375,-3.11279296875,16.9677734375,3.47900390625
0.3055419921875,-0.1866455078125,0.967041015625,-3.90625,16.29638671875,3.96728515625
0.3057861328125,-0.1827392578125,0.9732666015625,-4.57763671875,15.7470703125,5.0048828125
0.29833984375,-0.1702880859375,0.9788818359375,-5.18798828125,14.6484375,5.37109375
0.301513671875,-0.1553955078125,0.9815673828125,-6.40869140625,12.939453125,5.2490234375
0.31103515625,-0.145263671875,0.9736328125,-7.080078125,11.16943359375,5.37109375
0.3106689453125,-0.1422119140625,0.9635009765625,-8.7890625,9.46044921875,5.2490234375
0.3148193359375,-0.15087890625,0.964111328125,-7.2021484375,5.615234375,5.18798828125
0.328857421875,-0.1580810546875,0.96484375,-6.40869140625,3.5400390625,5.31005859375
0.332275390625,-0.14990234375,0.95947265625,-6.53076171875,1.64794921875,5.43212890625
0.3199462890625,-0.1444091796875,0.9649658203125,-7.14111328125,-0.732421875,5.43212890625
0.3074951171875,-0.1375732421875,0.98876953125,-7.87353515625,-4.08935546875,5.37109375
0.3092041015625,-0.1251220703125,0.9560546875,-8.9111328125,-6.77490234375,5.0048828125
0.3140869140625,-0.1395263671875,0.9471435546875,-9.46044921875,-9.09423828125,5.2490234375
0.3155517578125,-0.1328125,0.941650390625,-8.7890625,-8.6669921875,5.7373046875
0.30859375,-0.1661376953125,0.931396484375,-7.568359375,-8.056640625,5.9814453125
0.305419921875,-0.2528076171875,0.928466796875,-6.28662109375,-3.7841796875,6.89697265625
0.3194580078125,-0.1612548828125,0.9295654296875,-4.94384765625,0.3662109375,6.28662109375
0.31982421875,-0.12744140625,0.92333984375,-2.25830078125,1.64794921875,5.18798828125
0.339599609375,-0.146240234375,0.9010009765625,3.173828125,2.3193359375,4.21142578125
0.3460693359375,-0.1534423828125,0.8951416015625,7.99560546875,2.74658203125,3.0517578125
0.2718505859375,-0.1419677734375,0.886474609375,10.07080078125,2.0751953125,1.89208984375
0.2662353515625,-0.1429443359375,0.86767578125,8.48388671875,0.9765625,0.8544921875
0.2615966796875,-0.17578125,0.886474609375,2.8076171875,0.1220703125,-0.1220703125
0.2454833984375,-0.1768798828125,0.923095703125,-2.197265625,-0.8544921875,-1.77001953125
0.2294921875,-0.1795654296875,0.9796142578125,-4.2724609375,-1.77001953125,-2.44140625
0.2279052734375,-0.182373046875,1.0245361328125,-4.5166015625,-3.41796875,-2.9296875
0.22900390625,-0.2130126953125,1.0538330078125,-3.7841796875,-4.08935546875,-3.11279296875
0.2091064453125,-0.255615234375,1.08154296875,-3.0517578125,-4.7607421875,-3.47900390625
0.2081298828125,-0.254150390625,1.042236328125,-2.50244140625,-5.2490234375,-4.39453125
0.2113037109375,-0.21142578125,0.99072265625,-2.25830078125,-5.9814453125,-4.0283203125
0.2032470703125,-0.1802978515625,0.9755859375,-1.953125,-7.99560546875,-2.86865234375
0.21142578125,-0.1427001953125,0.9737548828125,-1.28173828125,-7.9345703125,-1.52587890625
0.236328125,-0.1412353515625,0.970947265625,0.91552734375,-7.01904296875,-0.3662109375
0.2738037109375,-0.180419921875,0.9735107421875,2.0751953125,-5.92041015625,-0.6103515625
0.300537109375,-0.1737060546875,0.9765625,3.2958984375,-5.43212890625,-0.67138671875
0.313232421875,-0.1663818359375,0.9764404296875,4.2724609375,-5.859375,-0.67138671875
0.3558349609375,-0.1683349609375,0.9713134765625,5.2490234375,-5.9814453125,-0.732421875
0.349609375,-0.155029296875,0.960693359375,7.14111328125,-7.14111328125,-2.3193359375
0.2906494140625,-0.154296875,0.9571533203125,7.75146484375,-8.11767578125,-3.173828125
0.278076171875,-0.171142578125,0.9544677734375,7.6904296875,-10.31494140625,-4.150390625
0.2738037109375,-0.1842041015625,0.9476318359375,5.92041015625,-12.02392578125,-7.2021484375
0.253662109375,-0.194091796875,0.94091796875,2.74658203125,-14.2822265625,-9.09423828125
0.2542724609375,-0.197265625,0.95068359375,1.8310546875,-21.6064453125,-11.29150390625
0.2589111328125,-0.195556640625,0.958251953125,0.67138671875,-25.7568359375,-13.12255859375
0.2537841796875,-0.1954345703125,0.9693603515625,-0.3662109375,-31.79931640625,-13.5498046875
0.2506103515625,-0.1922607421875,0.9696044921875,-1.3427734375,-37.90283203125,-12.939453125
0.2518310546875,-0.1907958984375,0.9573974609375,-1.5869140625,-45.166015625,-13.18359375
0.251708984375,-0.173095703125,0.9599609375,-0.9765625,-52.79541015625,-11.29150390625
0.2535400390625,-0.1597900390625,0.9580078125,-0.6103515625,-60.546875,-17.63916015625
0.255615234375,-0.1549072265625,0.9632568359375,-0.3662109375,-116.76025390625,-21.1181640625
0.24072265625,-0.163818359375,0.97314453125,-0.18310546875,-166.56494140625,-23.62060546875
0.263427734375,-0.1571044921875,0.9559326171875,0.54931640625,-185.36376953125,-24.658203125
0.2818603515625,-0.1539306640625,0.95703125,0.42724609375,-201.47705078125,-28.25927734375
0.30078125,-0.1558837890625,0.9566650390625,-0.79345703125,-218.68896484375,-32.89794921875
0.2943115234375,-0.15234375,0.9669189453125,-2.44140625,-238.6474609375,-31.67724609375
0.263916015625,-0.211669921875,0.9710693359375,-8.60595703125,-260.07080078125,-34.7900390625
0.276611328125,-0.1837158203125,0.978759765625,-22.705078125,-297.8515625,-40.95458984375
0.274658203125,-0.18701171875,0.9849853515625,-33.63037109375,-342.7734375,-35.70556640625
0.265869140625,-0.2060546875,0.990478515625,-37.9638671875,-380.37109375,-41.3818359375
0.282958984375,-0.22607421875,1.0125732421875,-43.15185546875,-389.7705078125,-76.904296875
0.2796630859375,-0.2279052734375,1.02880859375,-48.095703125,-384.82666015625,-137.39013671875
0.25390625,-0.197998046875,1.0771484375,-56.884765625,-392.578125,-146.42333984375
0.246826171875,-0.1663818359375,1.0579833984375,-64.208984375,-394.8974609375,-149.90234375
0.23828125,-0.070556640625,1.0186767578125,-52.6123046875,-373.71826171875,-153.3203125
0.2249755859375,-0.06005859375,1.0220947265625,-46.142578125,-338.07373046875,-145.6298828125
0.2069091796875,-0.076416015625,1.032958984375,-55.419921875,-330.9326171875,-127.9296875
0.205322265625,-0.1466064453125,1.042236328125,-85.9375,-292.6025390625,-91.85791015625
0.22216796875,-0.1278076171875,0.997802734375,-135.92529296875,-236.572265625,-34.11865234375
0.258056640625,-0.130615234375,0.9686279296875,-120.66650390625,-118.95751953125,59.5703125
0.270263671875,-0.124755859375,0.9677734375,-88.68408203125,49.4384765625,60.9130859375
0.238525390625,-0.098388671875,1.0540771484375,-77.5146484375,274.59716796875,59.75341796875
0.267822265625,-0.1839599609375,1.3258056640625,-62.8662109375,287.353515625,64.0869140625
0.2786865234375,-0.2855224609375,1.4232177734375,-65.24658203125,286.92626953125,70.1904296875
0.316162109375,-0.2451171875,1.3642578125,-83.80126953125,300.96435546875,78.55224609375
0.2911376953125,-0.154541015625,1.208740234375,-112.48779296875,317.93212890625,86.60888671875
0.3011474609375,-0.0543212890625,1.3212890625,-113.83056640625,333.984375,93.994140625
0.2635498046875,-0.479736328125,1.42236328125,-72.265625,343.44482421875,99.365234375
0.1981201171875,-1.0709228515625,1.557861328125,86.97509765625,345.15380859375,103.94287109375
0.277099609375,-0.96630859375,1.6732177734375,118.83544921875,340.63720703125,107.421875
0.6693115234375,-0.996826171875,1.5355224609375,107.0556640625,332.45849609375,112.6708984375
1.0506591796875,-0.93701171875,1.9088134765625,34.912109375,325.8056640625,115.05126953125
1.01416015625,-0.733642578125,2.27978515625,21.240234375,322.509765625,117.24853515625
1.093505859375,-0.5709228515625,1.52685546875,16.845703125,323.486328125,119.93408203125
1.54833984375,-0.414306640625,0.778564453125,19.22607421875,323.974609375,123.046875
1.7425537109375,-1.13818359375,0.5242919921875,24.0478515625,322.81494140625,125.9765625
1.526611328125,-1.6790771484375,0.6368408203125,26.06201171875,318.90869140625,128.23486328125
1.1851806640625,-1.60498046875,0.7366943359375,21.42333984375,312.744140625,94.970703125
0.9605712890625,-0.7755126953125,0.7843017578125,13.12255859375,306.396484375,76.59912109375
0.347900390625,-0.3521728515625,0.7852783203125,-1.15966796875,282.04345703125,55.84716796875
1.9566650390625,-0.160400390625,0.7735595703125,-3.23486328125,246.4599609375,35.70556640625
1.818115234375,-0.283203125,0.7855224609375,-1.03759765625,199.8291015625,-18.06640625
0.444091796875,-0.3868408203125,0.8492431640625,2.86865234375,160.2783203125,-44.5556640625
0.0225830078125,-0.4393310546875,0.96435546875,5.4931640625,-25.5126953125,-56.5185546875
-0.142578125,-0.41064453125,1.26953125,5.18798828125,-91.796875,-35.33935546875
0.08447265625,-0.329833984375,1.44091796875,1.40380859375,-125.54931640625,-16.845703125
0.3616943359375,-0.253173828125,1.5968017578125,17.15087890625,-161.4990234375,0.79345703125
0.39306640625,-0.219970703125,1.7347412109375,13.24462890625,-142.08984375,5.4931640625
0.353271484375,-0.2813720703125,1.8590087890625,-18.06640625,-123.10791015625,32.65380859375
0.3223876953125,-0.35546875,1.9697265625,-83.31298828125,-148.13232421875,-1.52587890625
0.3369140625,-0.4322509765625,2.0771484375,-105.40771484375,-210.0830078125,-40.0390625
0.410400390625,-0.4852294921875,0.9212646484375,-31.3720703125,-213.56201171875,-45.7763671875
0.5228271484375,-0.4942626953125,0.2242431640625,33.87451171875,-187.43896484375,-1.220703125
0.75927734375,-0.4732666015625,-0.471923828125,122.25341796875,-148.5595703125,-8.72802734375
0.8670654296875,-0.461669921875,-1.116455078125,123.779296875,-101.806640625,-15.13671875
0.958740234375,-0.9493408203125,-0.9287109375,85.0830078125,-75.3173828125,-14.6484375
1.0499267578125,-0.5640869140625,-0.338134765625,94.90966796875,-54.5654296875,-10.8642578125
1.1640625,0.2369384765625,0.4351806640625,17.15087890625,-49.01123046875,-7.75146484375
1.31787109375,0.895751953125,1.4775390625,-0.1220703125,-42.8466796875,-2.197265625
1.543701171875,-0.3624267578125,1.87841796875,-22.4609375,-20.69091796875,0.1220703125
2.6015625,-0.679931640625,1.49462890625,-38.9404296875,-10.31494140625,1.46484375
2.5667724609375,-0.709716796875,0.803955078125,19.47021484375,-7.75146484375,0.91552734375
2.7445068359375,-0.59912109375,1.0362548828125,41.80908203125,-8.48388671875,0.67138671875
3.1124267578125,-0.6588134765625,1.567626953125,39.6728515625,-11.90185546875,0.732421875
2.5030517578125,-0.7174072265625,1.8717041015625,25.390625,-16.845703125,1.03759765625
2.2518310546875,0.0333251953125,1.80908203125,25.390625,-19.6533203125,-1.0986328125
1.4959716796875,1.0311279296875,1.2747802734375,19.83642578125,-19.287109375,-3.35693359375
0.52197265625,1.0880126953125,1.4288330078125,4.94384765625,-17.333984375,-5.55419921875
0.0489501953125,0.9417724609375,1.231201171875,-2.0751953125,-17.4560546875,-7.87353515625
-0.495361328125,-0.1309814453125,1.08935546875,-9.46044921875,-17.88330078125,-9.1552734375
-0.39599609375,-0.4732666015625,1.0926513671875,-9.033203125,-17.51708984375,-9.82666015625
0.6064453125,-0.1883544921875,1.1302490234375,-6.9580078125,-17.15087890625,-9.521484375
0.9803466796875,-0.04150390625,1.0574951171875,-4.94384765625,-16.4794921875,-8.9111328125
1.4185791015625,-0.251953125,1.025146484375,-3.5400390625,-17.08984375,-9.8876953125
1.3995361328125,-0.3250732421875,0.9609375,-3.7841796875,-17.7001953125,-11.29150390625
0.7186279296875,-0.1038818359375,0.9283447265625,-2.9296875,-15.625,-13.73291015625
0.91455078125,-0.12744140625,0.914306640625,1.3427734375,-14.16015625,-15.2587890625
0.71337890625,-0.1134033203125,0.93603515625,5.4931640625,-13.73291015625,-14.16015625
0.3875732421875,-0.15478515625,0.9581298828125,8.6669921875,-13.3056640625,-12.0849609375
0.2984619140625,-0.2322998046875,0.9595947265625,11.474609375,-14.95361328125,-9.70458984375
0.4478759765625,-0.2852783203125,0.94189453125,12.8173828125,-15.80810546875,-7.87353515625
0.3551025390625,-0.30078125,0.9283447265625,12.14599609375,-17.76123046875,-6.4697265625
0.3316650390625,-0.281005859375,0.9324951171875,11.5966796875,-19.1650390625,-5.18798828125
0.2315673828125,-0.2447509765625,0.9315185546875,13.12255859375,-20.56884765625,-1.8310546875
0.1768798828125,-0.2711181640625,0.92578125,16.78466796875,-23.74267578125,1.220703125
0.17529296875,-0.2928466796875,0.927001953125,19.8974609375,-30.09033203125,0.732421875
0.238525390625,-0.2900390625,0.9429931640625,19.04296875,-39.61181640625,-0.6103515625
0.301513671875,-0.28369140625,0.9473876953125,13.48876953125,-45.8984375,-3.96728515625
0.2891845703125,-0.255126953125,0.9354248046875,7.50732421875,-53.40576171875,-9.70458984375
0.2606201171875,-0.2396240234375,0.922607421875,1.03759765625,-67.32177734375,-7.26318359375
0.2755126953125,-0.201904296875,0.9132080078125,-4.21142578125,-133.30078125,-6.65283203125
0.2828369140625,-0.2032470703125,0.934814453125,-7.32421875,-150.81787109375,-9.1552734375
0.293212890625,-0.27001953125,0.9666748046875,-8.85009765625,-167.48046875,-14.95361328125
0.2991943359375,-0.3016357421875,0.9742431640625,-12.39013671875,-186.4013671875,-24.658203125
0.28857421875,-0.2625732421875,0.9727783203125,-13.18359375,-207.51953125,-35.82763671875
0.331298828125,-0.16357421875,0.97216796875,-14.09912109375,-230.1025390625,-43.51806640625
0.3394775390625,-0.109375,0.965087890625,-14.70947265625,-257.14111328125,-52.24609375
0.28759765625,-0.10546875,0.9615478515625,-21.728515625,-301.45263671875,-72.32666015625
0.2769775390625,-0.1033935546875,0.9456787109375,-29.541015625,-354.30908203125,-93.26171875
0.2938232421875,-0.1175537109375,0.9583740234375,-36.92626953125,-432.55615234375,-106.4453125
0.32861328125,-0.1226806640625,0.99267578125,-41.9921875,-464.7216796875,-119.140625
0.3436279296875,-0.109130859375,1.021728515625,-45.34912109375,-467.34619140625,-141.41845703125
0.3331298828125,-0.17138671875,1.0633544921875,-51.1474609375,-468.1396484375,-185.85205078125
0.344482421875,-0.1739501953125,1.0357666015625,-56.82373046875,-461.48681640625,-201.2939453125
0.3433837890625,-0.1884765625,1.04248046875,-51.45263671875,-449.21875,-205.56640625
0.295654296875,-0.243896484375,1.0723876953125,-44.98291015625,-397.8271484375,-190.185546875
0.294921875,-0.027587890625,1.08642578125,-46.08154296875,-346.74072265625,-166.259765625
0.2864990234375,-0.007080078125,1.1138916015625,-152.099609375,-294.73876953125,-152.40478515625
0.299560546875,-0.077880859375,1.0762939453125,-181.45751953125,-218.81103515625,-2.3193359375
0.2244873046875,-0.1693115234375,1.0301513671875,-207.21435546875,-182.4951171875,114.013671875
0.1409912109375,-0.2220458984375,1.0772705078125,-214.78271484375,82.763671875,125.54931640625
0.304931640625,-0.2314453125,1.25341796875,-180.23681640625,244.07958984375,116.943359375
0.311767578125,-0.314697265625,1.435546875,-150.0244140625,288.2080078125,106.5673828125
0.2989501953125,-0.3515625,1.4188232421875,-135.31494140625,287.2314453125,87.95166015625
0.2581787109375,-0.2451171875,1.2689208984375,-154.052734375,288.51318359375,79.833984375
0.225341796875,-0.20703125,1.2947998046875,-171.69189453125,309.99755859375,70.4345703125
0.2344970703125,-0.3638916015625,1.487548828125,-179.87060546875,327.392578125,73.79150390625
0.13818359375,-0.3834228515625,1.93896484375,-90.9423828125,354.4921875,80.26123046875
0.029541015625,-0.745361328125,2.26123046875,62.68310546875,365.234375,109.130859375
0.0789794921875,-1.27734375,2.2476806640625,179.26025390625,365.1123046875,118.59130859375
0.5606689453125,-1.4925537109375,1.9591064453125,171.20361328125,357.5439453125,126.77001953125
0.6944580078125,-1.3489990234375,1.790283203125,145.3857421875,358.154296875,133.9111328125
1.0093994140625,-1.019287109375,2.2857666015625,89.2333984375,360.41259765625,140.380859375
1.48974609375,-0.81298828125,1.3372802734375,63.232421875,362.85400390625,143.98193359375
1.889892578125,-0.3907470703125,0.768310546875,32.16552734375,363.09814453125,135.31494140625
2.186767578125,-0.949462890625,0.3974609375,18.73779296875,337.95166015625,107.72705078125
2.3118896484375,-2.129150390625,0.3695068359375,16.7236328125,330.810546875,85.9375
1.8729248046875,-1.77490234375,0.5108642578125,26.0009765625,316.40625,56.396484375
1.0042724609375,-0.80712890625,0.5943603515625,28.62548828125,282.04345703125,29.1748046875
0.10791015625,0.0234375,0.7109375,29.541015625,240.41748046875,10.43701171875
1.1492919921875,0.1480712890625,0.8017578125,30.029296875,202.20947265625,-30.09033203125
1.3240966796875,0.1319580078125,0.8896484375,31.25,166.8701171875,-53.3447265625
0.0943603515625,0.05517578125,1.2919921875,39.9169921875,39.0625,-52.001953125
0.173095703125,-0.1258544921875,1.4674072265625,44.00634765625,-81.0546875,-26.3671875
-0.029541015625,-0.2449951171875,1.6431884765625,40.8935546875,-225.64697265625,17.27294921875
0.0579833984375,-0.3304443359375,1.809326171875,17.88330078125,-215.576171875,15.13671875
0.3446044921875,-0.482421875,1.940185546875,-42.1142578125,-234.80224609375,-2.0751953125
0.43115234375,-0.500244140625,2.178955078125,-135.498046875,-294.37255859375,-48.583984375
0.437744140625,-0.52685546875,2.1365966796875,-195.37353515625,-309.326171875,-84.41162109375
0.504150390625,-0.5789794921875,1.104248046875,-115.05126953125,-248.71826171875,-63.96484375
0.5675048828125,-0.643310546875,0.31591796875,1.28173828125,-169.5556640625,-24.35302734375
0.8726806640625,-0.96435546875,-0.41357421875,115.53955078125,-132.568359375,-4.21142578125
1.0079345703125,-1.1224365234375,-1.002685546875,114.6240234375,-130.37109375,-21.3623046875
1.135009765625,-1.0506591796875,-1.315185546875,88.9892578125,-133.11767578125,-10.3759765625
1.2652587890625,-0.46435546875,-1.0618896484375,75.37841796875,-97.0458984375,-4.638671875
1.3941650390625,0.4451904296875,-0.7239990234375,28.3203125,-25.57373046875,-1.0986328125
2.0208740234375,1.074462890625,0.3856201171875,12.51220703125,-19.47021484375,2.25830078125
2.4095458984375,0.8597412109375,1.674560546875,5.4931640625,-15.93017578125,4.21142578125
2.7481689453125,-0.689697265625,1.4287109375,18.24951171875,-13.5498046875,2.5634765625
2.7413330078125,-1.329833984375,0.91552734375,36.1328125,-15.869140625,2.25830078125
2.954833984375,0.034912109375,1.7037353515625,80.62744140625,-17.578125,-0.30517578125
3.3592529296875,-0.4210205078125,2.6402587890625,106.0791015625,-18.98193359375,-8.7890625
3.7752685546875,-0.1553955078125,2.474609375,33.69140625,-19.6533203125,-9.8876953125
3.0743408203125,0.8690185546875,1.5654296875,16.4794921875,-24.23095703125,-8.72802734375
1.8331298828125,1.5931396484375,0.9482421875,6.16455078125,-25.20751953125,-5.92041015625
0.732421875,1.5137939453125,1.2213134765625,-3.96728515625,-27.64892578125,-6.04248046875
0.4940185546875,0.3917236328125,1.489990234375,-10.07080078125,-30.76171875,-9.521484375
-0.20703125,-1.34326171875,1.1605224609375,-5.4931640625,-30.6396484375,-13.5498046875
0.4407958984375,-2.0335693359375,1.0843505859375,-4.7607421875,-32.5927734375,-18.06640625
1.687255859375,-1.161865234375,1.075439453125,-6.591796875,-32.53173828125,-19.34814453125
2.559326171875,0.3802490234375,1.05126953125,-10.31494140625,-30.8837890625,-18.798828125
2.2950439453125,0.204345703125,0.9942626953125,-14.95361328125,-31.73828125,-17.02880859375
1.22705078125,-0.0001220703125,0.9737548828125,-14.70947265625,-30.57861328125,-14.95361328125
0.38427734375,0.028564453125,0.9735107421875,-15.625,-29.35791015625,-11.16943359375
0.7320556640625,0.029296875,0.975341796875,-17.63916015625,-30.82275390625,-6.77490234375
1.3682861328125,-0.135498046875,0.9613037109375,-15.7470703125,-34.7900390625,-2.8076171875
0.56640625,-0.2088623046875,0.95068359375,-15.19775390625,-40.1611328125,0.91552734375
0.4232177734375,-0.19384765625,0.941162109375,-15.380859375,-46.7529296875,4.150390625
0.424072265625,-0.2088623046875,0.9447021484375,-9.21630859375,-53.28369140625,6.103515625
0.369873046875,-0.131591796875,0.9471435546875,-7.62939453125,-61.09619140625,3.2958984375
0.2894287109375,-0.1317138671875,0.938232421875,-6.65283203125,-71.96044921875,2.62451171875
0.2947998046875,-0.1240234375,0.920654296875,-7.26318359375,-128.7841796875,1.03759765625
0.27587890625,-0.1043701171875,0.8990478515625,-9.09423828125,-145.81298828125,-3.0517578125
0.261962890625,-0.1673583984375,0.8709716796875,-11.53564453125,-162.17041015625,-28.076171875
0.3057861328125,-0.224853515625,0.855712890625,-13.48876953125,-179.38232421875,-36.62109375
0.3150634765625,-0.218505859375,0.8780517578125,-14.83154296875,-248.1689453125,-48.095703125
0.2955322265625,-0.263427734375,0.9161376953125,-16.357421875,-295.22705078125,-52.24609375
0.3311767578125,-0.233154296875,0.9425048828125,-18.6767578125,-347.83935546875,-62.744140625
0.342529296875,-0.1739501953125,0.9580078125,-33.87451171875,-400.08544921875,-82.33642578125
0.3118896484375,-0.165771484375,0.96240234375,-38.6962890625,-432.80029296875,-105.52978515625
0.3409423828125,-0.1051025390625,0.96337890625,-43.76220703125,-469.29931640625,-122.13134765625
0.3394775390625,-0.0743408203125,0.977294921875,-47.607421875,-474.609375,-138.671875
0.35107421875,-0.076416015625,1.0069580078125,-66.0400390625,-479.6142578125,-177.1240234375
0.3948974609375,-0.08447265625,1.0367431640625,-53.52783203125,-472.83935546875,-197.81494140625
0.3902587890625,-0.0916748046875,1.0284423828125,-45.59326171875,-465.33203125,-197.3876953125
0.365234375,-0.097900390625,1.024169921875,-55.48095703125,-422.7294921875,-184.02099609375
0.35498046875,-0.1202392578125,1.0361328125,-119.62890625,-345.703125,-166.6259765625
0.3447265625,-0.06298828125,1.029052734375,-165.83251953125,-283.0810546875,-172.18017578125
0.3385009765625,-0.069091796875,1.003662109375,-192.2607421875,-195.3125,-103.02734375
0.3480224609375,-0.109619140625,1.0479736328125,-208.0078125,-139.7705078125,-38.2080078125
0.3336181640625,-0.1556396484375,1.2735595703125,-229.248046875,-10.68115234375,17.08984375
0.297607421875,-0.357177734375,1.40576171875,-208.251953125,139.16015625,43.27392578125
0.374267578125,-0.4395751953125,1.410400390625,-175.4150390625,234.31396484375,58.837890625
0.3394775390625,-0.302734375,1.367431640625,-153.86962890625,279.47998046875,66.7724609375
0.3218994140625,-0.151611328125,1.2265625,-166.015625,311.279296875,71.77734375
0.3056640625,-0.2496337890625,1.2393798828125,-185.36376953125,305.17578125,74.52392578125
0.132080078125,-0.4310302734375,1.43701171875,-183.59375,295.83740234375,77.1484375
0.0048828125,-0.5648193359375,2.0428466796875,-143.5546875,290.771484375,80.87158203125
0.0775146484375,-0.7271728515625,2.3701171875,-83.55712890625,292.8466796875,85.8154296875
0.636474609375,-0.96533203125,2.210205078125,-8.4228515625,300.9033203125,101.86767578125
0.787353515625,-1.3480224609375,1.9420166015625,70.3125,314.697265625,110.29052734375
0.63720703125,-1.423095703125,1.899658203125,139.5263671875,337.646484375,118.10302734375
1.0970458984375,-1.152587890625,2.3114013671875,131.34765625,345.0927734375,124.6337890625
1.5792236328125,-0.822021484375,2.1934814453125,110.90087890625,351.25732421875,129.94384765625
1.9464111328125,-0.23828125,1.5743408203125,75.5615234375,355.65185546875,133.30078125
2.2015380859375,-0.9464111328125,1.18701171875,45.8984375,358.5205078125,133.48388671875
2.6207275390625,-2.0341796875,0.63037109375,23.86474609375,359.375,131.8359375
2.30029296875,-2.031982421875,0.41943359375,7.8125,357.36083984375,130.2490234375
1.2718505859375,-1.99365234375,0.3074951171875,0.244140625,355.46875,130.55419921875
0.400634765625,-1.6392822265625,0.2828369140625,2.0751953125,354.67529296875,133.48388671875
1.5712890625,-0.551513671875,0.3599853515625,6.103515625,354.91943359375,143.61572265625
2.4940185546875,-0.1507568359375,0.482421875,9.46044921875,354.00390625,147.03369140625
1.1671142578125,0.1026611328125,0.6055908203125,12.51220703125,342.6513671875,143.4326171875
0.298095703125,0.160400390625,0.7186279296875,12.20703125,337.95166015625,77.392578125
0.1453857421875,0.0587158203125,0.779296875,9.765625,338.92822265625,0.244140625
0.0472412109375,-0.0501708984375,0.85986328125,7.99560546875,323.1201171875,-17.15087890625
-0.114013671875,-0.135498046875,0.943115234375,8.97216796875,150.5126953125,-31.43310546875
-0.1624755859375,-0.25537109375,1.0054931640625,12.51220703125,-24.169921875,-17.578125
-0.1146240234375,-0.263671875,1.0740966796875,18.49365234375,-127.01416015625,11.90185546875
0.0213623046875,-0.258056640625,1.201416015625,27.587890625,-250.3662109375,36.07177734375
0.17578125,-0.24609375,1.390380859375,30.8837890625,-213.7451171875,62.92724609375
0.2938232421875,-0.2095947265625,1.604248046875,34.5458984375,-203.43017578125,66.71142578125
0.3504638671875,-0.15673828125,1.8056640625,32.470703125,-236.9384765625,39.61181640625
0.4036865234375,-0.146484375,1.973388671875,-232.48291015625,-290.95458984375,-93.81103515625
0.5048828125,-0.200439453125,2.2947998046875,-95.0927734375,-316.650390625,-89.599609375
0.6068115234375,-0.3043212890625,2.4268798828125,25.146484375,-177.91748046875,-44.7998046875
0.684326171875,-0.4185791015625,2.430908203125,142.63916015625,-130.615234375,-6.04248046875
0.730712890625,-0.5216064453125,0.7099609375,121.7041015625,-126.953125,-39.61181640625
0.7935791015625,-0.683349609375,-1.587890625,122.9248046875,-141.4794921875,-19.8974609375
0.9132080078125,-0.78515625,-1.1025390625,131.65283203125,-75.927734375,-13.00048828125
1.0509033203125,-0.9781494140625,-0.53955078125,72.32666015625,-45.47119140625,-12.26806640625
1.1729736328125,-0.8599853515625,0.4586181640625,30.029296875,-31.06689453125,-5.4931640625
1.2685546875,0.55615234375,1.2332763671875,0.18310546875,-22.0947265625,-2.50244140625
1.6346435546875,-1.225830078125,1.3626708984375,14.09912109375,-18.06640625,1.15966796875
2.0262451171875,-1.4615478515625,0.830322265625,38.14697265625,-15.2587890625,3.662109375
2.4970703125,-0.664306640625,0.6422119140625,88.19580078125,-12.8173828125,3.72314453125
2.9476318359375,-0.508056640625,1.550537109375,77.45361328125,-13.3056640625,3.96728515625
3.8692626953125,-0.9556884765625,2.64111328125,75.50048828125,-14.7705078125,3.47900390625
2.6385498046875,0.38671875,1.7261962890625,58.53271484375,-16.54052734375,3.41796875
1.1671142578125,1.4794921875,0.93701171875,35.64453125,-18.5546875,1.5869140625
0.3526611328125,1.7821044921875,1.1683349609375,18.6767578125,-18.798828125,-2.197265625
0.5057373046875,1.113525390625,1.5406494140625,7.9345703125,-20.08056640625,-6.28662109375
-0.02587890625,-1.0631103515625,1.342041015625,-3.41796875,-22.76611328125,-8.60595703125
-0.205322265625,-2.421630859375,1.159423828125,-9.27734375,-25.2685546875,-9.765625
0.5347900390625,-1.6778564453125,1.1236572265625,-9.765625,-24.71923828125,-10.07080078125
1.5225830078125,0.6781005859375,1.091552734375,-8.11767578125,-25.45166015625,-10.498046875
2.5478515625,-0.31005859375,1.07080078125,-6.53076171875,-25.390625,-5.126953125
1.4588623046875,0.00830078125,1.0439453125,-6.8359375,-26.30615234375,-2.99072265625
0.3782958984375,0.149169921875,1.014892578125,-7.568359375,-30.82275390625,-4.21142578125
0.6937255859375,-0.0367431640625,0.9912109375,-6.34765625,-30.70068359375,-7.568359375
0.704833984375,0.035888671875,0.9820556640625,-4.21142578125,-31.67724609375,-11.1083984375
0.2562255859375,0.03271484375,0.9736328125,-5.4931640625,-32.53173828125,-11.41357421875
0.5294189453125,-0.0875244140625,0.9761962890625,-7.26318359375,-33.8134765625,-11.29150390625
0.485107421875,-0.14111328125,0.98095703125,-9.46044921875,-37.2314453125,-10.1318359375
0.4022216796875,-0.1749267578125,0.976806640625,-11.8408203125,-35.70556640625,-8.1787109375
0.4080810546875,-0.181396484375,0.966552734375,-14.404296875,-35.21728515625,-2.99072265625
0.3592529296875,-0.1676025390625,0.9608154296875,-17.08984375,-36.376953125,-0.30517578125
0.3050537109375,-0.1903076171875,0.96240234375,-18.00537109375,-44.189453125,1.52587890625
0.284912109375,-0.250244140625,0.9659423828125,-19.47021484375,-50.29296875,2.01416015625
0.2757568359375,-0.245361328125,0.966796875,-19.04296875,-57.0068359375,1.40380859375
0.2864990234375,-0.198486328125,0.951171875,-14.70947265625,-65.61279296875,-1.64794921875
0.281982421875,-0.1417236328125,0.9464111328125,-15.2587890625,-77.5146484375,-0.6103515625
0.2618408203125,-0.1177978515625,0.9407958984375,-12.0849609375,-104.30908203125,1.40380859375
0.2371826171875,-0.124755859375,0.935546875,-11.90185546875,-118.95751953125,0.54931640625
0.2586669921875,-0.0711669921875,0.9259033203125,-14.16015625,-135.55908203125,-2.62451171875
0.2838134765625,-0.1138916015625,0.9071044921875,-15.625,-154.11376953125,-7.32421875
0.3035888671875,-0.1754150390625,0.882080078125,-17.08984375,-172.18017578125,-14.83154296875
0.3203125,-0.1767578125,0.8720703125,-18.12744140625,-190.12451171875,-26.9775390625
0.31787109375,-0.21875,0.8861083984375,-18.61572265625,-210.0830078125,-37.17041015625
0.3436279296875,-0.182373046875,0.9359130859375,-23.92578125,-231.99462890625,-48.40087890625
0.367919921875,-0.1561279296875,0.948486328125,-28.3203125,-268.6767578125,-62.19482421875
0.3173828125,-0.162841796875,0.9669189453125,-32.89794921875,-317.138671875,-77.94189453125
0.3255615234375,-0.1259765625,0.9920654296875,-38.330078125,-416.259765625,-99.79248046875
0.310302734375,-0.1123046875,1.008544921875,-43.27392578125,-456.48193359375,-126.52587890625
0.346923828125,-0.1138916015625,1.0372314453125,-47.79052734375,-485.83984375,-130.859375
0.4119873046875,-0.1357421875,1.04833984375,-54.0771484375,-490.478515625,-159.7900390625
0.388916015625,-0.169189453125,1.04150390625,-63.720703125,-489.74609375,-185.546875
0.3665771484375,-0.1873779296875,1.041259765625,-56.45751953125,-481.62841796875,-192.7490234375
0.3328857421875,-0.1368408203125,1.0465087890625,-44.3115234375,-460.02197265625,-183.349609375
0.3341064453125,-0.080078125,1.0611572265625,-70.9228515625,-379.2724609375,-160.64453125
0.327880859375,-0.0474853515625,1.087158203125,-143.00537109375,-289.4287109375,-159.11865234375
0.307373046875,-0.0714111328125,1.0546875,-182.31201171875,-205.13916015625,-88.68408203125
0.2818603515625,-0.1370849609375,1.0023193359375,-191.34521484375,-101.62353515625,-25.93994140625
0.3033447265625,-0.1820068359375,1.0062255859375,-220.0927734375,-20.8740234375,28.13720703125
0.34375,-0.2083740234375,1.311279296875,-230.89599609375,129.21142578125,52.18505859375
0.34228515625,-0.314453125,1.46826171875,-206.11572265625,225.2197265625,62.6220703125
0.313232421875,-0.427978515625,1.4736328125,-189.27001953125,271.30126953125,68.90869140625
0.3077392578125,-0.396240234375,1.345458984375,-183.837890625,277.64892578125,72.20458984375
0.303466796875,-0.1171875,1.26708984375,-175.10986328125,267.4560546875,74.40185546875
0.2742919921875,-0.306396484375,1.3795166015625,-139.2822265625,252.01416015625,77.1484375
0.2093505859375,-0.5753173828125,1.74951171875,-102.05078125,240.966796875,80.13916015625
0.0911865234375,-0.644775390625,2.3779296875,-20.3857421875,243.59130859375,83.984375
0.03564453125,-0.712646484375,2.603759765625,41.748046875,257.568359375,95.76416015625
0.710205078125,-1.1724853515625,2.450927734375,110.16845703125,279.72412109375,102.6611328125
0.5616455078125,-1.4525146484375,1.9378662109375,140.625,323.486328125,109.43603515625
0.752197265625,-1.2578125,2.171142578125,139.58740234375,339.29443359375,115.05126953125
1.44580078125,-1.0977783203125,2.4189453125,126.64794921875,350.64697265625,118.896484375
1.89111328125,-0.9957275390625,1.7869873046875,99.2431640625,359.06982421875,120.42236328125
2.1641845703125,-1.2740478515625,1.3074951171875,73.79150390625,365.3564453125,120.17822265625
2.6480712890625,-2.0975341796875,0.829345703125,58.28857421875,368.7744140625,118.95751953125
2.881591796875,-2.330810546875,0.5687255859375,46.81396484375,368.65234375,116.3330078125
2.015380859375,-1.9384765625,0.410888671875,25.634765625,367.00439453125,112.79296875
0.84521484375,-1.4481201171875,0.3563232421875,16.66259765625,367.37060546875,112.1826171875
1.095458984375,-0.75048828125,0.4422607421875,9.27734375,372.314453125,114.3798828125
2.0179443359375,-0.23681640625,0.5784912109375,5.4931640625,379.82177734375,119.32373046875
1.3734130859375,0.04150390625,0.6842041015625,7.26318359375,387.63427734375,124.51171875
0.4140625,0.1131591796875,0.74853515625,12.51220703125,392.333984375,127.5634765625
0.0987548828125,0.0228271484375,0.74169921875,17.63916015625,390.80810546875,128.35693359375
-0.1700439453125,-0.0936279296875,0.765380859375,21.17919921875,382.87353515625,125.6103515625
-0.3271484375,-0.15185546875,0.83154296875,22.8271484375,366.943359375,115.90576171875
-0.382080078125,-0.122802734375,0.9017333984375,22.15576171875,342.8955078125,95.0927734375
-0.3245849609375,-0.0904541015625,0.957763671875,20.1416015625,312.744140625,62.31689453125
-0.13134765625,-0.0985107421875,1.0380859375,17.76123046875,279.296875,28.01513671875
0.09228515625,-0.146240234375,1.1773681640625,15.625,250.3662109375,2.62451171875
0.248046875,-0.1910400390625,1.364013671875,15.19775390625,224.18212890625,-10.986328125
0.33447265625,-0.21142578125,1.57958984375,17.15087890625,190.7958984375,-19.04296875
0.3505859375,-0.204345703125,1.7890625,22.76611328125,141.2353515625,-21.05712890625
0.39013671875,-0.1881103515625,1.9693603515625,28.25927734375,76.84326171875,-18.49365234375
0.464111328125,-0.198486328125,2.1170654296875,30.3955078125,5.55419921875,-11.53564453125
0.544677734375,-0.2467041015625,2.2259521484375,26.0009765625,-66.95556640625,12.3291015625
0.5889892578125,-0.3206787109375,2.274658203125,8.7890625,-116.3330078125,54.443359375
0.6326904296875,-0.4029541015625,2.2220458984375,-46.142578125,-133.60595703125,57.12890625
0.73291015625,-0.504150390625,2.0015869140625,-130.79833984375,-168.88427734375,37.17041015625
0.8775634765625,-0.650390625,1.5386962890625,-179.13818359375,-160.46142578125,36.4990234375
1.043212890625,-0.837158203125,0.8983154296875,-156.18896484375,-197.20458984375,33.69140625
1.208984375,-1.0235595703125,0.1956787109375,-83.8623046875,-249.69482421875,-47.4853515625
1.357421875,-1.1778564453125,-0.5341796875,11.3525390625,-287.53662109375,-47.2412109375
1.4981689453125,-1.2589111328125,-1.0675048828125,63.4765625,-238.09814453125,-20.5078125
1.66650390625,-1.19677734375,-1.1597900390625,78.369140625,-189.75830078125,-6.591796875
1.896240234375,-0.71826171875,-0.9173583984375,123.10791015625,-156.79931640625,-8.4228515625
2.18994140625,0.2103271484375,-0.634765625,94.8486328125,-137.20703125,-15.0146484375
2.503662109375,0.777099609375,-0.3968505859375,94.78759765625,-114.1357421875,-16.4794921875
2.7686767578125,0.3719482421875,0.0196533203125,59.63134765625,-85.44921875,-22.03369140625
3.053466796875,-0.5225830078125,0.7784423828125,0.9765625,-71.83837890625,-20.32470703125
3.3201904296875,-1.172119140625,1.5533447265625,-35.64453125,-58.10546875,-13.0615234375
3.4053955078125,-1.0845947265625,1.414306640625,-44.00634765625,-43.45703125,-6.53076171875
3.3079833984375,-0.5430908203125,0.655517578125,-11.90185546875,-34.423828125,-2.62451171875
3.2420654296875,-0.338623046875,0.44189453125,15.07568359375,-26.4892578125,0.6103515625
3.241943359375,-0.3505859375,1.00244140625,30.57861328125,-21.3623046875,6.8359375
2.91015625,-0.2537841796875,2.30908203125,41.8701171875,-21.42333984375,6.53076171875
2.4189453125,0.2926025390625,2.0831298828125,44.921875,-25.45166015625,5.0048828125
2.2200927734375,1.0770263671875,1.7247314453125,34.66796875,-25.146484375,0.91552734375
0.87109375,1.2203369140625,1.5419921875,29.47998046875,-24.2919921875,-3.11279296875
-0.3062744140625,0.6595458984375,1.5496826171875,20.93505859375,-23.0712890625,-5.126953125
-0.57373046875,-0.782958984375,1.3035888671875,13.24462890625,-24.2919921875,-7.50732421875
-0.740234375,-1.5247802734375,1.0404052734375,3.47900390625,-24.35302734375,-7.38525390625
0.118896484375,-0.7320556640625,1.1739501953125,-1.77001953125,-24.47509765625,-4.45556640625
0.920654296875,-0.040771484375,1.193115234375,-15.56396484375,-29.96826171875,-2.5634765625
1.86279296875,-0.1534423828125,1.15771484375,-20.69091796875,-37.29248046875,-1.46484375
1.732421875,-0.3624267578125,1.1153564453125,-24.0478515625,-38.0859375,-1.40380859375
1.2999267578125,-0.1343994140625,1.060302734375,-26.79443359375,-40.34423828125,-2.9296875
1.025146484375,-0.0828857421875,1.0201416015625,-26.91650390625,-41.015625,-5.2490234375
1.05322265625,-0.2015380859375,1.014892578125,-26.67236328125,-41.50390625,-8.30078125
0.8936767578125,-0.1334228515625,0.9959716796875,-29.4189453125,-42.66357421875,-12.3291015625
0.4820556640625,-0.097412109375,0.984619140625,-30.6396484375,-46.0205078125,-16.66259765625
0.3529052734375,-0.1766357421875,0.9713134765625,-28.50341796875,-46.93603515625,-26.91650390625
0.413330078125,-0.1771240234375,0.978515625,-30.029296875,-47.4853515625,-31.005859375
0.448486328125,-0.173583984375,0.974853515625,-31.25,-51.94091796875,-31.494140625
0.4598388671875,-0.2188720703125,0.9454345703125,-31.43310546875,-53.7109375,-29.78515625
0.3822021484375,-0.2828369140625,0.919677734375,-32.3486328125,-54.62646484375,-26.7333984375
0.2694091796875,-0.2945556640625,0.9259033203125,-30.1513671875,-55.17578125,-21.484375
0.2900390625,-0.225341796875,0.9256591796875,-25.45166015625,-56.7626953125,-16.41845703125
0.32275390625,-0.19482421875,0.9083251953125,-21.484375,-59.08203125,-12.63427734375
0.3084716796875,-0.2518310546875,0.894287109375,-14.34326171875,-67.68798828125,-9.6435546875
0.259521484375,-0.2294921875,0.8770751953125,4.638671875,-80.38330078125,-5.126953125
0.2637939453125,-0.1962890625,0.8641357421875,16.54052734375,-95.0927734375,4.8828125
0.31689453125,-0.22900390625,0.8489990234375,24.71923828125,-110.595703125,6.04248046875
0.2908935546875,-0.2554931640625,0.83642578125,26.42822265625,-148.25439453125,4.33349609375
0.239013671875,-0.296875,0.8055419921875,22.216796875,-168.5791015625,0.30517578125
0.282470703125,-0.352294921875,0.7879638671875,15.5029296875,-188.3544921875,-5.92041015625
0.3406982421875,-0.36669921875,0.8082275390625,9.33837890625,-210.87646484375,-10.07080078125
0.336669921875,-0.3724365234375,0.8482666015625,2.38037109375,-241.69921875,-15.19775390625
0.3419189453125,-0.4102783203125,0.8721923828125,-4.5166015625,-281.43310546875,-20.1416015625
0.329345703125,-0.4552001953125,0.91357421875,-11.962890625,-318.2373046875,-18.37158203125
0.2938232421875,-0.4456787109375,0.955322265625,-26.85546875,-366.27197265625,-24.5361328125
0.300048828125,-0.3702392578125,0.983154296875,-33.14208984375,-424.9267578125,-55.419921875
0.328369140625,-0.2655029296875,1.0098876953125,-40.83251953125,-471.923828125,-95.15380859375
0.3140869140625,-0.1697998046875,1.0233154296875,-43.51806640625,-488.09814453125,-128.662109375
0.3375244140625,-0.115478515625,1.0238037109375,-43.27392578125,-493.5302734375,-159.60693359375
0.343017578125,-0.1048583984375,1.0450439453125,-41.3818359375,-493.5302734375,-190.0634765625
0.41064453125,-0.11376953125,1.0545654296875,-45.0439453125,-485.04638671875,-187.80517578125
0.473876953125,-0.096435546875,1.0491943359375,-64.3310546875,-461.73095703125,-153.62548828125
0.5001220703125,-0.0482177734375,1.052978515625,-108.21533203125,-383.36181640625,-146.240234375
0.4610595703125,-0.096923828125,1.036865234375,-165.283203125,-195.6787109375,-91.49169921875
0.3934326171875,-0.1417236328125,1.03125,-197.32666015625,-82.70263671875,-42.48046875
0.359619140625,-0.204345703125,1.1142578125,-224.30419921875,1.40380859375,6.8359375
0.3544921875,-0.2696533203125,1.2642822265625,-236.63330078125,151.18408203125,31.92138671875
0.394775390625,-0.303955078125,1.4229736328125,-254.0283203125,251.46484375,38.51318359375
0.3553466796875,-0.3165283203125,1.514404296875,-252.44140625,302.91748046875,41.50390625
0.3226318359375,-0.3038330078125,1.42431640625,-229.91943359375,319.82421875,44.921875
0.301513671875,-0.34033203125,1.2889404296875,-228.3935546875,323.73046875,45.34912109375
0.252685546875,-0.1221923828125,1.21875,-221.13037109375,316.0400390625,47.36328125
0.190673828125,-0.14404296875,1.261962890625,-187.31689453125,302.91748046875,68.9697265625
0.14599609375,-0.583251953125,1.5428466796875,-101.806640625,297.119140625,80.6884765625
0.2298583984375,-0.9105224609375,2.2139892578125,-24.2919921875,320.37353515625,94.482421875
0.64453125,-0.9666748046875,2.3306884765625,72.3876953125,357.23876953125,107.91015625
0.531982421875,-0.9906005859375,1.8828125,130.67626953125,367.431640625,120.54443359375
0.2020263671875,-1.40234375,2.088623046875,154.96826171875,370.2392578125,133.11767578125
0.739013671875,-1.4486083984375,2.413330078125,159.97314453125,367.73681640625,144.775390625
1.4862060546875,-0.872314453125,1.751220703125,144.775390625,364.1357421875,154.296875
1.90625,-1.0626220703125,1.2640380859375,119.32373046875,362.12158203125,160.33935546875
2.0562744140625,-1.9991455078125,0.8623046875,67.2607421875,362.97607421875,163.818359375
2.49951171875,-2.4058837890625,0.6007080078125,31.005859375,363.28125,165.8935546875
2.9456787109375,-2.1275634765625,0.4312744140625,18.798828125,364.013671875,168.0908203125
0.9720458984375,-1.8406982421875,0.3355712890625,14.09912109375,363.76953125,170.95947265625
1.1507568359375,-1.255126953125,0.3406982421875,12.939453125,364.07470703125,173.583984375
2.0191650390625,-0.695556640625,0.4932861328125,14.6484375,363.76953125,171.0205078125
1.373779296875,-0.3416748046875,0.6029052734375,16.845703125,358.0322265625,160.94970703125
0.4771728515625,-0.1278076171875,0.593017578125,15.68603515625,346.8017578125,144.47021484375
0.19482421875,-0.0501708984375,0.6171875,13.73291015625,333.43505859375,123.71826171875
0.0189208984375,-0.162353515625,0.6937255859375,8.48388671875,323.18115234375,97.59521484375
-0.1278076171875,-0.2821044921875,0.80908203125,6.8359375,317.19970703125,57.43408203125
-0.251953125,-0.3367919921875,0.9273681640625,7.14111328125,308.9599609375,10.43701171875
-0.257080078125,-0.386474609375,1.0582275390625,12.451171875,293.88427734375,-29.4189453125
-0.1177978515625,-0.41845703125,1.21923828125,21.8505859375,264.5263671875,-43.02978515625
0.20361328125,-0.4276123046875,1.4078369140625,34.1796875,226.9287109375,-38.330078125
0.3218994140625,-0.3880615234375,1.6016845703125,44.3115234375,97.900390625,-33.69140625
0.286865234375,-0.3533935546875,1.7884521484375,48.64501953125,23.01025390625,31.494140625
0.2864990234375,-0.3486328125,1.943115234375,47.7294921875,-62.8662109375,39.61181640625
0.3580322265625,-0.3800048828125,2.0574951171875,34.60693359375,-200.8056640625,18.5546875
0.4847412109375,-0.450927734375,2.1505126953125,18.5546875,-196.83837890625,15.2587890625
0.6148681640625,-0.545166015625,2.239990234375,-9.6435546875,-214.2333984375,10.68115234375
0.728515625,-0.6566162109375,2.267578125,-64.5751953125,-238.22021484375,-12.5732421875
0.8465576171875,-0.743408203125,2.02685546875,-143.85986328125,-272.15576171875,-41.015625
0.9876708984375,-0.81982421875,1.4759521484375,-61.58447265625,-283.447265625,-40.83251953125
1.1414794921875,-0.8729248046875,0.8037109375,36.19384765625,-244.62890625,-16.845703125
1.2967529296875,-0.88916015625,0.133056640625,133.60595703125,-196.35009765625,-5.67626953125
1.4322509765625,-0.785888671875,-0.4359130859375,118.5302734375,-165.83251953125,-12.8173828125
1.54052734375,-0.6429443359375,-0.79248046875,130.43212890625,-146.484375,-17.9443359375
1.6943359375,-0.5643310546875,-0.6856689453125,94.8486328125,-117.85888671875,-15.0146484375
1.966064453125,-0.2396240234375,-0.5057373046875,29.72412109375,-81.97021484375,-5.92041015625
2.3023681640625,0.4588623046875,0.9727783203125,-14.6484375,-66.0400390625,-1.953125
2.4892578125,-0.5633544921875,1.0555419921875,-31.982421875,-21.8505859375,2.25830078125
2.5771484375,-1.184326171875,1.1475830078125,-33.5693359375,-17.7001953125,4.45556640625
2.6676025390625,-1.0257568359375,0.9500732421875,-0.6103515625,-22.3388671875,4.7607421875
2.783203125,-0.5523681640625,1.0643310546875,26.7333984375,-23.98681640625,2.0751953125
2.9766845703125,-0.295654296875,1.6839599609375,49.31640625,-23.8037109375,-1.40380859375
3.15234375,0.07470703125,2.1806640625,58.04443359375,-23.681640625,-6.28662109375
2.6114501953125,1.09423828125,2.01220703125,57.18994140625,-24.0478515625,-7.14111328125
2.088623046875,1.462646484375,1.61865234375,5.43212890625,-25.57373046875,-5.37109375
0.022216796875,1.123291015625,1.5284423828125,-0.3662109375,-35.21728515625,-11.29150390625
-0.2159423828125,0.4302978515625,1.62060546875,-4.39453125,-36.68212890625,-13.36669921875
-0.2333984375,-0.8203125,1.3807373046875,-9.765625,-43.0908203125,-13.85498046875
0.195556640625,-1.3238525390625,1.1104736328125,-12.14599609375,-41.50390625,-13.0615234375
0.68310546875,-0.5711669921875,1.0670166015625,-18.798828125,-38.14697265625,-12.26806640625
1.25341796875,-0.02099609375,1.03076171875,-20.751953125,-35.21728515625,-11.23046875
1.7750244140625,-0.1793212890625,1.0045166015625,-21.1181640625,-33.3251953125,-10.19287109375
1.6915283203125,-0.323974609375,0.9857177734375,-18.85986328125,-31.79931640625,-8.72802734375
1.26708984375,-0.1719970703125,0.980712890625,-19.71435546875,-33.14208984375,-6.2255859375
1.0277099609375,-0.1712646484375,0.981689453125,-10.986328125,-36.68212890625,-4.8828125
1.1275634765625,-0.20361328125,0.96875,-9.3994140625,-43.212890625,-6.103515625
1.0157470703125,-0.179443359375,0.93798828125,-7.8125,-53.40576171875,-6.89697265625
0.6029052734375,-0.17724609375,0.9261474609375,-5.18798828125,-67.5048828125,-5.55419921875
0.3648681640625,-0.17236328125,0.9056396484375,-2.86865234375,-81.6650390625,-2.0751953125
0.362060546875,-0.2822265625,0.8902587890625,0.06103515625,-97.65625,-4.7607421875
0.23193359375,-0.22607421875,0.8775634765625,3.7841796875,-113.22021484375,-10.009765625
0.3004150390625,-0.207275390625,0.8482666015625,4.39453125,-171.69189453125,-15.13671875
0.3033447265625,-0.2357177734375,0.8468017578125,1.28173828125,-192.68798828125,-20.01953125
0.3060302734375,-0.2938232421875,0.857421875,-2.44140625,-216.552734375,-25.634765625
0.2607421875,-0.2974853515625,0.86669921875,-5.37109375,-248.6572265625,-29.84619140625
0.309814453125,-0.2872314453125,0.8775634765625,-8.7890625,-291.1376953125,-31.31103515625
0.3153076171875,-0.268798828125,0.89794921875,-12.451171875,-336.42578125,-30.76171875
0.3321533203125,-0.25,0.94921875,-20.08056640625,-380.06591796875,-85.99853515625
0.33203125,-0.2642822265625,1.0013427734375,-38.51318359375,-428.89404296875,-113.8916015625
0.3875732421875,-0.27294921875,1.018310546875,-42.41943359375,-483.154296875,-134.09423828125
0.4278564453125,-0.2166748046875,1.0260009765625,-45.5322265625,-485.107421875,-172.54638671875
0.426025390625,-0.1607666015625,1.0350341796875,-45.41015625,-483.21533203125,-197.8759765625
0.4232177734375,-0.17578125,1.03564453125,-43.39599609375,-475.40283203125,-189.94140625
0.421630859375,-0.186767578125,1.0433349609375,-45.166015625,-453.2470703125,-168.39599609375
0.38671875,-0.1611328125,1.0672607421875,-56.21337890625,-292.724609375,-164.55078125
0.3804931640625,-0.117919921875,1.0882568359375,-98.2666015625,-215.39306640625,-108.33740234375
0.37109375,-0.083984375,1.0570068359375,-178.8330078125,-126.03759765625,-65.85693359375
0.29931640625,-0.1846923828125,1.04150390625,-206.6650390625,-41.8701171875,17.7001953125
0.2698974609375,-0.2392578125,1.10986328125,-230.5908203125,104.8583984375,33.69140625
0.2894287109375,-0.2601318359375,1.2640380859375,-231.26220703125,273.49853515625,41.56494140625
0.3192138671875,-0.3013916015625,1.389892578125,-207.70263671875,301.025390625,50.048828125
0.35498046875,-0.277587890625,1.4033203125,-189.27001953125,312.07275390625,63.17138671875
0.2760009765625,-0.20947265625,1.2340087890625,-192.7490234375,310.1806640625,84.8388671875
0.25732421875,-0.197265625,1.20751953125,-190.7958984375,298.27880859375,95.21484375
0.2235107421875,-0.2088623046875,1.306884765625,-161.2548828125,331.9091796875,134.765625
0.1463623046875,-0.6571044921875,1.666259765625,-92.22412109375,352.11181640625,139.70947265625
0.0928955078125,-0.7073974609375,2.3623046875,57.67822265625,373.35205078125,143.85986328125
0.1253662109375,-0.8948974609375,2.176025390625,113.22021484375,365.966796875,151.67236328125
0.5631103515625,-1.2447509765625,1.8133544921875,144.287109375,359.86328125,154.9072265625
0.6834716796875,-1.490478515625,2.1419677734375,147.76611328125,376.15966796875,160.0341796875
0.8074951171875,-1.0447998046875,2.377197265625,105.224609375,378.35693359375,162.90283203125
1.471923828125,-0.7095947265625,1.3916015625,32.5927734375,373.10791015625,157.53173828125
1.8560791015625,-0.8623046875,0.995361328125,26.06201171875,359.0087890625,144.8974609375
2.01611328125,-1.7320556640625,0.7105712890625,35.5224609375,338.19580078125,126.5869140625
2.5689697265625,-2.1209716796875,0.4871826171875,31.18896484375,318.05419921875,99.7314453125
1.890625,-1.7427978515625,0.3634033203125,24.96337890625,306.0302734375,63.65966796875
0.7529296875,-1.2896728515625,0.6263427734375,8.23974609375,296.81396484375,22.4609375
1.0286865234375,-0.7958984375,0.7254638671875,8.48388671875,271.97265625,-8.97216796875
2.0670166015625,-0.39892578125,0.6783447265625,11.3525390625,238.46435546875,-19.47021484375
1.4130859375,0.001708984375,0.81396484375,20.20263671875,206.4208984375,-19.6533203125
