0.5531005859375,-0.0792236328125,0.8428955078125,-2.86865234375,-133.48388671875,-10.8642578125
0.5648193359375,-0.0709228515625,0.8525390625,-0.79345703125,-147.8271484375,-7.62939453125
0.577880859375,-0.080810546875,0.845703125,1.3427734375,-164.00146484375,-4.94384765625
0.5784912109375,-0.07666015625,0.83935546875,3.5400390625,-181.884765625,-3.72314453125
0.56787109375,-0.0625,0.833740234375,2.99072265625,-200.927734375,-4.39453125
0.587158203125,-0.0693359375,0.843994140625,3.662109375,-223.876953125,-8.544921875
0.59326171875,-0.0625,0.9088134765625,4.45556640625,-254.45556640625,-15.19775390625
0.585205078125,-0.04345703125,0.9173583984375,5.43212890625,-289.61181640625,-30.94482421875
0.595703125,-0.0484619140625,0.9014892578125,4.33349609375,-332.94677734375,-42.48046875
0.595703125,-0.06787109375,0.90234375,1.46484375,-388.671875,-35.7666015625
0.582763671875,-0.0716552734375,0.912353515625,-3.60107421875,-430.48095703125,-52.79541015625
0.578125,-0.010986328125,0.903564453125,-4.69970703125,-470.52001953125,-74.951171875
0.5733642578125,0.059326171875,0.9066162109375,-8.97216796875,-490.66162109375,-89.111328125
0.5667724609375,0.09130859375,0.9189453125,-10.07080078125,-498.22998046875,-152.7099609375
0.5972900390625,0.0830078125,0.935791015625,-13.7939453125,-439.51416015625,-164.9169921875
0.610107421875,0.0572509765625,0.9638671875,-48.52294921875,-386.3525390625,-154.6630859375
0.608154296875,0.0059814453125,0.9925537109375,-85.205078125,-291.748046875,-138.18359375
0.6116943359375,-0.0706787109375,1.0511474609375,-127.197265625,-206.60400390625,-79.58984375
0.6007080078125,-0.1207275390625,1.14013671875,-164.0625,-107.2998046875,11.5966796875
0.55615234375,-0.1644287109375,1.1661376953125,-192.68798828125,32.16552734375,82.03125
0.4859619140625,-0.1793212890625,1.0123291015625,-192.44384765625,119.384765625,85.38818359375
0.423095703125,-0.024658203125,0.90234375,-159.60693359375,249.1455078125,89.90478515625
0.3812255859375,-0.1793212890625,1.2978515625,-139.892578125,268.310546875,94.90966796875
0.376708984375,-0.45849609375,1.572265625,-101.5625,296.0205078125,104.6142578125
0.9259033203125,-0.364501953125,1.750244140625,-64.75830078125,306.0302734375,104.79736328125
1.169189453125,-0.3609619140625,1.3472900390625,-6.591796875,319.82421875,104.06494140625
1.2996826171875,-1.1474609375,1.5224609375,106.0791015625,334.65576171875,100.7080078125
1.8480224609375,-0.94189453125,2.04541015625,125.9765625,341.9189453125,97.16796875
2.14697265625,-0.7601318359375,1.7589111328125,112.4267578125,349.42626953125,96.61865234375
2.951171875,-0.806396484375,0.9010009765625,56.45751953125,350.5859375,100.03662109375
2.8262939453125,-1.3818359375,0.63232421875,30.8837890625,353.8818359375,104.91943359375
1.524658203125,-1.92578125,0.42041015625,12.8173828125,358.2763671875,108.0322265625
1.57861328125,-2.000732421875,0.4815673828125,7.6904296875,361.572265625,108.58154296875
2.640625,-1.2015380859375,0.52587890625,6.40869140625,362.548828125,108.45947265625
2.52880859375,-0.5340576171875,0.56689453125,4.5166015625,364.990234375,107.5439453125
1.5777587890625,0.2005615234375,0.5655517578125,-1.15966796875,367.00439453125,106.4453125
0.5799560546875,0.1968994140625,0.5611572265625,-7.32421875,370.849609375,111.02294921875
0.2496337890625,0.0513916015625,0.5501708984375,-11.16943359375,374.0234375,114.44091796875
0.08935546875,-0.08642578125,0.5406494140625,-11.53564453125,369.873046875,117.1875
0.3353271484375,-0.1517333984375,0.5926513671875,-10.80322265625,359.7412109375,113.58642578125
0.485107421875,-0.115966796875,0.689453125,-7.9345703125,348.69384765625,102.96630859375
0.5401611328125,-0.0296630859375,0.80908203125,-2.0751953125,340.75927734375,92.59033203125
0.5208740234375,0.0430908203125,0.93212890625,0.91552734375,337.09716796875,78.61328125
0.50048828125,0.05029296875,1.0504150390625,0.732421875,325.1953125,67.2607421875
0.4984130859375,0.0081787109375,1.1693115234375,-0.91552734375,289.61181640625,57.67822265625
0.5435791015625,-0.029296875,1.2982177734375,-1.28173828125,233.3984375,57.31201171875
0.641357421875,-0.063720703125,1.4886474609375,1.8310546875,180.5419921875,71.044921875
0.78076171875,-0.0960693359375,1.549072265625,-3.0517578125,140.0146484375,80.99365234375
0.9466552734375,-0.0908203125,1.62841796875,-6.53076171875,93.20068359375,72.6318359375
1.113525390625,-0.0904541015625,1.635009765625,-16.78466796875,43.64013671875,35.888671875
1.2674560546875,-0.1431884765625,1.438232421875,-37.90283203125,-18.1884765625,-17.88330078125
1.4100341796875,-0.18212890625,0.98193359375,-84.28955078125,-81.298828125,-43.64013671875
1.55126953125,-0.244140625,0.3089599609375,-144.59228515625,-109.4970703125,-48.7060546875
1.8233642578125,-0.3057861328125,-0.4073486328125,-164.4287109375,-126.28173828125,-60.546875
1.96728515625,-0.447021484375,-1.031494140625,-125.67138671875,-106.99462890625,-58.10546875
2.2738037109375,-0.639404296875,-1.44580078125,-39.9169921875,-140.380859375,-31.8603515625
2.72998046875,-0.5867919921875,-1.6568603515625,51.81884765625,-203.30810546875,-19.34814453125
3.052978515625,-0.034423828125,-1.7615966796875,88.5009765625,-238.1591796875,-31.25
2.99755859375,0.8448486328125,-1.6397705078125,97.5341796875,-254.39453125,-53.5888671875
2.6279296875,1.272705078125,-1.2659912109375,95.88623046875,-225.03662109375,-52.1240234375
2.3577880859375,0.85009765625,-0.553955078125,103.94287109375,-211.36474609375,-38.330078125
2.4013671875,0.002685546875,0.811767578125,82.45849609375,-200.50048828125,-29.541015625
2.62939453125,-0.494140625,1.3203125,54.443359375,-178.22265625,-34.0576171875
2.9539794921875,-0.09228515625,1.200927734375,21.1181640625,-45.0439453125,-30.57861328125
3.0260009765625,0.5849609375,0.7835693359375,3.60107421875,-28.80859375,-18.12744140625
2.6328125,-0.0809326171875,1.081298828125,8.36181640625,-12.3291015625,-11.65771484375
2.3355712890625,-0.4969482421875,1.6033935546875,34.97314453125,-13.3056640625,-4.69970703125
1.6651611328125,0.0712890625,1.630615234375,49.1943359375,-15.2587890625,-1.8310546875
0.71826171875,0.744384765625,1.363037109375,51.8798828125,-15.07568359375,-1.52587890625
0.3892822265625,1.0638427734375,1.251220703125,47.7294921875,-18.37158203125,-0.06103515625
-0.02880859375,1.034423828125,1.18212890625,28.6865234375,-24.0478515625,1.708984375
0.25537109375,0.3516845703125,0.98681640625,20.32470703125,-25.390625,3.41796875
0.99853515625,-0.8609619140625,1.020751953125,9.70458984375,-26.4892578125,4.8828125
1.805419921875,-1.2816162109375,0.940673828125,3.90625,-25.81787109375,3.41796875
2.00341796875,-0.370361328125,0.931396484375,0.6103515625,-24.5361328125,-0.48828125
1.7669677734375,-0.0047607421875,0.9013671875,-2.86865234375,-23.0712890625,-3.72314453125
1.72119140625,-0.0001220703125,0.89208984375,-5.55419921875,-21.42333984375,-0.732421875
1.6639404296875,0.022216796875,0.8984375,-7.6904296875,-29.72412109375,0.48828125
0.7889404296875,0.0123291015625,0.884765625,-9.521484375,-29.72412109375,1.40380859375
0.7061767578125,0.03369140625,0.8717041015625,-9.09423828125,-31.55517578125,1.89208984375
0.6265869140625,0.0093994140625,0.8624267578125,-5.55419921875,-32.5927734375,-0.9765625
0.621826171875,-0.0263671875,0.86181640625,-3.23486328125,-31.55517578125,-5.859375
0.6177978515625,-0.076904296875,0.8582763671875,-6.16455078125,-31.31103515625,-10.68115234375
0.58642578125,-0.0989990234375,0.8426513671875,-10.19287109375,-32.89794921875,-16.11328125
0.5499267578125,-0.10595703125,0.83642578125,-8.544921875,-35.46142578125,-20.01953125
0.5400390625,-0.14697265625,0.8409423828125,-12.39013671875,-37.78076171875,-21.91162109375
0.5255126953125,-0.2154541015625,0.8330078125,-13.671875,-38.87939453125,-21.54541015625
0.51953125,-0.25048828125,0.830322265625,-13.671875,-39.55078125,-19.1650390625
0.5460205078125,-0.19873046875,0.81005859375,-13.3056640625,-41.44287109375,-16.845703125
0.549072265625,-0.0218505859375,0.7960205078125,-10.1318359375,-47.18017578125,-13.00048828125
0.5386962890625,-0.0814208984375,0.806396484375,-7.99560546875,-54.6875,-9.27734375
0.55078125,-0.0938720703125,0.798828125,-5.2490234375,-64.8193359375,0.0
0.595947265625,-0.1192626953125,0.781005859375,-0.6103515625,-116.39404296875,2.9296875
0.55615234375,-0.1912841796875,0.760498046875,1.0986328125,-131.4697265625,7.080078125
0.553955078125,-0.1729736328125,0.7464599609375,4.638671875,-145.08056640625,9.8876953125
0.59619140625,-0.2265625,0.76806640625,6.34765625,-159.5458984375,10.55908203125
0.57275390625,-0.2540283203125,0.8123779296875,6.9580078125,-177.42919921875,9.70458984375
0.55029296875,-0.1878662109375,0.840576171875,1.8310546875,-196.4111328125,7.6904296875
0.5687255859375,-0.15478515625,0.8546142578125,-0.3662109375,-218.44482421875,3.662109375
0.5654296875,-0.1116943359375,0.86767578125,-3.173828125,-246.9482421875,-3.5400390625
0.5714111328125,-0.0626220703125,0.889892578125,-6.103515625,-281.73828125,-24.0478515625
0.6182861328125,-0.0391845703125,0.9112548828125,-8.48388671875,-316.46728515625,-40.46630859375
0.6260986328125,-0.01953125,0.9078369140625,-12.5732421875,-366.69921875,-33.75244140625
0.59814453125,-0.022705078125,0.934326171875,-19.53125,-430.0537109375,-24.59716796875
0.580078125,-0.0556640625,0.94287109375,-23.37646484375,-462.46337890625,-39.00146484375
0.5655517578125,0.037841796875,0.9415283203125,-27.64892578125,-500.732421875,-61.1572265625
0.558349609375,0.0621337890625,0.9329833984375,-19.1650390625,-525.87890625,-76.11083984375
0.5565185546875,0.0009765625,0.93310546875,-15.56396484375,-512.02392578125,-103.3935546875
0.597900390625,-0.07177734375,0.9610595703125,-26.2451171875,-432.861328125,-122.00927734375
0.6173095703125,-0.095947265625,0.99365234375,-58.2275390625,-379.638671875,-124.08447265625
0.586669921875,-0.1513671875,1.0181884765625,-96.49658203125,-239.1357421875,-126.5869140625
0.5576171875,-0.2188720703125,1.0748291015625,-116.27197265625,-152.9541015625,-65.97900390625
0.5562744140625,-0.303466796875,1.181640625,-144.34814453125,-15.44189453125,-14.34326171875
0.5279541015625,-0.3310546875,1.1007080078125,-204.77294921875,90.4541015625,10.55908203125
0.4437255859375,-0.1490478515625,0.8895263671875,-217.95654296875,189.88037109375,6.04248046875
0.35986328125,-0.0758056640625,0.8026123046875,-191.2841796875,265.2587890625,10.25390625
0.2626953125,-0.1929931640625,1.2110595703125,-197.93701171875,292.54150390625,12.5732421875
0.3243408203125,-0.41455078125,1.6932373046875,-151.30615234375,310.6689453125,22.0947265625
0.806640625,-0.518310546875,1.7364501953125,-98.14453125,330.62744140625,35.15625
1.348876953125,-0.52392578125,1.531494140625,-19.775390625,332.58056640625,49.8046875
1.5833740234375,-0.9093017578125,1.900390625,62.43896484375,334.1064453125,64.8193359375
1.98095703125,-0.844970703125,2.089599609375,98.57177734375,341.49169921875,79.28466796875
2.4837646484375,-0.344482421875,1.5689697265625,118.408203125,352.47802734375,91.73583984375
2.9052734375,-0.81982421875,1.1239013671875,116.88232421875,362.85400390625,99.18212890625
2.7286376953125,-1.8304443359375,0.860107421875,102.9052734375,369.62890625,105.40771484375
1.1630859375,-2.1141357421875,0.5869140625,81.787109375,376.03759765625,113.1591796875
2.242431640625,-2.1593017578125,0.4521484375,59.08203125,378.72314453125,130.37109375
2.930908203125,-1.7066650390625,0.4525146484375,41.19873046875,384.521484375,132.8125
1.797119140625,-1.0284423828125,0.47216796875,34.36279296875,388.18359375,131.591796875
1.1602783203125,-0.5030517578125,0.5291748046875,37.109375,389.22119140625,125.67138671875
0.734130859375,-0.1524658203125,0.5675048828125,39.4287109375,389.16015625,115.90576171875
0.4156494140625,0.0128173828125,0.6016845703125,36.31591796875,395.08056640625,114.07470703125
0.208984375,0.0035400390625,0.609130859375,15.7470703125,398.74267578125,114.6240234375
0.0716552734375,-0.1214599609375,0.57177734375,7.62939453125,399.71923828125,114.80712890625
0.0509033203125,-0.283935546875,0.5670166015625,-0.244140625,395.263671875,111.4501953125
0.1785888671875,-0.4158935546875,0.6727294921875,-2.38037109375,387.20703125,102.35595703125
0.3724365234375,-0.4384765625,0.7587890625,-0.79345703125,377.25830078125,86.0595703125
0.52880859375,-0.329833984375,0.8956298828125,1.708984375,365.05126953125,32.1044921875
0.5948486328125,-0.1663818359375,1.0479736328125,2.13623046875,299.86572265625,10.31494140625
0.593994140625,-0.0035400390625,1.404296875,3.173828125,239.31884765625,11.5966796875
0.567138671875,-0.01416015625,1.559326171875,0.91552734375,187.744140625,38.330078125
0.5931396484375,-0.0433349609375,1.677734375,-7.87353515625,148.25439453125,58.41064453125
0.9095458984375,-0.090576171875,1.761474609375,-18.4326171875,95.0927734375,-25.45166015625
1.03564453125,-0.1053466796875,1.808837890625,-33.203125,-97.10693359375,-36.43798828125
1.1510009765625,-0.1435546875,1.75244140625,-66.22314453125,-111.14501953125,-5.0048828125
1.294677734375,-0.15869140625,1.4964599609375,-134.765625,-83.740234375,-15.68603515625
1.7203369140625,-0.1484375,0.2164306640625,-202.08740234375,-101.07421875,-27.03857421875
1.92041015625,-0.0914306640625,-0.6494140625,-202.20947265625,-146.54541015625,-5.55419921875
2.061279296875,-0.05322265625,-1.3994140625,43.64013671875,-183.65478515625,11.65771484375
2.2088623046875,-0.2451171875,-1.820556640625,42.17529296875,-236.75537109375,-17.822265625
2.436279296875,-0.496826171875,-1.78466796875,89.41650390625,-276.55029296875,-51.025390625
2.7410888671875,0.29052734375,-1.179931640625,104.43115234375,-260.498046875,-60.6689453125
2.9755859375,1.226318359375,0.2015380859375,105.95703125,-240.05126953125,-43.15185546875
2.865234375,1.3043212890625,1.2001953125,96.0693359375,-223.69384765625,-37.65869140625
2.7451171875,0.404541015625,1.3214111328125,61.82861328125,-215.4541015625,-42.17529296875
2.6903076171875,0.03515625,0.8323974609375,35.888671875,-163.14697265625,-50.6591796875
2.778076171875,0.1817626953125,0.453369140625,8.11767578125,-103.33251953125,-42.90771484375
2.9364013671875,-0.62890625,0.584228515625,2.86865234375,-65.73486328125,-39.12353515625
2.389404296875,-0.611572265625,1.3582763671875,32.65380859375,-30.57861328125,-18.49365234375
1.3599853515625,-0.05810546875,1.843505859375,69.2138671875,-13.85498046875,-11.41357421875
0.519287109375,0.56005859375,1.6702880859375,69.7021484375,-17.63916015625,-3.0517578125
0.0667724609375,1.0469970703125,1.4556884765625,69.580078125,-19.53125,-1.0986328125
-0.4781494140625,1.200439453125,1.3729248046875,51.6357421875,-23.49853515625,0.9765625
-0.1060791015625,0.8134765625,1.3829345703125,48.76708984375,-25.45166015625,3.96728515625
0.4013671875,-0.4566650390625,1.1116943359375,27.03857421875,-27.52685546875,6.591796875
1.326416015625,-1.381591796875,0.927734375,19.22607421875,-29.47998046875,6.40869140625
2.21337890625,-0.6934814453125,1.0208740234375,5.18798828125,-27.89306640625,0.1220703125
2.2445068359375,0.3291015625,0.9464111328125,2.197265625,-24.5361328125,-1.28173828125
2.095947265625,0.3984375,0.921142578125,0.1220703125,-27.03857421875,-1.52587890625
1.966552734375,-0.113037109375,0.885986328125,-3.173828125,-29.11376953125,-1.708984375
2.052490234375,-0.197265625,0.886962890625,-8.4228515625,-32.16552734375,-0.30517578125
1.4915771484375,-0.0452880859375,0.885986328125,-12.26806640625,-35.09521484375,1.28173828125
0.76953125,0.0701904296875,0.8883056640625,-13.12255859375,-35.0341796875,-0.9765625
0.7525634765625,-0.037109375,0.88037109375,-7.568359375,-35.33935546875,-5.55419921875
0.660400390625,-0.01708984375,0.859619140625,-6.2255859375,-37.841796875,-12.87841796875
0.65771484375,-0.02197265625,0.84326171875,-7.8125,-43.02978515625,-17.578125
0.5572509765625,-0.01904296875,0.8424072265625,-4.2724609375,-45.0439453125,-19.287109375
0.525634765625,-0.0760498046875,0.8477783203125,-8.30078125,-44.5556640625,-19.10400390625
0.52294921875,-0.1787109375,0.8436279296875,-10.009765625,-43.76220703125,-20.32470703125
0.5299072265625,-0.2349853515625,0.8331298828125,-11.65771484375,-49.86572265625,-19.59228515625
0.5279541015625,-0.128173828125,0.813720703125,-7.50732421875,-56.33544921875,-16.6015625
0.537109375,-0.0982666015625,0.823486328125,-8.30078125,-63.90380859375,-13.18359375
0.5653076171875,-0.0987548828125,0.835205078125,-6.04248046875,-71.8994140625,-10.19287109375
0.580322265625,-0.0816650390625,0.781005859375,-3.2958984375,-80.62744140625,-8.544921875
0.57421875,-0.07763671875,0.729736328125,4.57763671875,-91.24755859375,-7.4462890625
0.5201416015625,-0.1549072265625,0.71484375,7.87353515625,-103.1494140625,-6.28662109375
0.543212890625,-0.1732177734375,0.7376708984375,9.82666015625,-117.12646484375,-2.9296875
0.597412109375,-0.1781005859375,0.7998046875,10.31494140625,-132.01904296875,0.79345703125
0.5626220703125,-0.1806640625,0.80859375,10.19287109375,-148.193359375,2.5634765625
0.5474853515625,-0.144775390625,0.80908203125,10.19287109375,-167.54150390625,-4.39453125
0.5872802734375,-0.13525390625,0.8203125,8.30078125,-237.36572265625,-15.0146484375
0.6226806640625,-0.0987548828125,0.841064453125,6.65283203125,-267.578125,-31.92138671875
0.634033203125,-0.0634765625,0.86181640625,5.43212890625,-309.99755859375,-49.62158203125
0.6214599609375,-0.040283203125,0.87890625,3.173828125,-363.1591796875,-27.28271484375
0.6031494140625,-0.025390625,0.887939453125,0.9765625,-439.3310546875,-31.92138671875
0.6033935546875,-0.049072265625,0.899658203125,-10.31494140625,-481.3232421875,-64.14794921875
0.606201171875,-0.0570068359375,0.9169921875,-10.6201171875,-519.4091796875,-67.2607421875
0.6124267578125,-0.0394287109375,0.9312744140625,-14.2822265625,-541.44287109375,-67.93212890625
0.6043701171875,-0.0015869140625,0.961181640625,-6.89697265625,-517.27294921875,-108.154296875
0.595703125,0.05078125,0.9847412109375,-27.4658203125,-488.58642578125,-121.826171875
0.59423828125,0.0433349609375,1.0029296875,-71.8994140625,-422.66845703125,-146.8505859375
0.6015625,-0.0111083984375,1.0750732421875,-93.6279296875,-372.98583984375,-151.7333984375
0.6085205078125,-0.078369140625,1.1453857421875,-126.8310546875,-297.36328125,-142.88330078125
0.5928955078125,-0.254638671875,1.2930908203125,-184.9365234375,-204.7119140625,-105.224609375
0.5810546875,-0.2835693359375,1.179443359375,-208.92333984375,-115.90576171875,-17.76123046875
0.557861328125,-0.066650390625,0.7994384765625,-235.107421875,25.57373046875,43.9453125
0.3582763671875,0.0487060546875,0.7374267578125,-233.642578125,117.61474609375,62.31689453125
0.2430419921875,-0.4139404296875,0.9970703125,-199.462890625,226.25732421875,65.185546875
0.2529296875,-0.49853515625,1.38232421875,-179.01611328125,270.99609375,65.5517578125
0.7762451171875,-0.1802978515625,1.935546875,-149.59716796875,294.43359375,66.2841796875
1.402587890625,-0.54833984375,2.18212890625,-86.42578125,319.3359375,70.556640625
1.68994140625,-1.1092529296875,1.811279296875,-31.6162109375,333.0078125,76.5380859375
2.060546875,-1.0362548828125,1.6669921875,41.748046875,338.0126953125,81.298828125
2.5755615234375,-0.9873046875,2.0244140625,98.876953125,341.6748046875,83.49609375
3.0418701171875,-1.0640869140625,1.90283203125,129.2724609375,351.9287109375,83.92333984375
3.0335693359375,-0.835693359375,1.3707275390625,137.51220703125,363.95263671875,82.70263671875
2.7103271484375,-1.455078125,1.056884765625,127.5634765625,371.52099609375,81.35986328125
1.8834228515625,-2.1177978515625,0.7633056640625,106.3232421875,374.1455078125,84.1064453125
1.1676025390625,-2.0887451171875,0.5587158203125,82.82470703125,371.337890625,87.646484375
2.3067626953125,-1.9462890625,0.4962158203125,62.8662109375,369.9951171875,89.9658203125
2.4378662109375,-1.392578125,0.510009765625,50.4150390625,370.17822265625,90.39306640625
1.390625,-0.7532958984375,0.5374755859375,44.0673828125,373.71826171875,90.63720703125
1.1007080078125,-0.25244140625,0.5762939453125,27.2216796875,379.57763671875,94.17724609375
0.6405029296875,0.0411376953125,0.5767822265625,7.99560546875,386.23046875,99.42626953125
0.33837890625,0.1162109375,0.5472412109375,-12.451171875,391.4794921875,115.3564453125
0.199951171875,0.0142822265625,0.488037109375,-26.611328125,392.51708984375,121.76513671875
0.1868896484375,-0.1444091796875,0.4869384765625,-31.06689453125,385.07080078125,126.64794921875
0.24169921875,-0.2470703125,0.5870361328125,-28.01513671875,374.6337890625,127.5634765625
0.3614501953125,-0.2403564453125,0.7452392578125,-24.23095703125,360.90087890625,120.54443359375
0.52734375,-0.113037109375,0.908447265625,-18.24951171875,347.96142578125,105.77392578125
0.63525390625,0.168212890625,1.0518798828125,-13.18359375,338.80615234375,78.67431640625
0.62158203125,0.161865234375,1.1788330078125,-12.02392578125,306.396484375,56.57958984375
0.5567626953125,0.037841796875,1.2978515625,-14.95361328125,250.06103515625,44.86083984375
0.5675048828125,-0.1068115234375,1.5482177734375,-19.59228515625,200.8056640625,50.59814453125
0.7099609375,-0.1983642578125,1.652099609375,-16.4794921875,164.24560546875,62.5
0.9267578125,-0.20703125,1.707763671875,-16.78466796875,124.3896484375,62.744140625
1.12939453125,-0.192138671875,1.7261962890625,1.15966796875,74.3408203125,41.9921875
1.2918701171875,-0.1785888671875,1.611328125,-1.8310546875,5.7373046875,-7.6904296875
1.435791015625,-0.1514892578125,1.2958984375,-53.7109375,-60.6689453125,-46.0205078125
1.5643310546875,-0.091552734375,0.724609375,-136.53564453125,-99.18212890625,-52.1240234375
1.8038330078125,-0.0780029296875,-0.066650390625,-192.0166015625,-112.36572265625,-37.4755859375
1.9471435546875,-0.1829833984375,-0.82958984375,-170.59326171875,-105.40771484375,-38.87939453125
2.16357421875,-0.6287841796875,-1.35595703125,-87.46337890625,-100.341796875,-42.41943359375
2.4898681640625,-0.9090576171875,-1.582275390625,18.4326171875,-106.87255859375,16.90673828125
2.8729248046875,-0.2525634765625,-1.571533203125,79.77294921875,-203.91845703125,-43.8232421875
3.019287109375,0.87255859375,-1.4910888671875,76.23291015625,-230.5908203125,-19.04296875
2.801025390625,1.4842529296875,-1.3441162109375,79.833984375,-212.21923828125,-33.5693359375
2.51611328125,1.14794921875,-0.991455078125,104.43115234375,-188.8427734375,-41.3818359375
2.458740234375,0.26416015625,-0.47998046875,96.0693359375,-145.32470703125,-49.01123046875
2.57080078125,-0.5294189453125,0.54931640625,61.4013671875,-94.66552734375,-47.54638671875
2.8389892578125,-0.4449462890625,1.2396240234375,-10.19287109375,-66.71142578125,-33.26416015625
3.1051025390625,0.3787841796875,1.217529296875,19.71435546875,-18.61572265625,-25.69580078125
2.9156494140625,0.8326416015625,0.7454833984375,43.51806640625,-19.59228515625,-16.29638671875
2.5224609375,0.2117919921875,1.54443359375,31.18896484375,-23.4375,-9.1552734375
2.4012451171875,-0.398193359375,1.2744140625,54.87060546875,-23.98681640625,-3.72314453125
2.17529296875,-0.267822265625,1.2017822265625,70.4345703125,-26.2451171875,1.89208984375
1.184814453125,0.6160888671875,1.17138671875,43.39599609375,-30.33447265625,7.01904296875
0.2470703125,0.2437744140625,1.0452880859375,37.4755859375,-31.73828125,10.6201171875
-0.1785888671875,-1.0107421875,0.9425048828125,27.83203125,-33.02001953125,13.12255859375
0.3046875,-0.1123046875,0.947021484375,19.1650390625,-31.6162109375,12.26806640625
1.7374267578125,0.198486328125,0.9404296875,7.9345703125,-28.74755859375,8.97216796875
1.5479736328125,-0.405517578125,0.91650390625,-3.2958984375,-25.146484375,3.2958984375
1.5865478515625,-0.266357421875,0.913330078125,-10.43701171875,-24.47509765625,-2.99072265625
1.5692138671875,-0.164306640625,0.9244384765625,-15.13671875,-25.7568359375,-7.01904296875
1.44189453125,-0.008056640625,0.9139404296875,-19.83642578125,-27.28271484375,-10.3759765625
0.9879150390625,0.0609130859375,0.90380859375,-21.97265625,-29.6630859375,-12.20703125
0.59326171875,-0.0113525390625,0.89013671875,-21.30126953125,-32.04345703125,-11.04736328125
0.5963134765625,0.076416015625,0.8692626953125,-16.17431640625,-35.400390625,-9.3994140625
0.6197509765625,0.0867919921875,0.851806640625,-9.46044921875,-33.75244140625,-10.55908203125
0.615966796875,0.025634765625,0.834716796875,-3.173828125,-32.71484375,-12.14599609375
0.594970703125,-0.007080078125,0.83544921875,1.28173828125,-32.89794921875,-14.46533203125
0.593017578125,-0.1002197265625,0.838623046875,4.82177734375,-33.26416015625,-21.30126953125
0.56591796875,-0.2060546875,0.834228515625,10.19287109375,-29.47998046875,-25.2685546875
0.566162109375,-0.2685546875,0.83349609375,7.14111328125,-26.18408203125,-29.35791015625
0.58203125,-0.2816162109375,0.842529296875,5.0048828125,-23.3154296875,-32.3486328125
0.5721435546875,-0.2384033203125,0.823974609375,0.8544921875,-22.03369140625,-31.8603515625
0.5625,-0.1912841796875,0.8028564453125,-1.220703125,-28.1982421875,-27.9541015625
0.5458984375,-0.1312255859375,0.8052978515625,0.67138671875,-36.4990234375,-22.39990234375
0.5469970703125,-0.1568603515625,0.8038330078125,1.3427734375,-46.142578125,-15.9912109375
0.5517578125,-0.1241455078125,0.7764892578125,3.173828125,-57.373046875,-9.82666015625
0.55810546875,-0.096435546875,0.708984375,5.43212890625,-70.068359375,-4.5166015625
0.5362548828125,-0.148681640625,0.6793212890625,12.63427734375,-85.0830078125,-0.48828125
0.5699462890625,-0.1534423828125,0.685302734375,13.97705078125,-100.64697265625,3.11279296875
0.6142578125,-0.1861572265625,0.7259521484375,14.0380859375,-118.10302734375,11.53564453125
0.5870361328125,-0.2083740234375,0.831298828125,14.16015625,-148.681640625,11.65771484375
0.587158203125,-0.216064453125,0.8642578125,13.48876953125,-165.71044921875,9.1552734375
0.6011962890625,-0.18505859375,0.8807373046875,11.474609375,-187.3779296875,3.84521484375
0.631103515625,-0.12548828125,0.8870849609375,9.521484375,-209.41162109375,-16.9677734375
0.6156005859375,-0.0142822265625,0.9066162109375,7.38525390625,-267.08984375,-35.94970703125
0.593505859375,0.0186767578125,0.92138671875,-3.2958984375,-304.99267578125,-77.57568359375
0.6026611328125,0.04248046875,0.935302734375,-7.38525390625,-468.75,-110.29052734375
0.5733642578125,0.0567626953125,0.9432373046875,-10.3759765625,-527.587890625,-109.68017578125
0.5770263671875,0.0692138671875,0.935546875,-10.92529296875,-558.2275390625,-96.74072265625
0.5904541015625,0.052734375,0.9793701171875,-12.451171875,-547.66845703125,-105.52978515625
0.5838623046875,0.043212890625,0.9927978515625,-15.9912109375,-514.95361328125,-118.408203125
0.557373046875,0.056884765625,1.0101318359375,-36.4990234375,-446.1669921875,-145.6298828125
0.5491943359375,0.07861328125,1.0439453125,-53.5888671875,-386.16943359375,-173.64501953125
0.5482177734375,0.0059814453125,1.1116943359375,-90.9423828125,-217.1630859375,-135.43701171875
0.55615234375,-0.08447265625,1.389892578125,-153.13720703125,-133.60595703125,-30.57861328125
0.5799560546875,-0.1549072265625,1.34912109375,-204.77294921875,14.34326171875,39.73388671875
0.5555419921875,-0.19970703125,0.919921875,-247.55859375,111.87744140625,67.0166015625
0.53662109375,-0.312255859375,0.7034912109375,-248.10791015625,220.8251953125,81.0546875
0.525390625,-0.47998046875,0.8370361328125,-171.20361328125,256.591796875,92.1630859375
0.4593505859375,-0.5140380859375,1.3294677734375,-121.2158203125,266.9677734375,98.14453125
0.308349609375,-0.0443115234375,1.9306640625,-71.77734375,272.3388671875,102.84423828125
1.1561279296875,-0.236572265625,1.7647705078125,-15.56396484375,270.3857421875,108.21533203125
1.4656982421875,-0.9041748046875,1.666748046875,48.76708984375,268.98193359375,111.9384765625
1.8907470703125,-0.94921875,2.101806640625,95.458984375,284.3017578125,115.966796875
2.3074951171875,-0.927001953125,1.8660888671875,116.0888671875,301.08642578125,118.46923828125
2.9361572265625,-1.144287109375,1.2947998046875,123.9013671875,320.9228515625,116.76025390625
3.2864990234375,-1.6083984375,1.023193359375,118.34716796875,337.70751953125,112.6708984375
3.030517578125,-2.1522216796875,0.7650146484375,100.09765625,338.43994140625,108.58154296875
1.3782958984375,-1.9560546875,0.57470703125,79.833984375,352.5390625,107.177734375
2.3629150390625,-1.7471923828125,0.5458984375,59.5703125,366.02783203125,109.375
2.518310546875,-1.1563720703125,0.5784912109375,45.654296875,373.6572265625,109.80224609375
1.30810546875,-0.5537109375,0.6236572265625,39.794921875,381.7138671875,109.55810546875
0.8790283203125,-0.1480712890625,0.6563720703125,43.15185546875,386.962890625,107.7880859375
0.416259765625,0.076171875,0.64453125,42.96875,389.58740234375,102.9052734375
0.0665283203125,0.1417236328125,0.655517578125,38.39111328125,393.6767578125,99.42626953125
-0.0806884765625,0.124267578125,0.650390625,28.80859375,399.7802734375,99.9755859375
-0.026611328125,0.074462890625,0.614013671875,22.03369140625,407.77587890625,103.33251953125
0.1904296875,0.00634765625,0.6173095703125,17.2119140625,413.14697265625,108.70361328125
0.4244384765625,-0.041015625,0.645751953125,15.13671875,413.9404296875,113.83056640625
0.5506591796875,-0.0589599609375,0.682373046875,18.00537109375,408.38623046875,115.234375
0.5814208984375,-0.0087890625,0.769287109375,23.8037109375,397.0947265625,109.55810546875
0.5750732421875,0.0908203125,0.9190673828125,24.35302734375,384.82666015625,98.388671875
0.5927734375,0.11962890625,1.0909423828125,21.91162109375,365.72265625,82.94677734375
0.6297607421875,0.0733642578125,1.2467041015625,13.48876953125,330.01708984375,67.44384765625
0.67919921875,0.0015869140625,1.3804931640625,3.7841796875,274.71923828125,48.88916015625
0.75732421875,-0.0966796875,1.4893798828125,-5.2490234375,138.671875,51.6357421875
0.841552734375,-0.204345703125,1.5567626953125,-12.939453125,94.3603515625,36.19384765625
0.9542236328125,-0.251953125,1.5943603515625,-19.10400390625,19.22607421875,3.35693359375
1.133544921875,-0.2337646484375,1.6021728515625,-27.34375,-51.20849609375,-28.6865234375
1.3570556640625,-0.2137451171875,1.52880859375,-44.921875,-93.44482421875,-31.18896484375
1.5654296875,-0.217041015625,1.266845703125,-185.11962890625,-116.5771484375,-6.16455078125
1.7392578125,-0.2396240234375,0.7371826171875,-180.908203125,-114.80712890625,-2.9296875
1.908203125,-0.303466796875,0.009521484375,-115.966796875,-107.48291015625,-28.50341796875
2.0751953125,-0.438720703125,-1.7288818359375,-28.50341796875,-155.76171875,-25.57373046875
2.2535400390625,-0.618896484375,-1.83154296875,40.95458984375,-205.74951171875,-5.615234375
2.5242919921875,-0.67431640625,-1.73193359375,59.14306640625,-257.8125,-17.02880859375
2.8973388671875,-0.294189453125,-1.5660400390625,76.35498046875,-291.8701171875,-54.74853515625
3.1485595703125,1.0093994140625,-1.2333984375,86.9140625,-253.47900390625,-71.83837890625
3.0731201171875,0.410400390625,-0.3740234375,99.79248046875,-263.3056640625,-59.4482421875
2.8416748046875,-0.30712890625,0.76611328125,101.6845703125,-232.84912109375,-52.978515625
3.039306640625,-0.4547119140625,1.22705078125,69.4580078125,-219.42138671875,-67.5048828125
3.0487060546875,0.0516357421875,0.9952392578125,37.59765625,-95.76416015625,-58.59375
2.9072265625,0.3955078125,0.5989990234375,20.69091796875,-47.36328125,-37.29248046875
2.641845703125,0.056640625,0.583251953125,6.591796875,-20.56884765625,-18.61572265625
2.416015625,-0.572021484375,1.2799072265625,35.58349609375,-10.92529296875,-7.38525390625
1.57275390625,-0.61962890625,1.9305419921875,77.0263671875,-14.2822265625,-0.42724609375
0.68359375,0.3046875,1.8328857421875,82.03125,-16.4794921875,3.23486328125
0.1412353515625,1.1029052734375,1.4373779296875,59.99755859375,-19.775390625,5.7373046875
-0.4268798828125,1.2666015625,1.3216552734375,52.91748046875,-24.2919921875,8.9111328125
-0.278564453125,0.9739990234375,1.10302734375,30.76171875,-25.634765625,8.48388671875
0.3770751953125,-0.3341064453125,0.8939208984375,17.76123046875,-25.2685546875,6.40869140625
1.5430908203125,-1.5228271484375,0.9805908203125,6.77490234375,-22.8271484375,0.9765625
2.330322265625,-0.90576171875,0.9234619140625,-0.54931640625,-19.4091796875,-5.43212890625
2.3189697265625,0.4669189453125,0.910400390625,-4.8828125,-22.27783203125,-6.103515625
2.3057861328125,-0.22314453125,0.902587890625,-11.16943359375,-24.96337890625,-6.04248046875
2.1629638671875,0.1990966796875,0.8934326171875,-12.14599609375,-29.052734375,-5.31005859375
1.5162353515625,0.08740234375,0.88134765625,-12.51220703125,-31.06689453125,-3.84521484375
0.5897216796875,0.158203125,0.8814697265625,-9.765625,-30.76171875,-2.01416015625
0.802978515625,0.0635986328125,0.879638671875,-2.5634765625,-33.75244140625,-0.6103515625
0.7208251953125,-0.019287109375,0.8521728515625,-0.91552734375,-33.87451171875,-4.39453125
0.616455078125,-0.0299072265625,0.8380126953125,-0.1220703125,-33.87451171875,-11.90185546875
0.580810546875,-0.039306640625,0.8394775390625,-3.0517578125,-37.41455078125,-13.5498046875
0.57373046875,-0.1376953125,0.8529052734375,-5.859375,-37.109375,-15.0146484375
0.5836181640625,-0.2484130859375,0.8629150390625,-3.90625,-35.94970703125,-15.9912109375
0.5380859375,-0.3140869140625,0.843017578125,-9.70458984375,-34.66796875,-16.90673828125
0.5338134765625,-0.2628173828125,0.83837890625,-11.90185546875,-33.75244140625,-17.63916015625
0.53662109375,-0.09765625,0.8270263671875,-12.5732421875,-36.80419921875,-15.56396484375
0.544677734375,-0.0594482421875,0.80517578125,-13.5498046875,-43.212890625,-11.65771484375
0.5511474609375,-0.022705078125,0.8154296875,-10.986328125,-53.22265625,-8.85009765625
0.5423583984375,-0.083251953125,0.7769775390625,-8.60595703125,-63.78173828125,-5.67626953125
0.5458984375,-0.07568359375,0.73974609375,-5.615234375,-73.91357421875,-0.91552734375
0.5712890625,-0.11474609375,0.7169189453125,-1.89208984375,-84.65576171875,3.47900390625
0.537353515625,-0.1630859375,0.7183837890625,0.9765625,-95.76416015625,5.43212890625
0.55029296875,-0.166748046875,0.755126953125,2.3193359375,-107.23876953125,7.26318359375
0.584716796875,-0.122802734375,0.8009033203125,3.23486328125,-135.80322265625,9.3994140625
0.5516357421875,-0.1490478515625,0.842529296875,3.96728515625,-153.01513671875,8.6669921875
0.5927734375,-0.153564453125,0.8682861328125,3.84521484375,-172.42431640625,6.28662109375
0.634033203125,-0.1639404296875,0.867431640625,2.685546875,-193.4814453125,2.74658203125
0.6300048828125,-0.10546875,0.8544921875,-0.48828125,-216.9189453125,-0.9765625
0.615966796875,-0.0294189453125,0.85205078125,-5.859375,-246.03271484375,-10.498046875
0.5902099609375,-0.016357421875,0.86572265625,-7.62939453125,-279.296875,-31.1279296875
0.57958984375,-0.0325927734375,0.8831787109375,-8.72802734375,-314.51416015625,-49.6826171875
0.5693359375,-0.0172119140625,0.9200439453125,-9.58251953125,-367.431640625,-48.095703125
0.5634765625,0.0101318359375,0.95849609375,-14.2822265625,-432.92236328125,-42.8466796875
0.574462890625,-0.0260009765625,0.971923828125,-24.10888671875,-471.923828125,-59.08203125
0.5810546875,-0.073486328125,0.9713134765625,-27.9541015625,-520.20263671875,-62.6220703125
0.5926513671875,0.0208740234375,0.9727783203125,-16.357421875,-546.44775390625,-68.2373046875
0.5947265625,-0.009033203125,0.9554443359375,-17.63916015625,-527.40478515625,-100.341796875
0.5799560546875,-0.0882568359375,0.9661865234375,-32.71484375,-498.9013671875,-117.37060546875
0.5799560546875,-0.13525390625,1.02392578125,-68.66455078125,-428.7109375,-145.99609375
0.5718994140625,-0.1507568359375,1.068359375,-103.02734375,-371.337890625,-160.5224609375
0.553955078125,-0.1949462890625,1.0899658203125,-139.892578125,-292.48046875,-157.16552734375
0.5526123046875,-0.324951171875,1.2537841796875,-187.92724609375,-196.4111328125,-123.59619140625
0.5162353515625,-0.3592529296875,1.152099609375,-224.365234375,-103.08837890625,-50.537109375
0.4326171875,-0.1759033203125,0.803466796875,-253.84521484375,33.935546875,8.97216796875
0.3714599609375,-0.05615234375,0.76220703125,-250.06103515625,129.150390625,25.5126953125
0.2574462890625,-0.23193359375,0.98486328125,-200.98876953125,227.9052734375,28.564453125
0.2354736328125,-0.3369140625,1.357421875,-173.7060546875,263.48876953125,33.63037109375
0.8128662109375,-0.251220703125,1.892822265625,-162.04833984375,276.91650390625,39.48974609375
1.3428955078125,-0.4891357421875,2.1529541015625,-104.3701171875,285.33935546875,47.79052734375
1.5240478515625,-1.03662109375,1.8165283203125,-57.80029296875,285.82763671875,60.6689453125
1.952880859375,-1.1331787109375,1.7003173828125,14.46533203125,283.38623046875,74.70703125
2.509765625,-1.1365966796875,2.0823974609375,70.00732421875,294.25048828125,88.92822265625
3.0291748046875,-1.1859130859375,1.8642578125,97.47314453125,310.11962890625,102.84423828125
3.1737060546875,-0.7125244140625,1.2501220703125,109.92431640625,328.0029296875,110.9619140625
2.965576171875,-1.237548828125,0.9423828125,111.083984375,347.900390625,113.83056640625
2.190673828125,-1.999755859375,0.67333984375,98.876953125,357.60498046875,116.5771484375
1.3697509765625,-2.0291748046875,0.526611328125,80.62744140625,360.90087890625,119.07958984375
2.345703125,-1.9044189453125,0.507568359375,59.50927734375,375.06103515625,124.267578125
2.5648193359375,-1.32080078125,0.521240234375,42.78564453125,386.16943359375,128.90625
1.38671875,-0.7623291015625,0.5635986328125,33.99658203125,392.27294921875,131.04248046875
0.79931640625,-0.41064453125,0.6160888671875,33.69140625,393.9208984375,128.11279296875
0.304443359375,-0.19970703125,0.60400390625,34.36279296875,396.484375,125.8544921875
0.0423583984375,-0.0972900390625,0.5859375,28.50341796875,396.54541015625,121.88720703125
-0.0745849609375,-0.0924072265625,0.6162109375,16.6015625,397.4609375,128.41796875
-0.046875,-0.1494140625,0.5943603515625,4.39453125,401.3671875,134.46044921875
0.1048583984375,-0.2359619140625,0.5594482421875,-4.2724609375,401.30615234375,120.9716796875
0.3131103515625,-0.2928466796875,0.59765625,-3.0517578125,371.2158203125,67.68798828125
0.5023193359375,-0.28759765625,0.667724609375,-5.67626953125,320.4345703125,31.55517578125
0.60009765625,-0.2110595703125,0.753662109375,-4.150390625,273.49853515625,1.5869140625
0.6153564453125,-0.069580078125,0.8731689453125,-4.45556640625,175.048828125,37.9638671875
0.6180419921875,0.017578125,1.03271484375,1.0986328125,62.1337890625,34.0576171875
0.660400390625,0.0067138671875,1.2083740234375,11.1083984375,1.708984375,-39.12353515625
0.73291015625,-0.0635986328125,1.589111328125,-0.732421875,-112.4267578125,-45.41015625
0.809326171875,-0.0853271484375,1.7093505859375,-20.32470703125,-139.46533203125,7.9345703125
0.90185546875,-0.094482421875,1.6544189453125,-156.8603515625,-91.1865234375,4.638671875
1.0135498046875,-0.1387939453125,0.6524658203125,-216.9189453125,-146.240234375,-6.9580078125
1.157958984375,-0.2144775390625,-0.183837890625,-141.4794921875,-196.96044921875,22.52197265625
1.3255615234375,-0.2669677734375,-1.734375,64.0869140625,-225.2197265625,16.66259765625
1.50830078125,-0.3218994140625,-1.9005126953125,82.8857421875,-273.37646484375,-40.771484375
1.965087890625,-0.62548828125,-1.6923828125,139.70947265625,-261.3525390625,-75.13427734375
2.1776123046875,-0.33447265625,-1.0648193359375,120.30029296875,-243.10302734375,-71.2890625
2.8995361328125,1.4691162109375,-0.664306640625,131.4697265625,-224.67041015625,-50.47607421875
3.0523681640625,0.25537109375,1.8289794921875,94.1162109375,-206.4208984375,-53.52783203125
2.9869384765625,-0.8155517578125,1.279052734375,51.33056640625,-165.8935546875,-65.00244140625
2.751953125,-0.215576171875,0.5555419921875,24.0478515625,-107.177734375,-55.7861328125
2.9395751953125,0.461669921875,0.4344482421875,2.13623046875,-58.59375,-27.40478515625
3.017333984375,-0.85205078125,0.9669189453125,25.20751953125,-8.6669921875,-21.78955078125
2.6435546875,-0.6124267578125,1.8089599609375,71.6552734375,-4.638671875,-12.14599609375
2.073974609375,0.3685302734375,2.014892578125,99.609375,-11.1083984375,-6.591796875
-0.185546875,1.38232421875,1.4617919921875,82.58056640625,-13.7939453125,-2.5634765625
-0.5135498046875,1.6788330078125,1.2471923828125,53.16162109375,-15.68603515625,-0.48828125
-0.3277587890625,1.6446533203125,1.39990234375,39.97802734375,-18.9208984375,0.06103515625
0.411865234375,0.426025390625,1.1910400390625,32.04345703125,-20.6298828125,0.3662109375
1.1864013671875,-1.507568359375,0.9261474609375,20.263671875,-19.47021484375,3.5400390625
2.128662109375,-1.6590576171875,0.9342041015625,11.90185546875,-16.4794921875,0.244140625
2.5335693359375,-0.0177001953125,0.938720703125,4.94384765625,-16.4794921875,-5.79833984375
2.24658203125,0.8623046875,0.921630859375,1.03759765625,-18.98193359375,-4.39453125
2.036376953125,-0.1287841796875,0.900146484375,-0.18310546875,-22.216796875,-3.11279296875
2.224365234375,0.1951904296875,0.890380859375,-0.67138671875,-27.16064453125,-2.5634765625
1.5810546875,0.0386962890625,0.8868408203125,-4.82177734375,-31.982421875,-2.25830078125
0.6092529296875,0.0936279296875,0.87744140625,-3.90625,-36.07177734375,-2.25830078125
0.8243408203125,0.05322265625,0.8585205078125,2.38037109375,-38.87939453125,-4.39453125
0.6903076171875,-0.00830078125,0.85302734375,-0.3662109375,-41.19873046875,-9.27734375
0.623779296875,-0.034423828125,0.8546142578125,-2.50244140625,-42.8466796875,-13.0615234375
0.6016845703125,-0.0531005859375,0.8455810546875,-3.5400390625,-45.59326171875,-17.4560546875
0.5865478515625,-0.054443359375,0.8612060546875,-4.2724609375,-46.69189453125,-19.04296875
0.5782470703125,-0.1368408203125,0.8763427734375,-7.32421875,-48.828125,-19.4091796875
0.5711669921875,-0.22119140625,0.8890380859375,-14.6484375,-53.1005859375,-20.263671875
0.557861328125,-0.1617431640625,0.884521484375,-15.31982421875,-59.814453125,-18.73779296875
0.5225830078125,-0.08544921875,0.8504638671875,-15.13671875,-69.03076171875,-14.34326171875
0.511962890625,-0.03759765625,0.8046875,-13.73291015625,-78.2470703125,-4.69970703125
0.51025390625,-0.043212890625,0.8089599609375,-10.92529296875,-95.458984375,-1.03759765625
0.5164794921875,-0.0567626953125,0.7730712890625,-5.43212890625,-106.5673828125,4.2724609375
0.51416015625,-0.076904296875,0.7579345703125,-0.9765625,-135.25390625,10.43701171875
0.4974365234375,-0.1353759765625,0.752197265625,3.2958984375,-193.29833984375,-4.69970703125
0.54296875,-0.154541015625,0.8121337890625,5.2490234375,-269.95849609375,-17.578125
0.5501708984375,-0.1829833984375,0.841552734375,4.08935546875,-305.35888671875,-42.29736328125
0.55029296875,-0.1846923828125,0.8453369140625,2.86865234375,-348.14453125,-34.60693359375
0.538330078125,-0.1541748046875,0.8397216796875,-1.28173828125,-427.8564453125,-23.25439453125
0.6024169921875,-0.1129150390625,0.838134765625,-3.72314453125,-476.9287109375,-41.68701171875
0.60498046875,-0.089599609375,0.8643798828125,-15.31982421875,-513.7939453125,-49.8046875
0.60546875,-0.0316162109375,0.911376953125,-20.263671875,-545.83740234375,-47.9736328125
0.5751953125,0.010498046875,0.937744140625,-11.16943359375,-534.72900390625,-76.47705078125
0.5692138671875,-0.0009765625,0.95654296875,-17.63916015625,-510.55908203125,-109.7412109375
0.5838623046875,-0.010986328125,0.9766845703125,-59.87548828125,-463.2568359375,-125.06103515625
0.599365234375,0.041748046875,1.0609130859375,-90.576171875,-392.822265625,-148.49853515625
0.6044921875,-0.0460205078125,1.1124267578125,-127.62451171875,-325.86669921875,-143.12744140625
0.59521484375,-0.231201171875,1.1912841796875,-174.01123046875,-236.26708984375,-132.6904296875
0.5931396484375,-0.3187255859375,1.1834716796875,-222.900390625,-140.625,-45.5322265625
0.5791015625,-0.247802734375,0.8770751953125,-242.98095703125,-11.8408203125,23.13232421875
0.3665771484375,0.0103759765625,0.7176513671875,-262.63427734375,83.55712890625,48.828125
0.287109375,-0.1982421875,0.898681640625,-228.6376953125,194.2138671875,47.36328125
0.212158203125,-0.394287109375,1.2913818359375,-193.42041015625,245.54443359375,47.7294921875
0.6988525390625,-0.24951171875,1.781982421875,-177.67333984375,267.51708984375,55.96923828125
1.2689208984375,-0.3443603515625,2.14794921875,-110.4736328125,301.1474609375,64.697265625
1.5244140625,-0.9371337890625,2.0531005859375,-52.490234375,309.50927734375,90.27099609375
1.9022216796875,-1.0618896484375,1.6646728515625,21.78955078125,370.361328125,92.10205078125
2.3958740234375,-0.9471435546875,1.9580078125,86.0595703125,378.47900390625,93.505859375
2.8531494140625,-1.162109375,2.00390625,117.5537109375,394.10400390625,94.6044921875
3.2490234375,-0.8377685546875,1.3834228515625,122.37548828125,395.01953125,96.923828125
3.13427734375,-1.331787109375,1.07568359375,104.79736328125,400.390625,100.52490234375
2.307373046875,-2.1094970703125,0.8431396484375,32.40966796875,405.8837890625,104.30908203125
1.3919677734375,-2.158935546875,0.5509033203125,33.935546875,403.13720703125,105.5908203125
2.2379150390625,-2.0059814453125,0.54541015625,30.57861328125,398.25439453125,106.75048828125
2.6439208984375,-1.451904296875,0.6124267578125,28.3203125,399.0478515625,107.36083984375
1.463134765625,-0.798583984375,0.565185546875,20.32470703125,401.67236328125,114.31884765625
0.9281005859375,-0.0240478515625,0.51611328125,9.70458984375,404.541015625,121.52099609375
0.572509765625,0.110107421875,0.521728515625,-0.42724609375,406.67724609375,130.859375
0.3931884765625,-0.1380615234375,0.5048828125,-8.1787109375,405.94482421875,137.75634765625
0.163330078125,-0.2508544921875,0.5335693359375,-15.2587890625,400.146484375,140.5029296875
0.2139892578125,-0.1912841796875,0.6517333984375,-13.7939453125,390.68603515625,138.24462890625
0.6573486328125,-0.12255859375,0.80810546875,-16.845703125,380.06591796875,129.2724609375
0.7471923828125,-0.0655517578125,0.9600830078125,-17.02880859375,362.6708984375,117.49267578125
0.7283935546875,-0.0430908203125,1.127685546875,-18.24951171875,334.716796875,94.3603515625
0.697021484375,-0.0601806640625,1.3160400390625,-18.6767578125,296.142578125,49.8046875
0.7337646484375,-0.119140625,1.4954833984375,-19.4091796875,244.68994140625,0.67138671875
0.782958984375,-0.197998046875,1.6298828125,-18.24951171875,177.91748046875,-11.53564453125
0.8929443359375,-0.245361328125,1.7216796875,-9.58251953125,121.64306640625,1.8310546875
1.079833984375,-0.2596435546875,1.774658203125,-7.8125,69.15283203125,4.57763671875
1.275634765625,-0.27783203125,1.77685546875,-15.625,-2.0751953125,-7.26318359375
1.446044921875,-0.288818359375,1.622802734375,-23.74267578125,-47.7294921875,-48.4619140625
1.626708984375,-0.2882080078125,1.181396484375,-37.78076171875,-88.43994140625,-76.11083984375
1.82421875,-0.30126953125,0.45068359375,-99.7314453125,-118.59130859375,-93.20068359375
1.9901123046875,-0.362060546875,-0.4278564453125,-146.54541015625,-125.3662109375,-94.90966796875
2.1275634765625,-0.3748779296875,-1.3162841796875,-112.60986328125,-95.0927734375,-92.8955078125
2.346923828125,-0.228271484375,-1.9859619140625,-28.74755859375,-98.9990234375,-37.65869140625
2.6893310546875,-0.2342529296875,-2.1451416015625,79.1015625,-177.734375,19.71435546875
2.92919921875,-0.285888671875,-1.972900390625,128.41796875,-252.86865234375,18.310546875
2.92431640625,0.57763671875,-1.613525390625,114.56298828125,-292.8466796875,-41.015625
2.846923828125,1.68798828125,-1.028076171875,112.79296875,-241.76025390625,-36.2548828125
2.8599853515625,1.4234619140625,-0.3875732421875,109.80224609375,-180.5419921875,-42.3583984375
2.9700927734375,0.2313232421875,0.6109619140625,92.22412109375,-106.99462890625,-39.85595703125
3.0701904296875,-0.62060546875,1.378173828125,56.2744140625,-65.97900390625,-9.94873046875
3.2060546875,-0.4024658203125,1.2666015625,29.052734375,-17.4560546875,-6.8359375
3.262451171875,0.5401611328125,0.80615234375,-9.33837890625,-19.71435546875,-3.173828125
2.942138671875,0.782470703125,0.7445068359375,49.98779296875,-18.5546875,-0.91552734375
2.6324462890625,-0.0706787109375,1.3836669921875,58.53271484375,-23.193359375,0.244140625
1.7802734375,-0.3883056640625,1.48193359375,48.76708984375,-27.64892578125,1.220703125
0.7208251953125,0.00244140625,1.397216796875,14.58740234375,-28.62548828125,3.5400390625
0.22119140625,0.469482421875,1.14599609375,10.498046875,-29.47998046875,4.45556640625
-0.2735595703125,0.988037109375,0.9295654296875,4.39453125,-27.099609375,2.50244140625
-0.40966796875,0.2244873046875,0.942626953125,-0.06103515625,-25.45166015625,-0.3662109375
0.4031982421875,-0.027587890625,0.9149169921875,-2.8076171875,-23.01025390625,-5.7373046875
1.6827392578125,0.259521484375,0.8824462890625,-4.45556640625,-25.32958984375,-5.67626953125
1.8974609375,0.0350341796875,0.8927001953125,-5.67626953125,-27.28271484375,-6.89697265625
2.2071533203125,-0.086669921875,0.883544921875,-7.4462890625,-30.33447265625,-7.14111328125
1.77001953125,-0.0140380859375,0.8671875,-8.4228515625,-34.48486328125,-5.37109375
0.9256591796875,-0.013671875,0.8677978515625,-8.1787109375,-39.9169921875,-4.21142578125
0.6376953125,-0.07177734375,0.861572265625,-1.5869140625,-39.61181640625,-7.2021484375
0.640869140625,-0.0975341796875,0.8431396484375,-2.50244140625,-40.283203125,-9.82666015625
0.58837890625,-0.0872802734375,0.8292236328125,-6.28662109375,-44.677734375,-12.451171875
0.5411376953125,-0.0621337890625,0.84765625,-5.55419921875,-52.3681640625,-13.36669921875
0.5357666015625,-0.1285400390625,0.84521484375,-4.5166015625,-52.001953125,-15.0146484375
0.564697265625,-0.1796875,0.85107421875,-8.9111328125,-52.42919921875,-18.85986328125
0.5799560546875,-0.22705078125,0.8668212890625,-12.14599609375,-61.58447265625,-17.2119140625
0.554931640625,-0.1279296875,0.8465576171875,-11.65771484375,-79.833984375,-8.9111328125
0.568359375,-0.1002197265625,0.8226318359375,-8.1787109375,-97.0458984375,-7.26318359375
0.5616455078125,-0.1124267578125,0.845703125,-7.75146484375,-108.7646484375,-6.34765625
0.5506591796875,-0.119384765625,0.8372802734375,-5.31005859375,-121.27685546875,-3.662109375
0.569580078125,-0.0789794921875,0.7230224609375,2.01416015625,-136.77978515625,-0.1220703125
0.5430908203125,-0.0833740234375,0.720947265625,7.75146484375,-156.3720703125,3.60107421875
0.509765625,-0.12109375,0.7515869140625,7.32421875,-195.9228515625,2.86865234375
0.5789794921875,-0.168212890625,0.8040771484375,6.9580078125,-220.52001953125,-15.5029296875
0.6060791015625,-0.1641845703125,0.8038330078125,4.82177734375,-282.28759765625,-32.958984375
0.5556640625,-0.15283203125,0.837646484375,2.9296875,-322.6318359375,-65.00244140625
0.5572509765625,-0.155517578125,0.85791015625,2.685546875,-535.2783203125,-62.8662109375
0.6259765625,-0.125732421875,0.8790283203125,-5.126953125,-540.0390625,-91.24755859375
0.62646484375,-0.0462646484375,0.909423828125,-11.77978515625,-504.5166015625,-130.92041015625
0.59423828125,-0.001953125,0.919921875,-15.7470703125,-468.3837890625,-140.68603515625
0.592041015625,-0.0458984375,0.923095703125,-11.1083984375,-392.822265625,-159.3017578125
0.610107421875,-0.0257568359375,0.9415283203125,-101.07421875,-338.134765625,-148.62060546875
0.6385498046875,0.0103759765625,0.969482421875,-146.728515625,-167.29736328125,-73.30322265625
0.6168212890625,0.03125,1.0389404296875,-194.27490234375,-50.9033203125,38.87939453125
0.5970458984375,-0.0357666015625,1.3992919921875,-208.19091796875,169.61669921875,48.76708984375
0.594482421875,-0.1007080078125,0.784912109375,-236.328125,282.40966796875,57.4951171875
0.595947265625,-0.2628173828125,0.8475341796875,-214.7216796875,288.9404296875,66.10107421875
0.58740234375,-0.2469482421875,1.171630859375,-168.64013671875,289.36767578125,81.72607421875
0.5240478515625,-0.4649658203125,1.60546875,-133.9111328125,321.6552734375,88.43994140625
0.3348388671875,-0.34521484375,2.066162109375,-16.90673828125,343.93310546875,89.90478515625
0.2069091796875,-1.0069580078125,1.46044921875,122.802734375,358.70361328125,90.33203125
1.433349609375,-1.197021484375,1.758056640625,119.384765625,363.58642578125,98.08349609375
2.2376708984375,-1.0380859375,1.6201171875,100.76904296875,387.39013671875,103.1494140625
2.793701171875,-1.146484375,0.6259765625,57.9833984375,390.7470703125,112.4267578125
3.261962890625,-0.9249267578125,0.483154296875,43.3349609375,392.88330078125,116.02783203125
3.0606689453125,-1.6558837890625,0.5172119140625,37.9638671875,394.59228515625,124.0234375
2.34228515625,-2.0880126953125,0.6099853515625,37.04833984375,396.240234375,132.14111328125
1.7799072265625,-0.5477294921875,0.5828857421875,17.39501953125,397.705078125,141.6015625
2.6949462890625,0.0096435546875,0.57275390625,10.19287109375,397.3388671875,150.20751953125
1.1993408203125,0.0181884765625,0.5408935546875,1.708984375,394.1650390625,152.4658203125
0.0472412109375,-0.124267578125,0.5504150390625,2.3193359375,386.65771484375,145.751953125
-0.0018310546875,-0.2191162109375,0.646240234375,0.42724609375,376.28173828125,129.82177734375
0.172607421875,-0.2596435546875,0.8726806640625,-0.48828125,361.083984375,105.89599609375
0.60791015625,-0.230224609375,1.013916015625,-2.44140625,339.05029296875,75.37841796875
0.6507568359375,-0.125732421875,1.1669921875,-3.90625,303.3447265625,40.71044921875
0.6153564453125,-0.1839599609375,1.3260498046875,-1.5869140625,255.9814453125,8.30078125
0.588134765625,-0.2642822265625,1.4581298828125,1.15966796875,204.04052734375,-1.15966796875
0.7774658203125,-0.2974853515625,1.5531005859375,3.23486328125,153.99169921875,7.8125
0.873291015625,-0.2978515625,1.6103515625,1.3427734375,109.68017578125,-7.50732421875
1.1827392578125,-0.2939453125,1.6124267578125,-7.14111328125,-0.42724609375,-46.630859375
1.3607177734375,-0.2828369140625,1.5003662109375,-33.50830078125,-45.8984375,-78.18603515625
1.56640625,-0.2794189453125,1.162841796875,-84.41162109375,-94.90966796875,-74.03564453125
1.768310546875,-0.296142578125,0.5787353515625,-157.958984375,-116.2109375,-35.888671875
1.951416015625,-0.2733154296875,-0.160400390625,-212.40234375,-111.328125,-21.8505859375
2.1234130859375,-0.2901611328125,-0.921630859375,-105.46875,-109.92431640625,14.0380859375
2.3416748046875,-0.41162109375,-1.4765625,-5.06591796875,-208.1298828125,-11.29150390625
2.641357421875,-0.3876953125,-1.6112060546875,54.50439453125,-256.34765625,-49.4384765625
2.8885498046875,-0.023681640625,-1.381103515625,53.16162109375,-259.46044921875,-66.89453125
2.872314453125,0.71826171875,-1.2977294921875,119.2626953125,-227.6611328125,-45.0439453125
2.7772216796875,1.4114990234375,-0.970703125,137.39013671875,-217.22412109375,-30.21240234375
2.758544921875,1.194091796875,-0.1478271484375,97.65625,-198.18115234375,-41.6259765625
2.7244873046875,-0.6385498046875,0.766357421875,60.11962890625,-172.42431640625,-37.65869140625
2.647216796875,-0.56005859375,1.1866455078125,27.28271484375,-52.3681640625,-33.02001953125
2.7432861328125,0.214111328125,0.568603515625,17.578125,-32.53173828125,-25.57373046875
2.99169921875,0.2841796875,1.213134765625,28.99169921875,-19.59228515625,-4.39453125
2.54150390625,-0.478759765625,1.8167724609375,60.60791015625,-22.88818359375,2.0751953125
2.253173828125,-0.5936279296875,1.7152099609375,67.19970703125,-28.38134765625,5.4931640625
1.38671875,1.197265625,1.40869140625,54.99267578125,-27.2216796875,0.42724609375
0.720703125,1.6358642578125,1.309326171875,42.3583984375,-24.71923828125,-6.16455078125
0.5621337890625,1.2005615234375,1.2305908203125,29.35791015625,-25.81787109375,-4.0283203125
0.2462158203125,-0.08203125,0.9815673828125,3.7841796875,-27.40478515625,-3.5400390625
1.1387939453125,-1.3189697265625,0.9764404296875,-5.9814453125,-32.28759765625,-1.77001953125
2.1502685546875,-0.9569091796875,0.9595947265625,-10.1318359375,-38.0859375,2.38037109375
2.210693359375,0.36962890625,0.9190673828125,-7.75146484375,-43.0908203125,-5.55419921875
1.903076171875,-0.235107421875,0.889404296875,-0.732421875,-51.7578125,-5.43212890625
1.8505859375,0.179931640625,0.863525390625,-5.7373046875,-51.94091796875,-4.69970703125
1.6446533203125,0.0831298828125,0.8431396484375,-6.16455078125,-52.8564453125,-4.21142578125
0.646484375,0.098388671875,0.830810546875,-8.544921875,-56.5185546875,-5.06591796875
0.6405029296875,-0.0028076171875,0.8580322265625,-13.427734375,-63.65966796875,-5.92041015625
0.6884765625,-0.1138916015625,0.8802490234375,-15.9912109375,-72.69287109375,-6.16455078125
0.65771484375,-0.2928466796875,0.8541259765625,-14.2822265625,-81.787109375,-4.45556640625
0.5283203125,-0.1351318359375,0.8175048828125,-12.451171875,-89.78271484375,-1.708984375
0.5560302734375,-0.07421875,0.726806640625,-9.82666015625,-98.5107421875,-0.06103515625
0.556884765625,-0.0430908203125,0.733642578125,-7.38525390625,-108.82568359375,1.5869140625
0.543701171875,-0.036376953125,0.764404296875,-4.21142578125,-122.314453125,4.7607421875
0.542236328125,-0.066162109375,0.80224609375,-2.13623046875,-137.20703125,7.4462890625
0.56787109375,-0.1331787109375,0.8203125,-1.77001953125,-154.4189453125,9.521484375
0.543701171875,-0.1256103515625,0.814208984375,-2.44140625,-173.52294921875,13.0615234375
0.589111328125,-0.08984375,0.802734375,-3.35693359375,-195.3125,14.2822265625
0.61865234375,-0.0987548828125,0.796142578125,-3.5400390625,-218.505859375,12.6953125
0.628662109375,-0.09814453125,0.8135986328125,-4.69970703125,-249.57275390625,1.28173828125
0.6246337890625,-0.1148681640625,0.841064453125,-5.06591796875,-279.052734375,-11.16943359375
0.603515625,-0.1019287109375,0.8648681640625,-7.080078125,-319.4580078125,-33.3251953125
0.595947265625,-0.068115234375,0.8975830078125,-14.5263671875,-380.06591796875,-12.51220703125
0.597900390625,-0.060302734375,0.9267578125,-22.03369140625,-472.5341796875,-83.19091796875
0.6097412109375,-0.0523681640625,0.9241943359375,-31.1279296875,-515.869140625,-116.88232421875
0.6285400390625,-0.011474609375,0.9052734375,-25.0244140625,-496.337890625,-105.8349609375
0.6280517578125,0.010498046875,0.9071044921875,-27.83203125,-420.47119140625,-134.765625
0.624755859375,-0.0098876953125,0.9107666015625,-27.40478515625,-357.36083984375,-140.5029296875
0.622802734375,-0.0068359375,0.9443359375,-89.35546875,-281.55517578125,-138.36669921875
0.606201171875,-0.05419921875,1.0472412109375,-177.91748046875,-185.05859375,-103.57666015625
0.59619140625,-0.1207275390625,1.0799560546875,-211.42578125,-99.365234375,-50.1708984375
0.5972900390625,-0.218017578125,1.24755859375,-248.10791015625,34.97314453125,3.96728515625
0.572998046875,-0.3045654296875,0.799072265625,-248.6572265625,134.033203125,11.8408203125
0.480712890625,-0.322998046875,1.003662109375,-207.70263671875,232.7880859375,14.404296875
0.4110107421875,-0.216552734375,1.313232421875,-216.796875,271.30126953125,20.6298828125
0.3289794921875,-0.23583984375,1.8292236328125,-198.3642578125,287.7197265625,40.1611328125
0.2030029296875,-0.6649169921875,1.986572265625,-134.3994140625,308.41064453125,55.6640625
0.4910888671875,-0.9501953125,1.469970703125,-75.13427734375,308.837890625,69.39697265625
1.353759765625,-1.0294189453125,1.622314453125,23.74267578125,318.05419921875,81.298828125
2.66845703125,-1.0166015625,2.1689453125,90.9423828125,336.36474609375,91.36962890625
3.1053466796875,-0.8212890625,1.79541015625,123.046875,352.96630859375,96.0693359375
3.01904296875,-0.4775390625,1.2301025390625,137.0849609375,372.00927734375,95.5810546875
2.6202392578125,-1.285400390625,0.9500732421875,119.7509765625,369.44580078125,93.75
1.9267578125,-2.1138916015625,0.681396484375,97.22900390625,379.150390625,92.041015625
1.55419921875,-2.2403564453125,0.4615478515625,72.6318359375,385.80322265625,93.32275390625
2.5599365234375,-2.1512451171875,0.471923828125,52.79541015625,389.5263671875,93.994140625
2.5169677734375,-1.4930419921875,0.52001953125,41.68701171875,393.9208984375,93.1396484375
1.413818359375,-0.8497314453125,0.568115234375,42.236328125,397.39990234375,93.8720703125
0.8551025390625,-0.081298828125,0.571533203125,37.04833984375,397.64404296875,99.9755859375
0.4368896484375,0.0604248046875,0.5804443359375,28.9306640625,403.564453125,107.36083984375
0.140625,0.0284423828125,0.5396728515625,13.916015625,406.8603515625,122.9248046875
-0.005126953125,-0.0718994140625,0.4659423828125,-0.54931640625,383.72802734375,103.45458984375
0.1107177734375,-0.1900634765625,0.4827880859375,-10.19287109375,368.5302734375,70.80078125
0.32421875,-0.2572021484375,0.5374755859375,-17.02880859375,336.3037109375,40.283203125
0.5408935546875,-0.230712890625,0.6240234375,-17.4560546875,279.4189453125,20.8740234375
0.6414794921875,-0.1337890625,0.7484130859375,-17.4560546875,217.34619140625,31.79931640625
0.6280517578125,-0.01220703125,0.8931884765625,-20.8740234375,158.38623046875,61.34033203125
0.5859375,0.04248046875,1.2030029296875,-21.8505859375,99.42626953125,65.73486328125
0.560791015625,-0.0238037109375,1.39208984375,-17.7001953125,-25.81787109375,9.09423828125
0.5921630859375,-0.119384765625,1.7120361328125,-28.01513671875,-78.79638671875,-40.283203125
0.708251953125,-0.2120361328125,1.3992919921875,-72.3876953125,-124.0234375,-45.166015625
0.846435546875,-0.2481689453125,0.7877197265625,-147.705078125,-140.13671875,-38.75732421875
0.998291015625,-0.2655029296875,-0.0740966796875,-201.7822265625,-130.06591796875,-48.33984375
1.15478515625,-0.1873779296875,-1.0084228515625,-91.97998046875,-192.626953125,-21.05712890625
1.4986572265625,-0.468017578125,-1.7796630859375,20.1416015625,-258.23974609375,-61.767578125
1.6649169921875,-0.7369384765625,-2.0208740234375,81.11572265625,-248.4130859375,-72.08251953125
2.8504638671875,-0.3955078125,-1.83154296875,89.2333984375,-224.12109375,-41.015625
2.991943359375,0.627197265625,-1.445068359375,104.67529296875,-214.4775390625,-54.0771484375
2.8968505859375,1.4957275390625,-0.82177734375,122.37548828125,-170.22705078125,-67.68798828125
2.85009765625,1.2303466796875,0.17529296875,84.89990234375,-106.14013671875,-61.279296875
2.883544921875,-0.716552734375,0.8978271484375,33.75244140625,-55.23681640625,-52.734375
2.836181640625,-0.549560546875,0.968994140625,19.775390625,-25.5126953125,-32.3486328125
2.9293212890625,0.43701171875,0.697265625,90.576171875,-6.7138671875,2.86865234375
3.1949462890625,0.65673828125,2.0733642578125,96.3134765625,-25.390625,5.67626953125
2.710205078125,-0.2010498046875,1.889892578125,88.43994140625,-28.076171875,7.87353515625
1.9765625,0.2523193359375,1.1158447265625,67.87109375,-28.62548828125,8.11767578125
1.035888671875,1.192626953125,1.2740478515625,63.96484375,-30.1513671875,5.79833984375
0.502685546875,1.09619140625,1.206787109375,44.7998046875,-29.78515625,0.8544921875
-0.292724609375,-0.394287109375,0.929443359375,-3.2958984375,-25.0244140625,-4.69970703125
0.333251953125,-1.05224609375,0.9176025390625,-7.87353515625,-23.01025390625,-5.18798828125
2.81298828125,0.33544921875,0.9219970703125,-11.53564453125,-25.146484375,-5.79833984375
2.6419677734375,0.5535888671875,0.8863525390625,-13.7939453125,-28.6865234375,-4.39453125
1.534912109375,-0.17431640625,0.88427734375,-14.2822265625,-38.330078125,-1.953125
1.91552734375,-0.3173828125,0.8875732421875,-12.26806640625,-40.4052734375,-2.50244140625
1.616943359375,0.1927490234375,0.8944091796875,-4.638671875,-39.306640625,-4.08935546875
0.641357421875,0.0166015625,0.8656005859375,-4.94384765625,-42.724609375,-5.18798828125
0.6414794921875,0.00634765625,0.83642578125,-5.06591796875,-45.166015625,-7.50732421875
0.756103515625,-0.0252685546875,0.840087890625,0.18310546875,-44.7998046875,-10.3759765625
0.5615234375,-0.103759765625,0.8472900390625,-0.48828125,-45.59326171875,-12.75634765625
0.538818359375,-0.198974609375,0.8692626953125,-4.8828125,-44.0673828125,-17.88330078125
0.54150390625,-0.2606201171875,0.828369140625,-7.9345703125,-43.5791015625,-17.7001953125
0.54833984375,-0.220947265625,0.816162109375,-9.94873046875,-44.73876953125,-17.76123046875
0.54541015625,-0.1112060546875,0.8184814453125,-11.53564453125,-48.15673828125,-17.51708984375
0.5548095703125,-0.06884765625,0.827880859375,-9.21630859375,-54.26025390625,-11.53564453125
0.556640625,-0.034912109375,0.7911376953125,-9.765625,-67.44384765625,-6.2255859375
0.54345703125,-0.057861328125,0.759033203125,-5.55419921875,-74.462890625,2.99072265625
0.541259765625,-0.0885009765625,0.7283935546875,-3.5400390625,-93.26171875,3.35693359375
0.551025390625,-0.0732421875,0.7041015625,-0.67138671875,-108.33740234375,10.3759765625
0.5997314453125,-0.077880859375,0.730224609375,1.5869140625,-157.958984375,8.85009765625
0.552001953125,-0.134765625,0.758544921875,3.60107421875,-177.79541015625,3.173828125
0.5484619140625,-0.1629638671875,0.802978515625,3.72314453125,-198.54736328125,-4.7607421875
0.6041259765625,-0.1551513671875,0.8101806640625,1.3427734375,-221.00830078125,-17.88330078125
0.6094970703125,-0.1024169921875,0.7926025390625,-0.91552734375,-246.7041015625,-37.53662109375
0.616943359375,-0.07421875,0.802001953125,-4.57763671875,-279.78515625,-61.03515625
0.6259765625,-0.0743408203125,0.8831787109375,-3.7841796875,-325.0732421875,-72.57080078125
0.614501953125,-0.058837890625,0.90673828125,-5.615234375,-391.90673828125,-69.51904296875
0.60986328125,0.015869140625,0.9163818359375,-12.26806640625,-442.3828125,-96.5576171875
0.600830078125,0.0245361328125,0.9366455078125,-12.51220703125,-492.0654296875,-95.703125
0.60888671875,-0.0086669921875,0.9423828125,-11.04736328125,-522.88818359375,-115.234375
0.6221923828125,0.0111083984375,0.9488525390625,-13.24462890625,-440.0634765625,-155.33447265625
0.63037109375,-0.0128173828125,0.975830078125,-6.04248046875,-257.4462890625,-141.4794921875
0.5992431640625,-0.0938720703125,1.0029296875,-39.97802734375,-165.771484375,-44.25048828125
0.5948486328125,-0.14697265625,1.0504150390625,-65.12451171875,-49.8046875,30.70068359375
0.609130859375,-0.209716796875,1.141357421875,-95.947265625,51.94091796875,85.75439453125
0.6033935546875,-0.3077392578125,1.2578125,-223.08349609375,203.43017578125,100.40283203125
0.5621337890625,-0.3748779296875,1.2371826171875,-169.189453125,271.3623046875,101.50146484375
0.505615234375,-0.3551025390625,0.890625,-132.62939453125,282.8369140625,101.806640625
0.4375,-0.160888671875,1.37451171875,-86.5478515625,298.27880859375,102.4169921875
0.343505859375,-0.3092041015625,2.0679931640625,-34.60693359375,316.89453125,92.7734375
0.2802734375,-0.415771484375,1.588134765625,18.5546875,344.23828125,87.21923828125
0.6903076171875,0.0308837890625,1.779296875,100.40283203125,351.50146484375,83.31298828125
1.10986328125,-1.0347900390625,1.9637451171875,79.833984375,365.234375,84.28955078125
1.4835205078125,-1.0330810546875,1.475830078125,55.6640625,379.0283203125,85.9375
1.8310546875,-1.3134765625,0.5684814453125,32.65380859375,389.16015625,88.0126953125
3.251220703125,-1.8406982421875,0.58447265625,10.8642578125,394.59228515625,91.12548828125
1.2503662109375,-1.903564453125,0.6260986328125,7.14111328125,395.3857421875,92.4072265625
1.9984130859375,-1.791748046875,0.6207275390625,4.08935546875,397.27783203125,100.7080078125
2.5601806640625,0.134521484375,0.6451416015625,-2.13623046875,399.658203125,109.43603515625
1.460205078125,0.1876220703125,0.636962890625,-8.9111328125,403.86962890625,131.28662109375
0.992919921875,0.18310546875,0.6031494140625,-15.56396484375,410.15625,140.93017578125
0.13720703125,0.1304931640625,0.6124267578125,-19.53125,405.70068359375,141.4794921875
0.324462890625,0.00439453125,0.65673828125,-14.7705078125,382.14111328125,91.24755859375
0.4805908203125,-0.0076904296875,0.720947265625,-15.31982421875,293.51806640625,49.8046875
0.578369140625,0.0201416015625,0.8251953125,-9.58251953125,222.65625,33.26416015625
0.595947265625,0.039306640625,0.9775390625,-5.615234375,163.0859375,57.7392578125
0.6361083984375,0.0133056640625,1.1556396484375,-7.568359375,122.61962890625,72.44873046875
0.7012939453125,-0.0355224609375,1.3271484375,-1.953125,66.95556640625,59.50927734375
0.7567138671875,-0.1378173828125,1.4903564453125,-14.22119140625,-2.25830078125,18.98193359375
0.8067626953125,-0.2108154296875,1.717041015625,-20.3857421875,-62.43896484375,-35.400390625
0.8870849609375,-0.2606201171875,1.8206787109375,-89.78271484375,-107.0556640625,-48.33984375
1.0262451171875,-0.3035888671875,0.0760498046875,-193.78662109375,-124.267578125,-51.20849609375
1.2235107421875,-0.28125,-0.923583984375,-214.7216796875,-124.69482421875,-53.1005859375
1.4488525390625,-0.2470703125,-1.787841796875,-140.44189453125,-141.41845703125,-23.3154296875
1.6676025390625,-0.2647705078125,-2.2882080078125,-19.1650390625,-196.22802734375,-53.52783203125
1.8662109375,-0.9163818359375,-2.165771484375,92.71240234375,-232.36083984375,-59.6923828125
2.2138671875,-0.139892578125,-1.6932373046875,111.9384765625,-225.28076171875,-45.95947265625
2.8585205078125,1.5640869140625,-1.2698974609375,116.27197265625,-207.6416015625,-37.53662109375
2.949462890625,2.0198974609375,-0.8143310546875,131.4697265625,-202.0263671875,-50.72021484375
2.8343505859375,0.7723388671875,-0.242431640625,118.22509765625,-156.6162109375,-55.11474609375
2.825439453125,-0.6312255859375,0.6953125,35.82763671875,-86.48681640625,-43.76220703125
2.9273681640625,-1.0792236328125,1.138916015625,17.27294921875,-46.7529296875,-33.14208984375
3.0283203125,-0.2537841796875,0.7080078125,48.64501953125,-12.87841796875,-28.13720703125
2.98388671875,0.490234375,1.9013671875,75.1953125,-2.197265625,-18.310546875
2.6611328125,0.4080810546875,1.7142333984375,82.51953125,-5.55419921875,-12.39013671875
2.414794921875,-0.2554931640625,1.295166015625,68.05419921875,-11.3525390625,-1.77001953125
1.59423828125,0.751708984375,1.2125244140625,50.78125,-21.05712890625,1.5869140625
0.4949951171875,0.951904296875,1.3453369140625,44.5556640625,-25.634765625,6.04248046875
-0.1090087890625,-0.4144287109375,1.105224609375,37.29248046875,-27.89306640625,3.2958984375
-0.1607666015625,-1.4239501953125,0.8743896484375,27.2216796875,-26.9775390625,6.16455078125
2.3873291015625,-0.7689208984375,0.939697265625,19.22607421875,-27.7099609375,7.6904296875
2.2349853515625,0.4058837890625,0.899658203125,1.0986328125,-29.4189453125,9.21630859375
1.8883056640625,0.45703125,0.9273681640625,-3.23486328125,-31.79931640625,10.498046875
1.6385498046875,-0.2733154296875,0.9130859375,-13.18359375,-31.494140625,11.474609375
2.0648193359375,0.12939453125,0.88720703125,-9.27734375,-34.5458984375,10.6201171875
1.4345703125,0.080078125,0.888671875,-12.63427734375,-32.8369140625,4.5166015625
0.4962158203125,0.0299072265625,0.8489990234375,-14.09912109375,-34.85107421875,1.40380859375
0.8184814453125,0.0809326171875,0.8314208984375,-14.7705078125,-36.19384765625,-0.9765625
0.7071533203125,0.0010986328125,0.82666015625,-20.56884765625,-37.90283203125,-2.38037109375
0.6082763671875,0.00244140625,0.8382568359375,-16.845703125,-38.330078125,-3.47900390625
0.5941162109375,-0.202880859375,0.83984375,-21.240234375,-32.5927734375,-6.7138671875
0.5399169921875,-0.1536865234375,0.84033203125,-22.216796875,-39.1845703125,-8.97216796875
0.5255126953125,-0.0828857421875,0.830078125,-20.01953125,-46.93603515625,-11.29150390625
0.5478515625,-0.04296875,0.803466796875,-17.7001953125,-68.84765625,-9.09423828125
0.570556640625,-0.011474609375,0.7943115234375,-17.578125,-83.55712890625,2.8076171875
0.579833984375,-0.0980224609375,0.7720947265625,-9.3994140625,-142.15087890625,0.9765625
0.573974609375,-0.075927734375,0.7611083984375,-4.08935546875,-154.6630859375,-3.35693359375
0.5780029296875,-0.11572265625,0.741455078125,-3.47900390625,-172.8515625,-8.544921875
0.5404052734375,-0.2047119140625,0.73681640625,-1.64794921875,-193.7255859375,-38.63525390625
0.57177734375,-0.18115234375,0.815185546875,0.54931640625,-371.64306640625,-40.283203125
0.6029052734375,-0.148193359375,0.8507080078125,-9.09423828125,-451.904296875,-63.04931640625
0.58447265625,-0.1414794921875,0.8934326171875,-13.0615234375,-488.4033203125,-66.7724609375
0.603759765625,-0.1446533203125,0.9061279296875,-15.625,-460.693359375,-118.2861328125
0.6016845703125,-0.18896484375,0.920654296875,-20.93505859375,-346.435546875,-122.1923828125
0.608642578125,-0.205322265625,0.9735107421875,-25.0244140625,-114.013671875,12.14599609375
0.625732421875,-0.09619140625,1.0064697265625,-90.27099609375,248.4130859375,22.39990234375
0.5665283203125,-0.0272216796875,0.9990234375,-152.16064453125,274.84130859375,56.7626953125
0.549072265625,-0.0904541015625,1.1153564453125,-208.06884765625,287.17041015625,71.77734375
0.5618896484375,-0.1737060546875,1.1986083984375,-264.7705078125,287.109375,84.77783203125
0.573974609375,-0.1995849609375,0.810302734375,-207.3974609375,299.8046875,96.19140625
0.6094970703125,-0.226806640625,0.7548828125,73.42529296875,313.17138671875,102.4169921875
0.5687255859375,-0.109619140625,1.520263671875,113.22021484375,330.6884765625,103.8818359375
0.5537109375,-0.2464599609375,1.4161376953125,128.35693359375,343.505859375,134.70458984375
0.5023193359375,-0.338623046875,1.3089599609375,108.88671875,385.80322265625,144.04296875
0.3741455078125,-0.4857177734375,0.5977783203125,84.8388671875,375.9765625,150.5126953125
1.5882568359375,-0.7025146484375,0.393310546875,63.4765625,367.12646484375,161.1328125
1.982666015625,-1.3419189453125,0.4603271484375,52.8564453125,356.3232421875,163.51318359375
2.3338623046875,-1.944580078125,0.52783203125,52.001953125,341.61376953125,152.16064453125
2.1893310546875,-0.8929443359375,0.5892333984375,25.634765625,326.66015625,128.90625
2.1903076171875,0.045654296875,0.6102294921875,32.53173828125,317.07763671875,99.9755859375
1.046630859375,0.053955078125,0.6322021484375,41.748046875,305.11474609375,68.2373046875
0.0931396484375,-0.0322265625,0.6539306640625,45.22705078125,290.10009765625,10.80322265625
-0.0535888671875,-0.160888671875,0.8553466796875,48.27880859375,233.45947265625,-5.9814453125
0.170654296875,-0.2926025390625,0.9871826171875,45.71533203125,203.43017578125,-6.28662109375
0.3931884765625,-0.35498046875,1.041748046875,29.9072265625,169.43359375,2.62451171875
0.554443359375,-0.236328125,1.0518798828125,7.01904296875,140.07568359375,19.6533203125
0.6243896484375,-0.42431640625,0.9910888671875,-18.85986328125,112.060546875,23.681640625
0.6153564453125,-0.4410400390625,0.854248046875,-91.4306640625,59.75341796875,13.61083984375
1.4268798828125,-0.3575439453125,0.7001953125,-145.99609375,5.06591796875,1.52587890625
1.7618408203125,-0.30078125,0.4783935546875,-197.81494140625,-28.62548828125,-5.92041015625
2.0321044921875,-0.2364501953125,-0.24609375,-211.85302734375,-67.3828125,-38.57421875
2.2423095703125,-0.140869140625,-0.6019287109375,-182.9833984375,-152.34375,-31.1279296875
2.40576171875,-0.140380859375,-0.7623291015625,-102.294921875,-144.47021484375,-58.89892578125
2.6385498046875,-0.1866455078125,-0.74658203125,-19.8974609375,-197.75390625,-45.83740234375
2.8172607421875,0.417724609375,-0.64208984375,22.8271484375,-209.77783203125,-66.0400390625
2.777099609375,0.777587890625,-0.5732421875,35.2783203125,-193.7255859375,-64.208984375
2.458251953125,0.7877197265625,-0.6036376953125,88.134765625,-176.1474609375,-32.28759765625
1.9830322265625,0.341552734375,-0.5030517578125,96.923828125,-148.13232421875,-40.46630859375
1.87451171875,-0.35595703125,-0.393310546875,86.73095703125,-113.76953125,-36.68212890625
1.735595703125,-0.7828369140625,-0.5775146484375,23.8037109375,-93.994140625,-37.65869140625
1.7958984375,-0.5128173828125,1.38232421875,18.4326171875,-63.8427734375,-39.85595703125
1.8924560546875,0.0462646484375,1.01513671875,33.26416015625,-37.7197265625,-27.2216796875
