0.307861328125,-0.3414306640625,0.908203125,2.74658203125,-2.8076171875,-1.46484375
0.3109130859375,-0.3421630859375,0.90966796875,2.685546875,-2.74658203125,-1.220703125
0.313232421875,-0.344482421875,0.9114990234375,2.62451171875,-2.50244140625,-1.0986328125
0.313720703125,-0.3446044921875,0.90869140625,2.5634765625,-2.44140625,-1.15966796875
0.3148193359375,-0.3447265625,0.9112548828125,2.5634765625,-2.44140625,-1.28173828125
0.312255859375,-0.3436279296875,0.910888671875,2.62451171875,-2.44140625,-1.3427734375
0.309326171875,-0.3436279296875,0.91162109375,2.5634765625,-2.62451171875,-1.3427734375
0.310791015625,-0.345947265625,0.91015625,2.5634765625,-2.62451171875,-1.3427734375
0.310302734375,-0.3443603515625,0.907470703125,2.38037109375,-2.44140625,-1.64794921875
0.3109130859375,-0.3424072265625,0.91064453125,2.3193359375,-2.5634765625,-1.64794921875
0.3095703125,-0.34375,0.90966796875,2.44140625,-2.50244140625,-1.5869140625
0.31103515625,-0.342041015625,0.9110107421875,2.62451171875,-2.62451171875,-1.5869140625
0.31298828125,-0.344482421875,0.9105224609375,2.9296875,-2.50244140625,-1.708984375
0.31494140625,-0.34521484375,0.908935546875,2.9296875,-2.685546875,-1.52587890625
0.313720703125,-0.3431396484375,0.9090576171875,2.8076171875,-2.62451171875,-1.52587890625
0.312744140625,-0.345947265625,0.9102783203125,2.86865234375,-2.62451171875,-1.5869140625
0.31005859375,-0.34521484375,0.910400390625,2.86865234375,-2.62451171875,-1.52587890625
0.31201171875,-0.3465576171875,0.90966796875,2.86865234375,-2.38037109375,-1.52587890625
0.310302734375,-0.3447265625,0.9105224609375,2.86865234375,-2.197265625,-1.64794921875
0.31396484375,-0.3463134765625,0.911376953125,2.86865234375,-2.62451171875,-1.5869140625
0.3128662109375,-0.3447265625,0.9102783203125,2.86865234375,-2.685546875,-1.5869140625
0.31005859375,-0.344482421875,0.910400390625,2.8076171875,-2.8076171875,-1.46484375
0.3101806640625,-0.3433837890625,0.9102783203125,3.0517578125,-2.62451171875,-1.52587890625
0.3114013671875,-0.3441162109375,0.9095458984375,3.173828125,-2.62451171875,-1.5869140625
0.3123779296875,-0.3463134765625,0.909912109375,2.99072265625,-2.62451171875,-1.708984375
0.312744140625,-0.345458984375,0.9132080078125,2.86865234375,-2.74658203125,-1.708984375
0.3118896484375,-0.344482421875,0.9107666015625,2.9296875,-2.685546875,-1.708984375
0.3109130859375,-0.34521484375,0.9097900390625,2.8076171875,-2.62451171875,-1.77001953125
0.314697265625,-0.3426513671875,0.9091796875,2.74658203125,-2.62451171875,-1.77001953125
0.31298828125,-0.34423828125,0.91064453125,2.74658203125,-2.74658203125,-1.708984375
0.3084716796875,-0.344482421875,0.9105224609375,2.685546875,-2.685546875,-1.52587890625
0.3116455078125,-0.3470458984375,0.909912109375,2.8076171875,-2.62451171875,-1.46484375
0.3125,-0.345947265625,0.9097900390625,2.8076171875,-2.5634765625,-1.5869140625
0.312744140625,-0.3468017578125,0.9105224609375,2.9296875,-2.5634765625,-1.5869140625
0.31103515625,-0.3441162109375,0.9091796875,2.86865234375,-2.50244140625,-2.50244140625
0.311279296875,-0.3447265625,0.9095458984375,2.86865234375,-3.5400390625,-2.685546875
0.310546875,-0.3447265625,0.9114990234375,2.9296875,-3.7841796875,-3.0517578125
0.3111572265625,-0.3441162109375,0.909423828125,2.86865234375,-3.662109375,-4.8828125
0.313232421875,-0.344482421875,0.911865234375,2.685546875,-4.33349609375,-6.65283203125
0.312744140625,-0.34375,0.9122314453125,2.9296875,-3.90625,-1.953125
0.312744140625,-0.344482421875,0.91259765625,2.44140625,4.69970703125,-2.0751953125
0.3135986328125,-0.3450927734375,0.909912109375,1.64794921875,5.18798828125,-2.86865234375
0.3138427734375,-0.344970703125,0.923583984375,0.79345703125,5.55419921875,-4.21142578125
0.314208984375,-0.351318359375,0.9171142578125,1.77001953125,2.3193359375,-3.84521484375
0.31201171875,-0.35546875,0.908203125,1.708984375,2.38037109375,-3.23486328125
0.3114013671875,-0.346435546875,0.9132080078125,0.6103515625,2.197265625,-2.62451171875
0.30859375,-0.3778076171875,0.9102783203125,-0.244140625,3.90625,-1.89208984375
0.3125,-0.376220703125,0.941650390625,-0.54931640625,5.43212890625,-1.3427734375
0.3157958984375,-0.3499755859375,0.92529296875,0.42724609375,6.16455078125,-1.15966796875
0.30712890625,-0.3642578125,0.9078369140625,0.732421875,6.53076171875,-1.03759765625
0.3253173828125,-0.3343505859375,0.9051513671875,0.30517578125,5.7373046875,-0.67138671875
0.3431396484375,-0.345458984375,0.9110107421875,-0.244140625,6.40869140625,0.18310546875
0.297607421875,-0.3194580078125,0.903564453125,-0.42724609375,6.28662109375,0.79345703125
0.3182373046875,-0.3382568359375,0.90673828125,0.6103515625,5.9814453125,2.74658203125
0.28369140625,-0.3446044921875,0.9029541015625,0.48828125,5.9814453125,3.2958984375
0.3128662109375,-0.3323974609375,0.8948974609375,1.40380859375,5.0048828125,3.5400390625
0.3250732421875,-0.351318359375,0.9139404296875,2.13623046875,3.662109375,3.84521484375
0.334716796875,-0.35693359375,0.91162109375,2.25830078125,3.84521484375,4.638671875
0.33154296875,-0.373779296875,0.912109375,0.9765625,4.21142578125,4.82177734375
0.3011474609375,-0.3333740234375,0.9102783203125,-1.708984375,4.0283203125,5.126953125
0.29443359375,-0.3868408203125,0.8975830078125,-2.99072265625,3.47900390625,5.31005859375
0.2999267578125,-0.369140625,0.9049072265625,-5.615234375,2.13623046875,5.55419921875
0.3082275390625,-0.354248046875,0.9296875,-6.103515625,1.3427734375,5.43212890625
0.29541015625,-0.3524169921875,0.9169921875,-6.65283203125,0.48828125,5.4931640625
0.2972412109375,-0.325927734375,0.901123046875,-6.8359375,-0.42724609375,6.103515625
0.3001708984375,-0.3231201171875,0.8934326171875,-6.77490234375,-1.953125,6.7138671875
0.2867431640625,-0.3292236328125,0.8792724609375,-6.34765625,-4.150390625,5.2490234375
0.2615966796875,-0.3447265625,0.896484375,-6.53076171875,-7.2021484375,3.662109375
0.30224609375,-0.3524169921875,0.8961181640625,-5.7373046875,-8.72802734375,1.28173828125
0.2965087890625,-0.356201171875,0.886962890625,-5.92041015625,-6.9580078125,1.77001953125
0.2720947265625,-0.380615234375,0.900146484375,-0.732421875,-4.7607421875,1.64794921875
0.26171875,-0.380859375,0.86474609375,3.41796875,-2.685546875,1.15966796875
0.244873046875,-0.358154296875,0.8740234375,13.916015625,-2.01416015625,1.03759765625
0.254638671875,-0.3502197265625,0.8714599609375,11.3525390625,-2.685546875,0.1220703125
0.259765625,-0.357421875,0.90771484375,8.056640625,-4.33349609375,-1.52587890625
0.2657470703125,-0.3779296875,0.96923828125,4.8828125,-7.080078125,-2.74658203125
0.2562255859375,-0.4190673828125,0.9686279296875,2.685546875,-8.9111328125,-3.84521484375
0.2479248046875,-0.461669921875,0.94970703125,1.8310546875,-10.07080078125,-4.94384765625
0.2586669921875,-0.38525390625,0.9281005859375,2.13623046875,-11.16943359375,-6.34765625
0.2149658203125,-0.336181640625,0.9295654296875,3.662109375,-13.671875,-6.591796875
0.25048828125,-0.330810546875,0.9178466796875,6.34765625,-12.5732421875,-7.87353515625
0.312744140625,-0.3558349609375,0.9156494140625,11.5966796875,-12.02392578125,-8.056640625
0.3157958984375,-0.3785400390625,0.9156494140625,17.51708984375,-11.962890625,-7.99560546875
0.29150390625,-0.37109375,0.8917236328125,14.34326171875,-11.41357421875,-7.87353515625
0.2689208984375,-0.3695068359375,0.8692626953125,10.7421875,-10.07080078125,-7.9345703125
0.2445068359375,-0.365478515625,0.9287109375,11.77978515625,-9.33837890625,-8.72802734375
0.2252197265625,-0.3802490234375,0.9285888671875,13.12255859375,-10.009765625,-9.6435546875
0.2408447265625,-0.4149169921875,0.9093017578125,15.13671875,-11.77978515625,-8.97216796875
0.2550048828125,-0.439453125,0.8984375,16.11328125,-15.44189453125,-9.3994140625
0.2442626953125,-0.3450927734375,0.90185546875,16.66259765625,-18.85986328125,-10.68115234375
0.212646484375,-0.3782958984375,0.8848876953125,17.02880859375,-21.91162109375,-12.39013671875
0.275146484375,-0.352294921875,0.894775390625,12.0849609375,-24.96337890625,-14.16015625
0.284912109375,-0.3956298828125,0.9228515625,8.544921875,-27.9541015625,-17.02880859375
0.2713623046875,-0.3482666015625,0.9127197265625,6.04248046875,-31.67724609375,-19.53125
0.287109375,-0.381103515625,0.929931640625,3.84521484375,-36.19384765625,-21.42333984375
0.3267822265625,-0.390625,0.9283447265625,1.52587890625,-42.6025390625,-23.92578125
0.298095703125,-0.3458251953125,0.9283447265625,0.42724609375,-49.4384765625,-28.38134765625
0.2601318359375,-0.3411865234375,0.939208984375,-1.953125,-57.0068359375,-32.04345703125
0.267822265625,-0.3355712890625,0.9459228515625,-2.44140625,-65.85693359375,-34.66796875
0.2960205078125,-0.3104248046875,0.952392578125,-1.8310546875,-76.5380859375,-61.03515625
0.260498046875,-0.3516845703125,0.95263671875,-4.2724609375,-193.29833984375,-68.9697265625
0.2718505859375,-0.380126953125,0.9398193359375,-7.4462890625,-206.4208984375,-78.9794921875
0.245361328125,-0.3360595703125,0.9820556640625,-11.53564453125,-225.40283203125,-178.5888671875
0.2552490234375,-0.387451171875,1.0230712890625,-44.12841796875,-343.1396484375,-195.86181640625
0.241943359375,-0.4063720703125,1.0030517578125,-48.9501953125,-352.294921875,-231.14013671875
0.2452392578125,-0.2567138671875,1.05078125,-42.3583984375,-362.48779296875,-232.23876953125
0.2474365234375,-0.31298828125,0.979736328125,-69.15283203125,-284.66796875,-223.93798828125
0.238525390625,-0.3447265625,0.950927734375,-80.13916015625,-237.48779296875,-195.98388671875
0.234130859375,-0.320556640625,1.054931640625,-113.09814453125,-169.189453125,-186.767578125
0.236572265625,-0.376708984375,1.1451416015625,-120.30029296875,-64.8193359375,-122.86376953125
0.217041015625,-0.56396484375,1.268798828125,-121.58203125,29.84619140625,-36.7431640625
0.226318359375,-0.5953369140625,1.2919921875,-127.0751953125,138.00048828125,21.54541015625
0.327392578125,-0.7564697265625,1.75244140625,-74.951171875,225.5859375,56.2744140625
0.29541015625,-0.8760986328125,1.696044921875,-56.09130859375,268.6767578125,76.416015625
0.4012451171875,-1.3927001953125,1.86474609375,-40.8935546875,274.84130859375,89.53857421875
0.9007568359375,-1.5360107421875,1.866455078125,-2.86865234375,252.44140625,104.00390625
1.068359375,-1.123046875,1.56298828125,29.1748046875,227.72216796875,120.60546875
1.7847900390625,-0.8031005859375,1.841796875,47.4853515625,209.77783203125,140.7470703125
1.6839599609375,-1.8389892578125,1.2020263671875,56.7626953125,207.275390625,161.4990234375
0.8714599609375,-1.635009765625,0.631591796875,60.97412109375,219.3603515625,180.35888671875
-0.2071533203125,-1.781494140625,0.385986328125,59.5703125,236.51123046875,195.80078125
2.75439453125,-1.58349609375,0.3270263671875,52.06298828125,252.685546875,207.1533203125
0.9439697265625,-1.1292724609375,0.31298828125,38.330078125,263.7939453125,214.35546875
0.8184814453125,-0.706787109375,0.467529296875,23.0712890625,268.37158203125,214.2333984375
0.1839599609375,-0.48486328125,0.6075439453125,12.939453125,267.333984375,208.251953125
-0.5675048828125,-0.3955078125,0.7291259765625,6.591796875,267.2119140625,199.5849609375
-0.946044921875,-0.3411865234375,0.7919921875,5.37109375,267.4560546875,190.185546875
-0.814453125,-0.3280029296875,0.7608642578125,9.1552734375,270.5078125,182.861328125
-0.647216796875,-0.33447265625,0.7568359375,12.3291015625,275.81787109375,178.89404296875
-0.30908203125,-0.416748046875,0.7818603515625,13.61083984375,281.43310546875,177.6123046875
-0.054931640625,-0.3929443359375,0.92578125,12.26806640625,284.0576171875,177.001953125
0.097900390625,-0.4114990234375,1.0301513671875,8.6669921875,282.2265625,175.9033203125
0.19677734375,-0.378173828125,1.189453125,2.44140625,273.74267578125,172.91259765625
0.192138671875,-0.361572265625,1.35302734375,-2.74658203125,261.1083984375,154.6630859375
0.19775390625,-0.353759765625,1.459716796875,-5.31005859375,236.38916015625,140.380859375
0.24658203125,-0.384765625,1.552001953125,-8.85009765625,227.05078125,123.1689453125
0.486572265625,-0.4422607421875,1.5931396484375,-13.48876953125,217.71240234375,107.11669921875
0.5809326171875,-0.503173828125,1.595458984375,-8.6669921875,206.4208984375,97.96142578125
0.7174072265625,-0.590087890625,1.6142578125,-2.197265625,193.2373046875,96.61865234375
0.8743896484375,-0.6822509765625,1.65576171875,1.953125,173.7060546875,99.91455078125
0.9866943359375,-0.71240234375,1.5428466796875,0.9765625,147.03369140625,103.69873046875
1.0787353515625,-0.777099609375,1.36767578125,-11.65771484375,123.35205078125,101.25732421875
1.14306640625,-0.9110107421875,1.21435546875,-31.06689453125,99.42626953125,30.45654296875
1.1944580078125,-1.079345703125,1.009521484375,-50.048828125,8.6669921875,-9.46044921875
1.3057861328125,-1.0455322265625,0.7513427734375,-67.7490234375,-28.80859375,-12.63427734375
1.5313720703125,-0.927001953125,0.459716796875,-75.5615234375,-120.4833984375,-7.01904296875
2.04541015625,-0.7247314453125,0.189208984375,-42.17529296875,-145.01953125,-20.20263671875
2.0478515625,-0.519287109375,-0.0653076171875,-20.1416015625,-189.02587890625,-33.50830078125
2.0440673828125,-0.2889404296875,-0.290283203125,52.978515625,-220.39794921875,-59.2041015625
2.07275390625,-0.046630859375,-0.505615234375,34.24072265625,-219.3603515625,-90.39306640625
2.062255859375,0.0224609375,-0.2794189453125,20.44677734375,-169.73876953125,-71.10595703125
2.0172119140625,0.130859375,1.46875,6.16455078125,-155.8837890625,-52.55126953125
2.3056640625,0.1549072265625,0.7603759765625,6.89697265625,-137.75634765625,-45.5322265625
2.521240234375,0.0914306640625,0.8651123046875,10.25390625,-104.00390625,-39.12353515625
2.703125,-0.404052734375,1.5045166015625,27.83203125,-68.90869140625,-37.17041015625
2.38525390625,0.2359619140625,1.95263671875,58.16650390625,-39.00146484375,-31.6162109375
2.18408203125,0.4984130859375,1.3878173828125,76.96533203125,-22.52197265625,-27.77099609375
-0.4307861328125,0.4871826171875,1.430908203125,76.66015625,-6.34765625,-26.0009765625
-0.2191162109375,0.302734375,1.402587890625,68.84765625,-3.90625,-24.4140625
0.2877197265625,-1.2044677734375,1.36669921875,58.16650390625,-2.8076171875,-21.17919921875
0.931884765625,-1.4803466796875,1.22265625,49.25537109375,-6.65283203125,-16.845703125
1.1363525390625,-0.656494140625,0.8927001953125,43.212890625,-10.498046875,-9.94873046875
1.1416015625,-0.2921142578125,1.074951171875,35.5224609375,-12.939453125,-9.94873046875
1.123046875,-0.5169677734375,1.0220947265625,34.24072265625,-15.80810546875,-9.27734375
1.1495361328125,-0.8529052734375,0.9874267578125,28.564453125,-20.99609375,-8.1787109375
1.041259765625,-0.4365234375,0.9393310546875,14.58740234375,-22.3388671875,-8.85009765625
0.732666015625,-0.3865966796875,0.9908447265625,11.29150390625,-22.15576171875,-10.55908203125
0.1146240234375,-0.2283935546875,0.879150390625,8.85009765625,-21.54541015625,-12.51220703125
0.129638671875,-0.339111328125,0.912109375,6.40869140625,-21.30126953125,-13.5498046875
0.3250732421875,-0.1873779296875,0.9283447265625,7.080078125,-22.64404296875,-13.7939453125
0.353759765625,-0.23583984375,0.93017578125,6.591796875,-24.35302734375,-15.869140625
0.3675537109375,-0.337646484375,0.9173583984375,5.92041015625,-32.28759765625,-19.22607421875
0.3941650390625,-0.3466796875,0.9130859375,4.638671875,-33.75244140625,-26.0009765625
0.2825927734375,-0.331787109375,0.8717041015625,2.685546875,-38.330078125,-26.611328125
0.2508544921875,-0.40771484375,0.8985595703125,-4.150390625,-41.1376953125,-26.18408203125
0.270263671875,-0.3709716796875,0.920654296875,-4.8828125,-42.8466796875,-26.30615234375
0.2659912109375,-0.374267578125,0.9161376953125,-5.615234375,-44.73876953125,-25.45166015625
0.2852783203125,-0.2982177734375,0.89404296875,-6.2255859375,-45.71533203125,-22.8271484375
0.3157958984375,-0.29248046875,0.9229736328125,-6.7138671875,-47.2412109375,-19.71435546875
0.3258056640625,-0.2930908203125,0.932373046875,-6.9580078125,-48.15673828125,-18.1884765625
0.291259765625,-0.40185546875,0.908447265625,-5.2490234375,-51.513671875,-17.7001953125
0.2735595703125,-0.3897705078125,0.9039306640625,-4.57763671875,-57.18994140625,-17.4560546875
0.2908935546875,-0.304931640625,0.86376953125,-5.55419921875,-62.3779296875,-27.099609375
0.2789306640625,-0.3675537109375,0.8587646484375,-7.9345703125,-80.01708984375,-38.14697265625
0.2763671875,-0.3074951171875,0.8482666015625,-11.53564453125,-101.5625,-43.8232421875
0.3603515625,-0.3187255859375,0.8751220703125,-17.51708984375,-115.29541015625,-46.5087890625
0.323974609375,-0.2567138671875,0.9022216796875,-17.333984375,-129.7607421875,-49.62158203125
0.3612060546875,-0.2774658203125,0.9468994140625,-20.32470703125,-146.728515625,-54.3212890625
0.3756103515625,-0.3072509765625,0.964599609375,-21.78955078125,-164.48974609375,-60.6689453125
0.4095458984375,-0.2928466796875,0.98486328125,-23.5595703125,-183.4716796875,-66.95556640625
0.430908203125,-0.2767333984375,0.9586181640625,-28.80859375,-206.0546875,-107.97119140625
0.3865966796875,-0.4417724609375,0.987548828125,-34.48486328125,-307.0068359375,-131.28662109375
0.357177734375,-0.410400390625,0.9832763671875,-43.8232421875,-343.994140625,-153.3203125
0.467041015625,-0.3541259765625,1.021240234375,-54.38232421875,-389.6484375,-168.27392578125
0.3035888671875,-0.314453125,1.0556640625,-63.29345703125,-421.7529296875,-193.84765625
0.3226318359375,-0.2587890625,1.1217041015625,-87.40234375,-431.70166015625,-217.71240234375
0.3458251953125,-0.299560546875,1.02734375,-95.947265625,-431.45751953125,-240.234375
0.325439453125,-0.2978515625,1.35595703125,-123.71826171875,-404.4189453125,-254.5166015625
0.3433837890625,-0.306396484375,1.352294921875,-146.8505859375,-357.421875,-183.77685546875
0.3289794921875,-0.417724609375,1.5859375,-154.72412109375,-110.2294921875,-147.88818359375
0.31494140625,-0.473388671875,1.341064453125,-154.35791015625,-20.56884765625,-8.1787109375
0.343505859375,-0.75146484375,1.6129150390625,-132.50732421875,204.9560546875,18.24951171875
0.1300048828125,-0.77587890625,1.696044921875,-91.796875,225.341796875,50.59814453125
0.6900634765625,-1.1407470703125,1.7449951171875,-41.8701171875,201.171875,67.81005859375
0.6102294921875,-1.457763671875,2.0411376953125,38.51318359375,185.6689453125,86.9140625
0.510009765625,-1.4461669921875,2.1492919921875,71.77734375,185.9130859375,107.60498046875
0.7899169921875,-1.8255615234375,2.5877685546875,96.435546875,201.96533203125,126.89208984375
1.5496826171875,-2.0413818359375,1.2254638671875,99.30419921875,228.759765625,141.78466796875
2.0234375,-1.5018310546875,0.6988525390625,86.9140625,258.48388671875,151.06201171875
2.5462646484375,-2.1578369140625,0.3739013671875,68.359375,281.25,156.005859375
2.7215576171875,-1.4532470703125,0.422119140625,52.001953125,293.45703125,163.6962890625
0.8902587890625,-0.9691162109375,0.58642578125,40.52734375,305.6640625,166.68701171875
1.6300048828125,-0.33154296875,0.724609375,32.53173828125,309.6923828125,168.0908203125
-0.3492431640625,-0.2216796875,0.7520751953125,28.1982421875,313.41552734375,169.86083984375
-0.8349609375,-0.1888427734375,0.67431640625,3.47900390625,315.85693359375,176.08642578125
-1.03369140625,-0.270751953125,0.6102294921875,-5.43212890625,317.0166015625,180.11474609375
-0.7254638671875,-0.3895263671875,0.577880859375,-8.97216796875,317.5048828125,183.349609375
-0.4007568359375,-0.4173583984375,0.940673828125,-7.87353515625,316.5283203125,184.14306640625
-0.116943359375,-0.4124755859375,1.0791015625,-6.28662109375,314.14794921875,180.96923828125
0.0037841796875,-0.39990234375,1.2193603515625,-4.7607421875,308.4716796875,170.83740234375
-0.019775390625,-0.260009765625,1.348876953125,-4.57763671875,296.875,154.96826171875
-0.027099609375,-0.3470458984375,1.52001953125,-4.8828125,279.296875,99.91455078125
0.0203857421875,-0.443115234375,1.8175048828125,-5.859375,227.9052734375,89.17236328125
0.4742431640625,-0.488037109375,1.963134765625,-7.87353515625,208.0078125,72.3876953125
0.53857421875,-0.5364990234375,2.03173828125,-11.53564453125,149.10888671875,67.87109375
0.6181640625,-0.673828125,1.9925537109375,-18.798828125,109.9853515625,37.7197265625
0.66845703125,-0.7410888671875,1.9415283203125,-25.2685546875,23.4375,-3.0517578125
0.79443359375,-0.76904296875,1.8206787109375,-63.4765625,-20.99609375,-56.57958984375
1.0155029296875,-0.825439453125,0.8746337890625,-81.6650390625,-112.36572265625,-79.65087890625
1.1497802734375,-0.9339599609375,0.3458251953125,-58.04443359375,-139.892578125,-78.61328125
1.3116455078125,-1.0889892578125,-0.3597412109375,-25.87890625,-108.94775390625,-72.1435546875
1.4393310546875,-0.913330078125,-0.53564453125,24.0478515625,-101.318359375,-95.64208984375
1.6251220703125,-0.33935546875,-0.6025390625,40.4052734375,-141.845703125,-104.4921875
1.9150390625,0.3778076171875,-0.00927734375,42.1142578125,-200.37841796875,-91.00341796875
2.6241455078125,0.30029296875,-0.8038330078125,8.30078125,-197.998046875,-93.994140625
2.6959228515625,-0.1192626953125,1.0130615234375,2.01416015625,-169.12841796875,-65.5517578125
3.0325927734375,-0.6561279296875,2.43603515625,-3.47900390625,-155.82275390625,-56.5185546875
3.3143310546875,0.080810546875,1.3284912109375,-25.87890625,-147.15576171875,-54.74853515625
3.17578125,0.009521484375,0.85693359375,1.953125,-140.380859375,-46.7529296875
3.251220703125,-0.47705078125,1.6385498046875,34.72900390625,-98.876953125,-42.78564453125
2.28955078125,-0.48388671875,2.0369873046875,51.3916015625,-80.26123046875,-41.56494140625
0.9541015625,0.1832275390625,1.552490234375,61.279296875,-32.5927734375,-32.53173828125
0.0272216796875,0.0338134765625,1.1844482421875,70.556640625,-19.6533203125,-26.7333984375
-0.405029296875,-0.7769775390625,1.197021484375,77.08740234375,-9.58251953125,-23.49853515625
-0.019775390625,-0.6944580078125,1.278564453125,77.2705078125,-5.79833984375,-24.7802734375
1.1488037109375,-1.0244140625,1.189697265625,65.3076171875,-10.1318359375,-24.5361328125
1.3275146484375,-0.4786376953125,1.123291015625,53.03955078125,-16.7236328125,-23.25439453125
0.9654541015625,-0.5089111328125,1.049072265625,39.306640625,-18.73779296875,-16.90673828125
0.70751953125,-0.4771728515625,1.01953125,31.55517578125,-24.658203125,-21.6064453125
0.65380859375,-0.4755859375,0.934326171875,24.90234375,-28.74755859375,-22.39990234375
0.75634765625,-0.18701171875,0.9639892578125,16.6015625,-31.982421875,-21.484375
0.822265625,-0.2933349609375,0.9697265625,6.591796875,-34.7900390625,-21.1181640625
0.7821044921875,-0.2744140625,0.956787109375,12.0849609375,-37.04833984375,-20.44677734375
0.6578369140625,-0.2998046875,0.917236328125,14.58740234375,-38.818359375,-21.240234375
0.332763671875,-0.22607421875,0.8841552734375,11.90185546875,-39.306640625,-25.390625
0.322998046875,-0.2562255859375,0.89599609375,9.8876953125,-37.9638671875,-30.3955078125
0.1744384765625,-0.3311767578125,0.91259765625,6.77490234375,-36.865234375,-34.36279296875
0.219970703125,-0.404052734375,0.927978515625,3.41796875,-36.1328125,-38.330078125
0.300537109375,-0.3712158203125,0.9307861328125,1.708984375,-34.3017578125,-41.19873046875
0.2745361328125,-0.371337890625,0.931884765625,0.42724609375,-36.31591796875,-40.771484375
0.27490234375,-0.3150634765625,0.89306640625,0.8544921875,-41.9921875,-26.42822265625
0.29052734375,-0.29345703125,0.84912109375,0.30517578125,-65.185546875,-22.3388671875
0.3525390625,-0.3238525390625,0.848876953125,3.72314453125,-76.2939453125,-21.3623046875
0.3397216796875,-0.40380859375,0.798828125,1.3427734375,-102.6611328125,-34.36279296875
0.3310546875,-0.38623046875,0.8701171875,-12.8173828125,-131.9580078125,-37.9638671875
0.357177734375,-0.385498046875,0.9112548828125,-19.53125,-151.4892578125,-44.37255859375
0.3358154296875,-0.3780517578125,0.9371337890625,-26.123046875,-172.2412109375,-52.24609375
0.3341064453125,-0.396728515625,1.0118408203125,-32.16552734375,-193.42041015625,-77.880859375
0.32373046875,-0.235107421875,1.0421142578125,-33.75244140625,-252.0751953125,-92.83447265625
0.376953125,-0.2076416015625,0.991943359375,-36.31591796875,-280.76171875,-112.1826171875
0.2862548828125,-0.1588134765625,1.0313720703125,-37.7197265625,-315.24658203125,-172.42431640625
0.32763671875,-0.2135009765625,1.014404296875,-52.55126953125,-389.892578125,-189.8193359375
0.3408203125,-0.4156494140625,1.015625,-53.7109375,-426.94091796875,-225.40283203125
0.3465576171875,-0.28857421875,1.0323486328125,-62.56103515625,-448.73046875,-252.197265625
0.324462890625,-0.2880859375,0.9954833984375,-89.9658203125,-448.79150390625,-265.7470703125
0.2508544921875,-0.38037109375,1.0758056640625,-116.88232421875,-417.90771484375,-257.99560546875
0.2662353515625,-0.395263671875,1.261474609375,-121.39892578125,-365.966796875,-239.19677734375
0.2703857421875,-0.50830078125,1.6142578125,-102.294921875,-290.52734375,-203.0029296875
0.299072265625,-0.5843505859375,1.3837890625,-83.92333984375,-184.02099609375,-75.8056640625
0.2845458984375,-0.589599609375,1.6209716796875,-80.38330078125,35.2783203125,10.19287109375
0.224609375,-0.6923828125,1.5281982421875,-86.669921875,182.67822265625,58.2275390625
0.2833251953125,-1.058349609375,2.18310546875,-76.66015625,247.74169921875,79.16259765625
0.7672119140625,-1.275146484375,2.221435546875,-22.0947265625,260.68115234375,86.669921875
0.502197265625,-1.917724609375,2.157470703125,22.64404296875,255.0048828125,118.71337890625
1.006591796875,-1.952880859375,2.461181640625,66.2841796875,225.64697265625,137.0849609375
1.48876953125,-1.59326171875,2.1685791015625,84.3505859375,243.83544921875,158.26416015625
1.9566650390625,-1.4752197265625,1.6177978515625,86.73095703125,272.52197265625,180.7861328125
3.1036376953125,-1.0396728515625,0.96240234375,59.99755859375,303.77197265625,202.5146484375
1.9483642578125,-2.0992431640625,0.640869140625,45.5322265625,330.9326171875,221.00830078125
0.97265625,-1.8070068359375,0.510009765625,33.38623046875,346.49658203125,233.154296875
0.4486083984375,-1.3056640625,0.6541748046875,30.3955078125,346.86279296875,237.48779296875
0.814208984375,-0.818115234375,0.8092041015625,33.87451171875,338.7451171875,236.26708984375
0.33544921875,-0.5067138671875,0.904541015625,38.14697265625,328.06396484375,230.224609375
-0.4024658203125,-0.3472900390625,0.8741455078125,39.1845703125,319.4580078125,221.25244140625
-0.805419921875,-0.4454345703125,0.76611328125,36.9873046875,315.49072265625,191.5283203125
-0.82421875,-0.603759765625,0.71533203125,30.82275390625,327.1484375,187.01171875
-0.0205078125,-0.6988525390625,0.70361328125,23.3154296875,323.73046875,183.9599609375
0.265869140625,-0.6473388671875,0.7401123046875,21.484375,316.83349609375,179.5654296875
0.47021484375,-0.54052734375,0.86865234375,27.64892578125,308.10546875,171.32568359375
0.523193359375,-0.4017333984375,1.1119384765625,23.62060546875,298.095703125,134.70458984375
0.466064453125,-0.326416015625,1.3265380859375,18.61572265625,278.25927734375,104.8583984375
0.390625,-0.3193359375,1.638916015625,17.15087890625,260.7421875,73.91357421875
0.3990478515625,-0.4390869140625,1.6798095703125,15.9912109375,237.60986328125,47.4853515625
0.470458984375,-0.563720703125,1.668701171875,13.85498046875,216.6748046875,27.64892578125
0.61181640625,-0.7476806640625,1.608642578125,-1.15966796875,201.84326171875,17.578125
0.81884765625,-0.8265380859375,1.5377197265625,-38.75732421875,186.82861328125,10.009765625
1.0301513671875,-0.922607421875,1.160400390625,-90.14892578125,163.818359375,-22.88818359375
1.320068359375,-1.0098876953125,0.9061279296875,-137.451171875,93.56689453125,-45.95947265625
1.4517822265625,-1.1015625,0.673583984375,-160.82763671875,42.6025390625,-59.5703125
1.55322265625,-0.955322265625,0.4288330078125,-151.79443359375,-45.166015625,-81.23779296875
1.6282958984375,-0.4857177734375,0.208251953125,-62.56103515625,-121.58203125,-81.72607421875
1.8057861328125,-0.0318603515625,-0.0406494140625,-0.06103515625,-134.94873046875,-91.24755859375
1.9710693359375,0.140380859375,-0.2061767578125,54.50439453125,-137.0849609375,-81.54296875
1.9788818359375,0.18896484375,-0.28857421875,70.37353515625,-281.31103515625,-102.783203125
2.285400390625,0.0606689453125,-0.120361328125,59.6923828125,-224.54833984375,-87.890625
2.5400390625,-0.1165771484375,0.0958251953125,62.255859375,-195.73974609375,-72.1435546875
2.6407470703125,-0.305908203125,-0.1373291015625,8.056640625,-178.64990234375,-59.814453125
2.7012939453125,-0.08154296875,1.7093505859375,24.658203125,-155.8837890625,-40.283203125
2.796142578125,-1.14990234375,1.286865234375,5.18798828125,-106.50634765625,-38.14697265625
2.6773681640625,0.2825927734375,2.154541015625,16.54052734375,-83.0078125,-25.146484375
2.450439453125,-0.777099609375,1.5421142578125,36.56005859375,-31.1279296875,-19.10400390625
2.6270751953125,-0.6676025390625,1.39501953125,56.5185546875,-18.85986328125,-16.357421875
-0.4583740234375,-0.1956787109375,1.5072021484375,61.03515625,-19.59228515625,-14.09912109375
-0.115966796875,-0.4437255859375,1.3070068359375,25.87890625,-23.13232421875,-10.3759765625
-0.32568359375,-1.0977783203125,1.1732177734375,8.30078125,-27.9541015625,-9.765625
1.35302734375,-1.1741943359375,1.2152099609375,1.64794921875,-32.16552734375,-12.39013671875
1.0745849609375,-0.63330078125,0.99853515625,-3.2958984375,-31.55517578125,-18.06640625
1.042724609375,-0.41552734375,0.99169921875,-12.5732421875,-28.3203125,-20.81298828125
1.1925048828125,-0.409912109375,0.912353515625,-17.7001953125,-29.296875,-25.0244140625
1.1737060546875,-0.5272216796875,0.9169921875,-15.0146484375,-26.30615234375,-25.20751953125
0.7408447265625,-0.3739013671875,0.945556640625,-3.23486328125,-29.6630859375,-26.42822265625
0.733154296875,-0.428466796875,0.9384765625,0.42724609375,-27.83203125,-28.38134765625
0.376953125,-0.529541015625,0.8199462890625,3.7841796875,-26.30615234375,-32.16552734375
0.4013671875,-0.5115966796875,0.823486328125,8.4228515625,-24.658203125,-33.38623046875
0.25146484375,-0.461181640625,0.843505859375,14.892578125,-23.681640625,-34.912109375
0.232421875,-0.5364990234375,0.843994140625,19.6533203125,-26.79443359375,-34.48486328125
0.267822265625,-0.643798828125,0.830078125,26.55029296875,-28.01513671875,-31.55517578125
0.3262939453125,-0.556884765625,0.775146484375,28.9306640625,-29.72412109375,-26.7333984375
0.25,-0.4696044921875,0.8271484375,25.57373046875,-33.75244140625,-21.728515625
0.2999267578125,-0.448974609375,0.828857421875,23.8037109375,-41.50390625,-17.15087890625
0.2972412109375,-0.5308837890625,0.8568115234375,19.95849609375,-82.21435546875,-22.15576171875
0.324462890625,-0.549560546875,0.8651123046875,15.869140625,-96.5576171875,-28.6865234375
0.3206787109375,-0.464599609375,0.8306884765625,9.70458984375,-111.99951171875,-33.99658203125
0.355224609375,-0.3831787109375,0.896728515625,-6.103515625,-129.0283203125,-38.57421875
0.3428955078125,-0.3909912109375,0.9228515625,-9.33837890625,-147.3388671875,-42.48046875
0.3465576171875,-0.3193359375,0.920654296875,-12.5732421875,-165.1611328125,-46.69189453125
0.35693359375,-0.263427734375,0.9810791015625,-18.00537109375,-183.65478515625,-51.1474609375
0.3812255859375,-0.222900390625,0.99365234375,-23.62060546875,-204.40673828125,-61.279296875
0.4354248046875,-0.2255859375,0.9991455078125,-31.6162109375,-222.65625,-74.89013671875
0.4090576171875,-0.441162109375,1.0142822265625,-41.19873046875,-245.4833984375,-99.54833984375
0.3778076171875,-0.4482421875,1.0059814453125,-46.5087890625,-275.2685546875,-132.87353515625
0.3734130859375,-0.35498046875,1.01708984375,-56.45751953125,-313.53759765625,-165.4052734375
0.2816162109375,-0.317626953125,1.029296875,-67.3828125,-344.29931640625,-211.7919921875
0.2711181640625,-0.288330078125,0.9739990234375,-69.9462890625,-421.32568359375,-240.72265625
0.2852783203125,-0.2977294921875,0.9840087890625,-66.22314453125,-435.9130859375,-254.82177734375
0.322998046875,-0.380859375,0.9725341796875,-88.07373046875,-442.07763671875,-297.36328125
0.3414306640625,-0.41357421875,1.122802734375,-122.37548828125,-425.96435546875,-291.8701171875
0.311279296875,-0.502197265625,1.3416748046875,-123.59619140625,-390.31982421875,-268.1884765625
0.2838134765625,-0.6700439453125,1.4334716796875,-140.93017578125,-308.89892578125,-246.39892578125
0.3330078125,-0.785888671875,1.1876220703125,-131.65283203125,-215.9423828125,-180.11474609375
0.2332763671875,-0.602294921875,1.200927734375,-140.68603515625,-86.7919921875,-87.34130859375
0.2552490234375,-0.6053466796875,1.20947265625,-158.69140625,34.912109375,24.71923828125
0.3623046875,-1.233154296875,1.5877685546875,-172.7294921875,167.96875,88.134765625
0.90869140625,-0.8121337890625,2.0384521484375,-133.72802734375,272.03369140625,125.0
0.386962890625,-1.6275634765625,2.355224609375,-62.56103515625,311.46240234375,148.3154296875
0.8702392578125,-1.5477294921875,2.275634765625,-21.728515625,339.90478515625,166.93115234375
1.4312744140625,-1.332275390625,1.1737060546875,70.25146484375,353.6376953125,179.19921875
1.6595458984375,-1.7081298828125,2.3387451171875,118.71337890625,357.23876953125,184.14306640625
2.244873046875,-1.8060302734375,2.1387939453125,142.02880859375,355.1025390625,178.5888671875
2.0594482421875,-1.8970947265625,1.310546875,146.66748046875,353.271484375,167.41943359375
1.8037109375,-3.090087890625,0.963134765625,132.26318359375,355.224609375,151.123046875
1.031005859375,-2.7864990234375,0.6661376953125,106.62841796875,354.4921875,131.591796875
0.7562255859375,-2.051513671875,0.529541015625,78.9794921875,330.9326171875,112.97607421875
1.13671875,-1.4207763671875,0.473388671875,52.6123046875,294.98291015625,102.84423828125
0.76611328125,-0.70458984375,0.392333984375,26.3671875,273.8037109375,107.97119140625
0.1343994140625,-0.2796630859375,0.4608154296875,-15.869140625,276.9775390625,127.197265625
0.0062255859375,-0.07958984375,0.3260498046875,-49.072265625,293.3349609375,152.52685546875
-0.0286865234375,-0.024169921875,0.0543212890625,-65.0634765625,303.89404296875,191.7724609375
0.01806640625,-0.05859375,0.2490234375,-65.73486328125,285.64453125,208.19091796875
0.162353515625,-0.0360107421875,0.6409912109375,-51.3916015625,276.4892578125,223.388671875
0.168701171875,0.2596435546875,1.00439453125,-35.94970703125,273.92578125,236.2060546875
0.248291015625,0.2435302734375,1.2213134765625,-24.4140625,275.7568359375,241.3330078125
0.2291259765625,-0.191162109375,1.2750244140625,-20.44677734375,271.05712890625,233.45947265625
-0.237060546875,-0.6407470703125,1.2071533203125,-13.73291015625,267.333984375,221.61865234375
-0.40966796875,-0.93505859375,1.2169189453125,-6.591796875,262.51220703125,206.23779296875
0.1180419921875,-0.9619140625,1.462158203125,-0.67138671875,253.60107421875,188.17138671875
0.622802734375,-0.867431640625,1.547607421875,-4.82177734375,239.8681640625,162.4755859375
0.804443359375,-0.8743896484375,1.5723876953125,-7.2021484375,218.994140625,124.45068359375
0.75341796875,-1.0435791015625,1.677490234375,-6.65283203125,193.9697265625,74.89013671875
0.5927734375,-1.0159912109375,1.7076416015625,0.48828125,161.7431640625,29.296875
0.64208984375,-0.9332275390625,1.66650390625,15.07568359375,120.30029296875,3.60107421875
1.0634765625,-0.6783447265625,1.5660400390625,31.73828125,76.11083984375,-5.9814453125
1.186279296875,-0.626220703125,1.2135009765625,29.541015625,-1.89208984375,-14.6484375
1.2501220703125,-0.6124267578125,0.7327880859375,-8.85009765625,-34.48486328125,-29.052734375
1.7698974609375,-0.666015625,0.0853271484375,-68.603515625,-69.82421875,-36.376953125
1.9677734375,-0.7252197265625,-0.3699951171875,-89.2333984375,-88.92822265625,-43.212890625
2.08740234375,-0.6688232421875,-0.6346435546875,-46.142578125,-84.9609375,-27.16064453125
2.2335205078125,-0.203125,-0.6282958984375,11.962890625,-106.201171875,-43.9453125
2.3624267578125,0.5931396484375,-0.30078125,43.27392578125,-168.5791015625,-25.93994140625
2.75341796875,1.19140625,-0.0257568359375,35.94970703125,-299.86572265625,-45.10498046875
3.025146484375,0.8040771484375,0.37158203125,16.54052734375,-319.4580078125,-109.7412109375
3.22412109375,-0.674072265625,1.017822265625,15.2587890625,-218.1396484375,-101.62353515625
3.1220703125,-0.7562255859375,1.2855224609375,11.23046875,-166.9921875,-73.79150390625
3.029541015625,-0.4224853515625,1.04296875,34.66796875,-144.775390625,-51.81884765625
2.8841552734375,-0.187255859375,0.05859375,51.025390625,-114.68505859375,-48.27880859375
2.5762939453125,0.20849609375,1.1768798828125,25.45166015625,-82.03125,-43.64013671875
2.441162109375,-1.4854736328125,2.6856689453125,51.3916015625,-43.02978515625,-40.52734375
-1.076416015625,-0.736083984375,2.412109375,74.76806640625,-13.3056640625,-42.54150390625
-1.4014892578125,-0.337890625,1.6375732421875,76.5380859375,-17.333984375,-41.6259765625
-1.0362548828125,0.331787109375,1.220458984375,59.814453125,-19.47021484375,-34.1796875
-0.6419677734375,-0.12255859375,1.4158935546875,58.9599609375,-16.357421875,-32.71484375
0.857177734375,-1.6943359375,1.1258544921875,58.10546875,-18.00537109375,-26.79443359375
1.7891845703125,-1.366455078125,0.9251708984375,61.70654296875,-20.93505859375,-23.5595703125
1.8289794921875,-0.4332275390625,0.6995849609375,53.7109375,-24.5361328125,-18.85986328125
1.4525146484375,-0.333984375,1.0140380859375,45.2880859375,-28.076171875,-13.12255859375
1.16259765625,-0.95849609375,0.94287109375,30.21240234375,-31.55517578125,-14.83154296875
0.9237060546875,-0.831298828125,1.0616455078125,16.6015625,-32.958984375,-19.10400390625
0.7376708984375,-0.3111572265625,0.98095703125,3.7841796875,-32.77587890625,-23.13232421875
0.60205078125,-0.41650390625,1.0150146484375,-12.20703125,-34.48486328125,-25.7568359375
-0.094482421875,-0.1973876953125,0.9791259765625,-12.451171875,-38.63525390625,-27.2216796875
0.3056640625,-0.065673828125,0.935546875,-8.23974609375,-40.46630859375,-29.052734375
0.466552734375,-0.16259765625,0.9097900390625,0.0,-41.259765625,-30.82275390625
0.344482421875,-0.24169921875,0.892578125,4.5166015625,-42.41943359375,-31.494140625
0.337890625,-0.2005615234375,0.8973388671875,5.4931640625,-46.142578125,-31.67724609375
0.302001953125,-0.4246826171875,0.8846435546875,5.43212890625,-47.79052734375,-32.40966796875
0.2947998046875,-0.549072265625,0.89453125,1.0986328125,-49.4384765625,-32.470703125
0.2945556640625,-0.5582275390625,0.895263671875,-0.79345703125,-48.27880859375,-32.3486328125
0.2630615234375,-0.5406494140625,0.8851318359375,-2.01416015625,-48.33984375,-29.11376953125
0.242919921875,-0.457275390625,0.90185546875,-2.38037109375,-49.1943359375,-26.0009765625
0.2850341796875,-0.3726806640625,0.915283203125,-5.126953125,-52.30712890625,-24.5361328125
0.318359375,-0.278564453125,0.9307861328125,-4.5166015625,-55.35888671875,-23.01025390625
0.3748779296875,-0.3057861328125,0.8773193359375,1.89208984375,-59.326171875,-22.0947265625
0.3538818359375,-0.35107421875,0.8714599609375,2.0751953125,-64.63623046875,-20.6298828125
0.3326416015625,-0.305419921875,0.8397216796875,0.6103515625,-69.64111328125,-21.05712890625
0.2806396484375,-0.3394775390625,0.830810546875,-0.732421875,-75.3173828125,-24.59716796875
0.329345703125,-0.3306884765625,0.861083984375,-2.3193359375,-83.251953125,-36.4990234375
0.359619140625,-0.35302734375,0.86279296875,-5.615234375,-102.6611328125,-43.9453125
0.40380859375,-0.315673828125,0.861572265625,-9.033203125,-115.66162109375,-50.048828125
0.418212890625,-0.3001708984375,0.847412109375,-11.3525390625,-150.634765625,-54.0771484375
0.447021484375,-0.3040771484375,0.8497314453125,-16.11328125,-168.27392578125,-58.837890625
0.4278564453125,-0.2791748046875,0.858154296875,-17.39501953125,-189.14794921875,-65.24658203125
0.4246826171875,-0.248779296875,0.915283203125,-25.57373046875,-211.36474609375,-74.64599609375
0.4268798828125,-0.295166015625,0.9200439453125,-30.45654296875,-238.34228515625,-94.1162109375
0.4112548828125,-0.366943359375,0.986083984375,-34.85107421875,-268.24951171875,-121.27685546875
0.4287109375,-0.405517578125,0.9932861328125,-38.51318359375,-293.51806640625,-152.4658203125
0.4163818359375,-0.4437255859375,0.969482421875,-41.1376953125,-322.265625,-175.29296875
0.4254150390625,-0.2630615234375,0.9859619140625,-41.68701171875,-368.34716796875,-197.81494140625
0.3892822265625,-0.275146484375,0.9637451171875,-54.26025390625,-414.61181640625,-236.9384765625
0.392578125,-0.3167724609375,1.031494140625,-74.0966796875,-455.4443359375,-246.337890625
0.40673828125,-0.3248291015625,1.176513671875,-91.36962890625,-461.181640625,-259.521484375
0.3936767578125,-0.4239501953125,1.268798828125,-106.8115234375,-448.42529296875,-215.33203125
0.304443359375,-0.53076171875,1.431884765625,-107.97119140625,-209.716796875,-188.17138671875
0.323486328125,-0.612548828125,1.33251953125,-124.1455078125,-107.666015625,-130.4931640625
0.2027587890625,-0.653076171875,1.3175048828125,-128.96728515625,-37.17041015625,-15.380859375
0.37890625,-0.6019287109375,1.382080078125,-109.130859375,78.9794921875,56.7626953125
0.892333984375,-0.8348388671875,1.173095703125,-65.185546875,175.1708984375,96.0693359375
0.70654296875,-1.0343017578125,1.884521484375,-54.74853515625,224.4873046875,117.67578125
0.394287109375,-0.77978515625,2.39599609375,-37.841796875,246.76513671875,130.4931640625
0.2779541015625,-1.56689453125,0.873046875,2.197265625,246.15478515625,139.404296875
0.966796875,-1.784423828125,1.887451171875,52.8564453125,236.2060546875,147.4609375
1.9052734375,-1.8775634765625,1.646484375,81.4208984375,227.47802734375,157.5927734375
1.961181640625,-1.5042724609375,1.276123046875,89.599609375,233.3984375,170.2880859375
2.87353515625,-1.98828125,0.90185546875,91.6748046875,252.99072265625,182.12890625
1.76318359375,-1.9931640625,0.610595703125,86.669921875,278.38134765625,189.27001953125
1.7601318359375,-1.9261474609375,0.5115966796875,79.89501953125,301.025390625,192.07763671875
1.9322509765625,-1.3408203125,0.4560546875,76.11083984375,317.9931640625,192.7490234375
0.6292724609375,-0.697265625,0.5120849609375,72.75390625,329.52880859375,192.138671875
0.103759765625,-0.4375,0.6248779296875,68.84765625,342.59033203125,187.80517578125
-0.197265625,-0.2218017578125,0.6800537109375,65.3076171875,343.994140625,173.15673828125
-0.4105224609375,-0.19873046875,0.6527099609375,58.837890625,335.14404296875,167.6025390625
-0.4700927734375,-0.2415771484375,0.672607421875,34.24072265625,331.1767578125,168.88427734375
-0.4312744140625,-0.2772216796875,0.6400146484375,21.3623046875,330.078125,173.2177734375
-0.1602783203125,-0.267578125,0.6510009765625,3.96728515625,332.09228515625,178.77197265625
0.1593017578125,-0.2818603515625,0.653076171875,1.03759765625,330.9326171875,175.9033203125
0.323486328125,-0.2530517578125,0.7236328125,11.1083984375,324.52392578125,163.14697265625
0.3402099609375,-0.1595458984375,1.0836181640625,14.70947265625,316.34521484375,140.68603515625
0.392578125,-0.08056640625,1.269287109375,5.615234375,304.443359375,122.25341796875
0.4281005859375,-0.1300048828125,1.5377197265625,-5.43212890625,283.02001953125,99.06005859375
0.4896240234375,-0.4393310546875,1.632080078125,-33.99658203125,250.18310546875,72.08251953125
0.589111328125,-0.640625,1.6993408203125,-45.83740234375,214.41650390625,51.1474609375
0.5289306640625,-0.840576171875,1.724365234375,-54.38232421875,178.8330078125,40.46630859375
0.8128662109375,-0.8714599609375,1.7115478515625,-64.5751953125,138.00048828125,33.0810546875
0.9473876953125,-0.918701171875,1.2314453125,-77.33154296875,87.82958984375,-0.91552734375
1.1036376953125,-0.9791259765625,0.888427734375,-88.9892578125,-22.94921875,-20.3857421875
1.1727294921875,-1.148193359375,0.4454345703125,-87.0361328125,-68.05419921875,-48.64501953125
1.3548583984375,-0.933349609375,0.085693359375,-76.72119140625,-130.2490234375,-57.55615234375
1.5413818359375,-0.5018310546875,-0.246337890625,-17.15087890625,-145.81298828125,-78.06396484375
2.0264892578125,-0.1895751953125,-0.65673828125,17.88330078125,-147.3388671875,-89.17236328125
2.1552734375,0.0859375,-0.71044921875,36.92626953125,-217.041015625,-94.42138671875
2.262451171875,0.343505859375,-0.341552734375,40.283203125,-272.39990234375,-101.318359375
2.59716796875,0.5345458984375,0.51904296875,44.61669921875,-299.86572265625,-124.267578125
3.0306396484375,0.38037109375,0.567626953125,58.9599609375,-265.7470703125,-121.7041015625
3.3690185546875,0.00390625,1.4332275390625,28.01513671875,-215.33203125,-72.509765625
3.5108642578125,-0.361328125,1.3876953125,16.05224609375,-200.0732421875,-59.50927734375
3.5367431640625,1.15966796875,0.868408203125,41.56494140625,-173.828125,-51.1474609375
3.041015625,-1.312255859375,1.3919677734375,49.37744140625,-128.11279296875,-44.73876953125
0.3582763671875,-0.798583984375,2.519287109375,72.8759765625,-81.84814453125,-37.4755859375
-1.280517578125,0.5780029296875,2.3623046875,96.923828125,-56.884765625,-35.82763671875
0.114990234375,0.4775390625,1.534423828125,90.4541015625,-45.22705078125,-27.52685546875
-0.5994873046875,-0.1195068359375,1.4520263671875,83.92333984375,-25.2685546875,-21.91162109375
-0.1448974609375,0.0087890625,1.5567626953125,70.9228515625,-19.4091796875,-16.29638671875
0.9461669921875,-0.986572265625,1.4354248046875,57.31201171875,-18.6767578125,-11.16943359375
1.6796875,-1.549560546875,1.0697021484375,23.0712890625,-16.66259765625,-7.080078125
1.8453369140625,-0.1077880859375,1.1688232421875,10.55908203125,-19.34814453125,-6.7138671875
1.303466796875,-0.198974609375,0.9241943359375,-0.18310546875,-23.681640625,-6.04248046875
0.9300537109375,-0.710693359375,1.0286865234375,-12.14599609375,-25.08544921875,-5.7373046875
1.1734619140625,-0.43603515625,0.9666748046875,-22.39990234375,-25.81787109375,-6.9580078125
1.2003173828125,-0.264892578125,0.928955078125,-25.5126953125,-26.42822265625,-8.544921875
0.2359619140625,-0.3914794921875,0.9140625,-31.005859375,-28.80859375,-9.82666015625
0.4822998046875,-0.36181640625,0.9403076171875,-37.17041015625,-33.75244140625,-11.16943359375
0.4935302734375,-0.2635498046875,0.917724609375,-39.00146484375,-37.53662109375,-12.8173828125
0.4952392578125,-0.391357421875,0.875,-38.6962890625,-38.9404296875,-14.09912109375
0.3880615234375,-0.44287109375,0.930908203125,-39.12353515625,-39.61181640625,-14.2822265625
0.4144287109375,-0.3858642578125,0.9105224609375,-35.0341796875,-42.78564453125,-10.07080078125
0.262939453125,-0.29638671875,0.8922119140625,-31.73828125,-42.78564453125,-8.36181640625
0.3326416015625,-0.4954833984375,0.9097900390625,-29.35791015625,-43.27392578125,-7.32421875
0.3155517578125,-0.5205078125,0.8765869140625,-28.564453125,-44.43359375,-6.8359375
0.2889404296875,-0.4951171875,0.78515625,-35.33935546875,-46.08154296875,-7.4462890625
0.338134765625,-0.567138671875,0.9002685546875,-38.0859375,-45.83740234375,-9.6435546875
0.30029296875,-0.4759521484375,0.8499755859375,-36.68212890625,-45.5322265625,-13.427734375
0.2408447265625,-0.4554443359375,0.864013671875,-32.5927734375,-45.34912109375,-18.06640625
0.3978271484375,-0.4786376953125,0.7958984375,-29.052734375,-43.701171875,-24.169921875
0.3331298828125,-0.36572265625,0.757080078125,-23.13232421875,-42.236328125,-33.63037109375
0.2899169921875,-0.4051513671875,0.7174072265625,-16.9677734375,-40.46630859375,-43.64013671875
0.2979736328125,-0.4600830078125,0.693359375,-10.009765625,-40.46630859375,-51.08642578125
0.351806640625,-0.47802734375,0.721435546875,-0.91552734375,-36.19384765625,-53.5888671875
0.38623046875,-0.504150390625,0.65283203125,15.380859375,-37.29248046875,-51.57470703125
0.384765625,-0.5543212890625,0.6455078125,29.6630859375,-38.63525390625,-48.15673828125
0.3565673828125,-0.5504150390625,0.60400390625,38.87939453125,-39.6728515625,-42.78564453125
0.420166015625,-0.5487060546875,0.629150390625,44.73876953125,-45.8984375,-39.12353515625
0.430419921875,-0.6029052734375,0.6851806640625,40.34423828125,-54.01611328125,-30.76171875
0.360107421875,-0.733642578125,0.6923828125,33.75244140625,-83.740234375,-27.28271484375
0.38232421875,-0.7996826171875,0.7711181640625,21.6064453125,-102.84423828125,-26.30615234375
0.376953125,-0.764404296875,0.81103515625,10.25390625,-123.35205078125,-29.11376953125
0.38671875,-0.6572265625,0.8812255859375,-10.3759765625,-142.51708984375,-34.3017578125
0.3330078125,-0.417724609375,0.9188232421875,-19.775390625,-159.7900390625,-42.236328125
0.38232421875,-0.3671875,0.9747314453125,-27.4658203125,-178.955078125,-53.3447265625
0.4112548828125,-0.2315673828125,1.03955078125,-32.8369140625,-202.45361328125,-72.32666015625
0.5628662109375,-0.254150390625,1.0283203125,-41.8701171875,-230.28564453125,-102.11181640625
0.5001220703125,-0.2281494140625,0.9844970703125,-46.08154296875,-262.39013671875,-139.0380859375
0.4866943359375,-0.237060546875,0.94970703125,-52.18505859375,-301.45263671875,-168.76220703125
0.437255859375,-0.3433837890625,0.9599609375,-55.35888671875,-349.67041015625,-185.72998046875
0.409912109375,-0.427734375,1.0108642578125,-55.72509765625,-402.9541015625,-266.66259765625
0.396240234375,-0.484130859375,1.03466796875,-53.7109375,-443.84765625,-284.60693359375
0.4122314453125,-0.536865234375,1.111328125,-61.4013671875,-422.18017578125,-249.0234375
0.33056640625,-0.5635986328125,1.2015380859375,-90.087890625,-368.10302734375,-226.318359375
0.3497314453125,-0.674560546875,1.503173828125,-179.5654296875,-261.29150390625,-199.76806640625
0.31591796875,-0.7652587890625,1.6796875,-173.64501953125,-171.38671875,-148.8037109375
0.288330078125,-0.722900390625,1.5252685546875,-174.86572265625,-53.466796875,52.79541015625
0.2952880859375,-0.61669921875,1.372314453125,-181.57958984375,260.7421875,68.78662109375
0.237060546875,-0.647705078125,1.5533447265625,-195.068359375,280.21240234375,73.974609375
0.2655029296875,-0.68701171875,2.00634765625,-127.13623046875,284.36279296875,78.79638671875
0.50244140625,-1.4654541015625,1.971923828125,86.73095703125,280.45654296875,84.77783203125
0.3177490234375,-1.5994873046875,1.7435302734375,128.23486328125,272.88818359375,90.33203125
0.2139892578125,-1.30419921875,1.63623046875,149.169921875,270.5078125,116.5771484375
2.0428466796875,-1.565673828125,1.7320556640625,157.89794921875,313.41552734375,130.18798828125
2.5838623046875,-1.913818359375,0.712890625,151.30615234375,330.62744140625,141.845703125
2.435791015625,-2.258056640625,0.5565185546875,136.29150390625,340.51513671875,179.38232421875
1.619140625,-2.3756103515625,0.470458984375,76.84326171875,332.09228515625,182.31201171875
0.0595703125,-0.941162109375,0.41259765625,64.208984375,326.2939453125,182.9833984375
1.9169921875,-0.522705078125,0.411376953125,52.3681640625,321.83837890625,185.24169921875
0.434814453125,-0.3271484375,0.5804443359375,18.12744140625,319.091796875,187.31689453125
-0.4427490234375,-0.2579345703125,0.540771484375,17.76123046875,314.8193359375,187.56103515625
-0.359375,-0.1767578125,0.5814208984375,16.9677734375,305.48095703125,184.5703125
-0.266845703125,-0.4443359375,0.9095458984375,15.2587890625,286.92626953125,177.42919921875
-0.1783447265625,-0.495361328125,1.04736328125,11.8408203125,266.4794921875,175.84228515625
-0.0352783203125,-0.5458984375,1.2060546875,6.04248046875,249.755859375,182.0068359375
0.346435546875,-0.82080078125,1.279541015625,-9.94873046875,254.08935546875,178.40576171875
0.2598876953125,-0.8681640625,1.3154296875,-31.73828125,238.09814453125,161.56005859375
0.2181396484375,-0.9447021484375,1.333984375,-66.58935546875,210.99853515625,132.26318359375
0.596923828125,-1.017578125,1.444580078125,-66.95556640625,180.60302734375,97.59521484375
0.71875,-1.013427734375,1.6544189453125,-39.61181640625,153.076171875,65.4296875
0.8695068359375,-0.7978515625,1.8890380859375,-23.4375,124.45068359375,46.2646484375
0.9456787109375,-0.7764892578125,1.7437744140625,-7.080078125,87.58544921875,34.36279296875
0.9808349609375,-0.79833984375,1.0762939453125,-1.40380859375,44.677734375,-16.54052734375
1.037109375,-1.0030517578125,0.633056640625,-24.2919921875,-21.240234375,-46.7529296875
1.2039794921875,-1.021240234375,0.1654052734375,-73.1201171875,-95.52001953125,-63.720703125
1.597900390625,-0.7987060546875,-0.3292236328125,-113.525390625,-90.14892578125,-78.18603515625
2.3546142578125,-0.69287109375,-0.83740234375,-83.80126953125,-118.1640625,-102.11181640625
2.384765625,-0.3751220703125,-1.0933837890625,-12.51220703125,-184.63134765625,-93.56689453125
2.344970703125,0.4361572265625,-0.9586181640625,33.50830078125,-241.76025390625,-113.95263671875
2.6956787109375,1.280517578125,-0.2799072265625,29.11376953125,-188.1103515625,-98.57177734375
3.1939697265625,1.2625732421875,-0.2177734375,30.517578125,-151.7333984375,-52.001953125
3.543212890625,0.4383544921875,1.8504638671875,7.26318359375,-144.34814453125,-46.38671875
3.4132080078125,-1.6282958984375,1.1802978515625,3.5400390625,-112.3046875,-36.68212890625
3.1033935546875,-0.374755859375,1.3936767578125,19.83642578125,-72.93701171875,-29.72412109375
3.0753173828125,-1.475830078125,1.7879638671875,90.14892578125,-46.56982421875,-26.123046875
2.1722412109375,-0.1927490234375,1.9571533203125,107.666015625,-33.0810546875,-24.71923828125
