1.24462890625,0.36474609375,0.951416015625,11.04736328125,-18.6767578125,-6.4697265625
1.2764892578125,0.08837890625,0.909423828125,8.60595703125,-19.287109375,-4.2724609375
1.3775634765625,-0.0931396484375,0.9180908203125,6.7138671875,-20.263671875,-4.5166015625
1.2313232421875,0.0101318359375,0.9324951171875,6.89697265625,-22.216796875,-3.90625
0.794677734375,0.0543212890625,0.9095458984375,5.06591796875,-24.96337890625,-2.0751953125
0.728515625,-0.0396728515625,0.890869140625,1.03759765625,-28.9306640625,-1.3427734375
0.8408203125,-0.05517578125,0.894287109375,-4.94384765625,-33.3251953125,-0.30517578125
0.669921875,-0.0562744140625,0.8839111328125,-9.09423828125,-37.7197265625,0.67138671875
0.58447265625,-0.1007080078125,0.8720703125,-9.33837890625,-38.4521484375,2.62451171875
0.5595703125,-0.10888671875,0.8699951171875,-10.7421875,-38.4521484375,-0.732421875
0.580810546875,-0.116943359375,0.8841552734375,-14.16015625,-37.841796875,-1.28173828125
0.5833740234375,-0.1009521484375,0.8953857421875,-15.13671875,-42.66357421875,-0.67138671875
0.5733642578125,-0.0721435546875,0.89111328125,-16.11328125,-41.44287109375,-0.18310546875
0.577392578125,-0.0963134765625,0.8876953125,-17.27294921875,-43.5791015625,-5.92041015625
0.544921875,-0.14111328125,0.8798828125,-20.08056640625,-49.01123046875,-6.65283203125
0.4832763671875,-0.1317138671875,0.866943359375,-16.357421875,-46.630859375,-4.69970703125
0.4468994140625,-0.0865478515625,0.846923828125,-16.6015625,-46.630859375,-5.55419921875
0.4716796875,-0.0667724609375,0.847412109375,-17.2119140625,-50.96435546875,-7.26318359375
0.496337890625,-0.0673828125,0.84814453125,-17.88330078125,-51.94091796875,-6.591796875
0.514404296875,-0.0703125,0.83935546875,-12.939453125,-53.466796875,-3.60107421875
0.528564453125,-0.0853271484375,0.8507080078125,-11.29150390625,-54.74853515625,-3.662109375
0.5474853515625,-0.1083984375,0.83447265625,-13.00048828125,-61.70654296875,-5.126953125
0.5692138671875,-0.093994140625,0.797119140625,-12.14599609375,-66.5283203125,-6.591796875
0.56640625,-0.0640869140625,0.7828369140625,-8.85009765625,-72.509765625,-8.97216796875
0.5634765625,-0.09521484375,0.7735595703125,-7.4462890625,-79.40673828125,-10.8642578125
0.5758056640625,-0.12255859375,0.75732421875,-5.92041015625,-88.37890625,3.41796875
0.57958984375,-0.1038818359375,0.748779296875,-4.33349609375,-98.08349609375,9.21630859375
0.595458984375,-0.1109619140625,0.7554931640625,-2.99072265625,-156.43310546875,-2.8076171875
0.6146240234375,-0.12939453125,0.7808837890625,-2.197265625,-257.14111328125,-3.35693359375
0.61083984375,-0.125732421875,0.7862548828125,-0.42724609375,-289.4287109375,13.0615234375
0.6041259765625,-0.08154296875,0.7939453125,0.6103515625,-393.798828125,-133.056640625
0.602294921875,-0.0831298828125,0.8140869140625,-6.2255859375,-425.72021484375,-144.71435546875
0.6353759765625,-0.1241455078125,0.828857421875,-29.60205078125,-403.01513671875,-148.92578125
0.649169921875,-0.1422119140625,0.8311767578125,-28.01513671875,-364.44091796875,-130.79833984375
0.6446533203125,-0.15673828125,0.8370361328125,-55.5419921875,-313.53759765625,-22.64404296875
0.644287109375,-0.1566162109375,0.906494140625,-100.9521484375,-237.60986328125,-9.033203125
0.625244140625,-0.1085205078125,0.963623046875,-178.7109375,97.5341796875,-9.33837890625
0.614013671875,-0.0286865234375,1.0369873046875,-175.9033203125,233.0322265625,-3.173828125
0.6279296875,-0.198974609375,1.033447265625,-162.7197265625,260.986328125,3.96728515625
0.6307373046875,-0.1595458984375,1.250732421875,-142.333984375,278.6865234375,13.48876953125
0.61962890625,-0.041259765625,1.4912109375,-44.5556640625,286.62109375,21.42333984375
0.4119873046875,-0.18408203125,1.6585693359375,55.72509765625,289.97802734375,27.587890625
0.4102783203125,-1.1141357421875,1.495849609375,86.36474609375,291.19873046875,36.62109375
0.99951171875,-0.980224609375,1.95556640625,96.61865234375,294.0673828125,48.40087890625
1.310546875,-0.810302734375,0.962158203125,93.32275390625,304.5654296875,59.63134765625
2.7796630859375,-0.7000732421875,0.701171875,83.0078125,318.603515625,70.86181640625
2.45166015625,-1.7581787109375,0.5107421875,71.1669921875,334.228515625,82.3974609375
2.0828857421875,-1.312744140625,0.4136962890625,59.326171875,350.28076171875,92.7734375
1.606689453125,-0.8221435546875,0.3994140625,46.20361328125,358.70361328125,105.89599609375
2.2708740234375,-0.41162109375,0.4317626953125,37.29248046875,363.83056640625,109.43603515625
0.5635986328125,-0.1575927734375,0.4869384765625,34.60693359375,367.85888671875,111.99951171875
0.2523193359375,-0.11083984375,0.52734375,33.8134765625,365.72265625,116.2109375
0.0823974609375,-0.171630859375,0.552001953125,32.77587890625,363.34228515625,122.802734375
0.0157470703125,-0.242431640625,0.5428466796875,29.1748046875,363.28125,131.40869140625
0.006591796875,-0.3089599609375,0.510986328125,18.5546875,364.31884765625,141.357421875
0.074462890625,-0.3812255859375,0.5008544921875,11.8408203125,365.966796875,149.5361328125
0.2451171875,-0.4200439453125,0.4874267578125,7.01904296875,367.37060546875,153.13720703125
0.447998046875,-0.4183349609375,0.4844970703125,7.01904296875,367.12646484375,150.08544921875
0.587890625,-0.3753662109375,0.65234375,8.60595703125,360.77880859375,141.845703125
0.6514892578125,-0.322265625,0.7906494140625,11.23046875,350.5859375,30.2734375
0.6591796875,-0.2894287109375,0.9324951171875,13.48876953125,336.24267578125,4.8828125
0.6649169921875,-0.332275390625,1.0869140625,13.85498046875,239.501953125,-7.080078125
0.6895751953125,-0.39501953125,1.2232666015625,10.8642578125,202.880859375,-8.1787109375
0.7314453125,-0.458984375,1.3135986328125,6.8359375,159.60693359375,-22.64404296875
1.00537109375,-0.517333984375,1.370361328125,-6.28662109375,79.7119140625,-51.6357421875
1.209228515625,-0.541748046875,1.370361328125,-68.2373046875,27.89306640625,-47.607421875
1.408447265625,-0.5255126953125,1.2882080078125,-121.76513671875,-27.83203125,-46.0205078125
1.574951171875,-0.464599609375,1.1815185546875,-175.10986328125,-74.0966796875,-41.3818359375
1.7095947265625,-0.3580322265625,-0.04296875,-169.86083984375,-88.8671875,-25.5126953125
1.8072509765625,-0.2186279296875,-0.56103515625,-86.7919921875,-66.71142578125,-20.263671875
1.917236328125,-0.171142578125,-1.0107421875,6.7138671875,-50.47607421875,-7.01904296875
2.0816650390625,-0.19921875,-1.20361328125,119.7509765625,-114.990234375,-24.96337890625
2.24462890625,0.8089599609375,-1.1392822265625,179.0771484375,-190.73486328125,-18.00537109375
2.372802734375,0.9825439453125,-1.03515625,154.96826171875,-189.88037109375,-12.5732421875
2.3436279296875,-0.0521240234375,0.5882568359375,114.07470703125,-181.0302734375,-21.05712890625
2.3984375,-0.6246337890625,1.3392333984375,92.83447265625,-164.1845703125,-15.625
2.388427734375,-0.366943359375,1.8255615234375,67.56591796875,-130.67626953125,-13.0615234375
2.6805419921875,-0.43359375,1.6270751953125,-3.11279296875,-102.4169921875,-11.3525390625
2.540283203125,-0.219482421875,0.91845703125,-6.04248046875,-74.89013671875,-11.77978515625
2.273193359375,0.8250732421875,0.66748046875,-2.13623046875,-52.6123046875,-7.8125
1.089111328125,0.6732177734375,1.3919677734375,10.8642578125,-39.00146484375,-3.35693359375
0.08642578125,0.5736083984375,1.3056640625,16.7236328125,-27.16064453125,0.1220703125
-0.3509521484375,0.8682861328125,1.41064453125,15.13671875,-26.123046875,3.11279296875
-0.34521484375,0.09423828125,1.38720703125,8.056640625,-25.0244140625,3.23486328125
-0.1903076171875,-0.32177734375,1.109130859375,7.9345703125,-26.2451171875,1.8310546875
0.5357666015625,-0.409912109375,0.927001953125,1.8310546875,-26.79443359375,1.8310546875
1.34765625,-0.2205810546875,0.971435546875,-2.9296875,-27.2216796875,2.685546875
1.3990478515625,-0.1719970703125,1.010009765625,-7.50732421875,-27.03857421875,2.99072265625
1.6488037109375,-0.1195068359375,1.010009765625,-10.07080078125,-25.57373046875,3.47900390625
1.7435302734375,-0.029296875,0.9857177734375,-8.9111328125,-24.7802734375,3.72314453125
1.3314208984375,-0.029541015625,0.9464111328125,-7.6904296875,-25.0244140625,1.03759765625
0.838623046875,-0.0498046875,0.9261474609375,-7.568359375,-23.681640625,-3.662109375
0.643310546875,-0.0670166015625,0.9046630859375,-8.48388671875,-23.5595703125,-7.38525390625
0.6202392578125,-0.08203125,0.9027099609375,-9.70458984375,-25.93994140625,-9.1552734375
0.6195068359375,-0.1468505859375,0.896728515625,-10.7421875,-28.25927734375,-9.82666015625
0.6083984375,-0.19287109375,0.87451171875,-10.68115234375,-27.4658203125,-9.3994140625
0.58349609375,-0.19775390625,0.8787841796875,-6.2255859375,-25.87890625,-13.18359375
0.5521240234375,-0.1585693359375,0.8837890625,5.126953125,-24.7802734375,-12.3291015625
0.513671875,-0.12353515625,0.85986328125,15.44189453125,-26.06201171875,-10.25390625
0.4775390625,-0.1378173828125,0.84912109375,18.24951171875,-28.3203125,-8.1787109375
0.5006103515625,-0.16748046875,0.8560791015625,17.4560546875,-28.38134765625,-6.34765625
0.5037841796875,-0.2088623046875,0.869140625,14.16015625,-27.83203125,-6.16455078125
0.47265625,-0.2935791015625,0.8868408203125,2.13623046875,-26.42822265625,-5.43212890625
0.5057373046875,-0.3568115234375,0.8795166015625,-4.5166015625,-25.634765625,-6.34765625
0.502685546875,-0.3065185546875,0.861083984375,-6.16455078125,-29.4189453125,-8.056640625
0.46240234375,-0.2364501953125,0.859619140625,-6.16455078125,-34.912109375,-8.9111328125
0.477294921875,-0.234130859375,0.8167724609375,-5.67626953125,-40.83251953125,-8.4228515625
0.51513671875,-0.20654296875,0.783203125,-3.2958984375,-47.54638671875,-7.4462890625
0.559326171875,-0.1064453125,0.764892578125,-0.8544921875,-54.8095703125,-6.65283203125
0.5609130859375,-0.0877685546875,0.7647705078125,-0.06103515625,-62.31689453125,-6.8359375
0.533935546875,-0.1011962890625,0.779052734375,1.40380859375,-71.8994140625,-7.99560546875
0.5660400390625,-0.119140625,0.8551025390625,1.3427734375,-82.70263671875,-7.62939453125
0.5521240234375,-0.1380615234375,0.864013671875,0.6103515625,-94.90966796875,-5.7373046875
0.5723876953125,-0.16015625,0.869140625,0.30517578125,-109.0087890625,-2.685546875
0.5667724609375,-0.1287841796875,0.8687744140625,-0.244140625,-124.45068359375,-0.1220703125
0.5711669921875,-0.145751953125,0.8614501953125,0.0,-139.5263671875,2.0751953125
0.57373046875,-0.1663818359375,0.875,1.52587890625,-152.64892578125,2.99072265625
0.5284423828125,-0.1656494140625,0.8973388671875,3.23486328125,-222.96142578125,-2.86865234375
0.5225830078125,-0.1429443359375,0.916259765625,2.8076171875,-253.72314453125,-9.521484375
0.5096435546875,-0.1163330078125,0.93603515625,-0.9765625,-288.63525390625,-12.20703125
0.50927734375,-0.1300048828125,0.9415283203125,-7.38525390625,-328.0029296875,-25.0244140625
0.5224609375,-0.1533203125,0.9329833984375,-22.3388671875,-383.30078125,-19.10400390625
0.5272216796875,-0.12255859375,0.916259765625,-27.9541015625,-430.6640625,-25.69580078125
0.5228271484375,-0.0780029296875,0.9130859375,-30.1513671875,-449.462890625,-46.44775390625
0.5106201171875,-0.0482177734375,1.0029296875,-22.88818359375,-474.365234375,-83.19091796875
0.5084228515625,-0.0255126953125,1.0118408203125,-29.84619140625,-482.72705078125,-116.8212890625
0.5252685546875,-0.045166015625,0.95654296875,-54.0771484375,-451.72119140625,-117.24853515625
0.539794921875,-0.1048583984375,0.9971923828125,-80.13916015625,-371.52099609375,-107.0556640625
0.5482177734375,-0.215576171875,1.0208740234375,-118.896484375,-303.22265625,-96.8017578125
0.5452880859375,-0.2559814453125,0.9703369140625,-136.53564453125,-226.01318359375,-51.26953125
0.472412109375,-0.149658203125,1.0224609375,-175.048828125,-132.50732421875,2.86865234375
0.40625,-0.11669921875,0.9727783203125,-203.2470703125,-16.90673828125,0.9765625
0.337890625,-0.2042236328125,0.8565673828125,-199.15771484375,264.83154296875,-3.35693359375
0.30419921875,-0.1776123046875,0.9481201171875,-194.15283203125,283.50830078125,-0.6103515625
0.3758544921875,-0.3690185546875,1.477783203125,-178.466796875,284.7900390625,2.685546875
0.8848876953125,-0.56982421875,1.6768798828125,-127.50244140625,280.76171875,9.521484375
1.4896240234375,-0.90625,1.5946044921875,123.59619140625,276.0009765625,20.44677734375
1.6470947265625,-0.7889404296875,1.3763427734375,140.80810546875,279.35791015625,32.470703125
1.8177490234375,-0.6207275390625,1.74658203125,143.6767578125,297.05810546875,42.78564453125
2.55517578125,-0.5384521484375,0.71435546875,130.92041015625,317.81005859375,50.23193359375
2.3243408203125,-0.919189453125,0.4801025390625,115.90576171875,339.2333984375,58.04443359375
1.861328125,-1.675537109375,0.367919921875,93.994140625,348.69384765625,65.00244140625
1.2398681640625,-0.988525390625,0.380615234375,67.138671875,356.5673828125,72.6318359375
2.113525390625,-0.5230712890625,0.447265625,43.212890625,364.501953125,80.810546875
2.6927490234375,-0.1685791015625,0.4945068359375,27.83203125,373.779296875,87.82958984375
0.185546875,-0.034912109375,0.53857421875,24.47509765625,378.90625,93.994140625
-0.0648193359375,-0.0262451171875,0.56298828125,21.3623046875,380.43212890625,100.52490234375
-0.151123046875,-0.031005859375,0.583740234375,19.71435546875,381.89697265625,107.97119140625
-0.0985107421875,-0.0850830078125,0.5826416015625,16.66259765625,381.34765625,116.943359375
0.0570068359375,-0.204345703125,0.566162109375,12.5732421875,381.7138671875,127.38037109375
0.29541015625,-0.347412109375,0.58544921875,5.79833984375,382.568359375,136.65771484375
0.515625,-0.3973388671875,0.6129150390625,0.54931640625,383.7890625,141.2353515625
0.6339111328125,-0.3763427734375,0.6578369140625,-2.62451171875,383.60595703125,139.404296875
0.6483154296875,-0.3465576171875,0.7510986328125,-3.7841796875,379.8828125,128.11279296875
0.6160888671875,-0.3111572265625,0.8896484375,-2.0751953125,371.58203125,82.6416015625
0.6434326171875,-0.2996826171875,1.038330078125,0.244140625,358.82568359375,55.23681640625
0.7420654296875,-0.302490234375,1.211669921875,4.638671875,311.21826171875,30.33447265625
0.8519287109375,-0.335693359375,1.3887939453125,8.11767578125,262.8173828125,26.91650390625
0.9300537109375,-0.37890625,1.533203125,4.21142578125,211.97509765625,38.9404296875
1.037841796875,-0.4222412109375,1.6268310546875,-2.9296875,165.283203125,46.81396484375
1.212646484375,-0.4537353515625,1.64404296875,-16.9677734375,119.9951171875,30.76171875
1.3785400390625,-0.4449462890625,1.609375,-36.56005859375,65.36865234375,-20.8740234375
1.547607421875,-0.3851318359375,1.50244140625,-77.5146484375,9.1552734375,-66.46728515625
1.7333984375,-0.289794921875,0.6689453125,-143.9208984375,-60.546875,-90.576171875
1.9010009765625,-0.2230224609375,-0.014404296875,-194.82421875,-110.2294921875,-87.95166015625
2.056640625,-0.2626953125,-0.7471923828125,-185.4248046875,-131.89697265625,-87.40234375
2.216796875,-0.43359375,-1.405517578125,-118.95751953125,-100.9521484375,-37.53662109375
2.419189453125,-0.070556640625,-1.896240234375,-10.8642578125,-144.47021484375,-25.45166015625
2.669921875,0.714111328125,-2.095703125,62.43896484375,-208.3740234375,-34.423828125
2.610595703125,1.4119873046875,-1.8997802734375,89.29443359375,-226.01318359375,-58.9599609375
2.5401611328125,1.33447265625,-1.41064453125,103.02734375,-227.6611328125,-51.81884765625
2.6907958984375,0.5418701171875,-0.751708984375,124.267578125,-205.9326171875,-28.3203125
2.8740234375,-0.4093017578125,0.33447265625,92.71240234375,-196.59423828125,-23.98681640625
3.075927734375,-0.5760498046875,1.3189697265625,63.53759765625,-194.091796875,-34.66796875
3.1732177734375,0.0321044921875,0.938720703125,22.15576171875,-186.6455078125,-53.89404296875
2.8170166015625,0.468505859375,0.586669921875,0.48828125,-143.798828125,-38.02490234375
2.2901611328125,-0.0135498046875,1.2540283203125,9.27734375,-78.2470703125,-34.423828125
1.630859375,0.1988525390625,1.8543701171875,34.3017578125,-50.59814453125,-27.2216796875
0.8692626953125,0.7724609375,1.65576171875,56.94580078125,-34.36279296875,-17.822265625
0.6607666015625,1.041259765625,1.2728271484375,54.3212890625,-21.3623046875,-11.474609375
-0.3651123046875,1.1539306640625,1.0703125,74.64599609375,-16.78466796875,-2.5634765625
0.0963134765625,0.3382568359375,0.9659423828125,61.58447265625,-15.07568359375,4.8828125
1.232421875,-1.18701171875,1.123779296875,51.20849609375,-17.63916015625,8.6669921875
2.05859375,-1.74658203125,1.207763671875,39.9169921875,-22.705078125,9.27734375
1.9537353515625,-0.51904296875,1.059326171875,30.82275390625,-25.81787109375,8.056640625
1.50146484375,0.3843994140625,1.0145263671875,21.728515625,-30.70068359375,5.06591796875
1.3204345703125,0.1842041015625,0.9862060546875,7.2021484375,-30.6396484375,0.18310546875
1.2008056640625,-0.0147705078125,0.96435546875,-5.06591796875,-28.50341796875,-1.953125
1.629638671875,0.086669921875,0.940673828125,-11.65771484375,-26.06201171875,-4.638671875
1.6322021484375,0.203857421875,0.93212890625,-18.37158203125,-23.13232421875,-6.591796875
0.7779541015625,0.1436767578125,0.9129638671875,-20.20263671875,-22.5830078125,-7.32421875
0.5755615234375,0.1512451171875,0.88623046875,-19.4091796875,-24.71923828125,-7.50732421875
0.74462890625,0.1766357421875,0.882080078125,-15.5029296875,-28.3203125,-5.79833984375
0.7371826171875,0.0811767578125,0.8687744140625,-13.36669921875,-32.1044921875,-3.35693359375
0.696044921875,-0.030029296875,0.8597412109375,-9.521484375,-32.28759765625,-0.42724609375
0.62060546875,-0.1334228515625,0.838623046875,-4.0283203125,-34.66796875,-1.28173828125
0.5780029296875,-0.1646728515625,0.8323974609375,-0.79345703125,-34.912109375,-6.8359375
0.5570068359375,-0.2628173828125,0.8486328125,1.03759765625,-35.15625,-7.14111328125
0.5401611328125,-0.28271484375,0.85693359375,-2.197265625,-39.6728515625,-7.080078125
0.5350341796875,-0.244140625,0.8682861328125,-1.46484375,-44.61669921875,-7.9345703125
0.538818359375,-0.188720703125,0.8623046875,-7.38525390625,-43.88427734375,-9.27734375
0.5394287109375,-0.1099853515625,0.8424072265625,-10.6201171875,-42.66357421875,-10.43701171875
0.5452880859375,-0.08935546875,0.832763671875,-11.77978515625,-42.8466796875,-11.29150390625
0.5506591796875,-0.058837890625,0.821044921875,-8.9111328125,-44.0673828125,-9.94873046875
0.5601806640625,-0.089111328125,0.8243408203125,-6.34765625,-46.08154296875,-7.4462890625
0.5467529296875,-0.077880859375,0.8031005859375,-3.662109375,-49.62158203125,-4.94384765625
0.5792236328125,-0.0958251953125,0.77685546875,0.732421875,-55.17578125,-3.5400390625
0.5592041015625,-0.1641845703125,0.7120361328125,3.96728515625,-62.19482421875,-2.99072265625
0.5616455078125,-0.135009765625,0.7232666015625,6.34765625,-71.59423828125,-3.72314453125
0.607177734375,-0.1015625,0.7445068359375,7.080078125,-83.740234375,-3.35693359375
0.569580078125,-0.1400146484375,0.7593994140625,6.8359375,-96.74072265625,3.72314453125
0.5982666015625,-0.14501953125,0.7647705078125,6.2255859375,-110.7177734375,5.2490234375
0.6123046875,-0.157470703125,0.7691650390625,5.615234375,-134.8876953125,4.2724609375
0.633544921875,-0.147216796875,0.7867431640625,5.31005859375,-149.7802734375,2.197265625
0.622802734375,-0.1239013671875,0.8165283203125,5.126953125,-165.0390625,-0.1220703125
0.6192626953125,-0.0816650390625,0.849609375,5.06591796875,-183.349609375,-8.1787109375
0.6224365234375,-0.051513671875,0.8736572265625,1.52587890625,-204.40673828125,-22.8271484375
0.6202392578125,-0.0572509765625,0.889892578125,-0.06103515625,-230.8349609375,-39.0625
0.6083984375,-0.0841064453125,0.8858642578125,-2.3193359375,-261.962890625,-58.837890625
0.6072998046875,-0.1004638671875,0.86572265625,-7.75146484375,-299.4384765625,-60.546875
0.6055908203125,-0.090576171875,0.8980712890625,-14.95361328125,-480.5908203125,-64.27001953125
0.59130859375,-0.0233154296875,0.89794921875,-18.24951171875,-503.173828125,-92.59033203125
0.5872802734375,0.0386962890625,0.894287109375,-17.02880859375,-489.80712890625,-99.79248046875
0.597900390625,-0.0699462890625,0.91162109375,-17.08984375,-472.59521484375,-121.27685546875
0.606689453125,-0.1297607421875,0.9425048828125,-86.48681640625,-424.01123046875,-136.65771484375
0.62353515625,-0.138427734375,0.9532470703125,-115.3564453125,-382.87353515625,-128.41796875
0.6041259765625,-0.1986083984375,0.96728515625,-154.541015625,-308.7158203125,-122.74169921875
0.60498046875,-0.2867431640625,1.2183837890625,-179.99267578125,-226.5625,-53.1005859375
0.615966796875,-0.3232421875,0.792236328125,-203.9794921875,-129.39453125,-2.5634765625
0.5601806640625,-0.2138671875,0.746337890625,-215.27099609375,-9.3994140625,19.1650390625
0.4736328125,-0.2952880859375,0.9219970703125,-191.650390625,90.88134765625,20.263671875
0.398193359375,-0.218017578125,1.2149658203125,-168.15185546875,201.23291015625,23.49853515625
0.300537109375,-0.44921875,1.626220703125,-153.564453125,249.20654296875,25.7568359375
1.4298095703125,-0.947509765625,1.9146728515625,-97.7783203125,266.845703125,31.06689453125
1.8885498046875,-0.930419921875,1.86279296875,-37.109375,277.03857421875,39.306640625
2.3375244140625,-0.84765625,1.5838623046875,27.40478515625,282.40966796875,48.583984375
2.721923828125,-0.9163818359375,1.8504638671875,88.43994140625,281.18896484375,57.373046875
2.8973388671875,-0.6142578125,2.0037841796875,117.0654296875,282.8369140625,68.05419921875
2.7601318359375,-1.065673828125,1.46142578125,126.89208984375,302.1240234375,77.20947265625
2.0408935546875,-1.8453369140625,1.0750732421875,121.9482421875,324.76806640625,82.21435546875
1.2772216796875,-1.9874267578125,0.7796630859375,105.77392578125,350.4638671875,84.3505859375
2.2755126953125,-1.8443603515625,0.556640625,86.0595703125,362.24365234375,87.09716796875
2.6392822265625,-1.38037109375,0.500732421875,64.8193359375,376.3427734375,92.4072265625
1.6513671875,-0.775146484375,0.5528564453125,46.875,379.7607421875,99.365234375
1.160888671875,-0.306396484375,0.600341796875,36.43798828125,384.8876953125,104.6142578125
0.5726318359375,-0.0704345703125,0.6556396484375,36.19384765625,393.00537109375,107.2998046875
0.15576171875,0.0072021484375,0.67236328125,34.97314453125,394.22607421875,107.421875
-0.0599365234375,-0.031494140625,0.6416015625,33.50830078125,394.775390625,107.5439453125
-0.0650634765625,-0.1173095703125,0.5770263671875,28.99169921875,395.01953125,110.595703125
0.08935546875,-0.2196044921875,0.5364990234375,20.69091796875,393.37158203125,123.35205078125
0.332763671875,-0.31494140625,0.56591796875,10.25390625,393.6767578125,123.47412109375
0.592041015625,-0.343505859375,0.5648193359375,0.54931640625,394.95849609375,113.037109375
0.750244140625,-0.3153076171875,0.5819091796875,-4.39453125,393.4326171875,78.2470703125
0.7388916015625,-0.2513427734375,0.658447265625,-3.96728515625,385.3759765625,51.26953125
0.6605224609375,-0.162841796875,0.7626953125,-1.5869140625,375.0,29.4189453125
0.6290283203125,-0.0946044921875,0.9034423828125,1.5869140625,296.08154296875,24.5361328125
0.6885986328125,-0.06884765625,1.068603515625,5.7373046875,235.7177734375,37.2314453125
0.8343505859375,-0.115966796875,1.25439453125,-12.39013671875,184.6923828125,49.560546875
0.93505859375,-0.212158203125,1.5498046875,-24.71923828125,143.06640625,45.654296875
1.0213623046875,-0.2803955078125,1.638916015625,-34.60693359375,97.83935546875,8.36181640625
1.1534423828125,-0.29931640625,1.6273193359375,-66.40625,32.71484375,-43.9453125
1.29345703125,-0.2427978515625,1.37158203125,-125.06103515625,-32.16552734375,-70.86181640625
1.4561767578125,-0.1966552734375,0.1729736328125,-180.48095703125,-85.0830078125,-70.068359375
1.6507568359375,-0.0963134765625,-0.5277099609375,-179.87060546875,-112.24365234375,-58.10546875
2.044921875,-0.3475341796875,-1.0919189453125,-115.8447265625,-84.77783203125,-8.97216796875
2.2078857421875,-0.4713134765625,-1.4652099609375,-16.90673828125,-126.03759765625,20.3857421875
2.7430419921875,0.3043212890625,-1.647705078125,66.58935546875,-185.11962890625,-40.83251953125
2.8931884765625,1.0899658203125,-1.7100830078125,88.0126953125,-247.74169921875,-41.1376953125
2.473876953125,1.1727294921875,-1.5888671875,96.37451171875,-245.849609375,-25.0244140625
2.416015625,0.528076171875,-1.18505859375,91.4306640625,-227.47802734375,-21.42333984375
2.5582275390625,-0.260498046875,-0.7247314453125,69.9462890625,-211.12060546875,-30.6396484375
2.8060302734375,-0.4713134765625,1.5841064453125,36.376953125,-204.9560546875,-47.4853515625
3.019775390625,0.1458740234375,0.873291015625,-2.3193359375,-171.142578125,-40.22216796875
2.9674072265625,0.7860107421875,0.45263671875,-9.21630859375,-99.67041015625,-38.330078125
2.64306640625,-0.2305908203125,0.889892578125,20.5078125,-66.22314453125,-28.74755859375
2.44677734375,-0.0137939453125,1.7952880859375,46.38671875,-29.72412109375,-21.240234375
2.43701171875,0.397705078125,1.4873046875,44.86083984375,-17.88330078125,-14.58740234375
-0.287841796875,0.7625732421875,1.3531494140625,53.466796875,-13.36669921875,-5.4931640625
-0.5592041015625,0.5733642578125,1.2802734375,42.1142578125,-10.19287109375,-0.42724609375
-0.16259765625,-0.7867431640625,1.230224609375,50.6591796875,-15.56396484375,1.28173828125
0.713623046875,-1.482177734375,1.0228271484375,33.50830078125,-19.04296875,2.3193359375
2.20166015625,-0.5396728515625,0.9744873046875,28.564453125,-20.5078125,4.638671875
1.9786376953125,0.4254150390625,1.0220947265625,24.10888671875,-25.146484375,7.568359375
1.838623046875,0.373046875,0.9598388671875,11.71875,-28.25927734375,8.72802734375
1.6357421875,-0.2386474609375,0.9600830078125,4.638671875,-27.34375,8.30078125
1.868896484375,-0.1251220703125,0.9371337890625,-0.42724609375,-27.7099609375,5.67626953125
1.457763671875,0.1741943359375,0.9234619140625,-3.662109375,-26.06201171875,1.52587890625
0.771728515625,-0.0767822265625,0.887451171875,-7.6904296875,-22.64404296875,-2.8076171875
0.8316650390625,0.026611328125,0.8863525390625,-10.7421875,-20.56884765625,-4.57763671875
0.739013671875,0.093994140625,0.891357421875,-12.20703125,-19.8974609375,-4.94384765625
0.712890625,-0.0343017578125,0.873046875,-13.36669921875,-20.81298828125,-3.96728515625
0.6324462890625,-0.0938720703125,0.8712158203125,-12.6953125,-22.5830078125,-4.21142578125
0.6019287109375,-0.0811767578125,0.866943359375,-6.89697265625,-24.71923828125,-5.0048828125
0.605712890625,-0.0452880859375,0.846923828125,1.28173828125,-24.90234375,-6.591796875
0.5438232421875,-0.0650634765625,0.84033203125,5.92041015625,-24.23095703125,-9.21630859375
0.50341796875,-0.1002197265625,0.828369140625,7.2021484375,-22.705078125,-19.53125
0.5299072265625,-0.166748046875,0.8291015625,5.55419921875,-21.3623046875,-22.0947265625
0.56787109375,-0.2415771484375,0.8409423828125,2.685546875,-18.5546875,-24.35302734375
0.5556640625,-0.2353515625,0.84521484375,-1.3427734375,-17.63916015625,-23.74267578125
0.5430908203125,-0.1947021484375,0.8504638671875,-5.55419921875,-23.193359375,-15.19775390625
0.5592041015625,-0.116455078125,0.838134765625,-6.28662109375,-29.96826171875,-2.38037109375
0.5799560546875,-0.07080078125,0.8282470703125,0.79345703125,-52.30712890625,4.08935546875
0.580322265625,-0.102294921875,0.775390625,4.82177734375,-78.4912109375,10.8642578125
0.566162109375,-0.0938720703125,0.7626953125,10.498046875,-92.6513671875,16.29638671875
0.5621337890625,-0.1448974609375,0.7496337890625,12.51220703125,-108.642578125,19.287109375
0.5653076171875,-0.17529296875,0.755615234375,10.92529296875,-124.45068359375,18.49365234375
0.582763671875,-0.1485595703125,0.8258056640625,5.37109375,-138.85498046875,14.2822265625
0.541259765625,-0.182373046875,0.876953125,4.0283203125,-152.099609375,6.9580078125
0.5926513671875,-0.197265625,0.9163818359375,2.38037109375,-168.0908203125,-0.79345703125
0.595703125,-0.0966796875,0.9246826171875,-1.52587890625,-186.6455078125,-6.4697265625
0.5980224609375,-0.0577392578125,0.93798828125,-8.4228515625,-205.810546875,-15.869140625
0.5911865234375,0.0447998046875,0.9346923828125,-14.70947265625,-229.30908203125,-29.72412109375
0.537109375,0.0638427734375,0.933349609375,-18.06640625,-260.3759765625,-44.25048828125
0.5198974609375,0.0936279296875,0.941650390625,-18.798828125,-294.7998046875,-52.734375
0.5543212890625,0.1072998046875,0.960205078125,-18.6767578125,-335.205078125,-39.4287109375
0.5565185546875,0.0732421875,0.97412109375,-21.78955078125,-391.9677734375,-60.85205078125
0.5491943359375,0.0301513671875,0.9656982421875,-24.96337890625,-444.39697265625,-57.9833984375
0.5521240234375,-0.05517578125,0.974365234375,-22.705078125,-509.94873046875,-81.4208984375
0.562255859375,-0.1756591796875,0.9901123046875,-20.99609375,-510.498046875,-106.0791015625
0.5740966796875,-0.2288818359375,0.9892578125,-19.95849609375,-488.76953125,-158.38623046875
0.567626953125,-0.2005615234375,0.9901123046875,-33.0810546875,-457.58056640625,-151.06201171875
0.5379638671875,-0.1849365234375,1.0174560546875,-96.86279296875,-358.3984375,-172.18017578125
0.5284423828125,-0.27294921875,1.0181884765625,-135.55908203125,-282.04345703125,-125.42724609375
0.536865234375,-0.263916015625,1.1146240234375,-165.4052734375,-182.0068359375,-70.80078125
0.5118408203125,-0.130126953125,0.963623046875,-180.5419921875,-79.28466796875,-24.90234375
0.4234619140625,-0.03125,0.796630859375,-168.212890625,56.82373046875,-7.9345703125
0.3277587890625,-0.1820068359375,0.8160400390625,-146.6064453125,164.1845703125,6.9580078125
0.265625,-0.220947265625,1.1177978515625,-130.55419921875,265.13671875,35.0341796875
0.45263671875,-0.3494873046875,1.8468017578125,-128.2958984375,299.49951171875,46.9970703125
1.04345703125,-0.7666015625,1.9840087890625,-89.2333984375,305.84716796875,61.82861328125
1.6578369140625,-1.0008544921875,1.6177978515625,-44.25048828125,292.90771484375,76.2939453125
2.0423583984375,-1.1016845703125,1.751220703125,10.19287109375,282.5927734375,90.8203125
2.475830078125,-0.7890625,2.1729736328125,46.44775390625,280.517578125,106.0791015625
2.970703125,-0.4820556640625,1.802490234375,73.73046875,293.45703125,114.19677734375
2.3013916015625,-0.963134765625,1.2093505859375,76.66015625,311.4013671875,120.30029296875
1.6824951171875,-1.5867919921875,0.8497314453125,69.7021484375,324.89013671875,124.267578125
1.6861572265625,-1.7440185546875,0.365478515625,59.08203125,339.41650390625,127.13623046875
2.701171875,-1.581298828125,0.350341796875,45.34912109375,347.7783203125,126.8310546875
2.41455078125,-1.1259765625,0.4248046875,29.84619140625,351.6845703125,126.708984375
1.5352783203125,-0.40234375,0.53369140625,25.20751953125,362.85400390625,126.64794921875
1.02099609375,-0.2313232421875,0.6123046875,18.73779296875,372.86376953125,124.8779296875
0.365966796875,-0.170166015625,0.650390625,12.20703125,378.7841796875,122.55859375
-0.3768310546875,-0.181396484375,0.6282958984375,5.37109375,383.6669921875,122.1923828125
-0.306396484375,-0.168212890625,0.6053466796875,1.953125,388.61083984375,120.78857421875
-0.05126953125,-0.175537109375,0.635498046875,-0.3662109375,393.73779296875,120.42236328125
0.255126953125,-0.1697998046875,0.6890869140625,-2.01416015625,399.169921875,112.36572265625
0.50732421875,-0.0972900390625,0.7374267578125,-3.2958984375,403.01513671875,105.16357421875
0.5880126953125,-0.0078125,0.8021240234375,-2.197265625,399.59716796875,92.10205078125
0.543212890625,0.027099609375,0.8983154296875,0.732421875,392.9443359375,72.57080078125
0.5167236328125,0.0147705078125,1.0245361328125,7.6904296875,380.9814453125,52.18505859375
0.5677490234375,0.0211181640625,1.174072265625,9.27734375,358.7646484375,36.19384765625
0.7099609375,0.031005859375,1.325927734375,6.7138671875,322.08251953125,48.40087890625
0.8695068359375,0.0128173828125,1.4638671875,-2.3193359375,217.22412109375,60.4248046875
0.9744873046875,-0.0184326171875,1.5855712890625,-14.58740234375,169.98291015625,59.326171875
1.08251953125,-0.0550537109375,1.7581787109375,-31.31103515625,121.64306640625,32.8369140625
1.220947265625,-0.0762939453125,1.7275390625,-55.908203125,62.07275390625,-15.19775390625
1.405029296875,-0.0992431640625,1.5361328125,-139.46533203125,-18.00537109375,-40.8935546875
1.591064453125,-0.20556640625,1.13330078125,-185.60791015625,-80.56640625,-28.9306640625
1.749755859375,-0.270751953125,0.5419921875,-194.2138671875,-110.107421875,-14.7705078125
1.9085693359375,-0.4012451171875,-0.841552734375,-153.13720703125,-140.2587890625,-11.1083984375
2.2813720703125,-0.5382080078125,-1.4306640625,-77.1484375,-219.1162109375,-41.56494140625
2.5477294921875,-0.456787109375,-1.8360595703125,-1.3427734375,-250.6103515625,-63.96484375
2.810546875,0.694580078125,-2.0008544921875,33.5693359375,-248.10791015625,-47.18017578125
2.9263916015625,0.9652099609375,-1.89794921875,104.79736328125,-219.90966796875,-64.3310546875
2.833740234375,0.6190185546875,-1.5316162109375,101.4404296875,-212.890625,-60.9130859375
2.7283935546875,-0.001708984375,-0.81982421875,59.5703125,-95.0927734375,-59.4482421875
2.84765625,-0.3697509765625,1.1796875,20.263671875,-58.28857421875,-53.7109375
3.0009765625,-0.1146240234375,0.751708984375,8.056640625,-17.15087890625,-38.75732421875
3.0584716796875,0.305419921875,1.1878662109375,-1.5869140625,-10.31494140625,-27.16064453125
2.7471923828125,-0.37060546875,1.734375,77.69775390625,-2.99072265625,-13.916015625
2.491455078125,1.2127685546875,1.873291015625,77.880859375,-2.3193359375,-3.96728515625
2.052978515625,1.5360107421875,1.5704345703125,73.6083984375,-9.21630859375,0.3662109375
0.0186767578125,1.3216552734375,1.082763671875,63.96484375,-16.29638671875,2.86865234375
0.3370361328125,0.458740234375,0.955810546875,54.74853515625,-18.798828125,4.0283203125
1.217529296875,-1.3243408203125,0.9915771484375,45.95947265625,-22.705078125,5.18798828125
2.0926513671875,0.1932373046875,0.930419921875,30.1513671875,-26.85546875,6.2255859375
2.22900390625,-0.18017578125,0.9205322265625,15.56396484375,-26.67236328125,6.34765625
1.8731689453125,-0.04736328125,0.9464111328125,5.79833984375,-24.169921875,1.28173828125
1.5123291015625,0.07373046875,0.9459228515625,-1.03759765625,-20.32470703125,-4.150390625
0.9134521484375,0.0386962890625,0.9156494140625,-5.55419921875,-18.9208984375,-5.67626953125
0.737548828125,0.15869140625,0.8963623046875,-8.9111328125,-20.6298828125,-4.82177734375
0.62939453125,0.1995849609375,0.9033203125,-10.498046875,-21.42333984375,-4.94384765625
0.6424560546875,0.1514892578125,0.895751953125,-12.87841796875,-22.15576171875,-2.99072265625
0.6302490234375,0.0762939453125,0.8798828125,-9.58251953125,-26.0009765625,-3.41796875
0.6343994140625,0.0057373046875,0.87158203125,-2.62451171875,-27.89306640625,-4.150390625
0.6075439453125,-0.0086669921875,0.8509521484375,0.8544921875,-27.587890625,-5.92041015625
0.5509033203125,-0.0318603515625,0.8470458984375,1.77001953125,-28.4423828125,-12.6953125
0.5474853515625,-0.060791015625,0.8472900390625,3.7841796875,-30.45654296875,-18.61572265625
0.5565185546875,-0.24462890625,0.841552734375,1.708984375,-32.77587890625,-21.17919921875
0.58349609375,-0.3006591796875,0.8546142578125,-2.44140625,-36.92626953125,-22.94921875
0.5755615234375,-0.2366943359375,0.8646240234375,-7.01904296875,-36.92626953125,-23.3154296875
0.5413818359375,-0.10888671875,0.8341064453125,-8.9111328125,-38.330078125,-22.27783203125
0.5189208984375,-0.04345703125,0.83251953125,-9.82666015625,-40.283203125,-20.1416015625
0.5284423828125,-0.0321044921875,0.8404541015625,-8.36181640625,-41.07666015625,-16.845703125
0.5531005859375,-0.0711669921875,0.836181640625,-6.04248046875,-43.8232421875,-11.962890625
0.5477294921875,-0.1031494140625,0.818603515625,-3.84521484375,-48.52294921875,-5.859375
0.531982421875,-0.1224365234375,0.79931640625,-0.67138671875,-55.23681640625,-0.48828125
0.5648193359375,-0.140625,0.74658203125,2.13623046875,-65.85693359375,1.708984375
0.5567626953125,-0.0926513671875,0.7646484375,4.45556640625,-79.40673828125,5.2490234375
0.5374755859375,-0.1102294921875,0.7708740234375,5.92041015625,-94.17724609375,8.056640625
0.5528564453125,-0.1656494140625,0.786865234375,6.591796875,-126.77001953125,9.033203125
0.5556640625,-0.108154296875,0.8028564453125,7.62939453125,-139.95361328125,7.568359375
0.556884765625,-0.0767822265625,0.8162841796875,6.40869140625,-154.78515625,1.953125
0.582763671875,-0.0645751953125,0.8494873046875,5.06591796875,-171.875,-5.859375
0.6019287109375,-0.0408935546875,0.8953857421875,1.220703125,-191.22314453125,-16.17431640625
0.6229248046875,-0.0067138671875,0.921630859375,-2.3193359375,-213.134765625,-33.14208984375
0.614501953125,0.0177001953125,0.9356689453125,-4.39453125,-240.17333984375,-50.1708984375
0.6005859375,0.0469970703125,0.9254150390625,-5.79833984375,-275.45166015625,-67.138671875
0.5941162109375,0.027099609375,0.9150390625,-7.26318359375,-320.556640625,-60.48583984375
0.5804443359375,-0.0164794921875,0.9293212890625,-9.3994140625,-382.99560546875,-58.65478515625
0.569091796875,0.046875,0.9501953125,-13.36669921875,-450.0732421875,-72.44873046875
0.5721435546875,0.0548095703125,0.972412109375,-12.3291015625,-498.84033203125,-112.060546875
0.56005859375,-0.0096435546875,0.9996337890625,-14.16015625,-506.77490234375,-134.6435546875
0.5804443359375,-0.096435546875,1.03955078125,-17.7001953125,-479.736328125,-163.75732421875
0.578857421875,-0.1488037109375,1.0677490234375,-18.310546875,-409.5458984375,-167.3583984375
0.56982421875,-0.17724609375,1.1260986328125,-59.9365234375,-363.4033203125,-89.78271484375
0.5599365234375,-0.2529296875,1.1796875,-184.814453125,-165.34423828125,-13.3056640625
0.5537109375,-0.2940673828125,1.1114501953125,-197.57080078125,-83.55712890625,35.64453125
0.532958984375,-0.2069091796875,1.15869140625,-217.041015625,38.39111328125,55.6640625
0.4473876953125,-0.1474609375,0.849609375,-195.73974609375,144.34814453125,63.3544921875
0.3428955078125,-0.0863037109375,1.182373046875,-109.06982421875,209.89990234375,70.4345703125
0.2423095703125,-0.1571044921875,1.5877685546875,-82.70263671875,233.45947265625,78.857421875
0.2784423828125,-0.904052734375,1.988037109375,-28.86962890625,246.826171875,86.42578125
0.865966796875,-1.1119384765625,1.6136474609375,14.7705078125,259.1552734375,94.970703125
1.3897705078125,-1.0174560546875,1.662109375,62.43896484375,268.85986328125,101.318359375
2.5758056640625,-1.1986083984375,2.0196533203125,100.76904296875,280.33447265625,105.52978515625
3.1761474609375,-0.99951171875,1.6395263671875,117.00439453125,295.10498046875,105.46875
3.198486328125,-1.3502197265625,1.16845703125,117.00439453125,314.5751953125,104.30908203125
2.5848388671875,-1.7891845703125,0.85791015625,108.642578125,332.94677734375,102.6611328125
1.4647216796875,-1.7593994140625,0.6383056640625,91.85791015625,349.609375,102.47802734375
2.2518310546875,-1.5059814453125,0.5545654296875,74.951171875,362.85400390625,103.515625
2.0469970703125,-0.96826171875,0.5701904296875,60.6689453125,367.431640625,104.79736328125
1.119384765625,-0.453125,0.6025390625,57.0068359375,376.15966796875,104.55322265625
0.6412353515625,-0.1505126953125,0.643798828125,55.17578125,378.7841796875,96.923828125
0.2508544921875,-0.0052490234375,0.6522216796875,50.78125,380.31005859375,92.46826171875
0.05517578125,0.028564453125,0.6043701171875,43.3349609375,382.9345703125,88.9892578125
0.0623779296875,-0.0203857421875,0.550537109375,32.5927734375,383.056640625,89.111328125
0.187744140625,-0.1146240234375,0.5364990234375,23.193359375,384.33837890625,90.88134765625
0.322265625,-0.183837890625,0.5203857421875,14.70947265625,387.26806640625,92.59033203125
0.4710693359375,-0.1556396484375,0.5447998046875,2.38037109375,389.70947265625,92.8955078125
0.6058349609375,-0.0672607421875,0.6229248046875,-1.64794921875,390.44189453125,87.890625
0.6461181640625,0.015380859375,0.7060546875,-2.5634765625,386.474609375,76.904296875
0.637451171875,0.0679931640625,0.9599609375,-3.7841796875,375.42724609375,62.80517578125
0.624267578125,0.0762939453125,1.0987548828125,-4.45556640625,361.2060546875,43.64013671875
0.6331787109375,0.06689453125,1.2491455078125,-2.3193359375,344.66552734375,24.5361328125
0.7109375,0.01318359375,1.4110107421875,-0.91552734375,318.66455078125,10.498046875
0.8065185546875,-0.0228271484375,1.5601806640625,-0.18310546875,275.45166015625,21.05712890625
0.90771484375,-0.04443359375,1.666748046875,-1.03759765625,223.0224609375,51.08642578125
1.1868896484375,-0.059814453125,1.7236328125,-6.7138671875,173.583984375,71.71630859375
1.3358154296875,-0.092041015625,1.7301025390625,-14.83154296875,126.5869140625,65.49072265625
1.508544921875,-0.12841796875,1.6422119140625,-23.62060546875,78.67431640625,24.71923828125
1.6861572265625,-0.1737060546875,1.353759765625,-46.08154296875,24.10888671875,-23.681640625
1.8648681640625,-0.216064453125,0.7977294921875,-103.33251953125,-55.11474609375,-40.771484375
2.03662109375,-0.23193359375,0.047119140625,-160.15625,-113.037109375,-33.75244140625
2.2059326171875,-0.3560791015625,-0.7279052734375,-164.6728515625,-137.451171875,-12.02392578125
2.4384765625,-0.6162109375,-1.390869140625,-110.65673828125,-129.7607421875,-17.2119140625
2.7529296875,-0.5665283203125,-1.8538818359375,-16.78466796875,-77.880859375,-44.677734375
2.940185546875,0.1953125,-2.002197265625,56.70166015625,-95.15380859375,-27.52685546875
2.836669921875,1.1456298828125,-1.8052978515625,68.7255859375,-150.390625,5.126953125
2.648681640625,1.246337890625,-1.4857177734375,58.53271484375,-184.2041015625,-9.033203125
2.5780029296875,0.4632568359375,-1.1295166015625,71.533203125,-226.86767578125,-32.5927734375
2.572509765625,-0.4552001953125,-0.6610107421875,61.5234375,-262.5732421875,-44.0673828125
2.67431640625,-0.71240234375,0.3082275390625,72.509765625,-263.97705078125,-37.841796875
2.958984375,-0.1177978515625,1.66259765625,70.9228515625,-248.47412109375,-53.955078125
2.985595703125,0.468505859375,1.697998046875,40.6494140625,-210.02197265625,-52.734375
2.5726318359375,0.340087890625,0.7359619140625,24.169921875,-146.97265625,-43.88427734375
2.3218994140625,-0.3984375,0.426025390625,-7.50732421875,-84.47265625,-33.3251953125
2.33056640625,-0.8233642578125,0.752197265625,-25.69580078125,-28.80859375,-25.69580078125
1.2408447265625,-0.351806640625,1.330322265625,12.8173828125,-17.02880859375,-19.775390625
0.401611328125,0.5152587890625,1.620849609375,92.71240234375,-13.36669921875,-13.97705078125
-0.135498046875,0.8319091796875,1.5867919921875,54.6875,-4.33349609375,-5.31005859375
-0.6612548828125,0.9454345703125,1.4822998046875,44.49462890625,-6.04248046875,2.685546875
-0.03466796875,0.8558349609375,1.1748046875,42.96875,-12.02392578125,4.8828125
0.5628662109375,-0.53955078125,1.0185546875,33.3251953125,-18.49365234375,8.60595703125
1.271240234375,-1.7388916015625,0.9503173828125,26.06201171875,-21.66748046875,9.46044921875
1.9000244140625,0.5054931640625,0.9232177734375,21.66748046875,-28.6865234375,7.32421875
2.238037109375,0.716552734375,0.9154052734375,10.1318359375,-27.099609375,2.99072265625
2.2537841796875,-0.2724609375,0.9071044921875,-0.6103515625,-25.0244140625,2.13623046875
1.7769775390625,-0.207763671875,0.9393310546875,-5.92041015625,-30.09033203125,2.9296875
1.0877685546875,0.054931640625,0.9290771484375,-12.75634765625,-32.28759765625,6.34765625
0.8631591796875,-0.0240478515625,0.8995361328125,-19.6533203125,-37.29248046875,10.498046875
0.7550048828125,0.03564453125,0.886962890625,-21.05712890625,-43.212890625,11.04736328125
0.680419921875,0.1021728515625,0.8807373046875,-16.845703125,-43.02978515625,10.19287109375
0.6568603515625,0.03369140625,0.875244140625,-16.4794921875,-43.701171875,5.9814453125
0.674560546875,-0.041259765625,0.8470458984375,-16.66259765625,-45.8984375,-4.2724609375
0.5950927734375,-0.058349609375,0.851318359375,-11.8408203125,-43.212890625,-10.68115234375
0.5623779296875,-0.1561279296875,0.8544921875,-14.58740234375,-37.90283203125,-17.578125
0.5501708984375,-0.2529296875,0.85986328125,-14.83154296875,-33.75244140625,-24.59716796875
0.5467529296875,-0.1600341796875,0.8333740234375,-19.59228515625,-29.9072265625,-29.11376953125
0.5484619140625,-0.10302734375,0.8067626953125,-21.484375,-28.1982421875,-30.57861328125
0.5670166015625,-0.1180419921875,0.796630859375,-18.798828125,-29.11376953125,-30.76171875
0.560791015625,-0.084228515625,0.7698974609375,-13.48876953125,-31.8603515625,-28.62548828125
0.5704345703125,-0.08251953125,0.7197265625,-6.89697265625,-36.80419921875,-24.23095703125
0.517822265625,-0.13134765625,0.6888427734375,-0.18310546875,-41.93115234375,-19.4091796875
0.556884765625,-0.1932373046875,0.6876220703125,5.2490234375,-50.6591796875,-14.34326171875
0.6162109375,-0.254150390625,0.7020263671875,7.6904296875,-62.31689453125,-9.6435546875
0.5943603515625,-0.3111572265625,0.7364501953125,11.16943359375,-75.8056640625,-4.69970703125
0.5911865234375,-0.3277587890625,0.7579345703125,16.11328125,-90.33203125,1.708984375
0.6129150390625,-0.343017578125,0.760986328125,16.90673828125,-107.177734375,8.36181640625
0.6256103515625,-0.345947265625,0.75732421875,15.7470703125,-125.42724609375,11.1083984375
0.6236572265625,-0.277587890625,0.7772216796875,13.48876953125,-141.05224609375,11.71875
0.6158447265625,-0.197021484375,0.8092041015625,10.498046875,-155.70068359375,10.55908203125
0.612548828125,-0.1689453125,0.8397216796875,8.6669921875,-174.01123046875,10.31494140625
0.603271484375,-0.126953125,0.867919921875,5.67626953125,-193.9697265625,3.7841796875
0.6126708984375,-0.070556640625,0.8870849609375,-0.48828125,-219.482421875,-5.79833984375
0.6378173828125,-0.055908203125,0.9063720703125,-4.57763671875,-287.7197265625,-5.92041015625
0.6134033203125,-0.0423583984375,0.912353515625,-9.09423828125,-334.77783203125,16.9677734375
0.589599609375,-0.010009765625,0.910400390625,-14.22119140625,-401.30615234375,-14.404296875
0.5897216796875,0.0313720703125,0.9366455078125,-20.751953125,-446.044921875,-26.4892578125
0.5758056640625,0.0523681640625,0.9619140625,-32.1044921875,-486.083984375,-37.2314453125
0.5845947265625,0.0191650390625,0.971923828125,-27.77099609375,-527.89306640625,-90.14892578125
0.607177734375,-0.053466796875,0.9736328125,-47.05810546875,-521.240234375,-132.568359375
0.6182861328125,-0.13134765625,0.951904296875,-71.2890625,-511.71875,-106.38427734375
0.6234130859375,-0.1610107421875,1.035400390625,-93.017578125,-491.14990234375,-111.38916015625
0.5908203125,-0.18505859375,1.1072998046875,-118.2861328125,-410.82763671875,-71.4111328125
0.5570068359375,-0.1363525390625,1.284912109375,-163.63525390625,-181.33544921875,-25.81787109375
0.5330810546875,-0.114013671875,1.3165283203125,-169.189453125,-74.8291015625,5.31005859375
0.457763671875,-0.0098876953125,0.9630126953125,-183.65478515625,56.94580078125,3.23486328125
0.18798828125,-0.321044921875,0.7987060546875,-219.1162109375,156.43310546875,-0.1220703125
0.20654296875,-0.485107421875,0.888916015625,-203.18603515625,240.1123046875,3.662109375
0.74755859375,-0.268798828125,1.01318359375,-158.69140625,284.0576171875,3.41796875
1.173828125,-0.8131103515625,1.416748046875,-99.91455078125,309.38720703125,15.13671875
1.3280029296875,-1.213623046875,1.6146240234375,-24.23095703125,331.48193359375,21.42333984375
1.705322265625,-0.9871826171875,1.75830078125,61.03515625,340.02685546875,29.60205078125
2.1201171875,-0.974609375,2.2330322265625,111.26708984375,339.35546875,39.12353515625
2.6754150390625,-0.6920166015625,1.8416748046875,125.30517578125,345.0927734375,45.7763671875
3.210205078125,-1.53515625,1.279296875,131.40869140625,353.1494140625,51.33056640625
2.9505615234375,-2.1461181640625,0.9569091796875,100.03662109375,360.16845703125,56.57958984375
1.8455810546875,-2.1556396484375,0.6524658203125,77.880859375,367.73681640625,62.56103515625
2.595703125,-1.8011474609375,0.4520263671875,54.19921875,369.384765625,71.1669921875
2.0888671875,-1.1138916015625,0.40234375,35.64453125,376.28173828125,81.298828125
1.3648681640625,-0.5638427734375,0.412353515625,30.45654296875,383.48388671875,90.2099609375
0.9671630859375,-0.2213134765625,0.44580078125,30.8837890625,385.986328125,97.22900390625
0.5626220703125,0.0321044921875,0.474853515625,32.04345703125,383.7890625,105.224609375
0.2587890625,-0.03564453125,0.4912109375,27.03857421875,383.544921875,114.92919921875
0.1175537109375,-0.1282958984375,0.4991455078125,18.1884765625,381.89697265625,125.79345703125
0.075927734375,-0.2550048828125,0.4898681640625,6.28662109375,383.544921875,137.26806640625
0.200439453125,-0.369140625,0.5029296875,-3.47900390625,387.939453125,144.10400390625
0.3792724609375,-0.3912353515625,0.5479736328125,-9.8876953125,391.29638671875,147.88818359375
0.517822265625,-0.3170166015625,0.6273193359375,-12.20703125,392.27294921875,145.3857421875
0.575439453125,-0.2156982421875,0.7586669921875,-10.6201171875,386.65771484375,132.87353515625
0.563720703125,-0.146484375,0.9339599609375,-5.7373046875,372.00927734375,110.53466796875
0.587158203125,-0.1304931640625,1.1328125,-0.18310546875,355.16357421875,81.9091796875
0.6737060546875,-0.18212890625,1.34130859375,5.126953125,333.3740234375,48.4619140625
0.753662109375,-0.2574462890625,1.5286865234375,1.77001953125,293.88427734375,15.19775390625
0.8267822265625,-0.32666015625,1.64013671875,-6.28662109375,248.96240234375,4.21142578125
0.9500732421875,-0.391357421875,1.6680908203125,-13.12255859375,207.6416015625,-2.8076171875
1.126708984375,-0.4171142578125,1.6466064453125,-19.22607421875,167.29736328125,-21.484375
1.3297119140625,-0.392333984375,1.61279296875,-30.517578125,116.51611328125,-47.54638671875
1.55224609375,-0.31591796875,1.515625,-53.955078125,50.84228515625,-85.5712890625
1.78125,-0.244873046875,1.2279052734375,-100.28076171875,-3.0517578125,-99.30419921875
1.9779052734375,-0.26708984375,0.701171875,-155.45654296875,-57.06787109375,-79.1015625
2.1351318359375,-0.39453125,-0.034912109375,-182.80029296875,-103.6376953125,-40.8935546875
2.2913818359375,-0.51904296875,-0.9385986328125,-150.81787109375,-104.4921875,-26.9775390625
2.527099609375,-0.3909912109375,-1.785888671875,-77.2705078125,-62.19482421875,-28.076171875
2.8419189453125,0.0521240234375,-2.23291015625,20.1416015625,-89.78271484375,10.80322265625
3.0009765625,0.783203125,-2.3172607421875,80.13916015625,-154.11376953125,41.748046875
3.021484375,1.3409423828125,-2.146728515625,113.6474609375,-218.75,-13.12255859375
3.1593017578125,1.0755615234375,-1.634033203125,143.73779296875,-263.5498046875,-64.208984375
3.2725830078125,0.28125,-0.9896240234375,116.5771484375,-262.87841796875,-67.19970703125
3.1005859375,-0.4891357421875,0.1063232421875,116.455078125,-247.13134765625,-33.203125
2.9530029296875,-0.5458984375,1.5445556640625,89.29443359375,-226.4404296875,-33.0810546875
3.084228515625,0.03173828125,1.6810302734375,31.31103515625,-216.552734375,-48.2177734375
2.962646484375,0.07568359375,0.6531982421875,17.76123046875,-201.2939453125,-42.90771484375
2.571044921875,-0.3165283203125,0.2333984375,-21.97265625,-139.58740234375,-39.0625
2.4205322265625,-0.645263671875,0.9051513671875,-6.53076171875,-66.89453125,-35.400390625
1.206787109375,-0.136474609375,1.8717041015625,45.7763671875,-29.60205078125,-26.85546875
0.1912841796875,1.0806884765625,2.0833740234375,86.12060546875,-7.50732421875,-19.287109375
-0.3912353515625,1.548095703125,1.62451171875,59.9365234375,7.87353515625,-17.2119140625
-0.9598388671875,1.716552734375,1.3580322265625,30.2734375,3.84521484375,-7.8125
-0.250244140625,0.8670654296875,1.307861328125,43.76220703125,-0.54931640625,0.42724609375
1.210693359375,-1.432861328125,1.0718994140625,44.73876953125,-9.33837890625,3.23486328125
2.5069580078125,-2.27783203125,0.9227294921875,35.82763671875,-21.54541015625,6.65283203125
2.6993408203125,-0.3896484375,0.9403076171875,33.14208984375,-25.5126953125,8.48388671875
2.4017333984375,1.1998291015625,0.900146484375,31.06689453125,-28.38134765625,8.30078125
1.9979248046875,0.258544921875,0.9163818359375,17.39501953125,-28.1982421875,5.55419921875
1.8389892578125,-0.4696044921875,0.9586181640625,0.79345703125,-27.03857421875,1.89208984375
1.4842529296875,0.04443359375,0.9376220703125,-5.31005859375,-23.5595703125,-1.64794921875
0.884033203125,0.09765625,0.927734375,-10.68115234375,-20.8740234375,-2.5634765625
0.8199462890625,-0.0303955078125,0.8863525390625,-13.671875,-21.91162109375,-1.3427734375
0.804931640625,0.0985107421875,0.8895263671875,-15.5029296875,-23.681640625,0.18310546875
0.645751953125,0.1099853515625,0.8814697265625,-14.58740234375,-25.93994140625,6.04248046875
0.6448974609375,-0.0372314453125,0.8680419921875,-10.31494140625,-27.77099609375,3.0517578125
0.6331787109375,-0.034912109375,0.8558349609375,-3.35693359375,-27.34375,-2.01416015625
0.5802001953125,-0.0499267578125,0.831787109375,0.3662109375,-25.69580078125,-10.68115234375
0.5184326171875,-0.0946044921875,0.8262939453125,0.1220703125,-22.216796875,-12.63427734375
0.512451171875,-0.181884765625,0.8465576171875,-1.220703125,-23.4375,-14.404296875
0.5379638671875,-0.265869140625,0.862060546875,-13.48876953125,-22.705078125,-13.18359375
0.5384521484375,-0.267578125,0.860595703125,-12.8173828125,-26.3671875,-9.1552734375
0.5357666015625,-0.1978759765625,0.85205078125,-16.9677734375,-32.53173828125,-5.7373046875
0.5572509765625,-0.1021728515625,0.7779541015625,-12.75634765625,-50.1708984375,-1.64794921875
0.5546875,-0.052490234375,0.7744140625,-9.521484375,-60.791015625,0.67138671875
0.55712890625,-0.0411376953125,0.7620849609375,-2.86865234375,-72.021484375,1.953125
0.5596923828125,-0.1171875,0.75146484375,0.6103515625,-84.3505859375,3.84521484375
0.5631103515625,-0.1539306640625,0.7366943359375,4.638671875,-97.900390625,7.6904296875
0.580322265625,-0.2032470703125,0.8228759765625,5.2490234375,-112.79296875,10.009765625
0.6077880859375,-0.248779296875,0.8551025390625,4.638671875,-128.173828125,8.7890625
0.5849609375,-0.1839599609375,0.8853759765625,2.9296875,-142.7001953125,5.18798828125
0.5704345703125,-0.0931396484375,0.89306640625,0.9765625,-159.912109375,0.67138671875
0.58056640625,-0.063232421875,0.8975830078125,0.0,-178.3447265625,-2.62451171875
0.5797119140625,-0.071533203125,0.90771484375,-2.9296875,-196.6552734375,-5.31005859375
0.5792236328125,-0.0401611328125,0.916259765625,-6.4697265625,-217.34619140625,-11.962890625
0.5653076171875,-0.0484619140625,0.9208984375,-8.48388671875,-246.15478515625,-28.62548828125
0.5296630859375,-0.071533203125,0.927001953125,-7.32421875,-282.5927734375,-39.0625
0.5384521484375,-0.0731201171875,0.9451904296875,-7.8125,-317.2607421875,-35.15625
0.5440673828125,-0.02392578125,0.9569091796875,-12.39013671875,-375.67138671875,-55.84716796875
0.53466796875,0.0152587890625,0.9669189453125,-18.37158203125,-441.162109375,-54.5654296875
0.5322265625,-0.0106201171875,0.9927978515625,-27.4658203125,-503.84521484375,-75.86669921875
0.55029296875,-0.0992431640625,1.0087890625,-22.8271484375,-523.86474609375,-122.802734375
0.5614013671875,-0.1893310546875,0.9869384765625,-19.287109375,-498.291015625,-112.9150390625
0.55126953125,-0.21435546875,0.9527587890625,-41.19873046875,-483.2763671875,-146.42333984375
0.560546875,-0.204345703125,1.0216064453125,-97.83935546875,-428.466796875,-144.34814453125
0.5599365234375,-0.2349853515625,1.106201171875,-133.36181640625,-387.8173828125,-131.65283203125
0.543212890625,-0.2757568359375,1.103515625,-169.98291015625,-315.73486328125,-116.5771484375
0.5166015625,-0.2176513671875,1.1263427734375,-169.00634765625,-240.90576171875,-51.26953125
0.4239501953125,-0.0377197265625,0.8077392578125,-202.45361328125,-164.85595703125,10.07080078125
0.329833984375,-0.0594482421875,0.8175048828125,-204.7119140625,-28.4423828125,35.400390625
0.2147216796875,-0.2921142578125,0.9405517578125,-182.31201171875,68.54248046875,34.0576171875
0.2412109375,-0.36962890625,1.24560546875,-181.57958984375,182.55615234375,31.005859375
0.913818359375,-0.91650390625,1.7742919921875,-171.9970703125,248.53515625,31.18896484375
1.5789794921875,-1.0699462890625,1.96533203125,-120.7275390625,272.15576171875,31.25
1.926025390625,-0.9473876953125,1.666259765625,-67.56591796875,292.1142578125,37.78076171875
2.49169921875,-0.969482421875,1.5194091796875,13.85498046875,306.396484375,44.3115234375
2.8834228515625,-0.8399658203125,1.81396484375,89.41650390625,311.09619140625,50.537109375
2.8009033203125,-0.41845703125,1.898681640625,133.85009765625,308.77685546875,55.0537109375
2.4512939453125,-0.9879150390625,1.5028076171875,148.3154296875,313.78173828125,59.50927734375
1.7445068359375,-1.8619384765625,1.118408203125,149.2919921875,324.3408203125,61.70654296875
0.9566650390625,-2.087646484375,0.8018798828125,129.638671875,337.58544921875,65.185546875
2.3016357421875,-2.1041259765625,0.53125,106.50634765625,344.90966796875,74.70703125
2.730224609375,-1.6656494140625,0.393310546875,78.30810546875,355.40771484375,82.275390625
1.451416015625,-0.9932861328125,0.40478515625,53.5888671875,387.26806640625,90.6982421875
1.1312255859375,-0.435302734375,0.45556640625,33.26416015625,397.88818359375,99.7314453125
0.8265380859375,-0.042724609375,0.486572265625,28.50341796875,404.35791015625,107.666015625
0.41943359375,0.1593017578125,0.5211181640625,27.34375,405.2734375,114.8681640625
0.130126953125,0.15283203125,0.5826416015625,19.6533203125,401.79443359375,121.9482421875
0.01953125,0.0587158203125,0.6302490234375,10.43701171875,397.27783203125,129.21142578125
0.0543212890625,-0.06591796875,0.608642578125,-0.67138671875,397.5830078125,138.85498046875
0.172607421875,-0.1953125,0.590576171875,-10.009765625,399.35302734375,139.2822265625
0.3258056640625,-0.2939453125,0.633056640625,-13.5498046875,402.34375,132.8125
0.4613037109375,-0.3111572265625,0.6622314453125,-13.48876953125,398.01025390625,119.07958984375
0.563232421875,-0.2515869140625,0.7557373046875,-10.498046875,388.61083984375,27.40478515625
0.6431884765625,-0.1097412109375,0.9058837890625,-6.40869140625,371.9482421875,34.85107421875
0.7054443359375,-0.1221923828125,1.0780029296875,2.8076171875,123.046875,18.1884765625
0.7587890625,-0.1953125,1.2738037109375,-0.1220703125,62.744140625,-23.86474609375
0.9046630859375,-0.2799072265625,1.4840087890625,-7.568359375,-5.0048828125,-63.41552734375
0.94970703125,-0.33447265625,1.75,-18.9208984375,-62.255859375,-73.05908203125
1.0472412109375,-0.353759765625,1.7794189453125,-190.3076171875,-103.82080078125,-53.89404296875
1.2012939453125,-0.357421875,1.7325439453125,-186.8896484375,-144.71435546875,-45.10498046875
1.388916015625,-0.2891845703125,1.4967041015625,-109.19189453125,-128.173828125,-24.2919921875
1.61083984375,-0.2081298828125,-2.104736328125,-2.25830078125,-114.80712890625,1.40380859375
1.841064453125,-0.2047119140625,-2.2664794921875,82.03125,-172.42431640625,10.009765625
2.2408447265625,-0.3521728515625,-2.140625,124.755859375,-241.14990234375,-32.958984375
2.4532470703125,1.162109375,-1.7889404296875,137.5732421875,-257.568359375,-69.03076171875
2.75390625,0.6478271484375,-1.092529296875,137.0849609375,-225.830078125,-55.11474609375
2.988037109375,-0.4581298828125,0.00927734375,140.19775390625,-212.890625,-27.9541015625
2.9749755859375,-0.7218017578125,1.0316162109375,107.0556640625,-190.12451171875,-16.78466796875
3.1334228515625,-0.193359375,1.4385986328125,48.03466796875,-192.56591796875,-45.10498046875
3.0968017578125,0.329833984375,1.04150390625,24.169921875,-188.17138671875,-45.83740234375
2.741943359375,0.0079345703125,0.6884765625,-3.5400390625,-125.54931640625,-31.494140625
1.8629150390625,-0.49365234375,1.2069091796875,-0.06103515625,-35.5224609375,-21.8505859375
0.7337646484375,0.306640625,1.969482421875,41.32080078125,-3.11279296875,-8.1787109375
0.5145263671875,1.343017578125,1.9371337890625,46.56982421875,-2.74658203125,-2.62451171875
0.276123046875,1.781005859375,1.36328125,56.884765625,-11.16943359375,0.244140625
-0.2001953125,1.7840576171875,1.0538330078125,51.26953125,-19.71435546875,3.35693359375
0.4051513671875,0.5718994140625,1.057373046875,46.142578125,-23.5595703125,5.4931640625
1.7567138671875,-1.63818359375,1.218994140625,41.07666015625,-28.99169921875,3.96728515625
2.5364990234375,-1.987548828125,0.896240234375,20.01953125,-22.03369140625,-0.18310546875
2.2900390625,-0.2906494140625,0.969482421875,10.009765625,-18.00537109375,-4.5166015625
1.7862548828125,0.6707763671875,0.9324951171875,3.23486328125,-17.15087890625,-3.23486328125
1.2904052734375,-0.42138671875,0.93017578125,-4.45556640625,-17.08984375,-0.8544921875
1.328369140625,0.2532958984375,0.915283203125,-9.21630859375,-20.99609375,-3.23486328125
1.8492431640625,0.0458984375,0.89892578125,-8.1787109375,-29.1748046875,-5.0048828125
0.5133056640625,0.109130859375,0.8739013671875,-4.39453125,-29.052734375,-7.4462890625
0.7716064453125,0.0528564453125,0.8538818359375,1.03759765625,-32.470703125,-10.8642578125
0.6341552734375,-0.009521484375,0.85693359375,-0.3662109375,-35.46142578125,-14.09912109375
0.5802001953125,-0.03076171875,0.8502197265625,-6.77490234375,-36.376953125,-15.625
0.568359375,-0.08837890625,0.853271484375,-15.2587890625,-39.00146484375,-14.892578125
0.554931640625,-0.196533203125,0.8638916015625,-15.31982421875,-43.3349609375,-11.962890625
0.5247802734375,-0.2265625,0.8648681640625,-15.9912109375,-44.43359375,-10.55908203125
0.5711669921875,-0.0394287109375,0.8466796875,-15.19775390625,-46.81396484375,-4.94384765625
0.548828125,-0.0238037109375,0.859375,-15.31982421875,-50.29296875,-2.685546875
0.5408935546875,-0.07177734375,0.8349609375,-10.7421875,-62.8662109375,-1.40380859375
0.5494384765625,-0.1368408203125,0.8155517578125,-10.25390625,-71.59423828125,-0.79345703125
0.5328369140625,-0.127197265625,0.8125,-2.5634765625,-83.19091796875,1.03759765625
0.52587890625,-0.1329345703125,0.777099609375,0.6103515625,-97.59521484375,4.7607421875
0.497314453125,-0.1138916015625,0.7451171875,4.638671875,-113.037109375,8.544921875
0.51025390625,-0.12890625,0.789794921875,4.7607421875,-130.0048828125,11.3525390625
0.560791015625,-0.117431640625,0.810791015625,4.69970703125,-145.69091796875,11.3525390625
0.549560546875,-0.07763671875,0.865966796875,4.0283203125,-159.912109375,8.36181640625
0.5443115234375,-0.09716796875,0.8751220703125,3.173828125,-176.94091796875,0.1220703125
0.581787109375,-0.0560302734375,0.90283203125,1.64794921875,-196.71630859375,-15.07568359375
0.6229248046875,-0.040283203125,0.91357421875,-0.732421875,-244.07958984375,-33.50830078125
0.609375,-0.0684814453125,0.936279296875,-3.90625,-279.84619140625,-54.74853515625
0.5882568359375,-0.0830078125,0.9547119140625,-6.53076171875,-320.6787109375,-51.1474609375
0.5775146484375,-0.0496826171875,0.943359375,-9.70458984375,-370.9716796875,-49.86572265625
0.563720703125,0.008056640625,0.9443359375,-25.32958984375,-441.34521484375,-60.36376953125
0.5506591796875,0.0640869140625,0.957763671875,-26.0009765625,-481.14013671875,-60.791015625
0.55078125,0.083984375,0.9569091796875,-27.64892578125,-519.6533203125,-72.20458984375
0.5523681640625,0.0225830078125,0.99658203125,-19.71435546875,-533.935546875,-98.32763671875
0.56640625,-0.078857421875,1.0244140625,-27.7099609375,-511.5966796875,-106.8115234375
0.59228515625,-0.1326904296875,1.046142578125,-65.49072265625,-490.234375,-134.765625
0.5914306640625,-0.255615234375,1.1026611328125,-104.43115234375,-435.1806640625,-27.89306640625
0.55078125,-0.39794921875,1.10986328125,-140.5029296875,-394.287109375,52.8564453125
0.5374755859375,-0.33740234375,1.185302734375,-176.7578125,24.90234375,50.96435546875
0.442626953125,-0.1533203125,1.098388671875,-205.4443359375,241.27197265625,51.45263671875
0.32080078125,-0.0823974609375,0.81982421875,-233.0322265625,287.29248046875,49.1943359375
0.2640380859375,-0.200927734375,0.7894287109375,-234.7412109375,306.21337890625,54.931640625
0.2196044921875,-0.2698974609375,1.0174560546875,-91.12548828125,323.486328125,63.232421875
0.85693359375,-0.296630859375,1.3551025390625,46.81396484375,315.7958984375,70.3125
1.4884033203125,-0.5457763671875,1.82470703125,111.4501953125,314.453125,78.0029296875
1.576904296875,-0.9163818359375,1.963134765625,134.82666015625,329.40673828125,80.810546875
2.0146484375,-0.9232177734375,1.9595947265625,134.8876953125,346.25244140625,80.50537109375
2.464111328125,-0.9024658203125,0.9266357421875,115.3564453125,359.9853515625,88.68408203125
2.8355712890625,-2.1568603515625,0.64794921875,88.07373046875,365.17333984375,94.23828125
2.832275390625,-2.105224609375,0.36962890625,60.97412109375,380.9814453125,102.4169921875
2.5777587890625,-1.3204345703125,0.4373779296875,38.14697265625,385.986328125,105.5908203125
2.562744140625,-0.6829833984375,0.4864501953125,30.3955078125,396.97265625,111.81640625
1.494384765625,0.0645751953125,0.5645751953125,32.5927734375,397.0947265625,119.44580078125
0.573486328125,0.1605224609375,0.617431640625,12.939453125,396.30126953125,125.54931640625
0.1688232421875,0.1373291015625,0.6361083984375,-0.18310546875,394.6533203125,129.69970703125
-0.0286865234375,0.0130615234375,0.59326171875,-18.4326171875,393.310546875,127.62451171875
0.0615234375,-0.1358642578125,0.5911865234375,-18.00537109375,388.3056640625,116.455078125
0.289306640625,-0.2559814453125,0.70947265625,-18.1884765625,377.5634765625,68.66455078125
0.5482177734375,-0.26806640625,1.1116943359375,-18.06640625,363.6474609375,44.49462890625
0.692626953125,0.020263671875,1.2515869140625,-15.380859375,299.37744140625,31.79931640625
0.6834716796875,0.0115966796875,1.4208984375,-17.39501953125,241.8212890625,39.61181640625
0.6026611328125,-0.2216796875,1.5821533203125,-23.5595703125,145.5078125,13.61083984375
0.75439453125,-0.24462890625,1.6832275390625,-30.3955078125,34.66796875,-30.21240234375
0.9434814453125,-0.2490234375,1.7210693359375,-36.1328125,-31.73828125,-49.4384765625
1.382568359375,-0.251953125,1.6890869140625,-54.6875,-83.984375,-47.91259765625
1.499755859375,-0.2159423828125,1.5106201171875,-158.5693359375,-118.10302734375,-16.05224609375
1.6795654296875,-0.1680908203125,0.4326171875,-135.6201171875,-126.5869140625,-18.1884765625
1.900390625,-0.1812744140625,-0.372314453125,-52.06298828125,-83.251953125,-30.82275390625
2.113525390625,-0.350341796875,-1.6583251953125,32.5927734375,-81.1767578125,-26.3671875
2.33544921875,-0.541259765625,-1.914794921875,65.91796875,-139.22119140625,3.0517578125
2.62451171875,0.0439453125,-1.73291015625,62.80517578125,-177.1240234375,-15.5029296875
2.921142578125,1.2926025390625,-1.352294921875,113.95263671875,-214.599609375,-53.52783203125
2.767333984375,0.032470703125,-0.854248046875,116.69921875,-255.18798828125,-57.7392578125
2.6204833984375,-0.5279541015625,0.0616455078125,108.154296875,-250.54931640625,-39.1845703125
2.835693359375,-0.2100830078125,1.3388671875,112.12158203125,-233.33740234375,-31.06689453125
3.0416259765625,0.4136962890625,1.7572021484375,67.32177734375,-212.95166015625,-43.45703125
2.7611083984375,0.303955078125,1.0830078125,31.494140625,-221.49658203125,-48.2177734375
2.4522705078125,-0.4993896484375,0.442138671875,1.708984375,-175.9033203125,-43.64013671875
2.3428955078125,-0.8138427734375,0.601806640625,-6.53076171875,-66.22314453125,-32.28759765625
1.3604736328125,-0.176025390625,1.359619140625,31.494140625,-26.06201171875,-17.02880859375
0.636474609375,0.9305419921875,1.8642578125,66.22314453125,-11.77978515625,1.52587890625
0.1158447265625,1.4898681640625,1.6591796875,74.89013671875,-9.8876953125,4.39453125
-0.5950927734375,1.421630859375,1.3177490234375,57.06787109375,-22.5830078125,6.9580078125
-0.1395263671875,0.8968505859375,1.229248046875,58.837890625,-23.3154296875,10.92529296875
0.602783203125,-0.7186279296875,1.26513671875,44.25048828125,-24.658203125,0.79345703125
1.3720703125,-1.74072265625,1.0509033203125,29.60205078125,-27.28271484375,4.7607421875
2.0982666015625,-0.837158203125,1.034423828125,6.103515625,-23.25439453125,4.69970703125
2.2847900390625,0.4141845703125,0.9322509765625,-0.91552734375,-28.9306640625,-2.3193359375
1.9542236328125,0.5999755859375,0.9371337890625,-6.34765625,-28.50341796875,-2.44140625
1.663818359375,-0.211669921875,0.9091796875,-14.16015625,-30.57861328125,-5.06591796875
1.9901123046875,0.145751953125,0.8753662109375,-10.009765625,-31.25,-8.7890625
1.48291015625,0.1016845703125,0.875,-9.8876953125,-30.82275390625,-10.7421875
0.8375244140625,0.049560546875,0.87353515625,-12.87841796875,-30.1513671875,-13.427734375
0.800048828125,-0.008056640625,0.836669921875,-14.09912109375,-28.80859375,-15.13671875
0.687255859375,-0.02001953125,0.8009033203125,-16.6015625,-28.80859375,-13.97705078125
0.615478515625,-0.048828125,0.7952880859375,-16.11328125,-35.82763671875,-12.63427734375
0.5938720703125,-0.173095703125,0.7764892578125,-13.3056640625,-41.68701171875,-9.70458984375
0.5792236328125,-0.1002197265625,0.749267578125,-10.43701171875,-49.98779296875,-6.591796875
0.545166015625,-0.1512451171875,0.73291015625,-6.16455078125,-58.41064453125,-3.11279296875
0.5615234375,-0.1790771484375,0.719482421875,1.220703125,-67.81005859375,0.48828125
0.5955810546875,-0.1640625,0.7318115234375,4.21142578125,-91.1865234375,3.90625
0.5758056640625,-0.2169189453125,0.768310546875,6.53076171875,-105.224609375,7.2021484375
0.588134765625,-0.2191162109375,0.7913818359375,7.75146484375,-123.10791015625,7.6904296875
0.6141357421875,-0.2030029296875,0.83203125,6.77490234375,-140.19775390625,4.8828125
0.608642578125,-0.195556640625,0.831787109375,2.99072265625,-155.6396484375,3.84521484375
0.5985107421875,-0.1444091796875,0.8348388671875,0.732421875,-190.36865234375,-7.38525390625
0.5948486328125,-0.0999755859375,0.851318359375,-1.46484375,-213.623046875,-20.8740234375
0.5947265625,-0.0919189453125,0.8873291015625,-6.103515625,-280.8837890625,-28.6865234375
0.6160888671875,-0.0758056640625,0.91162109375,-9.8876953125,-323.486328125,-31.31103515625
0.5767822265625,-0.0716552734375,0.9283447265625,-15.44189453125,-390.13671875,-43.3349609375
0.582275390625,-0.048095703125,0.9228515625,-22.8271484375,-446.71630859375,-63.96484375
0.5863037109375,-0.0054931640625,0.9202880859375,-34.423828125,-471.37451171875,-112.36572265625
0.56982421875,0.0101318359375,0.984375,-25.69580078125,-505.4931640625,-108.58154296875
0.5625,-0.0145263671875,0.9967041015625,-36.2548828125,-451.7822265625,-135.68115234375
0.569091796875,-0.08203125,0.97998046875,-65.61279296875,-403.4423828125,-123.22998046875
0.574951171875,-0.146728515625,1.0909423828125,-93.56689453125,-356.14013671875,-119.20166015625
0.585693359375,-0.2196044921875,1.1573486328125,-152.52685546875,-291.259765625,-84.228515625
0.6024169921875,-0.2366943359375,1.1776123046875,-181.82373046875,-205.6884765625,-29.541015625
0.5421142578125,-0.1778564453125,1.25390625,-227.4169921875,-99.79248046875,13.7939453125
0.4951171875,-0.104736328125,0.850341796875,-211.9140625,32.16552734375,22.52197265625
0.2850341796875,-0.30712890625,1.0101318359375,-202.0263671875,143.5546875,25.45166015625
0.1832275390625,-0.4449462890625,1.462158203125,-205.56640625,232.48291015625,28.80859375
0.385009765625,-0.586181640625,1.9080810546875,-150.7568359375,273.37646484375,30.33447265625
1.059326171875,-0.9051513671875,1.9364013671875,-85.0830078125,291.3818359375,35.21728515625
1.656494140625,-0.8648681640625,1.607421875,-11.04736328125,305.60302734375,41.3818359375
2.0953369140625,-0.80517578125,1.652099609375,72.3876953125,305.84716796875,46.38671875
2.8443603515625,-0.5599365234375,2.0604248046875,124.6337890625,294.25048828125,50.78125
2.6500244140625,-0.7696533203125,1.859375,146.240234375,297.7294921875,60.11962890625
2.0513916015625,-1.634033203125,1.279541015625,153.74755859375,312.92724609375,58.65478515625
1.2623291015625,-2.16796875,0.9051513671875,144.83642578125,345.458984375,60.1806640625
1.606689453125,-2.1064453125,0.6104736328125,127.8076171875,347.7783203125,63.29345703125
2.50927734375,-1.8004150390625,0.4300537109375,103.6376953125,361.6943359375,66.83349609375
2.04833984375,-1.170166015625,0.41357421875,78.369140625,381.04248046875,71.47216796875
1.4627685546875,-0.5791015625,0.452392578125,44.12841796875,393.06640625,74.8291015625
1.058349609375,-0.167236328125,0.5025634765625,46.20361328125,399.47509765625,77.880859375
0.452880859375,0.0723876953125,0.59375,37.841796875,400.45166015625,82.45849609375
0.0743408203125,0.1175537109375,0.6614990234375,14.46533203125,398.25439453125,111.4501953125
-0.075927734375,0.0487060546875,0.63037109375,-1.03759765625,395.32470703125,118.7744140625
-0.087890625,-0.0390625,0.56201171875,-13.73291015625,389.7705078125,62.1337890625
0.0181884765625,-0.241943359375,0.6429443359375,-21.42333984375,384.033203125,58.04443359375
0.2652587890625,-0.223388671875,0.7027587890625,-25.45166015625,229.736328125,-72.6318359375
0.5213623046875,-0.1234130859375,0.7930908203125,-26.18408203125,118.896484375,-70.12939453125
0.6524658203125,-0.0360107421875,0.912109375,-17.4560546875,-153.99169921875,-48.7060546875
0.6278076171875,-0.0565185546875,1.0565185546875,-14.892578125,-135.8642578125,-55.84716796875
0.6409912109375,-0.13232421875,1.23876953125,-6.9580078125,-72.998046875,35.33935546875
0.8470458984375,-0.2242431640625,1.7083740234375,-130.06591796875,-137.39013671875,0.06103515625
0.9959716796875,-0.29833984375,1.760498046875,98.7548828125,-209.89990234375,-41.56494140625
1.099365234375,-0.3455810546875,-0.6053466796875,110.595703125,-232.91015625,-65.73486328125
1.199462890625,-0.3009033203125,-2.30078125,83.984375,-222.59521484375,-56.94580078125
1.3289794921875,-0.280517578125,-0.6129150390625,84.28955078125,-191.0400390625,-45.654296875
1.516357421875,-0.3721923828125,0.697021484375,34.24072265625,-176.45263671875,-41.80908203125
2.1826171875,1.901611328125,2.0074462890625,25.634765625,-130.06591796875,-25.20751953125
2.4017333984375,-0.685302734375,0.688232421875,-5.67626953125,-31.18896484375,-17.822265625
2.922119140625,0.622802734375,0.6380615234375,-5.4931640625,-3.84521484375,-5.859375
3.0985107421875,-0.0128173828125,1.408447265625,42.8466796875,-10.31494140625,-4.2724609375
2.2420654296875,-0.19189453125,1.774658203125,85.5712890625,-15.869140625,-2.197265625
1.1552734375,0.7725830078125,1.672119140625,50.4150390625,-18.37158203125,0.67138671875
0.32568359375,1.090576171875,1.361572265625,34.0576171875,-26.0009765625,2.3193359375
-0.738037109375,1.019775390625,1.1043701171875,22.52197265625,-26.123046875,1.40380859375
0.6881103515625,-0.661376953125,1.0672607421875,4.82177734375,-24.4140625,-1.64794921875
1.479248046875,-1.807861328125,0.903564453125,1.52587890625,-23.0712890625,-4.39453125
2.1513671875,0.51806640625,0.93212890625,-2.50244140625,-21.1181640625,-4.2724609375
2.3433837890625,0.8446044921875,0.880615234375,-4.5166015625,-21.1181640625,-0.8544921875
1.8367919921875,0.012939453125,0.88818359375,-6.16455078125,-23.01025390625,0.30517578125
1.756591796875,0.066650390625,0.868408203125,-5.67626953125,-27.4658203125,-0.1220703125
1.1004638671875,0.0040283203125,0.864501953125,-3.7841796875,-28.4423828125,-0.30517578125
0.641845703125,-0.0496826171875,0.8619384765625,-0.91552734375,-29.11376953125,0.79345703125
0.653076171875,0.005126953125,0.8563232421875,-0.54931640625,-31.18896484375,-1.8310546875
0.58837890625,0.0047607421875,0.852294921875,-3.11279296875,-35.400390625,-2.5634765625
0.564697265625,-0.0439453125,0.8489990234375,-5.55419921875,-39.55078125,-2.38037109375
0.5574951171875,-0.1231689453125,0.849365234375,-7.8125,-44.677734375,-3.2958984375
0.563720703125,-0.1744384765625,0.8485107421875,-9.3994140625,-47.05810546875,-3.35693359375
0.5565185546875,-0.1446533203125,0.842529296875,-8.7890625,-48.15673828125,-1.28173828125
0.5653076171875,-0.081298828125,0.8460693359375,-13.24462890625,-49.8046875,-0.67138671875
0.5615234375,0.004638671875,0.8511962890625,-14.0380859375,-49.4384765625,-1.3427734375
0.57177734375,-0.010498046875,0.8314208984375,-15.380859375,-49.4384765625,0.0
0.58154296875,-0.039306640625,0.83642578125,-14.58740234375,-53.40576171875,0.48828125
0.5703125,-0.0665283203125,0.8077392578125,-10.7421875,-65.73486328125,2.9296875
0.5687255859375,-0.0445556640625,0.775634765625,-9.21630859375,-74.8291015625,6.89697265625
0.5601806640625,-0.09423828125,0.757080078125,-8.056640625,-96.923828125,8.97216796875
0.5234375,-0.0556640625,0.7381591796875,-4.5166015625,-108.642578125,10.7421875
0.556640625,-0.0792236328125,0.7318115234375,-1.40380859375,-121.88720703125,9.8876953125
0.5489501953125,-0.1141357421875,0.7369384765625,-0.54931640625,-134.521484375,5.9814453125
0.5673828125,-0.0836181640625,0.777587890625,1.52587890625,-147.4609375,1.89208984375
0.6029052734375,-0.0501708984375,0.8248291015625,0.0,-162.9638671875,-2.99072265625
0.606201171875,-0.0858154296875,0.84619140625,-1.77001953125,-180.419921875,-12.6953125
0.6263427734375,-0.0899658203125,0.8558349609375,-4.94384765625,-202.20947265625,-27.4658203125
0.6385498046875,-0.08154296875,0.8740234375,-7.6904296875,-231.50634765625,-48.40087890625
0.624755859375,-0.08740234375,0.8658447265625,-10.6201171875,-267.63916015625,-31.6162109375
0.6171875,0.0126953125,0.865478515625,-15.44189453125,-366.0888671875,-36.56005859375
0.615966796875,0.0408935546875,0.890869140625,-23.0712890625,-426.69677734375,-32.3486328125
0.6058349609375,0.0369873046875,0.9261474609375,-28.1982421875,-495.91064453125,-51.7578125
0.61376953125,-0.009033203125,0.9578857421875,-26.3671875,-500.42724609375,-88.19580078125
0.609130859375,-0.1103515625,0.9669189453125,-18.9208984375,-476.1962890625,-87.09716796875
0.6256103515625,-0.1790771484375,0.974365234375,-35.82763671875,-456.4208984375,-116.88232421875
0.6365966796875,-0.1898193359375,0.989501953125,-111.51123046875,-404.23583984375,-119.384765625
