0.473876953125,-0.0728759765625,0.893310546875,-0.18310546875,-0.48828125,0.1220703125
0.4739990234375,-0.072998046875,0.89306640625,-0.18310546875,-0.42724609375,0.06103515625
0.4737548828125,-0.0723876953125,0.892578125,-0.18310546875,-0.3662109375,0.06103515625
0.474365234375,-0.072021484375,0.8927001953125,-0.244140625,-0.30517578125,0.06103515625
0.4747314453125,-0.072509765625,0.8929443359375,-0.30517578125,-0.3662109375,0.06103515625
0.474853515625,-0.0732421875,0.892822265625,-0.244140625,-0.3662109375,0.06103515625
0.4744873046875,-0.0740966796875,0.8924560546875,-0.30517578125,-0.3662109375,0.06103515625
0.4737548828125,-0.0736083984375,0.892333984375,-0.244140625,-0.3662109375,0.06103515625
0.4744873046875,-0.0731201171875,0.89208984375,-0.18310546875,-0.3662109375,0.1220703125
0.47412109375,-0.0738525390625,0.8922119140625,-0.18310546875,-0.3662109375,0.1220703125
0.472900390625,-0.073486328125,0.89208984375,-0.1220703125,-0.3662109375,0.1220703125
0.4736328125,-0.072021484375,0.89208984375,-0.244140625,-0.3662109375,0.1220703125
0.4747314453125,-0.072265625,0.893798828125,-0.30517578125,-0.30517578125,0.18310546875
0.475341796875,-0.0728759765625,0.8935546875,-0.30517578125,-0.30517578125,0.1220703125
0.4747314453125,-0.072998046875,0.8927001953125,-0.244140625,-0.30517578125,0.1220703125
0.4752197265625,-0.0728759765625,0.892333984375,-0.244140625,-0.3662109375,0.1220703125
0.4752197265625,-0.0718994140625,0.89306640625,-0.244140625,-0.3662109375,0.18310546875
0.4742431640625,-0.07177734375,0.893310546875,-0.18310546875,-0.3662109375,0.1220703125
0.47412109375,-0.0718994140625,0.89306640625,-0.18310546875,-0.3662109375,0.1220703125
0.473388671875,-0.0731201171875,0.891845703125,-0.30517578125,-0.30517578125,0.1220703125
0.4730224609375,-0.0732421875,0.8922119140625,-0.30517578125,-0.244140625,0.1220703125
0.4730224609375,-0.07275390625,0.892578125,-0.3662109375,-0.244140625,0.1220703125
0.473388671875,-0.0733642578125,0.8924560546875,-0.30517578125,-0.30517578125,0.06103515625
0.47412109375,-0.072998046875,0.8919677734375,-0.30517578125,-0.30517578125,0.06103515625
0.47509765625,-0.072509765625,0.892333984375,-0.244140625,-0.30517578125,0.06103515625
0.4736328125,-0.072998046875,0.8924560546875,-0.244140625,-0.42724609375,0.06103515625
0.4739990234375,-0.0723876953125,0.89306640625,-0.244140625,-0.42724609375,0.06103515625
0.4732666015625,-0.0721435546875,0.8931884765625,-0.244140625,-0.48828125,0.06103515625
0.473388671875,-0.073486328125,0.89306640625,-0.18310546875,-0.48828125,0.06103515625
0.4744873046875,-0.0738525390625,0.892333984375,-0.244140625,-0.48828125,0.06103515625
0.4742431640625,-0.0738525390625,0.8919677734375,-0.244140625,-0.48828125,0.06103515625
0.474609375,-0.0738525390625,0.892578125,-0.244140625,-0.48828125,0.0
0.4744873046875,-0.0745849609375,0.8939208984375,-0.18310546875,-0.48828125,0.0
0.4742431640625,-0.07373046875,0.8939208984375,-0.18310546875,-0.48828125,0.0
0.473876953125,-0.0740966796875,0.8934326171875,-0.18310546875,-0.3662109375,-0.06103515625
0.4736328125,-0.07421875,0.893310546875,-0.244140625,-0.3662109375,-0.06103515625
0.4752197265625,-0.07421875,0.8931884765625,-0.18310546875,-0.30517578125,-0.06103515625
0.473876953125,-0.0738525390625,0.892822265625,-0.1220703125,-0.30517578125,0.0
0.4727783203125,-0.07470703125,0.89306640625,0.0,-0.42724609375,0.06103515625
0.472412109375,-0.07470703125,0.89306640625,0.0,-0.3662109375,0.06103515625
0.4722900390625,-0.07373046875,0.8931884765625,0.0,-0.3662109375,0.06103515625
0.472900390625,-0.0740966796875,0.893310546875,-0.06103515625,-0.30517578125,0.06103515625
0.4742431640625,-0.07421875,0.892822265625,0.0,-0.30517578125,0.0
0.474609375,-0.07421875,0.8917236328125,0.0,-0.30517578125,0.0
0.4749755859375,-0.073974609375,0.891845703125,0.0,-0.244140625,0.06103515625
0.47509765625,-0.072998046875,0.892333984375,-0.06103515625,-0.244140625,0.06103515625
0.4747314453125,-0.0736083984375,0.892822265625,-0.1220703125,-0.18310546875,0.0
0.474365234375,-0.07421875,0.892822265625,-0.1220703125,-0.1220703125,0.0
0.4744873046875,-0.0748291015625,0.89306640625,-0.1220703125,-0.18310546875,0.0
0.474609375,-0.0740966796875,0.8934326171875,-0.06103515625,-0.244140625,0.06103515625
0.4732666015625,-0.0738525390625,0.892578125,-0.06103515625,-0.30517578125,0.06103515625
0.473388671875,-0.072021484375,0.8917236328125,-0.1220703125,-0.3662109375,0.06103515625
0.4747314453125,-0.071044921875,0.892333984375,-0.1220703125,-0.42724609375,0.06103515625
0.4736328125,-0.0718994140625,0.8929443359375,-0.1220703125,-0.48828125,0.1220703125
0.4736328125,-0.0736083984375,0.89208984375,-0.18310546875,-0.48828125,0.1220703125
0.474365234375,-0.0740966796875,0.892578125,-0.244140625,-0.42724609375,0.06103515625
0.4736328125,-0.0736083984375,0.8927001953125,-0.244140625,-0.3662109375,0.06103515625
0.4737548828125,-0.07275390625,0.892822265625,-0.244140625,-0.3662109375,0.0
0.474853515625,-0.072509765625,0.893798828125,-0.1220703125,-0.3662109375,0.0
0.4732666015625,-0.0740966796875,0.8934326171875,-0.1220703125,-0.42724609375,0.0
0.474853515625,-0.0736083984375,0.892822265625,-0.1220703125,-0.42724609375,0.0
0.4732666015625,-0.072265625,0.892822265625,-0.1220703125,-0.48828125,0.06103515625
0.4710693359375,-0.072021484375,0.8927001953125,-0.1220703125,-0.48828125,0.06103515625
0.47216796875,-0.07275390625,0.8922119140625,-0.18310546875,-0.54931640625,0.1220703125
0.47216796875,-0.0738525390625,0.8919677734375,-0.1220703125,-0.54931640625,0.18310546875
0.47216796875,-0.07177734375,0.892822265625,-0.1220703125,-0.48828125,0.1220703125
0.4725341796875,-0.0711669921875,0.8934326171875,-0.18310546875,-0.48828125,0.1220703125
0.47314453125,-0.072509765625,0.8924560546875,-0.244140625,-0.42724609375,0.1220703125
0.4737548828125,-0.072998046875,0.8929443359375,-0.18310546875,-0.42724609375,0.1220703125
0.4744873046875,-0.072509765625,0.8931884765625,-0.18310546875,-0.3662109375,0.1220703125
0.4737548828125,-0.0728759765625,0.8929443359375,-0.30517578125,-0.3662109375,0.1220703125
0.4730224609375,-0.073486328125,0.89306640625,-0.30517578125,-0.3662109375,0.1220703125
0.472900390625,-0.0723876953125,0.8927001953125,-0.244140625,-0.30517578125,0.1220703125
0.4727783203125,-0.07275390625,0.892822265625,-0.244140625,-0.3662109375,0.1220703125
0.4737548828125,-0.0728759765625,0.892822265625,-0.30517578125,-0.42724609375,0.06103515625
0.472900390625,-0.0714111328125,0.8929443359375,-0.30517578125,-0.30517578125,0.1220703125
0.472900390625,-0.072265625,0.8924560546875,-0.30517578125,-0.30517578125,0.1220703125
0.47314453125,-0.07373046875,0.8916015625,-0.244140625,-0.30517578125,0.06103515625
0.47412109375,-0.0732421875,0.8914794921875,-0.30517578125,-0.244140625,0.06103515625
0.4744873046875,-0.072998046875,0.8924560546875,-0.18310546875,-0.244140625,0.0
0.4744873046875,-0.0723876953125,0.8931884765625,-0.18310546875,-0.244140625,0.06103515625
0.4739990234375,-0.072998046875,0.8934326171875,-0.18310546875,-0.18310546875,0.1220703125
0.473388671875,-0.073486328125,0.8935546875,-0.244140625,-0.244140625,0.1220703125
0.4732666015625,-0.0738525390625,0.8924560546875,-0.244140625,-0.30517578125,0.1220703125
0.47314453125,-0.0743408203125,0.892578125,-0.18310546875,-0.30517578125,0.06103515625
0.473388671875,-0.073974609375,0.8927001953125,-0.18310546875,-0.30517578125,0.0
0.473388671875,-0.072265625,0.892822265625,-0.18310546875,-0.30517578125,0.1220703125
0.4732666015625,-0.0731201171875,0.892822265625,-0.18310546875,-0.3662109375,0.18310546875
0.473388671875,-0.0732421875,0.893310546875,-0.18310546875,-0.42724609375,0.06103515625
0.473388671875,-0.0728759765625,0.8935546875,-0.1220703125,-0.42724609375,0.1220703125
0.4739990234375,-0.07373046875,0.8935546875,-0.1220703125,-0.3662109375,0.1220703125
0.4744873046875,-0.07470703125,0.8936767578125,-0.18310546875,-0.3662109375,0.1220703125
0.4744873046875,-0.07470703125,0.8934326171875,-0.18310546875,-0.42724609375,0.1220703125
0.47412109375,-0.0728759765625,0.893310546875,-0.18310546875,-0.3662109375,0.1220703125
0.4732666015625,-0.072265625,0.8929443359375,-0.18310546875,-0.42724609375,0.1220703125
0.472900390625,-0.0726318359375,0.892822265625,-0.18310546875,-0.42724609375,0.06103515625
0.4732666015625,-0.072998046875,0.89306640625,-0.18310546875,-0.3662109375,0.06103515625
0.473388671875,-0.073486328125,0.8929443359375,-0.30517578125,-0.42724609375,0.06103515625
0.4722900390625,-0.0733642578125,0.8929443359375,-0.30517578125,-0.42724609375,0.06103515625
0.4725341796875,-0.07275390625,0.892822265625,-0.244140625,-0.42724609375,0.06103515625
0.4725341796875,-0.07177734375,0.8935546875,-0.244140625,-0.42724609375,0.0
0.4716796875,-0.0723876953125,0.8935546875,-0.244140625,-0.42724609375,0.06103515625
0.4730224609375,-0.073486328125,0.8936767578125,-0.30517578125,-0.48828125,0.1220703125
0.474609375,-0.073974609375,0.893310546875,-0.244140625,-0.48828125,0.1220703125
0.474853515625,-0.0731201171875,0.893310546875,-0.244140625,-0.48828125,0.06103515625
0.47314453125,-0.0738525390625,0.893310546875,-0.244140625,-0.48828125,0.06103515625
0.472900390625,-0.0736083984375,0.8931884765625,-0.244140625,-0.48828125,0.06103515625
0.4735107421875,-0.072998046875,0.893310546875,-0.18310546875,-0.48828125,0.06103515625
0.472900390625,-0.073486328125,0.8934326171875,-0.244140625,-0.48828125,0.0
0.47265625,-0.074462890625,0.8939208984375,-0.244140625,-0.42724609375,0.0
0.47265625,-0.073974609375,0.8939208984375,-0.244140625,-0.30517578125,0.06103515625
0.4736328125,-0.0733642578125,0.893798828125,-0.244140625,-0.3662109375,0.06103515625
0.474365234375,-0.07373046875,0.893798828125,-0.18310546875,-0.42724609375,0.0
0.47412109375,-0.0740966796875,0.89306640625,-0.18310546875,-0.42724609375,-0.06103515625
0.473388671875,-0.07373046875,0.892333984375,-0.1220703125,-0.42724609375,0.0
0.4725341796875,-0.073486328125,0.8924560546875,-0.1220703125,-0.42724609375,0.0
0.47314453125,-0.0721435546875,0.8931884765625,-0.244140625,-0.42724609375,0.0
0.4730224609375,-0.0723876953125,0.892822265625,-0.1220703125,-0.42724609375,0.06103515625
0.4725341796875,-0.0732421875,0.892333984375,-0.18310546875,-0.42724609375,0.06103515625
0.473876953125,-0.07373046875,0.8934326171875,-0.18310546875,-0.48828125,0.0
0.4730224609375,-0.073486328125,0.8936767578125,-0.18310546875,-0.48828125,0.0
0.4730224609375,-0.07373046875,0.8934326171875,-0.1220703125,-0.42724609375,0.0
0.472900390625,-0.073974609375,0.8929443359375,-0.1220703125,-0.42724609375,0.06103515625
0.47509765625,-0.0733642578125,0.8922119140625,-0.18310546875,-0.42724609375,0.0
0.4739990234375,-0.07373046875,0.89208984375,-0.18310546875,-0.42724609375,0.06103515625
0.4727783203125,-0.07373046875,0.8936767578125,-0.18310546875,-0.30517578125,0.06103515625
0.4730224609375,-0.073974609375,0.8934326171875,-0.1220703125,-0.30517578125,0.06103515625
0.474609375,-0.0740966796875,0.8935546875,-0.18310546875,-0.244140625,0.06103515625
0.4744873046875,-0.072998046875,0.8931884765625,-0.18310546875,-0.244140625,0.06103515625
0.473876953125,-0.07275390625,0.892822265625,-0.1220703125,-0.30517578125,0.0
0.47314453125,-0.0726318359375,0.8931884765625,-0.06103515625,-0.30517578125,0.0
0.47412109375,-0.0733642578125,0.8936767578125,-0.06103515625,-0.30517578125,0.06103515625
0.4742431640625,-0.073974609375,0.8929443359375,-0.18310546875,-0.3662109375,0.06103515625
0.47314453125,-0.0738525390625,0.892578125,-0.18310546875,-0.3662109375,0.06103515625
0.4725341796875,-0.072998046875,0.892578125,-0.18310546875,-0.42724609375,0.1220703125
0.4732666015625,-0.0728759765625,0.8931884765625,-0.18310546875,-0.42724609375,0.1220703125
0.4736328125,-0.07373046875,0.8936767578125,-0.244140625,-0.42724609375,0.1220703125
0.4742431640625,-0.07275390625,0.8936767578125,-0.244140625,-0.42724609375,0.1220703125
0.474365234375,-0.0723876953125,0.8929443359375,-0.18310546875,-0.3662109375,0.06103515625
0.4742431640625,-0.0733642578125,0.8929443359375,-0.18310546875,-0.3662109375,0.06103515625
0.474365234375,-0.0732421875,0.8931884765625,-0.18310546875,-0.30517578125,0.06103515625
0.47412109375,-0.07275390625,0.893798828125,-0.18310546875,-0.3662109375,0.06103515625
0.473388671875,-0.0731201171875,0.8934326171875,-0.244140625,-0.3662109375,0.1220703125
0.473876953125,-0.07275390625,0.8929443359375,-0.244140625,-0.3662109375,0.1220703125
0.4742431640625,-0.0738525390625,0.8936767578125,-0.244140625,-0.42724609375,0.06103515625
0.473388671875,-0.0732421875,0.8936767578125,-0.18310546875,-0.42724609375,0.06103515625
0.47314453125,-0.0728759765625,0.8927001953125,-0.1220703125,-0.42724609375,0.06103515625
0.4739990234375,-0.072265625,0.892578125,-0.1220703125,-0.3662109375,0.06103515625
0.4739990234375,-0.071533203125,0.892822265625,-0.1220703125,-0.3662109375,0.06103515625
0.4727783203125,-0.07275390625,0.89306640625,-0.18310546875,-0.3662109375,0.1220703125
0.473388671875,-0.072998046875,0.8934326171875,-0.18310546875,-0.30517578125,0.06103515625
0.4736328125,-0.07275390625,0.893798828125,-0.30517578125,-0.30517578125,0.0
0.47265625,-0.073974609375,0.8935546875,-0.244140625,-0.30517578125,0.0
0.4725341796875,-0.0738525390625,0.8934326171875,-0.244140625,-0.3662109375,0.06103515625
0.4727783203125,-0.07421875,0.8935546875,-0.18310546875,-0.42724609375,0.0
0.47314453125,-0.0738525390625,0.8924560546875,-0.244140625,-0.48828125,0.0
0.473388671875,-0.0723876953125,0.892822265625,-0.18310546875,-0.48828125,0.06103515625
0.472900390625,-0.07275390625,0.8929443359375,-0.18310546875,-0.48828125,0.06103515625
0.4722900390625,-0.07275390625,0.892333984375,-0.18310546875,-0.42724609375,0.06103515625
0.47314453125,-0.0733642578125,0.89306640625,-0.18310546875,-0.3662109375,0.06103515625
0.4735107421875,-0.072998046875,0.893310546875,-0.244140625,-0.3662109375,0.1220703125
0.4739990234375,-0.072509765625,0.8931884765625,-0.18310546875,-0.30517578125,0.06103515625
0.4737548828125,-0.0728759765625,0.8935546875,-0.244140625,-0.30517578125,0.06103515625
0.4737548828125,-0.07373046875,0.8934326171875,-0.244140625,-0.3662109375,0.1220703125
0.4735107421875,-0.073486328125,0.89306640625,-0.30517578125,-0.3662109375,0.1220703125
0.4730224609375,-0.07275390625,0.8927001953125,-0.18310546875,-0.3662109375,0.06103515625
0.4715576171875,-0.0732421875,0.8927001953125,-0.1220703125,-0.3662109375,0.06103515625
0.4705810546875,-0.073486328125,0.8927001953125,-0.1220703125,-0.3662109375,0.1220703125
0.470947265625,-0.072021484375,0.892578125,-0.1220703125,-0.3662109375,0.1220703125
0.4715576171875,-0.072021484375,0.8929443359375,-0.18310546875,-0.3662109375,0.1220703125
0.4718017578125,-0.0732421875,0.893310546875,-0.244140625,-0.30517578125,0.1220703125
0.4736328125,-0.0732421875,0.8935546875,-0.244140625,-0.244140625,0.1220703125
0.474365234375,-0.0723876953125,0.8934326171875,-0.244140625,-0.244140625,0.1220703125
0.4739990234375,-0.072509765625,0.8931884765625,-0.18310546875,-0.244140625,0.1220703125
0.4747314453125,-0.072998046875,0.89306640625,-0.18310546875,-0.30517578125,0.06103515625
0.474609375,-0.072265625,0.8927001953125,-0.18310546875,-0.30517578125,0.1220703125
0.4736328125,-0.072265625,0.892578125,-0.244140625,-0.244140625,0.1220703125
0.4715576171875,-0.0726318359375,0.8929443359375,-0.244140625,-0.30517578125,0.06103515625
0.471923828125,-0.072998046875,0.8941650390625,-0.244140625,-0.244140625,0.0
0.4722900390625,-0.07373046875,0.893310546875,-0.244140625,-0.244140625,-0.18310546875
0.4730224609375,-0.0736083984375,0.893798828125,-0.18310546875,-0.42724609375,-0.48828125
0.4730224609375,-0.0728759765625,0.8939208984375,-0.18310546875,-0.30517578125,-1.03759765625
0.473876953125,-0.073486328125,0.8934326171875,-0.18310546875,-0.732421875,-1.0986328125
0.474609375,-0.073974609375,0.8929443359375,-0.18310546875,-2.50244140625,-0.79345703125
0.473876953125,-0.07421875,0.893798828125,-0.06103515625,-5.2490234375,-0.6103515625
0.4730224609375,-0.0740966796875,0.8941650390625,0.1220703125,-5.92041015625,-0.6103515625
0.4730224609375,-0.0738525390625,0.8941650390625,-0.18310546875,-3.0517578125,-0.8544921875
0.4722900390625,-0.0736083984375,0.89453125,-0.6103515625,-0.30517578125,-1.28173828125
0.472412109375,-0.07275390625,0.895263671875,-1.46484375,-0.6103515625,-1.5869140625
0.4737548828125,-0.07275390625,0.8946533203125,-2.62451171875,1.64794921875,-1.5869140625
0.473388671875,-0.0740966796875,0.9053955078125,-2.01416015625,0.3662109375,-1.77001953125
0.4722900390625,-0.07568359375,0.9134521484375,-0.6103515625,0.06103515625,-3.35693359375
0.4730224609375,-0.0753173828125,0.906982421875,0.79345703125,0.0,-3.41796875
0.4732666015625,-0.07958984375,0.8880615234375,-0.244140625,-0.06103515625,-3.173828125
0.47265625,-0.0870361328125,0.878662109375,-0.67138671875,0.6103515625,-3.0517578125
0.475341796875,-0.085205078125,0.907958984375,-1.77001953125,0.8544921875,-2.74658203125
0.471923828125,-0.08203125,0.885009765625,-2.9296875,0.9765625,-2.3193359375
0.4700927734375,-0.0745849609375,0.8756103515625,-3.60107421875,1.52587890625,-1.28173828125
0.4796142578125,-0.060546875,0.911376953125,-4.21142578125,2.74658203125,0.06103515625
0.50244140625,-0.066650390625,0.9072265625,-4.08935546875,2.99072265625,0.732421875
0.5133056640625,-0.0830078125,0.9063720703125,-4.45556640625,3.2958984375,0.79345703125
0.5186767578125,-0.0811767578125,0.9041748046875,-4.5166015625,4.69970703125,1.3427734375
0.478271484375,-0.0750732421875,0.8985595703125,-4.0283203125,6.2255859375,1.64794921875
0.4432373046875,-0.076171875,0.8983154296875,-4.45556640625,6.89697265625,2.13623046875
0.46533203125,-0.0771484375,0.905029296875,-5.55419921875,7.01904296875,2.74658203125
0.4752197265625,-0.08203125,0.90234375,-6.9580078125,6.16455078125,3.47900390625
0.4813232421875,-0.0738525390625,0.8994140625,-8.36181640625,5.615234375,4.08935546875
0.485107421875,-0.0679931640625,0.9088134765625,-9.21630859375,5.79833984375,4.638671875
0.484130859375,-0.0699462890625,0.9140625,-9.58251953125,5.4931640625,5.0048828125
0.4786376953125,-0.06787109375,0.9132080078125,-9.521484375,4.45556640625,5.615234375
0.48876953125,-0.0498046875,0.91162109375,-9.46044921875,3.2958984375,6.65283203125
0.501220703125,-0.052978515625,0.9072265625,-9.33837890625,3.35693359375,7.568359375
0.490966796875,-0.05126953125,0.8917236328125,-6.9580078125,4.150390625,7.75146484375
0.4822998046875,-0.0382080078125,0.8858642578125,-6.34765625,3.23486328125,7.9345703125
0.4986572265625,-0.050048828125,0.88623046875,-5.92041015625,2.197265625,8.1787109375
0.5179443359375,-0.082275390625,0.885009765625,-6.04248046875,1.3427734375,7.87353515625
0.5086669921875,-0.103759765625,0.87255859375,-6.591796875,0.18310546875,7.01904296875
0.4853515625,-0.0958251953125,0.8826904296875,-6.8359375,-1.28173828125,6.34765625
0.4586181640625,-0.08056640625,0.8753662109375,-7.080078125,-2.44140625,5.92041015625
0.4464111328125,-0.115478515625,0.8638916015625,-7.8125,-2.86865234375,5.4931640625
0.455810546875,-0.112548828125,0.867431640625,-8.6669921875,-3.173828125,4.08935546875
0.4691162109375,-0.0980224609375,0.8731689453125,-9.521484375,-2.44140625,2.685546875
0.449462890625,-0.0792236328125,0.8751220703125,-9.3994140625,-2.50244140625,1.03759765625
0.4375,-0.073974609375,0.8685302734375,-8.6669921875,-2.86865234375,0.244140625
0.425537109375,-0.0806884765625,0.8590087890625,-7.6904296875,-3.60107421875,-0.06103515625
0.4324951171875,-0.08154296875,0.858154296875,-6.40869140625,-4.8828125,0.18310546875
0.4423828125,-0.0743408203125,0.86279296875,-3.84521484375,-5.615234375,-0.48828125
0.4342041015625,-0.0689697265625,0.8753662109375,-0.79345703125,-6.16455078125,0.1220703125
0.424072265625,-0.0736083984375,0.87841796875,2.38037109375,-7.26318359375,0.9765625
0.4107666015625,-0.08642578125,0.8675537109375,6.34765625,-6.7138671875,2.01416015625
0.3985595703125,-0.0958251953125,0.859375,7.62939453125,-5.859375,2.44140625
0.4014892578125,-0.1175537109375,0.8643798828125,8.11767578125,-4.82177734375,2.5634765625
0.419677734375,-0.1473388671875,0.8707275390625,8.11767578125,-3.23486328125,2.197265625
0.4478759765625,-0.1656494140625,0.9117431640625,6.65283203125,-3.5400390625,1.52587890625
0.4644775390625,-0.1739501953125,0.93359375,3.35693359375,-3.72314453125,0.48828125
0.4593505859375,-0.17333984375,0.9227294921875,-0.48828125,-4.39453125,-0.732421875
0.44482421875,-0.16455078125,0.918701171875,-5.55419921875,-5.18798828125,-1.5869140625
0.442138671875,-0.1466064453125,0.9395751953125,-5.7373046875,-5.79833984375,-2.44140625
0.44580078125,-0.119873046875,0.9505615234375,-5.9814453125,-6.53076171875,-2.9296875
0.464599609375,-0.092529296875,0.9427490234375,-6.16455078125,-7.2021484375,-3.173828125
0.47607421875,-0.0675048828125,0.915771484375,-6.2255859375,-8.056640625,-3.90625
0.4649658203125,-0.0552978515625,0.906005859375,-5.7373046875,-8.6669921875,-3.2958984375
0.4586181640625,-0.0634765625,0.8968505859375,-4.57763671875,-9.1552734375,-2.25830078125
0.4832763671875,-0.1136474609375,0.88818359375,-3.173828125,-9.8876953125,-2.9296875
0.4989013671875,-0.1064453125,0.881591796875,-1.64794921875,-11.71875,-3.60107421875
0.49169921875,-0.0992431640625,0.87060546875,-0.3662109375,-15.07568359375,-3.662109375
0.4818115234375,-0.10302734375,0.8609619140625,0.42724609375,-14.46533203125,-3.84521484375
0.473388671875,-0.11474609375,0.859130859375,1.220703125,-15.625,-3.7841796875
0.46484375,-0.122314453125,0.8621826171875,1.953125,-15.7470703125,-3.41796875
0.449951171875,-0.1251220703125,0.8646240234375,3.35693359375,-15.9912109375,-3.2958984375
0.447998046875,-0.1241455078125,0.8658447265625,5.31005859375,-17.63916015625,-3.11279296875
0.447265625,-0.125732421875,0.8665771484375,7.080078125,-18.9208984375,-2.3193359375
0.4404296875,-0.1207275390625,0.89794921875,8.4228515625,-20.20263671875,-2.62451171875
0.4403076171875,-0.113037109375,0.8795166015625,8.97216796875,-21.8505859375,-3.41796875
0.446044921875,-0.1156005859375,0.8551025390625,9.58251953125,-24.23095703125,-5.18798828125
0.452880859375,-0.131591796875,0.8822021484375,10.80322265625,-26.2451171875,-5.4931640625
0.4515380859375,-0.158935546875,0.8807373046875,12.20703125,-29.60205078125,-5.18798828125
0.4478759765625,-0.1668701171875,0.8812255859375,13.12255859375,-32.28759765625,-4.69970703125
0.471435546875,-0.1519775390625,0.885986328125,12.939453125,-33.69140625,-4.8828125
0.4764404296875,-0.128662109375,0.883544921875,12.14599609375,-35.21728515625,-6.591796875
0.4583740234375,-0.115478515625,0.8875732421875,11.71875,-37.65869140625,-7.14111328125
0.477783203125,-0.1202392578125,0.8839111328125,11.29150390625,-39.36767578125,-7.32421875
0.4949951171875,-0.110595703125,0.8712158203125,9.21630859375,-38.57421875,-9.1552734375
0.478515625,-0.0985107421875,0.8807373046875,7.080078125,-40.10009765625,-11.474609375
0.4779052734375,-0.109375,0.89013671875,4.2724609375,-40.771484375,-28.9306640625
0.486083984375,-0.0985107421875,0.892822265625,2.9296875,-43.212890625,-18.310546875
0.4864501953125,-0.100341796875,0.89599609375,2.197265625,-48.03466796875,-19.04296875
0.4986572265625,-0.115966796875,0.8880615234375,1.77001953125,-55.17578125,-20.93505859375
0.47998046875,-0.0758056640625,0.8875732421875,0.9765625,-74.462890625,-20.3857421875
0.449951171875,-0.06005859375,0.87646484375,1.3427734375,-86.3037109375,-23.92578125
0.4554443359375,-0.0667724609375,0.872802734375,4.8828125,-91.73583984375,-23.3154296875
0.51513671875,-0.072998046875,0.8782958984375,7.01904296875,-99.42626953125,-25.146484375
0.546630859375,-0.0980224609375,0.8729248046875,11.04736328125,-120.7275390625,-27.77099609375
0.5245361328125,-0.10205078125,0.876953125,14.892578125,-136.23046875,-30.09033203125
0.52490234375,-0.08203125,0.8984375,17.7001953125,-151.67236328125,-37.04833984375
0.5155029296875,-0.09423828125,0.919921875,14.6484375,-168.02978515625,-48.40087890625
0.52490234375,-0.1304931640625,0.9803466796875,13.61083984375,-188.53759765625,-62.6220703125
0.5401611328125,-0.123779296875,0.971435546875,10.498046875,-249.755859375,-81.6650390625
0.5274658203125,-0.126953125,0.963623046875,8.85009765625,-293.27392578125,-93.6279296875
0.5194091796875,-0.12451171875,0.96728515625,5.4931640625,-341.30859375,-87.46337890625
0.4962158203125,-0.1304931640625,1.0057373046875,-2.13623046875,-383.1787109375,-99.12109375
0.4735107421875,-0.0400390625,1.02294921875,-5.92041015625,-409.24072265625,-124.20654296875
0.474365234375,-0.0556640625,1.0118408203125,16.7236328125,-423.64501953125,-150.5126953125
0.4979248046875,-0.023681640625,1.0430908203125,35.5224609375,-426.69677734375,-165.0390625
0.4952392578125,-0.044677734375,1.0904541015625,47.54638671875,-410.888671875,-172.9736328125
0.47412109375,-0.0638427734375,1.0482177734375,45.7763671875,-397.8271484375,-148.3154296875
0.4949951171875,-0.044677734375,1.021240234375,11.29150390625,-382.2021484375,-141.357421875
0.486572265625,-0.0107421875,1.01171875,-8.11767578125,-303.1005859375,-95.52001953125
0.4788818359375,-0.2569580078125,1.0914306640625,-22.03369140625,-252.13623046875,-12.3291015625
0.5018310546875,-0.36376953125,1.1910400390625,-20.3857421875,-187.80517578125,34.36279296875
0.50146484375,-0.34130859375,1.1475830078125,-20.3857421875,-106.99462890625,56.0302734375
0.393310546875,-0.31005859375,1.1463623046875,-16.66259765625,23.37646484375,66.58935546875
0.39111328125,0.0068359375,1.185302734375,-35.58349609375,135.498046875,70.556640625
0.4708251953125,0.001708984375,1.1126708984375,-25.2685546875,218.505859375,73.66943359375
0.7130126953125,-0.4776611328125,1.1907958984375,-20.93505859375,254.08935546875,77.392578125
1.264404296875,-0.6785888671875,1.61279296875,-30.8837890625,267.333984375,88.37890625
1.4862060546875,-0.72998046875,1.631103515625,-9.46044921875,267.08984375,93.505859375
1.5712890625,-0.66455078125,1.2830810546875,12.26806640625,263.61083984375,104.6142578125
1.993408203125,-0.607666015625,1.48974609375,38.0859375,277.83203125,109.7412109375
2.094970703125,-0.581298828125,1.772216796875,60.4248046875,294.98291015625,115.1123046875
2.10205078125,-0.3929443359375,1.5294189453125,66.71142578125,328.67431640625,120.4833984375
1.4669189453125,-0.5469970703125,1.2694091796875,61.09619140625,335.14404296875,123.53515625
0.8643798828125,-1.0301513671875,0.9613037109375,24.5361328125,335.205078125,124.81689453125
0.974365234375,-1.24072265625,0.748779296875,4.33349609375,329.2236328125,125.79345703125
2.25537109375,-1.190185546875,0.5999755859375,-29.052734375,325.0732421875,126.52587890625
2.1512451171875,-0.9237060546875,0.5396728515625,-38.0859375,322.998046875,126.77001953125
1.177001953125,-0.584716796875,0.598388671875,-44.0673828125,324.0966796875,127.01416015625
0.9273681640625,-0.3046875,0.6378173828125,-48.33984375,325.927734375,127.62451171875
0.500732421875,-0.1209716796875,0.6361083984375,-50.59814453125,328.55224609375,128.23486328125
0.1142578125,-0.0601806640625,0.620849609375,-50.72021484375,329.9560546875,128.84521484375
-0.1099853515625,-0.090576171875,0.6136474609375,-49.49951171875,329.9560546875,108.33740234375
-0.0948486328125,-0.1136474609375,0.6519775390625,-48.33984375,326.35498046875,94.17724609375
0.264892578125,-0.1046142578125,0.7418212890625,-48.40087890625,320.6787109375,77.5146484375
0.3951416015625,-0.0897216796875,0.85498046875,-49.072265625,285.46142578125,55.5419921875
0.424072265625,-0.0863037109375,0.9739990234375,-49.98779296875,281.18896484375,28.62548828125
0.400146484375,-0.1142578125,1.10205078125,-47.79052734375,272.0947265625,6.7138671875
0.3843994140625,-0.131591796875,1.2200927734375,-42.17529296875,248.59619140625,-0.91552734375
0.4224853515625,-0.1094970703125,1.3192138671875,-14.22119140625,210.8154296875,-3.90625
0.534912109375,-0.075439453125,1.413818359375,-11.474609375,165.0390625,-47.8515625
0.6939697265625,-0.053955078125,1.5010986328125,-11.3525390625,112.9150390625,-70.4345703125
0.8515625,-0.05615234375,1.5655517578125,-11.23046875,63.720703125,-75.13427734375
0.9825439453125,-0.09521484375,1.4810791015625,-18.49365234375,-33.203125,-65.61279296875
1.0970458984375,-0.1666259765625,1.1890869140625,-47.05810546875,-78.61328125,-21.78955078125
1.1893310546875,-0.22216796875,0.75927734375,-92.22412109375,-102.9052734375,-3.5400390625
1.2774658203125,-0.1983642578125,0.2371826171875,-122.13134765625,-123.1689453125,12.87841796875
1.4029541015625,-0.159423828125,-0.302001953125,-47.9736328125,-115.90576171875,29.6630859375
1.56103515625,-0.1395263671875,-0.85205078125,21.30126953125,-121.09375,16.66259765625
2.676513671875,-0.0355224609375,-1.3426513671875,72.509765625,-174.37744140625,-24.169921875
2.822998046875,0.3436279296875,-1.5389404296875,103.94287109375,-230.89599609375,-53.8330078125
2.740478515625,0.9776611328125,-0.98046875,74.76806640625,-257.62939453125,-48.828125
2.5665283203125,1.3614501953125,-0.6175537109375,54.99267578125,-234.31396484375,-33.5693359375
2.5771484375,1.08251953125,0.3115234375,54.8095703125,-185.9130859375,-26.85546875
2.69482421875,-0.177734375,1.244873046875,57.7392578125,-147.03369140625,-33.26416015625
2.68505859375,-0.23779296875,1.615234375,53.52783203125,-116.5771484375,-21.240234375
2.6334228515625,-0.4678955078125,1.3211669921875,45.59326171875,-83.1298828125,-17.2119140625
2.3790283203125,-0.2701416015625,0.6324462890625,35.09521484375,-59.38720703125,-14.0380859375
2.1961669921875,-0.0716552734375,0.6318359375,33.75244140625,-62.68310546875,-9.8876953125
1.2784423828125,-0.3973388671875,1.23486328125,54.01611328125,-44.0673828125,-5.4931640625
0.142822265625,-0.0806884765625,1.7655029296875,67.2607421875,-33.69140625,-1.03759765625
-0.0732421875,0.458740234375,1.7568359375,57.4951171875,-30.029296875,2.38037109375
-0.193115234375,0.9273681640625,1.420654296875,42.54150390625,-26.91650390625,4.21142578125
-0.2269287109375,1.2578125,1.2056884765625,46.0205078125,-25.7568359375,4.638671875
0.20068359375,0.8369140625,1.1973876953125,32.77587890625,-24.96337890625,4.33349609375
0.925048828125,-0.4190673828125,1.2364501953125,19.4091796875,-27.16064453125,3.96728515625
1.6427001953125,-1.04541015625,1.2166748046875,7.4462890625,-29.60205078125,2.01416015625
1.90625,-0.1982421875,1.1195068359375,-4.638671875,-30.21240234375,-1.15966796875
1.7919921875,0.4674072265625,1.0279541015625,-14.09912109375,-30.1513671875,-3.47900390625
1.6036376953125,-0.03564453125,0.9720458984375,-20.3857421875,-30.82275390625,-4.638671875
1.392333984375,-0.1947021484375,0.96435546875,-22.705078125,-30.8837890625,-5.18798828125
0.9691162109375,0.0537109375,0.97216796875,-20.20263671875,-30.82275390625,-6.591796875
0.5556640625,-0.0203857421875,0.9610595703125,-17.39501953125,-31.73828125,-8.056640625
0.5570068359375,0.009033203125,0.9405517578125,-17.822265625,-32.04345703125,-9.6435546875
0.6402587890625,0.051513671875,0.91455078125,-17.333984375,-32.89794921875,-10.31494140625
0.577392578125,0.007080078125,0.903564453125,-18.310546875,-34.36279296875,-13.0615234375
0.562744140625,-0.0472412109375,0.9056396484375,-18.00537109375,-36.80419921875,-14.6484375
0.5567626953125,-0.1314697265625,0.9068603515625,-17.7001953125,-36.0107421875,-16.11328125
0.519287109375,-0.1632080078125,0.8974609375,-16.90673828125,-34.72900390625,-17.76123046875
0.4752197265625,-0.1329345703125,0.8907470703125,-13.916015625,-34.60693359375,-18.61572265625
0.4583740234375,-0.1951904296875,0.8841552734375,-6.77490234375,-34.66796875,-18.6767578125
0.4801025390625,-0.2122802734375,0.8763427734375,-4.2724609375,-34.423828125,-18.37158203125
0.4857177734375,-0.1748046875,0.8731689453125,4.45556640625,-32.28759765625,-19.1650390625
0.4765625,-0.1422119140625,0.8724365234375,10.43701171875,-29.541015625,-19.83642578125
0.4794921875,-0.132080078125,0.8533935546875,13.00048828125,-28.1982421875,-20.08056640625
0.48291015625,-0.1468505859375,0.822265625,15.0146484375,-28.13720703125,-19.83642578125
0.4989013671875,-0.181884765625,0.8043212890625,16.78466796875,-30.33447265625,-18.98193359375
0.508056640625,-0.18212890625,0.8101806640625,18.9208984375,-34.5458984375,-16.845703125
0.4927978515625,-0.1746826171875,0.81591796875,19.04296875,-40.6494140625,-13.18359375
0.4765625,-0.200927734375,0.818115234375,20.8740234375,-48.095703125,-8.4228515625
0.5096435546875,-0.194580078125,0.78662109375,21.42333984375,-57.18994140625,-4.45556640625
0.5457763671875,-0.186279296875,0.75634765625,21.30126953125,-66.40625,-1.28173828125
0.55517578125,-0.174560546875,0.7532958984375,21.30126953125,-76.59912109375,2.01416015625
0.5537109375,-0.1424560546875,0.7803955078125,21.1181640625,-88.5009765625,3.5400390625
0.553955078125,-0.1409912109375,0.815185546875,19.59228515625,-102.35595703125,-6.2255859375
0.5653076171875,-0.136962890625,0.849365234375,17.7001953125,-133.7890625,-13.24462890625
0.6094970703125,-0.137939453125,0.8743896484375,15.19775390625,-176.45263671875,-24.71923828125
0.616943359375,-0.1248779296875,0.88623046875,13.36669921875,-251.0986328125,-20.751953125
0.614501953125,-0.09716796875,0.8858642578125,11.77978515625,-288.51318359375,10.009765625
0.58935546875,-0.0869140625,0.885498046875,10.68115234375,-336.85302734375,-41.3818359375
0.5567626953125,-0.0679931640625,0.9056396484375,4.5166015625,-404.84619140625,-50.47607421875
0.5423583984375,-0.028564453125,0.9400634765625,5.9814453125,-485.65673828125,-99.79248046875
0.5343017578125,0.0130615234375,0.9586181640625,15.19775390625,-514.09912109375,-145.3857421875
0.5328369140625,0.03466796875,0.9464111328125,29.47998046875,-509.033203125,-146.42333984375
0.53857421875,0.027099609375,0.9703369140625,43.64013671875,-498.291015625,-163.330078125
0.5419921875,-0.0050048828125,0.9815673828125,8.72802734375,-467.28515625,-142.2119140625
0.539794921875,0.034423828125,1.041015625,-55.419921875,-413.39111328125,-143.98193359375
0.5257568359375,-0.0904541015625,1.0985107421875,-89.111328125,-343.20068359375,-112.9150390625
0.5198974609375,-0.2259521484375,1.089599609375,-93.56689453125,-261.41357421875,-48.03466796875
0.538818359375,-0.259033203125,1.258056640625,-102.294921875,-168.3349609375,-4.21142578125
0.5101318359375,-0.1888427734375,1.087646484375,-137.20703125,-97.59521484375,24.4140625
0.3289794921875,0.041015625,1.0491943359375,-147.0947265625,67.56591796875,32.40966796875
0.2332763671875,-0.0115966796875,1.0859375,-167.29736328125,179.38232421875,34.5458984375
0.136474609375,-0.2413330078125,1.2425537109375,-178.89404296875,256.89697265625,40.1611328125
0.5609130859375,-0.4608154296875,1.5604248046875,-166.015625,298.88916015625,48.2177734375
1.0142822265625,-1.008056640625,1.9093017578125,-153.13720703125,314.8193359375,55.2978515625
1.72265625,-0.94580078125,1.9940185546875,-126.3427734375,316.83349609375,63.1103515625
2.19482421875,-0.7294921875,1.39599609375,-69.3359375,306.15234375,74.27978515625
2.691650390625,-0.610107421875,1.625732421875,-9.765625,292.90771484375,86.73095703125
3.158935546875,-0.5928955078125,2.1463623046875,25.146484375,284.72900390625,98.388671875
2.9876708984375,-0.48046875,1.6505126953125,44.677734375,289.00146484375,107.666015625
2.4420166015625,-0.7684326171875,1.163818359375,56.94580078125,303.89404296875,116.8212890625
1.678466796875,-1.3875732421875,0.877197265625,59.4482421875,324.64599609375,125.42724609375
1.069580078125,-1.6080322265625,0.7064208984375,50.72021484375,342.83447265625,135.92529296875
2.2843017578125,-1.623779296875,0.596923828125,35.21728515625,361.328125,143.1884765625
2.7196044921875,-1.2890625,0.5047607421875,16.54052734375,364.19677734375,148.4375
1.49951171875,-0.780029296875,0.4482421875,-2.5634765625,355.3466796875,150.69580078125
0.7603759765625,-0.447265625,0.4427490234375,-16.6015625,357.5439453125,150.2685546875
0.31787109375,-0.2601318359375,0.4830322265625,-29.052734375,356.4453125,148.4375
0.118896484375,-0.15380859375,0.5413818359375,-29.541015625,353.69873046875,149.2919921875
-0.0224609375,-0.0902099609375,0.5947265625,-35.46142578125,353.69873046875,151.06201171875
-0.1351318359375,-0.0517578125,0.6373291015625,-42.66357421875,354.6142578125,151.123046875
-0.1649169921875,-0.0523681640625,0.6710205078125,-46.875,361.99951171875,145.263671875
-0.0504150390625,-0.0755615234375,0.7266845703125,-46.56982421875,364.31884765625,133.056640625
0.1727294921875,-0.1064453125,0.7574462890625,-44.5556640625,365.72265625,112.6708984375
0.372314453125,-0.13232421875,0.778564453125,-41.80908203125,366.69921875,83.8623046875
0.46728515625,-0.1141357421875,0.85888671875,-43.51806640625,366.5771484375,54.5654296875
0.513427734375,-0.08203125,0.9879150390625,-45.654296875,365.41748046875,29.6630859375
0.552490234375,-0.0712890625,1.1495361328125,-48.095703125,361.572265625,36.7431640625
0.571044921875,-0.0654296875,1.327392578125,-49.6826171875,340.33203125,43.9453125
0.6173095703125,-0.057373046875,1.6357421875,-52.1240234375,299.86572265625,40.52734375
0.697021484375,-0.049560546875,1.77685546875,-56.5185546875,242.67578125,12.939453125
0.78125,-0.0401611328125,1.91259765625,-62.1337890625,105.1025390625,-24.90234375
0.913818359375,-0.0654296875,1.9949951171875,-71.96044921875,37.109375,-42.1142578125
1.0770263671875,-0.116455078125,1.968994140625,-91.064453125,-42.8466796875,-57.80029296875
1.2415771484375,-0.175537109375,1.75634765625,-133.4228515625,-93.68896484375,-36.56005859375
1.60888671875,-0.234375,1.322509765625,-190.185546875,-99.30419921875,-68.84765625
1.7801513671875,-0.2984619140625,0.708251953125,-142.333984375,-111.02294921875,-33.75244140625
1.983642578125,-0.4375,-0.036376953125,-43.212890625,-96.86279296875,9.521484375
2.2340087890625,-0.557861328125,-0.87841796875,58.89892578125,-123.59619140625,-15.56396484375
2.5609130859375,-0.455322265625,-2.2252197265625,96.37451171875,-189.39208984375,-52.490234375
2.9405517578125,0.121337890625,-2.040283203125,134.82666015625,-251.46484375,-44.677734375
3.1846923828125,1.0732421875,-1.5103759765625,101.1962890625,-264.95361328125,-18.9208984375
3.2218017578125,1.080810546875,-0.9556884765625,148.13232421875,-244.384765625,-15.07568359375
3.177734375,0.1378173828125,0.18212890625,137.75634765625,-213.2568359375,-30.2734375
3.1328125,-0.4710693359375,1.4581298828125,83.43505859375,-194.15283203125,-35.15625
3.3551025390625,-0.21240234375,1.626220703125,62.80517578125,-169.00634765625,-34.66796875
3.357177734375,0.014404296875,1.0997314453125,42.66357421875,-131.7138671875,-39.1845703125
3.0123291015625,0.0369873046875,0.8388671875,24.7802734375,-101.806640625,-41.1376953125
2.807861328125,-0.802978515625,1.1640625,34.912109375,-92.34619140625,-33.69140625
1.677001953125,-0.734130859375,1.8636474609375,52.3681640625,-78.06396484375,-26.91650390625
0.4544677734375,1.0333251953125,1.998291015625,57.6171875,-57.12890625,-20.6298828125
0.0316162109375,1.5440673828125,1.5191650390625,54.5654296875,-41.259765625,-14.09912109375
-0.3231201171875,1.4244384765625,1.1531982421875,66.89453125,-31.55517578125,-9.21630859375
-0.0301513671875,1.07373046875,1.24560546875,81.6650390625,-23.8037109375,-7.2021484375
0.5902099609375,-0.223876953125,1.388427734375,80.62744140625,-21.42333984375,-5.43212890625
1.2364501953125,-1.088134765625,1.2315673828125,58.41064453125,-22.705078125,-3.7841796875
1.631591796875,-0.4918212890625,1.0302734375,46.630859375,-22.3388671875,-1.89208984375
1.5877685546875,0.322265625,1.0372314453125,31.982421875,-21.30126953125,-0.54931640625
1.38330078125,0.1011962890625,1.180908203125,22.3388671875,-20.99609375,-2.38037109375
1.3734130859375,-0.4000244140625,1.1591796875,18.798828125,-21.97265625,-10.43701171875
1.35498046875,-0.267578125,1.0447998046875,13.7939453125,-22.705078125,-11.65771484375
1.171142578125,0.1748046875,1.0084228515625,7.62939453125,-23.8037109375,-12.39013671875
0.90478515625,0.089111328125,0.9835205078125,4.21142578125,-23.13232421875,-13.48876953125
0.7843017578125,-0.143798828125,0.950927734375,3.7841796875,-24.10888671875,-16.78466796875
0.788818359375,0.043701171875,0.9342041015625,3.35693359375,-24.47509765625,-17.578125
0.632080078125,0.0057373046875,0.916259765625,0.91552734375,-26.4892578125,-18.9208984375
0.5399169921875,-0.11767578125,0.9005126953125,1.03759765625,-27.77099609375,-20.8740234375
0.592529296875,-0.1064453125,0.8895263671875,2.74658203125,-28.62548828125,-18.73779296875
0.580322265625,-0.1075439453125,0.8984375,3.662109375,-30.94482421875,-16.2353515625
0.53759765625,-0.1251220703125,0.8795166015625,4.69970703125,-35.64453125,-9.1552734375
0.5025634765625,-0.1273193359375,0.888427734375,5.37109375,-44.49462890625,-8.056640625
0.488037109375,-0.1234130859375,0.891845703125,3.60107421875,-48.76708984375,-6.103515625
0.477294921875,-0.1861572265625,0.8897705078125,3.5400390625,-59.08203125,-2.99072265625
0.4720458984375,-0.1329345703125,0.8814697265625,5.859375,-67.07763671875,-3.11279296875
0.4793701171875,-0.086669921875,0.8660888671875,2.38037109375,-76.96533203125,-2.44140625
0.4630126953125,-0.1070556640625,0.872314453125,2.74658203125,-98.57177734375,-0.18310546875
0.4840087890625,-0.1627197265625,0.8572998046875,4.57763671875,-110.41259765625,3.662109375
0.4764404296875,-0.1060791015625,0.8555908203125,8.11767578125,-125.1220703125,3.84521484375
0.472900390625,-0.101806640625,0.8543701171875,9.8876953125,-143.06640625,2.13623046875
0.4866943359375,-0.1119384765625,0.85986328125,12.8173828125,-161.62109375,1.3427734375
0.508056640625,-0.0941162109375,0.883544921875,13.48876953125,-178.1005859375,-2.25830078125
0.5035400390625,-0.038818359375,0.90625,12.3291015625,-190.36865234375,-9.70458984375
0.5196533203125,0.0030517578125,0.9114990234375,11.3525390625,-208.8623046875,-21.78955078125
0.484130859375,-0.043212890625,0.94921875,9.09423828125,-233.5205078125,-32.470703125
0.533935546875,-0.0677490234375,0.9603271484375,6.40869140625,-265.68603515625,-31.06689453125
0.52880859375,-0.054931640625,0.982421875,4.39453125,-305.72509765625,-12.451171875
0.503662109375,-0.07080078125,0.9891357421875,3.11279296875,-362.6708984375,-53.8330078125
0.483642578125,-0.0565185546875,1.0008544921875,2.99072265625,-440.36865234375,-57.2509765625
0.482666015625,-0.0054931640625,0.98046875,5.37109375,-527.89306640625,-91.49169921875
0.51416015625,0.0443115234375,0.964111328125,17.88330078125,-539.12353515625,-160.400390625
0.51416015625,0.0494384765625,1.001953125,34.5458984375,-540.34423828125,-197.32666015625
0.502685546875,0.002685546875,1.030517578125,29.96826171875,-521.8505859375,-181.57958984375
0.50830078125,-0.0706787109375,1.0352783203125,-16.6015625,-493.95751953125,-166.3818359375
0.5072021484375,-0.1265869140625,1.10400390625,-51.025390625,-390.56396484375,-127.44140625
0.4949951171875,-0.17578125,1.2161865234375,-98.20556640625,-302.24609375,-34.1796875
0.4853515625,-0.2880859375,1.265625,-112.24365234375,-219.54345703125,24.35302734375
0.4664306640625,-0.3182373046875,1.4378662109375,-102.6611328125,-131.591796875,55.419921875
0.386474609375,-0.0902099609375,1.3828125,-128.662109375,22.64404296875,63.41552734375
0.26611328125,0.078369140625,1.2392578125,-132.62939453125,145.5078125,66.650390625
0.161865234375,-0.2554931640625,1.201416015625,-121.03271484375,243.71337890625,67.32177734375
0.04052734375,-0.117919921875,1.305908203125,-101.98974609375,290.0390625,69.580078125
0.533447265625,-0.3238525390625,2.2677001953125,-74.52392578125,304.74853515625,72.998046875
1.2183837890625,-1.1580810546875,2.3709716796875,-49.74365234375,306.09130859375,75.3173828125
1.548583984375,-1.2271728515625,1.89453125,9.09423828125,296.81396484375,78.06396484375
2.0948486328125,-0.799560546875,1.9063720703125,58.349609375,287.65869140625,78.67431640625
2.6397705078125,-0.862060546875,2.0545654296875,78.9794921875,290.71044921875,80.01708984375
3.078125,-0.63232421875,1.7525634765625,86.7919921875,313.96484375,83.1298828125
2.7296142578125,-0.8961181640625,1.4161376953125,82.82470703125,340.39306640625,94.05517578125
1.68994140625,-1.554931640625,1.0506591796875,70.37353515625,366.39404296875,97.83935546875
0.780029296875,-1.7462158203125,0.795654296875,51.513671875,393.49365234375,102.5390625
2.078125,-1.6163330078125,0.631591796875,10.3759765625,389.2822265625,107.0556640625
2.46142578125,-1.10791015625,0.51025390625,-8.97216796875,392.578125,111.75537109375
1.166015625,-0.579345703125,0.4561767578125,-23.62060546875,387.0849609375,118.59130859375
0.838134765625,-0.203125,0.4681396484375,-35.94970703125,381.53076171875,127.197265625
0.4835205078125,0.0213623046875,0.6290283203125,-46.875,377.62451171875,135.68115234375
0.123291015625,0.116943359375,0.6888427734375,-56.82373046875,377.3193359375,141.4794921875
-0.138916015625,0.135009765625,0.6806640625,-61.4013671875,382.01904296875,137.39013671875
-0.2138671875,0.074462890625,0.67578125,-60.11962890625,387.39013671875,123.779296875
-0.140625,0.0162353515625,0.70751953125,-55.72509765625,393.1884765625,101.1962890625
0.0233154296875,-0.0333251953125,0.7174072265625,-48.76708984375,386.8408203125,70.80078125
0.4368896484375,-0.0618896484375,0.81689453125,-39.85595703125,382.568359375,35.21728515625
0.594970703125,-0.0323486328125,0.98046875,-32.89794921875,376.15966796875,-38.14697265625
0.662353515625,-0.04736328125,1.1954345703125,-39.85595703125,355.712890625,-33.26416015625
0.638427734375,-0.0712890625,1.4217529296875,-47.66845703125,315.24658203125,-40.1611328125
0.6484375,-0.108154296875,1.6177978515625,-50.10986328125,133.7890625,-65.0634765625
0.672119140625,-0.1787109375,1.772216796875,-47.91259765625,87.0361328125,-88.37890625
0.730224609375,-0.2548828125,1.925537109375,-46.142578125,44.5556640625,-82.03125
0.8720703125,-0.2855224609375,1.965087890625,-50.59814453125,-22.15576171875,-60.302734375
1.0841064453125,-0.251220703125,1.9249267578125,-165.4052734375,-75.01220703125,-24.23095703125
1.3341064453125,-0.1363525390625,1.6826171875,-175.23193359375,-93.32275390625,-30.09033203125
1.5623779296875,-0.185791015625,1.1783447265625,-127.25830078125,-85.9375,-15.31982421875
1.747802734375,-0.3179931640625,0.4921875,-23.13232421875,-80.01708984375,68.29833984375
2.113037109375,-0.416748046875,-1.56884765625,75.86669921875,-122.49755859375,77.7587890625
2.3905029296875,-0.3629150390625,-1.88671875,114.74609375,-216.4306640625,8.1787109375
2.7799072265625,-0.02783203125,-1.7103271484375,136.5966796875,-296.5087890625,-36.07177734375
3.06884765625,1.662353515625,-1.3291015625,101.6845703125,-328.91845703125,-36.0107421875
3.0791015625,1.1585693359375,-0.868896484375,80.62744140625,-309.4482421875,-15.68603515625
3.0242919921875,0.113037109375,0.1114501953125,106.50634765625,-268.12744140625,-16.29638671875
3.4769287109375,-0.5023193359375,1.5294189453125,66.83349609375,-225.5859375,-24.47509765625
3.59716796875,-0.1300048828125,1.99853515625,43.88427734375,-178.3447265625,-26.85546875
3.490966796875,0.3389892578125,1.1767578125,38.26904296875,-113.525390625,-31.6162109375
3.0400390625,0.3299560546875,0.1446533203125,7.14111328125,-73.30322265625,-31.43310546875
2.766357421875,-0.7469482421875,0.1884765625,-2.74658203125,-71.22802734375,-30.45654296875
1.9588623046875,-1.47216796875,1.34423828125,26.4892578125,-53.40576171875,-24.4140625
0.5836181640625,-0.2117919921875,2.0501708984375,54.6875,-44.61669921875,-16.17431640625
-0.60595703125,0.7777099609375,1.9124755859375,48.095703125,-39.12353515625,-9.8876953125
-1.405517578125,1.10107421875,1.6392822265625,41.9921875,-29.72412109375,-5.79833984375
-0.926513671875,1.920166015625,1.5570068359375,60.60791015625,-25.5126953125,-3.35693359375
0.3394775390625,1.5255126953125,1.4659423828125,63.96484375,-24.4140625,-0.244140625
1.2032470703125,-0.4422607421875,1.252197265625,51.81884765625,-25.32958984375,1.46484375
1.5936279296875,-1.40576171875,1.0614013671875,37.90283203125,-26.91650390625,0.1220703125
1.8262939453125,-0.4017333984375,0.9931640625,21.484375,-27.40478515625,-3.11279296875
2.0765380859375,0.4498291015625,1.0333251953125,4.57763671875,-28.80859375,-7.4462890625
2.4425048828125,-0.1143798828125,1.0665283203125,-5.18798828125,-30.76171875,-10.6201171875
2.10498046875,-0.5277099609375,1.0185546875,-9.1552734375,-30.517578125,-13.00048828125
0.9659423828125,-0.1832275390625,0.9996337890625,-10.68115234375,-30.33447265625,-14.404296875
0.5672607421875,-0.0303955078125,0.9814453125,-9.6435546875,-30.09033203125,-14.2822265625
0.7218017578125,-0.0806884765625,0.959716796875,-4.8828125,-30.45654296875,-13.18359375
0.5689697265625,0.02783203125,0.9376220703125,-0.91552734375,-31.55517578125,-11.04736328125
0.550048828125,0.0657958984375,0.9200439453125,3.41796875,-32.40966796875,-9.521484375
0.652099609375,-0.0133056640625,0.90576171875,5.7373046875,-33.14208984375,-9.94873046875
