0.3265380859375,-0.338134765625,0.9002685546875,2.99072265625,-2.74658203125,-1.64794921875
0.326904296875,-0.3380126953125,0.9013671875,2.9296875,-2.74658203125,-1.708984375
0.32763671875,-0.338134765625,0.9014892578125,2.9296875,-2.8076171875,-1.708984375
0.326904296875,-0.33837890625,0.90185546875,2.86865234375,-2.62451171875,-1.64794921875
0.326171875,-0.339111328125,0.9024658203125,2.9296875,-2.62451171875,-1.77001953125
0.3287353515625,-0.338623046875,0.9014892578125,2.99072265625,-2.62451171875,-1.77001953125
0.327880859375,-0.338623046875,0.90087890625,2.86865234375,-2.685546875,-1.89208984375
0.3280029296875,-0.3385009765625,0.9013671875,2.9296875,-2.50244140625,-1.953125
0.3262939453125,-0.3375244140625,0.9005126953125,2.86865234375,-2.62451171875,-2.13623046875
0.327880859375,-0.339111328125,0.9017333984375,2.9296875,-2.62451171875,-2.01416015625
0.3272705078125,-0.3385009765625,0.9012451171875,2.9296875,-2.99072265625,-1.953125
0.3260498046875,-0.3387451171875,0.901123046875,2.9296875,-3.11279296875,-1.89208984375
0.326171875,-0.340087890625,0.9000244140625,2.9296875,-3.41796875,-1.89208984375
0.32666015625,-0.339111328125,0.9027099609375,2.62451171875,-3.41796875,-2.01416015625
0.3284912109375,-0.3380126953125,0.90234375,2.685546875,-3.41796875,-2.01416015625
0.3275146484375,-0.3392333984375,0.903564453125,2.5634765625,-3.23486328125,-1.953125
0.32666015625,-0.337158203125,0.9039306640625,2.50244140625,-3.173828125,-1.8310546875
0.32568359375,-0.3382568359375,0.9027099609375,2.44140625,-3.35693359375,-1.708984375
0.3272705078125,-0.3392333984375,0.901611328125,2.5634765625,-3.2958984375,-1.5869140625
0.327392578125,-0.3380126953125,0.901611328125,2.74658203125,-3.35693359375,-1.46484375
0.327880859375,-0.3375244140625,0.8994140625,2.8076171875,-3.11279296875,-1.52587890625
0.3272705078125,-0.3382568359375,0.899169921875,2.8076171875,-2.74658203125,-1.64794921875
0.3255615234375,-0.3392333984375,0.90087890625,2.685546875,-2.5634765625,-1.64794921875
0.326904296875,-0.3402099609375,0.900390625,2.74658203125,-2.44140625,-1.52587890625
0.3267822265625,-0.3377685546875,0.9014892578125,2.8076171875,-2.197265625,-1.52587890625
0.3275146484375,-0.3409423828125,0.9000244140625,2.9296875,-2.25830078125,-1.52587890625
0.3294677734375,-0.34033203125,0.8984375,2.99072265625,-2.38037109375,-1.708984375
0.32861328125,-0.3397216796875,0.8985595703125,3.0517578125,-2.62451171875,-1.708984375
0.32763671875,-0.3388671875,0.89892578125,2.9296875,-2.62451171875,-1.708984375
0.32861328125,-0.3377685546875,0.8983154296875,2.86865234375,-2.62451171875,-4.150390625
0.329345703125,-0.3377685546875,0.8995361328125,2.685546875,-2.5634765625,-3.84521484375
0.327392578125,-0.33837890625,0.901611328125,2.38037109375,-2.685546875,-3.90625
0.32861328125,-0.337646484375,0.8995361328125,2.62451171875,-2.685546875,-3.2958984375
0.3328857421875,-0.33837890625,0.9017333984375,2.685546875,-2.38037109375,-2.86865234375
0.3336181640625,-0.3385009765625,0.8978271484375,2.685546875,-1.46484375,-3.2958984375
0.33447265625,-0.3387451171875,0.899658203125,2.8076171875,-0.8544921875,-3.5400390625
0.3336181640625,-0.3375244140625,0.9007568359375,3.11279296875,0.42724609375,-3.60107421875
0.3289794921875,-0.3409423828125,0.901611328125,4.5166015625,0.79345703125,-3.41796875
0.323486328125,-0.34326171875,0.901123046875,4.57763671875,-0.244140625,-2.99072265625
0.3271484375,-0.3385009765625,0.89013671875,4.69970703125,-1.52587890625,-2.50244140625
0.3275146484375,-0.3389892578125,0.900634765625,4.7607421875,-2.62451171875,-2.5634765625
0.3291015625,-0.3421630859375,0.8935546875,5.126953125,-2.3193359375,-1.708984375
0.3319091796875,-0.365966796875,0.8983154296875,4.39453125,-1.52587890625,-1.03759765625
0.3314208984375,-0.3553466796875,0.8963623046875,3.60107421875,-0.732421875,-0.54931640625
0.3302001953125,-0.3392333984375,0.901123046875,2.01416015625,-0.6103515625,0.06103515625
0.328857421875,-0.3267822265625,0.9036865234375,1.40380859375,-0.244140625,0.732421875
0.3309326171875,-0.354736328125,0.9052734375,0.9765625,0.244140625,1.5869140625
0.3563232421875,-0.332763671875,0.8948974609375,1.03759765625,0.79345703125,2.0751953125
0.3544921875,-0.337646484375,0.898681640625,0.67138671875,1.3427734375,4.150390625
0.3173828125,-0.3316650390625,0.90234375,-0.06103515625,2.0751953125,5.859375
0.295166015625,-0.3465576171875,0.915283203125,-0.42724609375,4.08935546875,6.591796875
0.3109130859375,-0.31396484375,0.90234375,-1.0986328125,4.2724609375,7.38525390625
0.32568359375,-0.3255615234375,0.8966064453125,-1.0986328125,5.31005859375,8.1787109375
0.3275146484375,-0.35009765625,0.8836669921875,-1.3427734375,5.37109375,8.4228515625
0.3385009765625,-0.3182373046875,0.893798828125,-1.5869140625,4.8828125,6.77490234375
0.329345703125,-0.306396484375,0.9058837890625,-4.94384765625,4.0283203125,5.18798828125
0.3123779296875,-0.30859375,0.9007568359375,-6.2255859375,3.11279296875,3.35693359375
0.3294677734375,-0.33203125,0.9013671875,-7.32421875,2.38037109375,2.0751953125
0.354736328125,-0.32666015625,0.894775390625,-8.056640625,-1.89208984375,0.42724609375
0.350830078125,-0.3343505859375,0.8905029296875,-8.4228515625,-5.37109375,-0.67138671875
0.311279296875,-0.345703125,0.88671875,-9.3994140625,-6.103515625,-0.9765625
0.3516845703125,-0.3194580078125,0.8748779296875,-9.82666015625,-6.04248046875,-1.64794921875
0.36474609375,-0.313720703125,0.8896484375,-4.57763671875,-4.8828125,-2.38037109375
0.349853515625,-0.322998046875,0.8775634765625,6.34765625,-2.8076171875,-2.685546875
0.3304443359375,-0.3292236328125,0.868896484375,11.53564453125,-3.47900390625,-3.35693359375
0.3287353515625,-0.316650390625,0.8800048828125,15.68603515625,-4.82177734375,-3.7841796875
0.3095703125,-0.3353271484375,0.9049072265625,12.3291015625,-5.9814453125,-3.96728515625
0.3001708984375,-0.359619140625,0.892333984375,11.8408203125,-6.7138671875,-4.0283203125
0.293701171875,-0.368896484375,0.9185791015625,12.3291015625,-7.62939453125,-4.82177734375
0.2891845703125,-0.45654296875,0.9171142578125,12.939453125,-8.72802734375,-5.2490234375
0.275146484375,-0.4150390625,0.90478515625,12.87841796875,-9.21630859375,-6.103515625
0.2667236328125,-0.3707275390625,0.9188232421875,12.51220703125,-9.3994140625,-6.7138671875
0.29833984375,-0.361572265625,0.91650390625,11.41357421875,-10.07080078125,-6.8359375
0.305908203125,-0.350830078125,0.9110107421875,7.32421875,-10.7421875,-7.50732421875
0.2677001953125,-0.358642578125,0.9136962890625,5.615234375,-11.962890625,-8.36181640625
0.33837890625,-0.353271484375,0.9080810546875,5.06591796875,-12.6953125,-8.85009765625
0.304443359375,-0.3603515625,0.9036865234375,5.0048828125,-12.939453125,-9.1552734375
0.276611328125,-0.375732421875,0.8970947265625,5.31005859375,-13.3056640625,-9.82666015625
0.2764892578125,-0.3529052734375,0.894775390625,5.2490234375,-10.80322265625,-10.07080078125
0.3013916015625,-0.35302734375,0.903076171875,4.39453125,-10.55908203125,-10.31494140625
0.2769775390625,-0.3564453125,0.8995361328125,3.0517578125,-10.25390625,-9.8876953125
0.3040771484375,-0.3516845703125,0.899169921875,2.0751953125,-10.1318359375,-10.19287109375
0.3121337890625,-0.35888671875,0.906494140625,1.52587890625,-10.8642578125,-10.1318359375
0.3226318359375,-0.3551025390625,0.9036865234375,1.52587890625,-13.24462890625,-17.2119140625
0.296875,-0.3306884765625,0.9024658203125,1.708984375,-15.31982421875,-18.4326171875
0.307861328125,-0.352294921875,0.894775390625,1.5869140625,-21.6064453125,-20.99609375
0.2811279296875,-0.366455078125,0.8985595703125,1.64794921875,-23.98681640625,-23.98681640625
0.3135986328125,-0.3433837890625,0.883544921875,0.67138671875,-39.73388671875,-26.67236328125
0.3228759765625,-0.3253173828125,0.9246826171875,0.3662109375,-43.8232421875,-29.96826171875
0.314208984375,-0.3343505859375,0.9075927734375,-0.42724609375,-50.96435546875,-34.1796875
0.3321533203125,-0.3157958984375,0.88330078125,-2.50244140625,-61.70654296875,-36.68212890625
0.3603515625,-0.3541259765625,0.9044189453125,-4.39453125,-73.974609375,-39.794921875
0.340087890625,-0.3228759765625,0.8697509765625,-4.21142578125,-84.9609375,-50.29296875
0.3328857421875,-0.29248046875,0.958251953125,-2.99072265625,-100.09765625,-58.349609375
0.313720703125,-0.301513671875,0.9532470703125,-2.13623046875,-114.74609375,-78.7353515625
0.336181640625,-0.3050537109375,0.9658203125,-4.638671875,-127.74658203125,-93.26171875
0.33056640625,-0.316650390625,1.001220703125,-2.5634765625,-156.92138671875,-176.7578125
0.3231201171875,-0.3814697265625,1.00537109375,-3.84521484375,-169.86083984375,-189.75830078125
0.31640625,-0.3839111328125,0.99951171875,-6.04248046875,-197.44873046875,-196.59423828125
0.3353271484375,-0.347412109375,1.0169677734375,-10.43701171875,-212.158203125,-215.33203125
0.3099365234375,-0.322265625,1.010498046875,-12.8173828125,-310.60791015625,-222.7783203125
0.25244140625,-0.3583984375,1.0394287109375,-17.02880859375,-327.57568359375,-192.626953125
0.2403564453125,-0.2725830078125,1.0113525390625,-15.0146484375,-337.2802734375,-173.583984375
0.2559814453125,-0.3072509765625,1.0089111328125,-14.892578125,-353.08837890625,-76.11083984375
0.23291015625,-0.3228759765625,0.9705810546875,-34.423828125,-366.02783203125,-3.41796875
0.2740478515625,-0.3887939453125,0.99560546875,-47.607421875,-142.08984375,67.9931640625
0.328125,-0.4453125,1.1519775390625,-40.83251953125,-65.4296875,80.50537109375
0.3040771484375,-0.5782470703125,1.1644287109375,-41.50390625,60.6689453125,92.529296875
0.2965087890625,-0.637451171875,1.18896484375,-25.2685546875,162.841796875,108.45947265625
0.286865234375,-0.5277099609375,1.2584228515625,1.15966796875,256.591796875,125.91552734375
0.3363037109375,-0.5233154296875,1.3582763671875,-11.1083984375,257.26318359375,143.00537109375
0.4132080078125,-0.951904296875,0.708251953125,5.37109375,241.943359375,158.8134765625
0.390869140625,-0.5819091796875,2.5948486328125,17.2119140625,225.5859375,170.2880859375
0.546142578125,-0.841064453125,2.0289306640625,27.4658203125,216.36962890625,176.81884765625
0.9771728515625,-0.1700439453125,1.5848388671875,29.11376953125,220.0927734375,180.60302734375
0.992431640625,-1.568359375,0.5377197265625,26.611328125,229.3701171875,183.4716796875
1.1416015625,-1.69775390625,0.4166259765625,25.5126953125,239.501953125,195.61767578125
1.470458984375,-1.443359375,0.3677978515625,19.22607421875,245.849609375,194.82421875
0.1129150390625,-0.99853515625,0.380859375,12.87841796875,247.61962890625,189.208984375
2.9464111328125,-0.62744140625,0.480224609375,7.080078125,250.48828125,186.34033203125
1.1920166015625,-0.51416015625,0.61572265625,0.1220703125,270.08056640625,183.10546875
0.688232421875,-0.4779052734375,0.657958984375,-10.07080078125,272.5830078125,178.22265625
-0.686279296875,-0.447021484375,0.6346435546875,-22.15576171875,272.52197265625,150.87890625
-0.736083984375,-0.439208984375,0.6337890625,-27.40478515625,272.76611328125,128.60107421875
-0.6097412109375,-0.4263916015625,0.7156982421875,-20.99609375,272.39990234375,98.32763671875
-0.4215087890625,-0.3516845703125,0.857666015625,-11.71875,269.22607421875,98.93798828125
-0.177490234375,-0.3116455078125,1.0919189453125,-10.92529296875,242.431640625,106.14013671875
0.015625,-0.2767333984375,1.171630859375,-8.7890625,223.388671875,107.72705078125
0.112548828125,-0.317626953125,1.357177734375,-7.4462890625,210.693359375,106.01806640625
0.127197265625,-0.544189453125,1.4952392578125,-8.056640625,222.5341796875,103.08837890625
0.059814453125,-0.5521240234375,1.537353515625,-23.98681640625,225.15869140625,96.98486328125
0.1783447265625,-0.5450439453125,1.5047607421875,-64.02587890625,206.60400390625,64.697265625
0.3619384765625,-0.56396484375,1.468505859375,-78.79638671875,176.69677734375,37.41455078125
0.591064453125,-0.5465087890625,1.6177978515625,-90.576171875,146.8505859375,-28.4423828125
0.6593017578125,-0.4925537109375,1.857421875,-96.61865234375,116.76025390625,-53.7109375
0.837158203125,-0.41943359375,1.6363525390625,-100.15869140625,45.71533203125,-46.56982421875
0.963623046875,-0.451171875,0.9310302734375,-99.06005859375,4.08935546875,-43.76220703125
1.0439453125,-0.7130126953125,0.6365966796875,-85.38818359375,-101.98974609375,-49.072265625
1.041748046875,-0.7728271484375,0.4132080078125,-32.1044921875,-151.7333984375,-88.19580078125
1.02978515625,-0.4024658203125,0.1763916015625,-7.4462890625,-161.376953125,-41.68701171875
1.4378662109375,-0.2264404296875,-0.0902099609375,35.46142578125,-182.12890625,-37.65869140625
2.2786865234375,0.0130615234375,-0.5025634765625,83.251953125,-198.486328125,-29.11376953125
2.25537109375,0.037109375,-0.46142578125,73.1201171875,-130.9814453125,-25.146484375
1.8912353515625,0.175048828125,-0.2174072265625,46.0205078125,-109.375,-20.263671875
1.901123046875,0.5655517578125,0.0330810546875,33.69140625,-86.181640625,-13.48876953125
2.1881103515625,0.55078125,1.897216796875,28.4423828125,-49.6826171875,-10.1318359375
2.4661865234375,0.435546875,1.297119140625,51.94091796875,-51.20849609375,-8.97216796875
2.72216796875,0.1541748046875,1.359619140625,67.93212890625,-30.57861328125,-7.38525390625
2.732421875,-0.48388671875,1.5267333984375,65.7958984375,-24.4140625,-7.080078125
2.5792236328125,0.2291259765625,1.2227783203125,54.5654296875,-20.99609375,-8.11767578125
2.5811767578125,0.548095703125,1.234375,47.42431640625,-20.99609375,-13.12255859375
-0.166015625,-0.393798828125,0.8067626953125,32.958984375,-25.20751953125,-15.5029296875
-0.102783203125,-0.599609375,1.253662109375,21.05712890625,-28.076171875,-16.78466796875
0.4735107421875,-0.244873046875,0.9625244140625,8.6669921875,-30.45654296875,-16.6015625
0.7730712890625,-0.693115234375,0.976318359375,1.89208984375,-30.2734375,-16.7236328125
1.0960693359375,-0.2041015625,0.9759521484375,-1.52587890625,-27.28271484375,-17.2119140625
0.8485107421875,-0.406494140625,0.943359375,-4.2724609375,-27.4658203125,-18.06640625
0.8157958984375,-0.3072509765625,0.91650390625,-6.53076171875,-28.4423828125,-18.98193359375
0.1021728515625,-0.217529296875,0.927734375,-6.34765625,-30.3955078125,-18.4326171875
0.5279541015625,-0.3560791015625,0.935302734375,-9.21630859375,-34.60693359375,-17.9443359375
0.402099609375,-0.322509765625,0.9044189453125,-9.033203125,-37.2314453125,-18.24951171875
0.4627685546875,-0.3502197265625,0.9295654296875,-11.1083984375,-40.1611328125,-20.93505859375
0.3370361328125,-0.41455078125,0.9488525390625,-11.41357421875,-43.88427734375,-22.03369140625
0.303955078125,-0.417236328125,0.926025390625,-12.5732421875,-45.10498046875,-23.0712890625
0.2904052734375,-0.4129638671875,0.8438720703125,-11.962890625,-47.119140625,-24.4140625
0.3873291015625,-0.335693359375,0.911865234375,-11.04736328125,-49.86572265625,-25.69580078125
0.3380126953125,-0.318603515625,0.91943359375,-11.04736328125,-55.2978515625,-28.076171875
0.28759765625,-0.3485107421875,0.8963623046875,-9.09423828125,-57.31201171875,-31.06689453125
0.3824462890625,-0.3458251953125,0.873779296875,-5.79833984375,-59.02099609375,-38.02490234375
0.3499755859375,-0.4271240234375,0.886962890625,2.197265625,-59.87548828125,-52.06298828125
0.3477783203125,-0.4034423828125,0.866455078125,4.33349609375,-60.9130859375,-53.22265625
0.2730712890625,-0.3616943359375,0.85009765625,7.14111328125,-62.744140625,-51.26953125
0.325927734375,-0.3897705078125,0.8299560546875,10.3759765625,-75.5615234375,-48.88916015625
0.31787109375,-0.400390625,0.8179931640625,14.34326171875,-108.3984375,-49.98779296875
0.3988037109375,-0.3953857421875,0.8221435546875,18.37158203125,-123.4130859375,-55.72509765625
0.4132080078125,-0.3941650390625,0.8162841796875,16.4794921875,-142.578125,-66.95556640625
0.374755859375,-0.405517578125,0.82568359375,7.080078125,-161.43798828125,-86.12060546875
0.349853515625,-0.4071044921875,0.81591796875,2.5634765625,-179.931640625,-114.501953125
0.39306640625,-0.4124755859375,0.9183349609375,-3.96728515625,-201.0498046875,-140.2587890625
0.414794921875,-0.42041015625,0.9954833984375,-7.568359375,-230.04150390625,-163.6962890625
0.4364013671875,-0.407470703125,1.00390625,-10.31494140625,-266.11328125,-199.03564453125
0.4622802734375,-0.3892822265625,1.0177001953125,-15.0146484375,-312.98828125,-217.28515625
0.4444580078125,-0.201416015625,0.948486328125,-24.4140625,-399.4140625,-235.90087890625
0.4383544921875,-0.13037109375,0.990234375,-43.88427734375,-415.1611328125,-218.20068359375
0.44580078125,-0.1683349609375,0.98779296875,-50.537109375,-426.513671875,-192.19970703125
0.3858642578125,-0.2415771484375,1.0687255859375,-74.89013671875,-439.8193359375,-155.94482421875
0.3897705078125,-0.2982177734375,1.1900634765625,-92.529296875,-351.6845703125,-112.73193359375
0.405517578125,-0.3994140625,1.35498046875,-78.369140625,-270.20263671875,-38.39111328125
0.4656982421875,-0.5003662109375,1.273681640625,-80.74951171875,-188.8427734375,17.08984375
0.419921875,-0.7449951171875,1.2423095703125,-63.8427734375,-94.8486328125,46.2646484375
0.426025390625,-0.6197509765625,1.3721923828125,-91.12548828125,-13.00048828125,64.5751953125
0.4833984375,-0.760986328125,1.3099365234375,-102.294921875,102.60009765625,70.9228515625
0.69482421875,-1.2462158203125,2.0068359375,-83.251953125,196.83837890625,79.7119140625
0.671142578125,-0.7813720703125,1.91162109375,-44.61669921875,229.8583984375,92.529296875
0.4517822265625,-1.1729736328125,1.8831787109375,-33.26416015625,227.6611328125,150.81787109375
0.337890625,-1.4111328125,1.555419921875,9.33837890625,207.3974609375,165.34423828125
0.8426513671875,-1.3529052734375,1.893798828125,47.18017578125,197.44873046875,176.08642578125
1.56787109375,-1.3951416015625,1.7957763671875,75.62255859375,201.416015625,186.03515625
2.01806640625,-1.8382568359375,1.2130126953125,81.23779296875,276.42822265625,194.091796875
2.179443359375,-1.8349609375,0.735595703125,78.2470703125,283.63037109375,197.6318359375
1.73681640625,-2.0540771484375,0.4326171875,71.77734375,291.9921875,195.1904296875
0.047119140625,-1.6273193359375,0.4259033203125,34.5458984375,298.52294921875,188.90380859375
2.4307861328125,-1.141845703125,0.4298095703125,14.83154296875,301.513671875,181.21337890625
1.27734375,-0.5518798828125,0.517578125,3.60107421875,302.91748046875,175.048828125
0.8619384765625,-0.46240234375,0.5157470703125,-1.03759765625,301.7578125,170.10498046875
0.1661376953125,-0.4298095703125,0.591796875,-0.67138671875,300.048828125,162.4755859375
-0.30029296875,-0.435546875,0.63916015625,0.3662109375,301.7578125,149.10888671875
-0.5113525390625,-0.37841796875,0.716796875,-1.0986328125,307.12890625,134.033203125
-0.3779296875,-0.397216796875,0.76904296875,-5.79833984375,311.46240234375,87.646484375
-0.1475830078125,-0.4271240234375,0.8211669921875,-12.63427734375,316.22314453125,35.70556640625
0.092529296875,-0.443115234375,0.9542236328125,-18.61572265625,302.30712890625,53.03955078125
0.2415771484375,-0.3831787109375,1.13720703125,-19.6533203125,293.45703125,72.32666015625
0.3348388671875,-0.339111328125,1.318603515625,-15.13671875,270.6298828125,86.24267578125
0.4381103515625,-0.3101806640625,1.48095703125,-6.65283203125,217.71240234375,82.45849609375
0.524169921875,-0.3182373046875,1.571533203125,-2.01416015625,165.71044921875,52.91748046875
0.5732421875,-0.3629150390625,1.6622314453125,-11.90185546875,137.39013671875,5.37109375
0.596435546875,-0.4605712890625,1.59619140625,-96.19140625,108.88671875,-65.4296875
0.69677734375,-0.499755859375,1.478515625,-138.671875,72.32666015625,-99.9755859375
0.8922119140625,-0.60498046875,1.245849609375,-138.73291015625,26.30615234375,-95.458984375
1.0821533203125,-0.67431640625,0.71875,-119.44580078125,-17.15087890625,-84.3505859375
1.217041015625,-0.633056640625,0.164306640625,-79.04052734375,-88.2568359375,-81.54296875
1.3375244140625,-0.452880859375,-0.0784912109375,-23.62060546875,-125.0,-69.51904296875
1.4683837890625,-0.103515625,-0.2965087890625,28.3203125,-139.34326171875,-51.45263671875
1.7191162109375,0.1241455078125,-0.4580078125,70.9228515625,-225.830078125,-38.4521484375
1.846435546875,0.1751708984375,-0.302490234375,77.57568359375,-146.78955078125,-31.6162109375
1.8751220703125,0.2030029296875,-0.1339111328125,76.84326171875,-134.94873046875,-17.15087890625
2.02734375,0.252197265625,-0.232177734375,27.16064453125,-126.64794921875,-24.23095703125
2.5068359375,0.4259033203125,0.4527587890625,28.6865234375,-114.07470703125,-21.728515625
2.7701416015625,0.0628662109375,1.6671142578125,14.83154296875,-100.2197265625,-16.7236328125
2.8909912109375,1.1790771484375,2.2236328125,11.77978515625,-82.763671875,-15.380859375
2.7586669921875,0.492431640625,1.3070068359375,16.11328125,-49.6826171875,-13.61083984375
2.5751953125,-0.489501953125,1.183837890625,32.71484375,-39.48974609375,-13.73291015625
2.3902587890625,-0.4989013671875,1.2105712890625,36.62109375,-24.7802734375,-15.2587890625
2.586669921875,-0.4261474609375,1.196533203125,26.9775390625,-25.5126953125,-17.7001953125
0.4324951171875,-0.9473876953125,1.0823974609375,26.7333984375,-25.0244140625,-19.1650390625
-0.4749755859375,-0.99658203125,1.21826171875,24.4140625,-28.99169921875,-20.5078125
1.5595703125,-0.6644287109375,0.96533203125,18.310546875,-29.11376953125,-21.05712890625
0.81884765625,-0.5394287109375,1.0155029296875,10.31494140625,-26.7333984375,-21.78955078125
0.7109375,-0.373046875,0.930419921875,7.6904296875,-24.658203125,-22.15576171875
0.8154296875,-0.5574951171875,0.8955078125,10.92529296875,-26.0009765625,-21.728515625
0.9039306640625,-0.502197265625,0.9310302734375,10.31494140625,-26.06201171875,-21.66748046875
0.5511474609375,-0.38330078125,0.8555908203125,10.6201171875,-27.34375,-22.216796875
0.7581787109375,-0.4051513671875,0.87109375,13.5498046875,-28.13720703125,-21.6064453125
0.5208740234375,-0.4149169921875,0.8392333984375,15.31982421875,-31.43310546875,-21.17919921875
0.451171875,-0.427490234375,0.8414306640625,17.51708984375,-32.470703125,-18.98193359375
0.3089599609375,-0.4073486328125,0.8489990234375,16.2353515625,-35.0341796875,-17.822265625
0.3165283203125,-0.3984375,0.90380859375,10.43701171875,-34.912109375,-20.08056640625
0.3499755859375,-0.405517578125,0.8873291015625,6.8359375,-35.33935546875,-22.03369140625
0.320556640625,-0.4129638671875,0.8851318359375,6.04248046875,-39.36767578125,-23.3154296875
0.4068603515625,-0.478271484375,0.8662109375,3.11279296875,-42.6025390625,-24.23095703125
0.39013671875,-0.4033203125,0.8692626953125,0.06103515625,-52.490234375,-25.32958984375
0.3275146484375,-0.3853759765625,0.8955078125,-1.64794921875,-58.28857421875,-26.85546875
0.377685546875,-0.3521728515625,0.8974609375,1.3427734375,-63.232421875,-29.6630859375
0.369873046875,-0.358154296875,0.888427734375,8.4228515625,-67.68798828125,-39.794921875
0.39111328125,-0.3153076171875,0.8983154296875,11.77978515625,-72.75390625,-44.98291015625
0.4151611328125,-0.37841796875,0.8873291015625,13.7939453125,-77.880859375,-46.9970703125
0.3924560546875,-0.3345947265625,0.8450927734375,13.85498046875,-85.63232421875,-49.98779296875
0.348388671875,-0.3515625,0.844482421875,13.18359375,-107.2998046875,-56.0302734375
0.40625,-0.379150390625,0.8333740234375,11.23046875,-136.3525390625,-65.73486328125
0.443603515625,-0.4154052734375,0.8367919921875,8.48388671875,-151.79443359375,-81.11572265625
0.4200439453125,-0.368896484375,0.873779296875,1.3427734375,-169.73876953125,-105.40771484375
0.4383544921875,-0.3515625,0.9110107421875,-7.8125,-188.17138671875,-195.4345703125
0.3896484375,-0.3349609375,0.9248046875,-15.2587890625,-207.33642578125,-212.34130859375
0.388916015625,-0.33642578125,0.9962158203125,-19.1650390625,-229.736328125,-268.5546875
0.3890380859375,-0.3681640625,0.9759521484375,-21.54541015625,-256.40869140625,-261.65771484375
0.41552734375,-0.3797607421875,0.96484375,-25.2685546875,-377.197265625,-240.66162109375
0.4302978515625,-0.336181640625,0.9715576171875,-28.99169921875,-401.4892578125,-216.552734375
0.4547119140625,-0.2166748046875,0.994384765625,-34.1796875,-385.19287109375,-188.96484375
0.4375,-0.314208984375,0.9617919921875,-79.16259765625,-336.3037109375,-42.96875
0.4051513671875,-0.3919677734375,1.060546875,-84.9609375,-261.1083984375,22.27783203125
0.3194580078125,-0.4122314453125,1.2266845703125,-31.31103515625,-175.1708984375,61.6455078125
0.4346923828125,-0.53955078125,1.417724609375,-57.9833984375,-86.42578125,83.251953125
0.3377685546875,-0.6744384765625,1.240234375,-82.763671875,133.7890625,99.91455078125
0.4486083984375,-0.6739501953125,1.837890625,-98.388671875,220.703125,115.05126953125
0.3272705078125,-0.8282470703125,2.1834716796875,-89.78271484375,252.50244140625,132.8125
0.4105224609375,-1.2623291015625,2.0863037109375,-84.716796875,257.4462890625,154.23583984375
0.4178466796875,-1.371337890625,1.8714599609375,-36.1328125,242.1875,175.47607421875
0.669677734375,-1.2974853515625,1.910888671875,-4.69970703125,221.923828125,195.80078125
0.6448974609375,-1.1986083984375,1.8946533203125,14.83154296875,211.48681640625,212.70751953125
1.290771484375,-0.6859130859375,1.1953125,33.87451171875,218.6279296875,225.76904296875
2.7147216796875,-1.658203125,0.7462158203125,46.44775390625,240.234375,231.201171875
2.1478271484375,-2.1568603515625,0.6181640625,50.537109375,267.63916015625,230.3466796875
0.9295654296875,-1.7777099609375,0.4765625,47.8515625,293.5791015625,225.341796875
-0.356201171875,-1.380126953125,0.4830322265625,39.00146484375,309.814453125,208.19091796875
3.2996826171875,-1.012451171875,0.5631103515625,28.01513671875,317.138671875,196.4111328125
0.730224609375,-0.7274169921875,0.6522216796875,16.357421875,315.36865234375,182.373046875
0.14404296875,-0.6058349609375,0.769775390625,3.2958984375,309.6923828125,168.9453125
-0.4595947265625,-0.499755859375,0.7852783203125,-7.4462890625,312.255859375,157.28759765625
-0.6737060546875,-0.419921875,0.7073974609375,-16.6015625,317.9931640625,142.39501953125
-0.5816650390625,-0.4010009765625,0.6806640625,-24.35302734375,323.8525390625,138.00048828125
-0.301513671875,-0.3917236328125,0.6868896484375,-33.5693359375,324.951171875,132.9345703125
-0.0130615234375,-0.3160400390625,0.7694091796875,-33.5693359375,322.75390625,126.0986328125
0.2252197265625,-0.278564453125,0.890625,-33.50830078125,310.302734375,119.5068359375
0.41015625,-0.233154296875,1.168212890625,-33.203125,302.3681640625,117.431640625
0.4957275390625,-0.1700439453125,1.266357421875,-32.71484375,292.05322265625,122.13134765625
0.3956298828125,-0.160888671875,1.33642578125,-23.74267578125,278.62548828125,132.38525390625
0.3472900390625,-0.2340087890625,1.398681640625,-16.05224609375,266.357421875,141.41845703125
0.3385009765625,-0.2381591796875,1.504150390625,-11.41357421875,258.056640625,145.08056640625
0.4075927734375,-0.2828369140625,1.673095703125,-13.671875,248.779296875,126.8310546875
0.5933837890625,-0.3740234375,1.6541748046875,-24.0478515625,232.23876953125,101.5625
0.9248046875,-0.4935302734375,1.6168212890625,-39.306640625,206.298828125,64.14794921875
1.0089111328125,-0.748779296875,1.629638671875,-53.3447265625,176.57470703125,22.52197265625
1.08203125,-0.7891845703125,1.6082763671875,-65.185546875,97.22900390625,-11.1083984375
1.1038818359375,-0.7696533203125,1.510498046875,-72.021484375,48.828125,-46.7529296875
1.12890625,-0.79248046875,1.26953125,-73.18115234375,-1.46484375,-52.3681640625
1.285400390625,-0.8819580078125,0.9195556640625,-59.326171875,-49.072265625,-79.89501953125
1.3714599609375,-0.9102783203125,0.6187744140625,-44.12841796875,-76.96533203125,-92.6513671875
1.4866943359375,-0.7706298828125,0.22802734375,-20.81298828125,-137.451171875,-87.158203125
1.7330322265625,-0.611572265625,-0.4525146484375,6.28662109375,-144.47021484375,-91.97998046875
2.027587890625,-0.319091796875,-0.6044921875,24.84130859375,-161.92626953125,-100.64697265625
2.2030029296875,0.072265625,-0.453369140625,52.18505859375,-201.2939453125,-37.29248046875
2.2357177734375,0.7503662109375,-0.0516357421875,59.2041015625,-236.14501953125,-26.0009765625
2.2305908203125,0.8480224609375,-0.0361328125,40.0390625,-223.32763671875,-22.705078125
2.52001953125,0.7454833984375,0.3699951171875,32.470703125,-192.19970703125,-17.63916015625
2.779052734375,0.5916748046875,2.109619140625,18.5546875,-98.14453125,-14.404296875
3.295654296875,-0.371826171875,0.8067626953125,17.63916015625,-41.44287109375,-11.41357421875
3.4071044921875,0.63232421875,1.048095703125,27.34375,-30.82275390625,-8.97216796875
3.1495361328125,-0.4091796875,1.866943359375,63.78173828125,-23.193359375,-10.8642578125
2.9102783203125,-0.123046875,1.9422607421875,51.3916015625,-19.04296875,-13.916015625
3.2406005859375,0.20263671875,1.389404296875,35.0341796875,-20.32470703125,-16.17431640625
-0.25830078125,-0.1961669921875,1.14892578125,27.34375,-29.541015625,-17.15087890625
-0.16259765625,-0.2034912109375,0.97314453125,16.11328125,-26.611328125,-18.5546875
0.0042724609375,-0.3203125,1.02294921875,6.8359375,-23.681640625,-18.798828125
0.5655517578125,-0.5196533203125,0.983154296875,-6.103515625,-21.91162109375,-18.73779296875
1.1165771484375,-0.2607421875,1.0159912109375,-5.2490234375,-20.1416015625,-19.1650390625
1.2423095703125,-0.4029541015625,0.92041015625,-2.44140625,-21.6064453125,-20.56884765625
0.968017578125,-0.3045654296875,0.896484375,1.708984375,-26.3671875,-22.52197265625
0.6661376953125,-0.3123779296875,0.85302734375,4.45556640625,-29.6630859375,-24.658203125
0.2220458984375,-0.3609619140625,0.856689453125,3.47900390625,-31.06689453125,-25.87890625
0.4615478515625,-0.446044921875,0.8936767578125,2.44140625,-32.28759765625,-28.62548828125
0.400634765625,-0.50341796875,0.8848876953125,0.42724609375,-32.5927734375,-28.564453125
0.2720947265625,-0.510498046875,0.8795166015625,-0.6103515625,-30.6396484375,-27.52685546875
0.3519287109375,-0.4793701171875,0.90869140625,0.06103515625,-31.92138671875,-25.81787109375
0.3922119140625,-0.3966064453125,0.9189453125,1.708984375,-32.1044921875,-24.169921875
0.3204345703125,-0.3399658203125,0.875,5.4931640625,-34.11865234375,-23.37646484375
0.32763671875,-0.337646484375,0.8282470703125,6.4697265625,-40.52734375,-22.64404296875
0.367919921875,-0.386962890625,0.837646484375,6.591796875,-43.64013671875,-22.705078125
0.3125,-0.395263671875,0.859375,8.36181640625,-48.2177734375,-25.08544921875
0.312255859375,-0.4217529296875,0.849609375,11.474609375,-53.16162109375,-29.84619140625
0.34033203125,-0.468017578125,0.8507080078125,13.36669921875,-59.4482421875,-41.259765625
0.385498046875,-0.39794921875,0.85302734375,13.12255859375,-67.19970703125,-48.33984375
0.3255615234375,-0.4649658203125,0.8677978515625,12.6953125,-77.57568359375,-50.72021484375
0.389404296875,-0.39013671875,0.86669921875,9.82666015625,-87.646484375,-54.50439453125
0.358642578125,-0.3187255859375,0.8603515625,6.28662109375,-114.31884765625,-62.255859375
0.3966064453125,-0.3162841796875,0.8824462890625,2.9296875,-150.08544921875,-72.998046875
0.406982421875,-0.29736328125,0.884765625,1.46484375,-170.5322265625,-91.6748046875
0.4256591796875,-0.3153076171875,0.927734375,-2.62451171875,-191.83349609375,-120.9716796875
0.3837890625,-0.2808837890625,0.9498291015625,-11.90185546875,-213.8671875,-153.1982421875
0.439453125,-0.310791015625,0.9468994140625,-19.775390625,-235.16845703125,-204.9560546875
0.405029296875,-0.3724365234375,1.02001953125,-26.91650390625,-258.056640625,-226.1962890625
0.40771484375,-0.41845703125,1.04296875,-27.64892578125,-286.43798828125,-254.5166015625
0.3958740234375,-0.390380859375,1.0452880859375,-31.92138671875,-323.30322265625,-246.337890625
0.3837890625,-0.2650146484375,1.0169677734375,-37.2314453125,-399.7802734375,-221.6796875
0.3497314453125,-0.2215576171875,1.0301513671875,-39.61181640625,-418.02978515625,-183.4716796875
0.369140625,-0.2568359375,1.050537109375,-49.37744140625,-381.591796875,-145.93505859375
0.357177734375,-0.43701171875,1.1861572265625,-84.3505859375,-310.48583984375,7.62939453125
0.3399658203125,-0.423583984375,1.2547607421875,-83.6181640625,-223.81591796875,51.81884765625
0.3023681640625,-0.6014404296875,1.3443603515625,-66.95556640625,-121.826171875,78.30810546875
0.3712158203125,-0.751953125,1.219970703125,-68.84765625,-55.96923828125,95.52001953125
0.30029296875,-0.7034912109375,1.3746337890625,-84.89990234375,173.33984375,109.4970703125
0.3282470703125,-0.5386962890625,2.1846923828125,-80.322265625,218.56689453125,123.1689453125
0.3143310546875,-1.010009765625,2.201416015625,-66.162109375,238.09814453125,138.3056640625
0.5047607421875,-1.3330078125,2.339111328125,-17.578125,235.04638671875,152.34375
0.517822265625,-1.6470947265625,1.2349853515625,13.427734375,228.45458984375,163.4521484375
0.323486328125,-1.31982421875,2.1075439453125,27.03857421875,230.224609375,171.44775390625
1.0228271484375,-1.4764404296875,1.4395751953125,34.5458984375,244.5068359375,175.96435546875
1.45947265625,-1.6876220703125,1.02197265625,37.9638671875,269.1650390625,180.72509765625
2.39697265625,-1.90625,0.7730712890625,33.447265625,292.90771484375,186.5234375
1.4957275390625,-1.80224609375,0.6639404296875,26.0009765625,309.326171875,190.73486328125
0.412109375,-1.3245849609375,0.623046875,16.9677734375,316.95556640625,193.115234375
1.737060546875,-0.9361572265625,0.6724853515625,8.7890625,316.95556640625,193.359375
1.1185302734375,-0.6156005859375,0.70361328125,2.86865234375,314.63623046875,191.34521484375
0.2264404296875,-0.4410400390625,0.7060546875,0.244140625,312.1337890625,187.07275390625
-0.2718505859375,-0.336669921875,0.681884765625,-4.0283203125,310.36376953125,180.23681640625
-0.516845703125,-0.30419921875,0.644775390625,-12.63427734375,310.302734375,172.9736328125
-0.4425048828125,-0.3001708984375,0.626708984375,-18.5546875,312.1337890625,165.6494140625
-0.24169921875,-0.3143310546875,0.661376953125,-25.390625,315.97900390625,147.15576171875
0.03369140625,-0.323974609375,0.7666015625,-29.96826171875,318.78662109375,139.5263671875
0.192138671875,-0.31884765625,0.84619140625,-33.8134765625,320.80078125,132.87353515625
0.2568359375,-0.29638671875,0.96923828125,-38.87939453125,322.32666015625,130.7373046875
0.2408447265625,-0.2313232421875,1.09521484375,-42.66357421875,300.537109375,133.056640625
0.2061767578125,-0.2259521484375,1.248779296875,-45.654296875,290.10009765625,134.033203125
0.1744384765625,-0.2825927734375,1.3836669921875,-44.00634765625,276.85546875,131.40869140625
0.2119140625,-0.2860107421875,1.51513671875,-15.07568359375,259.33837890625,124.32861328125
0.3463134765625,-0.27197265625,1.6258544921875,-20.93505859375,233.70361328125,111.38916015625
0.4412841796875,-0.3099365234375,1.7218017578125,-36.07177734375,202.69775390625,86.73095703125
0.56689453125,-0.3917236328125,1.733154296875,-54.5654296875,173.88916015625,47.4853515625
0.699462890625,-0.55419921875,1.6298828125,-70.3125,143.6767578125,4.0283203125
0.8460693359375,-0.7442626953125,1.477783203125,-80.078125,107.11669921875,-26.9775390625
0.989990234375,-0.9578857421875,1.2342529296875,-85.9375,63.720703125,-32.470703125
1.1309814453125,-0.8944091796875,0.93310546875,-87.82958984375,14.09912109375,-38.51318359375
1.237060546875,-0.8203125,0.6025390625,-90.39306640625,-38.4521484375,-28.6865234375
1.30224609375,-0.6995849609375,0.175537109375,-86.48681640625,-79.52880859375,-46.44775390625
1.649658203125,-0.55517578125,-0.296142578125,-66.0400390625,-77.1484375,-47.18017578125
2.066162109375,-0.2650146484375,-0.6929931640625,-24.5361328125,-93.68896484375,-90.39306640625
2.1876220703125,0.2034912109375,-0.790283203125,22.5830078125,-136.5966796875,-126.0986328125
2.26171875,0.744140625,-0.586181640625,42.236328125,-244.7509765625,-57.2509765625
2.4111328125,0.9932861328125,-0.157958984375,75.98876953125,-292.54150390625,-45.10498046875
2.8560791015625,0.832763671875,0.349853515625,39.4287109375,-272.4609375,-36.4990234375
3.2294921875,0.4891357421875,1.836669921875,33.0810546875,-215.2099609375,-29.72412109375
3.48828125,0.2445068359375,0.869140625,19.8974609375,-153.38134765625,-30.09033203125
3.5804443359375,0.160400390625,0.8865966796875,43.64013671875,-81.60400390625,-25.20751953125
3.6041259765625,-1.2816162109375,0.942626953125,50.78125,-69.2138671875,-21.17919921875
3.179443359375,-0.78125,2.1864013671875,56.94580078125,-56.15234375,-16.90673828125
2.80224609375,-1.14013671875,2.6842041015625,49.98779296875,-36.0107421875,-11.8408203125
2.647705078125,0.3818359375,1.8431396484375,50.59814453125,-20.93505859375,-9.21630859375
1.0364990234375,0.427490234375,1.5755615234375,66.58935546875,-19.59228515625,-8.1787109375
-0.0157470703125,0.599609375,0.8916015625,62.56103515625,-18.37158203125,-7.568359375
-1.5296630859375,0.0091552734375,0.96826171875,39.73388671875,-22.15576171875,-9.09423828125
0.4637451171875,-0.4586181640625,1.1632080078125,31.982421875,-26.55029296875,-11.8408203125
1.3853759765625,-0.705322265625,1.07470703125,15.5029296875,-29.541015625,-16.2353515625
1.66943359375,-1.03271484375,0.8858642578125,1.5869140625,-32.40966796875,-22.8271484375
1.451416015625,-0.3031005859375,0.9635009765625,-7.14111328125,-32.3486328125,-22.705078125
1.35400390625,-0.3704833984375,0.9317626953125,-11.53564453125,-28.74755859375,-23.25439453125
0.5155029296875,-0.653076171875,0.958251953125,-15.5029296875,-26.79443359375,-24.2919921875
0.55322265625,-0.1793212890625,0.922119140625,-14.22119140625,-30.8837890625,-25.20751953125
0.654541015625,-0.2855224609375,0.902587890625,-9.1552734375,-32.28759765625,-24.90234375
0.4747314453125,-0.290283203125,0.9022216796875,-3.96728515625,-33.14208984375,-25.634765625
0.193603515625,-0.3411865234375,0.8663330078125,4.21142578125,-33.26416015625,-26.18408203125
0.3438720703125,-0.34228515625,0.880859375,5.859375,-35.09521484375,-26.85546875
0.3026123046875,-0.4332275390625,0.86474609375,6.7138671875,-35.46142578125,-28.4423828125
0.3487548828125,-0.5118408203125,0.8544921875,7.9345703125,-35.2783203125,-29.96826171875
0.296630859375,-0.521240234375,0.8714599609375,10.31494140625,-36.19384765625,-31.31103515625
0.251220703125,-0.5001220703125,0.8509521484375,7.568359375,-46.38671875,-33.26416015625
0.3311767578125,-0.4119873046875,0.89453125,7.2021484375,-52.91748046875,-35.82763671875
0.27685546875,-0.375,0.8651123046875,6.9580078125,-60.85205078125,-39.24560546875
0.3897705078125,-0.4366455078125,0.857421875,14.5263671875,-69.091796875,-41.50390625
0.3541259765625,-0.4554443359375,0.8590087890625,15.2587890625,-79.345703125,-41.93115234375
0.3343505859375,-0.33349609375,0.8499755859375,14.22119140625,-89.41650390625,-43.15185546875
0.3853759765625,-0.40625,0.858154296875,11.8408203125,-101.4404296875,-46.08154296875
0.3712158203125,-0.3876953125,0.8939208984375,8.4228515625,-116.69921875,-51.7578125
0.3271484375,-0.4381103515625,0.9029541015625,5.0048828125,-134.82666015625,-62.68310546875
0.398193359375,-0.3974609375,0.95068359375,1.46484375,-153.25927734375,-79.4677734375
0.368896484375,-0.3475341796875,0.9498291015625,-2.99072265625,-173.03466796875,-103.69873046875
0.4095458984375,-0.349853515625,0.955322265625,-7.50732421875,-192.5048828125,-136.29150390625
0.39013671875,-0.346923828125,0.9830322265625,-12.63427734375,-213.92822265625,-168.701171875
0.3514404296875,-0.3363037109375,1.0135498046875,-18.85986328125,-236.083984375,-200.439453125
0.368896484375,-0.316650390625,1.006591796875,-25.390625,-258.6669921875,-220.947265625
0.3853759765625,-0.267822265625,0.99462890625,-27.77099609375,-287.78076171875,-255.92041015625
0.3721923828125,-0.2081298828125,0.9803466796875,-32.2265625,-326.35498046875,-190.12451171875
0.3851318359375,-0.1968994140625,1.003662109375,-37.29248046875,-374.755859375,-139.83154296875
0.353515625,-0.2379150390625,0.997802734375,-43.5791015625,-404.4189453125,-52.978515625
0.328125,-0.33740234375,0.9737548828125,-67.5048828125,-440.97900390625,15.5029296875
0.3572998046875,-0.498046875,1.1881103515625,-98.0224609375,-111.4501953125,56.0302734375
0.3751220703125,-0.5400390625,1.2869873046875,-98.93798828125,-30.1513671875,77.94189453125
0.374267578125,-0.65869140625,1.3369140625,-91.36962890625,101.01318359375,106.4453125
0.343505859375,-0.7060546875,1.3807373046875,-98.81591796875,201.72119140625,120.7275390625
0.2689208984375,-0.5064697265625,1.27587890625,-71.71630859375,243.46923828125,138.12255859375
0.3033447265625,-0.5865478515625,1.3685302734375,-59.2041015625,263.61083984375,155.33447265625
0.34912109375,-0.9757080078125,1.1259765625,-18.12744140625,252.50244140625,171.81396484375
0.5458984375,-1.061767578125,1.92431640625,20.5078125,246.64306640625,198.486328125
0.5128173828125,-0.8065185546875,1.8497314453125,40.71044921875,247.802734375,207.82470703125
0.47265625,-1.93603515625,1.3597412109375,61.09619140625,262.939453125,217.8955078125
0.2412109375,-1.9693603515625,0.9281005859375,53.7109375,285.46142578125,227.5390625
1.1614990234375,-2.0999755859375,0.673583984375,38.4521484375,318.9697265625,212.646484375
1.840576171875,-1.9144287109375,0.432373046875,20.69091796875,322.265625,202.1484375
2.3231201171875,-1.4620361328125,0.5020751953125,5.9814453125,319.76318359375,193.603515625
0.9859619140625,-1.0904541015625,0.573974609375,-8.85009765625,316.2841796875,185.9130859375
0.60205078125,-0.43701171875,0.6529541015625,-12.75634765625,314.27001953125,177.79541015625
0.2955322265625,-0.3438720703125,0.6939697265625,-17.63916015625,318.78662109375,167.66357421875
-0.156005859375,-0.3232421875,0.663818359375,-23.86474609375,320.49560546875,163.26904296875
-0.460693359375,-0.4072265625,0.703857421875,-34.48486328125,318.78662109375,146.05712890625
-0.3609619140625,-0.4583740234375,0.8016357421875,-39.48974609375,314.0869140625,133.23974609375
-0.1685791015625,-0.5211181640625,0.923583984375,-41.9921875,297.54638671875,108.58154296875
0.1102294921875,-0.498779296875,1.7269287109375,-39.97802734375,287.7197265625,101.62353515625
0.2705078125,-0.445068359375,1.85791015625,-31.8603515625,252.01416015625,88.31787109375
0.3505859375,-0.4000244140625,1.9544677734375,-19.83642578125,221.37451171875,56.396484375
0.2344970703125,-0.4869384765625,2.0347900390625,-18.24951171875,151.123046875,3.72314453125
0.2457275390625,-0.5704345703125,2.073486328125,-25.87890625,113.58642578125,-41.07666015625
0.3536376953125,-0.733642578125,1.8223876953125,-45.59326171875,76.47705078125,-78.55224609375
0.5325927734375,-0.9144287109375,1.511962890625,-122.0703125,28.4423828125,-86.9140625
1.2578125,-1.026123046875,0.7025146484375,-150.20751953125,-26.611328125,-98.81591796875
1.348388671875,-1.1060791015625,0.3267822265625,-143.798828125,-65.4296875,-85.205078125
1.4296875,-1.1405029296875,-0.544677734375,-105.16357421875,-81.97021484375,-105.52978515625
1.53759765625,-0.58984375,-0.6968994140625,-21.3623046875,-115.478515625,-123.9013671875
1.71533203125,0.064453125,-0.703369140625,62.1337890625,-166.6259765625,-103.94287109375
2.2391357421875,1.1649169921875,-0.53076171875,88.56201171875,-235.7177734375,-47.7294921875
2.425537109375,0.954345703125,-0.004150390625,75.25634765625,-267.578125,-39.97802734375
2.62841796875,0.4683837890625,0.708740234375,82.82470703125,-215.63720703125,-32.958984375
2.8572998046875,-0.033935546875,1.6031494140625,45.654296875,-186.21826171875,-26.30615234375
3.2935791015625,0.120849609375,1.00341796875,31.494140625,-168.0908203125,-25.7568359375
3.664794921875,0.493896484375,0.4456787109375,31.67724609375,-122.61962890625,-20.32470703125
3.6748046875,1.2076416015625,0.969482421875,11.16943359375,-87.2802734375,-19.34814453125
3.0869140625,-0.8963623046875,2.5001220703125,54.931640625,-70.73974609375,-12.8173828125
2.7529296875,0.3258056640625,1.5618896484375,58.89892578125,-48.52294921875,-8.97216796875
-0.0018310546875,0.3778076171875,1.0362548828125,48.33984375,-39.0625,-7.2021484375
-0.4171142578125,0.3262939453125,1.662109375,55.96923828125,-25.0244140625,-6.103515625
-1.0281982421875,-0.564697265625,1.223388671875,59.63134765625,-17.08984375,-7.62939453125
-0.4373779296875,-1.8623046875,0.9500732421875,35.2783203125,-18.37158203125,-9.21630859375
0.52587890625,-0.3594970703125,0.9788818359375,19.287109375,-22.03369140625,-11.474609375
1.601806640625,-0.093017578125,1.1077880859375,4.2724609375,-28.99169921875,-13.48876953125
1.2952880859375,-0.721435546875,1.083984375,-11.04736328125,-28.99169921875,-13.671875
1.07470703125,-0.55126953125,0.9217529296875,-14.5263671875,-26.85546875,-14.0380859375
1.3951416015625,-0.11865234375,0.9735107421875,-19.6533203125,-25.7568359375,-13.97705078125
0.7999267578125,-0.2491455078125,0.9034423828125,-20.08056640625,-25.32958984375,-13.73291015625
0.4385986328125,-0.5633544921875,0.8824462890625,-17.578125,-28.74755859375,-13.5498046875
0.6307373046875,-0.3358154296875,0.8834228515625,-15.0146484375,-29.78515625,-15.380859375
0.449462890625,-0.4730224609375,0.8570556640625,-13.427734375,-30.70068359375,-17.333984375
0.4443359375,-0.4468994140625,0.87939453125,-13.7939453125,-32.89794921875,-19.95849609375
0.337646484375,-0.4512939453125,0.8619384765625,-12.5732421875,-32.53173828125,-23.25439453125
0.3216552734375,-0.47021484375,0.831787109375,-11.474609375,-35.5224609375,-25.81787109375
0.310791015625,-0.531494140625,0.8580322265625,-8.7890625,-35.46142578125,-27.03857421875
0.271240234375,-0.483154296875,0.8314208984375,-7.99560546875,-32.77587890625,-27.64892578125
0.322021484375,-0.5057373046875,0.8414306640625,-4.150390625,-30.6396484375,-28.564453125
0.3345947265625,-0.4874267578125,0.7857666015625,-0.42724609375,-27.16064453125,-27.89306640625
0.3553466796875,-0.4241943359375,0.81640625,2.01416015625,-26.4892578125,-26.123046875
0.3165283203125,-0.42822265625,0.8094482421875,4.33349609375,-27.03857421875,-23.8037109375
0.2523193359375,-0.410888671875,0.768798828125,6.04248046875,-28.62548828125,-23.01025390625
0.3720703125,-0.5213623046875,0.7764892578125,7.62939453125,-31.92138671875,-23.3154296875
0.357666015625,-0.515625,0.7213134765625,8.9111328125,-36.07177734375,-25.146484375
0.36865234375,-0.533447265625,0.7073974609375,11.90185546875,-40.71044921875,-29.23583984375
0.3447265625,-0.5689697265625,0.774169921875,11.474609375,-46.2646484375,-34.85107421875
0.2781982421875,-0.5294189453125,0.812255859375,10.498046875,-53.466796875,-40.22216796875
0.38818359375,-0.50439453125,0.8302001953125,9.6435546875,-60.72998046875,-45.59326171875
0.370849609375,-0.4442138671875,0.843017578125,10.19287109375,-70.80078125,-49.31640625
0.401123046875,-0.453125,0.857666015625,12.6953125,-83.19091796875,-51.81884765625
0.4197998046875,-0.393310546875,0.8616943359375,16.11328125,-95.76416015625,-54.931640625
0.3826904296875,-0.378173828125,0.881591796875,17.27294921875,-110.04638671875,-61.82861328125
0.4022216796875,-0.3448486328125,0.863037109375,14.16015625,-126.03759765625,-72.75390625
0.3414306640625,-0.3861083984375,0.8997802734375,10.3759765625,-160.70556640625,-89.111328125
0.38330078125,-0.3961181640625,0.95166015625,5.615234375,-178.5888671875,-115.41748046875
0.40087890625,-0.439453125,0.9344482421875,1.220703125,-197.57080078125,-146.240234375
0.4007568359375,-0.50732421875,0.9656982421875,-10.43701171875,-219.42138671875,-165.58837890625
0.39453125,-0.501953125,0.9757080078125,-11.53564453125,-244.20166015625,-217.8955078125
0.3665771484375,-0.4810791015625,0.9761962890625,-11.04736328125,-265.9912109375,-273.37646484375
0.34228515625,-0.4639892578125,1.02294921875,-20.99609375,-324.0966796875,-281.79931640625
0.275146484375,-0.39306640625,1.0032958984375,-29.11376953125,-377.44140625,-159.24072265625
0.3265380859375,-0.3326416015625,1.061767578125,-38.2080078125,-419.98291015625,-77.08740234375
0.322998046875,-0.4189453125,1.0882568359375,-47.36328125,-442.626953125,11.3525390625
0.3111572265625,-0.5020751953125,1.17041015625,-61.21826171875,-433.04443359375,74.64599609375
0.3106689453125,-0.4515380859375,1.2515869140625,-80.74951171875,-87.70751953125,132.75146484375
0.371337890625,-0.6177978515625,1.5457763671875,-90.02685546875,27.9541015625,138.97705078125
0.3765869140625,-0.7286376953125,1.4249267578125,-78.06396484375,175.4150390625,147.03369140625
0.392578125,-0.6968994140625,1.02734375,-206.0546875,273.193359375,156.92138671875
0.40576171875,-0.4849853515625,1.230224609375,-131.04248046875,278.62548828125,168.64013671875
0.39013671875,-0.7413330078125,1.1239013671875,-64.697265625,281.55517578125,178.03955078125
0.527099609375,-1.19482421875,1.56884765625,37.353515625,294.86083984375,191.650390625
0.2666015625,-1.126953125,1.9559326171875,108.94775390625,311.09619140625,198.66943359375
0.1639404296875,-1.181640625,1.968017578125,75.62255859375,321.71630859375,204.52880859375
-0.1336669921875,-2.498779296875,1.1751708984375,45.654296875,326.84326171875,209.8388671875
1.3787841796875,-3.013671875,0.334716796875,25.87890625,312.01171875,209.28955078125
1.8978271484375,-2.8662109375,0.4449462890625,13.24462890625,307.6171875,206.298828125
1.8624267578125,-2.2080078125,0.568603515625,5.31005859375,306.70166015625,202.08740234375
2.7763671875,-0.0924072265625,0.5806884765625,2.13623046875,311.34033203125,196.47216796875
0.841796875,-0.2255859375,0.5194091796875,-0.244140625,311.09619140625,188.41552734375
0.7933349609375,-0.3743896484375,0.537353515625,-1.40380859375,311.4013671875,173.33984375
0.21923828125,-0.5361328125,0.7684326171875,-3.7841796875,312.07275390625,171.56982421875
-0.26220703125,-0.5400390625,0.8955078125,-9.27734375,310.60791015625,166.8701171875
0.15576171875,-0.5413818359375,1.0189208984375,-14.7705078125,304.50439453125,152.9541015625
0.31103515625,-0.5406494140625,1.1533203125,-18.00537109375,281.43310546875,127.197265625
0.2276611328125,-0.6016845703125,1.4658203125,-18.98193359375,271.78955078125,91.97998046875
0.2010498046875,-0.625,1.6019287109375,-20.263671875,254.2724609375,62.744140625
0.169189453125,-0.6485595703125,1.7054443359375,-42.724609375,229.55322265625,38.75732421875
0.47705078125,-0.7467041015625,1.780517578125,-48.40087890625,197.1435546875,9.33837890625
0.6446533203125,-0.81689453125,1.8741455078125,-52.79541015625,151.55029296875,-29.541015625
0.74267578125,-0.8900146484375,1.7447509765625,-51.8798828125,106.8115234375,-86.181640625
0.8275146484375,-0.9462890625,1.2913818359375,-54.8095703125,64.0869140625,-104.248046875
1.0670166015625,-0.9674072265625,0.7789306640625,-79.4677734375,25.93994140625,-87.95166015625
1.238525390625,-1.0302734375,0.2283935546875,-133.85009765625,-8.72802734375,-97.5341796875
1.3623046875,-0.9412841796875,-0.281005859375,-159.36279296875,-83.6181640625,-107.97119140625
1.4810791015625,-0.7703857421875,-0.778564453125,-138.61083984375,-81.60400390625,-133.11767578125
1.7052001953125,-0.2335205078125,-0.838623046875,-74.15771484375,-160.58349609375,-122.49755859375
2.60791015625,0.756591796875,-0.6922607421875,40.0390625,-234.7412109375,-80.9326171875
2.6385498046875,1.6953125,-0.4161376953125,99.42626953125,-305.84716796875,-50.78125
2.8037109375,1.5787353515625,0.2623291015625,77.45361328125,-218.8720703125,-42.05322265625
3.0301513671875,0.8546142578125,0.11328125,74.27978515625,-167.90771484375,-31.43310546875
3.2618408203125,-0.086669921875,2.1861572265625,44.189453125,-158.5693359375,-26.79443359375
3.302734375,-1.187744140625,0.3944091796875,30.517578125,-153.13720703125,-22.15576171875
