0.299560546875,-0.154052734375,0.9573974609375,-0.3662109375,-0.3662109375,0.244140625
0.2999267578125,-0.154052734375,0.957275390625,-0.42724609375,-0.30517578125,0.1220703125
0.2998046875,-0.1553955078125,0.9578857421875,-0.48828125,-0.06103515625,0.1220703125
0.2989501953125,-0.157958984375,0.9583740234375,-0.54931640625,-0.1220703125,0.06103515625
0.2991943359375,-0.157958984375,0.9586181640625,-0.6103515625,-0.30517578125,0.0
0.300048828125,-0.1553955078125,0.958740234375,-0.3662109375,-0.42724609375,0.0
0.3009033203125,-0.1534423828125,0.958740234375,-0.3662109375,-0.54931640625,0.06103515625
0.2994384765625,-0.1524658203125,0.9586181640625,-0.3662109375,-0.54931640625,0.1220703125
0.2974853515625,-0.15087890625,0.956787109375,-0.42724609375,-0.48828125,0.244140625
0.298583984375,-0.1507568359375,0.9571533203125,-0.54931640625,-0.42724609375,0.18310546875
0.2989501953125,-0.154296875,0.9578857421875,-0.54931640625,-0.3662109375,0.1220703125
0.299072265625,-0.1556396484375,0.9580078125,-0.6103515625,-0.18310546875,0.0
0.300537109375,-0.156005859375,0.958251953125,-0.67138671875,-0.18310546875,0.0
0.301513671875,-0.1556396484375,0.957763671875,-0.67138671875,-0.1220703125,0.06103515625
0.3018798828125,-0.1546630859375,0.9576416015625,-0.48828125,-0.06103515625,-0.1220703125
0.3017578125,-0.1551513671875,0.9580078125,-0.3662109375,-0.06103515625,0.0
0.3006591796875,-0.1544189453125,0.957763671875,-0.244140625,0.1220703125,0.18310546875
0.2979736328125,-0.1531982421875,0.9566650390625,-0.244140625,0.06103515625,0.18310546875
0.2969970703125,-0.1527099609375,0.957763671875,-0.1220703125,-0.18310546875,0.18310546875
0.2979736328125,-0.153564453125,0.9576416015625,-0.30517578125,-0.1220703125,0.06103515625
0.300048828125,-0.15478515625,0.957763671875,-0.06103515625,-0.06103515625,0.06103515625
0.3001708984375,-0.1573486328125,0.9583740234375,-0.06103515625,-0.06103515625,-0.1220703125
0.30029296875,-0.1578369140625,0.9571533203125,0.0,-0.06103515625,-0.18310546875
0.3013916015625,-0.155517578125,0.9576416015625,0.0,0.0,-0.06103515625
0.301513671875,-0.15478515625,0.9591064453125,-0.1220703125,0.0,0.18310546875
0.299560546875,-0.1551513671875,0.9583740234375,-0.30517578125,-0.1220703125,0.244140625
0.2998046875,-0.1566162109375,0.9576416015625,-0.18310546875,-0.1220703125,0.18310546875
0.300048828125,-0.1522216796875,0.9580078125,-0.18310546875,-0.42724609375,0.244140625
0.3001708984375,-0.1539306640625,0.9581298828125,-0.244140625,-0.42724609375,0.30517578125
0.2998046875,-0.1553955078125,0.957763671875,-0.3662109375,-0.3662109375,0.30517578125
0.299560546875,-0.1546630859375,0.95849609375,-0.3662109375,-0.30517578125,0.30517578125
0.2984619140625,-0.156005859375,0.9593505859375,-0.54931640625,-0.30517578125,0.18310546875
0.3004150390625,-0.15673828125,0.9588623046875,-0.48828125,-0.244140625,0.18310546875
0.2999267578125,-0.1571044921875,0.9591064453125,-0.48828125,-0.244140625,0.30517578125
0.29931640625,-0.1497802734375,0.9583740234375,-0.48828125,-0.18310546875,0.3662109375
0.298583984375,-0.1488037109375,0.95849609375,-0.54931640625,-0.06103515625,0.48828125
0.29833984375,-0.1551513671875,0.9583740234375,-0.6103515625,0.1220703125,0.79345703125
0.2998046875,-0.1552734375,0.9576416015625,-0.54931640625,0.48828125,1.03759765625
0.29931640625,-0.15478515625,0.9566650390625,-0.48828125,1.03759765625,1.15966796875
0.299560546875,-0.15478515625,0.95751953125,-0.48828125,1.220703125,1.52587890625
0.2991943359375,-0.15625,0.9581298828125,-0.3662109375,0.54931640625,1.64794921875
0.2972412109375,-0.1590576171875,0.9576416015625,-0.18310546875,0.54931640625,1.28173828125
0.2996826171875,-0.1593017578125,0.9564208984375,-0.18310546875,0.91552734375,1.15966796875
0.2998046875,-0.152099609375,0.955322265625,-0.18310546875,1.220703125,1.220703125
0.2991943359375,-0.1524658203125,0.9542236328125,0.0,0.91552734375,0.91552734375
0.298828125,-0.153076171875,0.95947265625,-0.18310546875,0.42724609375,0.48828125
0.2977294921875,-0.150390625,0.9583740234375,0.79345703125,0.244140625,0.42724609375
0.2978515625,-0.149169921875,0.9581298828125,0.18310546875,0.18310546875,0.30517578125
0.2994384765625,-0.1568603515625,0.9554443359375,-0.1220703125,0.1220703125,0.18310546875
0.2998046875,-0.14892578125,0.9595947265625,0.06103515625,0.30517578125,0.06103515625
0.3004150390625,-0.1507568359375,0.9632568359375,0.18310546875,0.42724609375,0.06103515625
0.3023681640625,-0.1566162109375,0.959228515625,0.30517578125,0.48828125,0.1220703125
0.3037109375,-0.1605224609375,0.965087890625,0.42724609375,0.6103515625,0.30517578125
0.29345703125,-0.1588134765625,0.9615478515625,0.67138671875,0.91552734375,0.3662109375
0.2969970703125,-0.1585693359375,0.961181640625,0.8544921875,1.0986328125,0.30517578125
0.29833984375,-0.16162109375,0.960205078125,0.9765625,1.220703125,0.244140625
0.2926025390625,-0.16015625,0.96044921875,1.3427734375,1.15966796875,0.18310546875
0.2928466796875,-0.1588134765625,0.960693359375,1.28173828125,1.03759765625,0.06103515625
0.289306640625,-0.1602783203125,0.9605712890625,1.3427734375,1.0986328125,0.0
0.29345703125,-0.1607666015625,0.961669921875,1.28173828125,1.0986328125,-0.1220703125
0.29638671875,-0.1568603515625,0.962646484375,1.28173828125,1.0986328125,-0.18310546875
0.2952880859375,-0.1575927734375,0.9615478515625,1.28173828125,1.0986328125,-0.30517578125
0.295654296875,-0.1549072265625,0.960693359375,1.40380859375,1.0986328125,-1.8310546875
0.29638671875,-0.1536865234375,0.9609375,1.40380859375,0.91552734375,-3.90625
0.294677734375,-0.1546630859375,0.9609375,1.46484375,-0.67138671875,-6.65283203125
0.2955322265625,-0.1573486328125,0.9619140625,1.46484375,-4.7607421875,-8.30078125
0.29541015625,-0.15771484375,0.96240234375,1.708984375,-12.63427734375,-10.25390625
0.293701171875,-0.1566162109375,0.9627685546875,3.35693359375,-16.9677734375,-12.02392578125
0.2943115234375,-0.1571044921875,0.9639892578125,3.2958984375,-23.92578125,-13.85498046875
0.292724609375,-0.1571044921875,0.96484375,2.74658203125,-30.45654296875,-17.2119140625
0.2894287109375,-0.156982421875,0.966552734375,1.64794921875,-36.2548828125,-22.88818359375
0.2894287109375,-0.1578369140625,0.968505859375,0.244140625,-43.27392578125,-28.01513671875
0.290771484375,-0.1611328125,0.9708251953125,-0.91552734375,-50.84228515625,-33.50830078125
0.2908935546875,-0.1632080078125,0.977783203125,-0.06103515625,-60.85205078125,-49.49951171875
0.290771484375,-0.16455078125,0.9915771484375,1.5869140625,-71.4111328125,-50.048828125
0.2904052734375,-0.168212890625,1.0,8.30078125,-95.8251953125,-42.48046875
0.2899169921875,-0.1673583984375,1.0118408203125,16.357421875,-95.8251953125,-23.0712890625
0.2879638671875,-0.1669921875,1.0247802734375,18.798828125,-89.66064453125,5.9814453125
0.283203125,-0.1744384765625,1.0509033203125,32.470703125,-78.43017578125,58.2275390625
0.2691650390625,-0.184814453125,1.076904296875,35.2783203125,-65.12451171875,35.64453125
0.2501220703125,-0.2032470703125,1.0902099609375,37.29248046875,-33.75244140625,23.37646484375
0.243408203125,-0.277587890625,1.159912109375,35.0341796875,41.80908203125,14.46533203125
0.2364501953125,-0.24267578125,1.2232666015625,29.541015625,60.302734375,8.60595703125
0.241455078125,-0.159423828125,1.306396484375,12.26806640625,75.74462890625,5.859375
0.2410888671875,-0.3328857421875,1.3428955078125,-31.31103515625,88.37890625,5.67626953125
0.2347412109375,-0.399169921875,1.3287353515625,-32.3486328125,98.81591796875,7.75146484375
0.230224609375,-0.57470703125,1.2188720703125,-32.77587890625,106.87255859375,11.474609375
0.221923828125,-0.8004150390625,1.311279296875,-35.2783203125,113.037109375,15.2587890625
0.2152099609375,-0.9617919921875,1.3328857421875,-37.7197265625,115.966796875,18.73779296875
0.2705078125,-0.8199462890625,1.32470703125,-38.818359375,114.8681640625,23.49853515625
0.1634521484375,-0.104736328125,1.3126220703125,-40.4052734375,109.55810546875,57.31201171875
-0.0423583984375,-0.1258544921875,1.307373046875,-42.236328125,102.05078125,69.03076171875
-0.2535400390625,-0.1513671875,1.29296875,-43.27392578125,71.77734375,89.4775390625
-0.4000244140625,-0.1790771484375,1.2647705078125,-43.701171875,68.4814453125,97.35107421875
-0.650634765625,-0.2342529296875,1.2073974609375,-45.10498046875,60.60791015625,102.23388671875
-0.4833984375,-0.2890625,1.12646484375,-41.93115234375,55.5419921875,104.06494140625
-0.3677978515625,-0.3228759765625,1.0592041015625,-40.1611328125,50.048828125,102.5390625
-0.2742919921875,-0.3492431640625,1.0272216796875,-32.470703125,46.7529296875,27.40478515625
-0.186279296875,-0.3714599609375,1.07763671875,-30.029296875,45.59326171875,13.48876953125
-0.091064453125,-0.376953125,1.083740234375,-26.9775390625,40.58837890625,1.03759765625
0.0018310546875,-0.3892822265625,1.036865234375,-22.4609375,44.3115234375,-29.9072265625
0.0816650390625,-0.455810546875,1.0001220703125,-18.24951171875,47.119140625,-42.48046875
0.1318359375,-0.4781494140625,0.9844970703125,-28.25927734375,41.3818359375,-45.47119140625
0.150634765625,-0.4202880859375,0.987548828125,-25.69580078125,29.78515625,-45.5322265625
0.16455078125,-0.3778076171875,0.97802734375,-21.54541015625,19.6533203125,-42.96875
0.1932373046875,-0.341552734375,0.948974609375,-16.05224609375,8.4228515625,-38.4521484375
0.37548828125,-0.3016357421875,0.9193115234375,-12.6953125,-3.41796875,-40.283203125
0.40966796875,-0.2274169921875,0.859375,-8.60595703125,-14.6484375,-62.56103515625
0.44140625,0.1783447265625,0.6793212890625,-3.72314453125,-36.56005859375,-31.25
0.4405517578125,0.1417236328125,0.5447998046875,2.86865234375,-88.43994140625,-30.94482421875
0.465087890625,0.1259765625,0.4932861328125,8.60595703125,-115.6005859375,-34.36279296875
0.509765625,0.056884765625,0.459716796875,19.47021484375,-98.9990234375,-29.296875
0.52783203125,-0.0399169921875,0.4517822265625,47.42431640625,-74.5849609375,-22.216796875
0.6046142578125,-0.08447265625,0.4560546875,52.1240234375,-72.021484375,-14.16015625
0.632568359375,-0.134521484375,0.2550048828125,36.4990234375,-62.1337890625,-9.8876953125
0.6436767578125,-0.1826171875,-0.2947998046875,22.705078125,-46.93603515625,-5.9814453125
0.7156982421875,-0.2269287109375,1.4910888671875,30.3955078125,-35.58349609375,-4.8828125
0.77099609375,-0.32568359375,1.51708984375,46.08154296875,-14.5263671875,-5.18798828125
0.811279296875,-0.19775390625,1.1673583984375,59.4482421875,-7.8125,-4.150390625
0.857421875,0.055908203125,1.088134765625,57.861328125,-9.09423828125,-4.39453125
0.9063720703125,0.1845703125,1.1925048828125,31.982421875,-8.36181640625,-6.89697265625
0.9522705078125,-0.178955078125,1.2279052734375,12.939453125,-6.591796875,-6.7138671875
0.9583740234375,-0.436279296875,1.1923828125,11.5966796875,-9.33837890625,-4.82177734375
1.0706787109375,-0.5452880859375,1.0841064453125,9.8876953125,-9.521484375,-3.23486328125
0.6641845703125,-0.4759521484375,0.9918212890625,5.7373046875,-10.498046875,-4.21142578125
0.633544921875,-0.2418212890625,0.967041015625,2.9296875,-17.76123046875,-4.08935546875
0.43212890625,-0.1885986328125,0.9862060546875,2.0751953125,-16.357421875,-6.2255859375
0.4271240234375,-0.1484375,0.96484375,-0.9765625,-15.07568359375,-6.77490234375
0.5816650390625,-0.1771240234375,0.97216796875,-5.615234375,-14.0380859375,-7.8125
0.601318359375,-0.145263671875,0.9813232421875,-3.41796875,-13.97705078125,-9.27734375
0.4991455078125,-0.1737060546875,0.97900390625,-3.90625,-14.892578125,-11.5966796875
0.414306640625,-0.1798095703125,0.9490966796875,-3.173828125,-16.29638671875,-11.04736328125
0.306884765625,-0.15625,0.9412841796875,-2.9296875,-17.822265625,-9.58251953125
0.2913818359375,-0.1429443359375,0.934814453125,-2.25830078125,-26.3671875,-9.765625
0.3148193359375,-0.1700439453125,0.9329833984375,-1.953125,-29.84619140625,-15.68603515625
0.2861328125,-0.1707763671875,0.93359375,-1.220703125,-43.15185546875,-18.73779296875
0.3011474609375,-0.1832275390625,0.935791015625,-2.13623046875,-54.8095703125,-21.42333984375
0.326171875,-0.1839599609375,0.9376220703125,-2.25830078125,-62.3779296875,-24.169921875
0.3302001953125,-0.184326171875,0.9364013671875,-1.40380859375,-71.2890625,-27.64892578125
0.3369140625,-0.187744140625,0.946533203125,1.220703125,-81.72607421875,-30.517578125
0.3485107421875,-0.1956787109375,0.950439453125,2.99072265625,-93.93310546875,-30.76171875
0.351318359375,-0.1939697265625,0.9512939453125,5.18798828125,-107.60498046875,-28.9306640625
0.35693359375,-0.1429443359375,0.95751953125,8.056640625,-122.1923828125,-28.4423828125
0.3553466796875,-0.1392822265625,0.9755859375,10.8642578125,-137.87841796875,-30.33447265625
0.3546142578125,-0.2003173828125,0.9825439453125,13.61083984375,-170.47119140625,-37.65869140625
0.3529052734375,-0.21337890625,0.99169921875,16.7236328125,-187.744140625,-50.10986328125
0.3543701171875,-0.214111328125,1.0078125,20.751953125,-229.1259765625,-57.6171875
0.3555908203125,-0.2103271484375,1.023193359375,31.73828125,-275.93994140625,-64.697265625
0.356201171875,-0.21142578125,1.0343017578125,38.26904296875,-301.69677734375,-71.35009765625
0.3636474609375,-0.2115478515625,1.0335693359375,51.8798828125,-327.94189453125,-77.7587890625
0.37255859375,-0.1824951171875,1.03173828125,64.39208984375,-353.45458984375,-89.35546875
0.397705078125,-0.13671875,1.0106201171875,64.75830078125,-374.81689453125,-84.16748046875
0.413818359375,-0.1173095703125,1.0474853515625,62.56103515625,-375.0,-58.10546875
0.4239501953125,-0.14501953125,1.0565185546875,66.83349609375,-384.521484375,-66.10107421875
0.43359375,-0.147216796875,1.048583984375,67.68798828125,-345.0927734375,-92.22412109375
0.4417724609375,-0.2066650390625,1.1029052734375,18.73779296875,-298.828125,-95.39794921875
0.4505615234375,-0.2208251953125,1.261962890625,-0.42724609375,-278.3203125,38.4521484375
0.4591064453125,-0.2122802734375,1.293701171875,-62.6220703125,-257.75146484375,77.33154296875
0.46484375,-0.2152099609375,1.32373046875,-106.93359375,72.265625,90.39306640625
0.4884033203125,-0.250732421875,1.2149658203125,-110.77880859375,150.390625,55.6640625
0.53271484375,-0.3419189453125,0.986083984375,-54.62646484375,181.21337890625,57.18994140625
0.5257568359375,-0.2518310546875,1.0611572265625,72.44873046875,250.54931640625,62.80517578125
0.526123046875,-0.0963134765625,1.0960693359375,42.05322265625,279.60205078125,73.05908203125
0.6163330078125,-0.076904296875,1.8114013671875,25.0244140625,304.99267578125,79.89501953125
0.8328857421875,-0.34521484375,2.8402099609375,-9.94873046875,325.50048828125,67.81005859375
0.8494873046875,-0.5467529296875,2.073486328125,-16.90673828125,335.02197265625,60.546875
0.9364013671875,-0.957763671875,1.36767578125,-15.869140625,281.8603515625,56.45751953125
0.863037109375,-0.9605712890625,1.0849609375,-14.16015625,273.13232421875,57.43408203125
0.740966796875,-0.6485595703125,1.1251220703125,-13.427734375,273.25439453125,62.80517578125
0.7069091796875,-0.447021484375,1.1060791015625,-21.78955078125,275.93994140625,68.05419921875
0.3017578125,-0.0924072265625,0.991455078125,-21.240234375,277.77099609375,72.509765625
1.3450927734375,-0.2257080078125,0.8177490234375,-19.8974609375,275.5126953125,74.5849609375
1.0299072265625,-0.2923583984375,0.6683349609375,-17.51708984375,269.34814453125,72.265625
0.4293212890625,-0.2572021484375,0.9029541015625,-17.15087890625,260.19287109375,48.828125
-0.08935546875,-0.171142578125,1.1026611328125,-18.1884765625,220.0927734375,30.33447265625
0.4114990234375,0.039306640625,1.21337890625,-22.27783203125,197.6318359375,7.4462890625
0.5267333984375,-0.0244140625,1.2293701171875,-24.90234375,178.52783203125,-15.80810546875
0.6539306640625,-0.1324462890625,1.2060546875,-23.92578125,159.11865234375,-33.63037109375
0.7445068359375,-0.2232666015625,1.177978515625,-40.283203125,140.31982421875,-42.8466796875
0.74609375,-0.2628173828125,1.1435546875,-64.94140625,123.6572265625,-45.2880859375
0.6123046875,-0.2520751953125,1.2593994140625,-84.228515625,107.60498046875,-45.83740234375
0.8707275390625,-0.2291259765625,1.055419921875,-104.06494140625,88.80615234375,-49.37744140625
1.0152587890625,-0.2369384765625,0.7308349609375,-119.44580078125,62.80517578125,-55.84716796875
1.1282958984375,-0.280517578125,0.626708984375,-121.64306640625,29.47998046875,-61.4013671875
1.1680908203125,-0.2392578125,0.531494140625,-103.02734375,-2.685546875,-64.02587890625
1.170166015625,0.07666015625,0.42822265625,-67.5048828125,-27.16064453125,-74.5849609375
1.1722412109375,0.2359619140625,0.300048828125,-30.029296875,-44.3115234375,-63.4765625
1.1387939453125,0.3616943359375,0.10009765625,-4.5166015625,-83.740234375,-23.49853515625
1.1636962890625,0.420654296875,-0.14208984375,2.0751953125,-167.236328125,-55.84716796875
1.48779296875,0.3604736328125,-0.28125,-2.50244140625,-181.70166015625,-56.5185546875
1.48779296875,0.2208251953125,-0.23388671875,7.8125,-160.15625,-46.875
1.5732421875,0.1068115234375,-0.051513671875,143.98193359375,-144.59228515625,-34.0576171875
1.6905517578125,0.0406494140625,0.0982666015625,97.16796875,-128.84521484375,-19.6533203125
1.8287353515625,0.009521484375,-0.109375,46.38671875,-94.05517578125,-14.404296875
2.0035400390625,-0.0428466796875,-0.1563720703125,30.029296875,-65.91796875,-12.20703125
2.1683349609375,-0.2476806640625,1.7464599609375,31.73828125,-61.279296875,-9.94873046875
2.2144775390625,-1.0167236328125,1.6455078125,59.4482421875,-40.22216796875,-9.8876953125
2.1375732421875,-0.5750732421875,1.520263671875,70.6787109375,-21.97265625,-9.82666015625
2.0107421875,0.0264892578125,1.539306640625,78.30810546875,-15.68603515625,-10.80322265625
1.8634033203125,0.4969482421875,1.617431640625,58.837890625,-12.3291015625,-7.87353515625
1.5780029296875,0.009765625,1.3736572265625,33.50830078125,-8.4228515625,-5.9814453125
1.101806640625,-0.5262451171875,1.2552490234375,22.27783203125,-2.0751953125,-5.9814453125
0.627685546875,-0.7481689453125,1.3125,15.56396484375,-2.685546875,-4.45556640625
0.1153564453125,-0.569091796875,1.1629638671875,16.11328125,-3.47900390625,-4.45556640625
0.766357421875,-0.24267578125,1.0316162109375,10.498046875,-5.126953125,-3.7841796875
0.7501220703125,-0.0872802734375,1.0086669921875,7.62939453125,-6.2255859375,-3.7841796875
0.8673095703125,-0.168701171875,1.0435791015625,6.77490234375,-6.40869140625,-4.39453125
1.0977783203125,-0.2008056640625,0.98291015625,4.150390625,-6.16455078125,-5.06591796875
0.724609375,-0.2012939453125,0.986083984375,3.84521484375,-5.859375,-5.31005859375
0.407470703125,-0.1650390625,0.9725341796875,0.67138671875,-5.55419921875,-5.18798828125
0.6015625,-0.1060791015625,0.9805908203125,0.6103515625,-5.18798828125,-4.82177734375
0.531494140625,-0.1351318359375,0.9752197265625,0.48828125,-4.8828125,-3.90625
0.376708984375,-0.1600341796875,0.968505859375,0.1220703125,-4.8828125,-2.8076171875
0.3507080078125,-0.1612548828125,0.964111328125,-0.732421875,-5.9814453125,-3.35693359375
0.3687744140625,-0.1693115234375,0.958984375,-1.64794921875,-9.33837890625,-4.57763671875
0.3328857421875,-0.1737060546875,0.9583740234375,-2.38037109375,-11.29150390625,-7.01904296875
0.2890625,-0.186279296875,0.955810546875,-3.41796875,-10.80322265625,-6.7138671875
0.2833251953125,-0.1893310546875,0.9559326171875,-7.01904296875,-9.46044921875,-6.8359375
0.3016357421875,-0.183349609375,0.9578857421875,-8.23974609375,-3.47900390625,-6.65283203125
0.30517578125,-0.1685791015625,0.9552001953125,-9.6435546875,-3.173828125,-6.4697265625
0.3089599609375,-0.1600341796875,0.957275390625,-3.90625,-5.06591796875,-7.14111328125
0.305908203125,-0.155029296875,0.949951171875,-2.44140625,-7.01904296875,-8.6669921875
0.3046875,-0.1536865234375,0.95654296875,-2.44140625,-7.6904296875,-9.8876953125
0.304443359375,-0.171142578125,0.9468994140625,-1.953125,-13.3056640625,-11.5966796875
0.30224609375,-0.1796875,0.93310546875,-2.25830078125,-17.02880859375,-12.6953125
0.3043212890625,-0.1961669921875,0.9500732421875,-1.708984375,-20.751953125,-13.48876953125
0.3048095703125,-0.1875,0.9576416015625,-0.732421875,-23.74267578125,-14.95361328125
0.3009033203125,-0.1798095703125,0.9556884765625,-0.1220703125,-28.38134765625,-16.29638671875
0.2935791015625,-0.17626953125,0.953857421875,0.732421875,-33.75244140625,-17.27294921875
0.296875,-0.170166015625,0.960205078125,0.54931640625,-39.97802734375,-18.73779296875
0.3143310546875,-0.1722412109375,0.96484375,0.0,-47.18017578125,-20.56884765625
0.316650390625,-0.1771240234375,0.96044921875,-0.18310546875,-54.6875,-22.8271484375
0.315673828125,-0.185546875,0.9598388671875,-0.67138671875,-63.232421875,-29.72412109375
0.30810546875,-0.1934814453125,0.967529296875,-1.5869140625,-73.05908203125,-31.92138671875
0.3128662109375,-0.1939697265625,0.9708251953125,-1.708984375,-94.970703125,-33.203125
0.311767578125,-0.1800537109375,0.9764404296875,-0.79345703125,-107.60498046875,-32.04345703125
0.3013916015625,-0.176513671875,0.9853515625,0.30517578125,-120.78857421875,-30.94482421875
0.2989501953125,-0.18017578125,0.994140625,6.591796875,-135.498046875,-34.66796875
0.2960205078125,-0.173828125,1.001708984375,10.31494140625,-168.212890625,-37.353515625
0.2998046875,-0.1776123046875,1.0140380859375,13.18359375,-206.0546875,-57.18994140625
0.29931640625,-0.188232421875,1.034912109375,17.39501953125,-226.13525390625,-69.2138671875
0.29931640625,-0.1915283203125,1.0394287109375,25.57373046875,-304.13818359375,-83.984375
0.3017578125,-0.2017822265625,1.046630859375,37.109375,-336.181640625,-98.0224609375
0.3011474609375,-0.2005615234375,1.0506591796875,45.71533203125,-364.07470703125,-105.65185546875
0.3089599609375,-0.1876220703125,1.051025390625,69.3359375,-389.404296875,-107.60498046875
0.31884765625,-0.16259765625,1.04150390625,72.93701171875,-395.20263671875,-103.08837890625
0.3287353515625,-0.1387939453125,1.053955078125,68.78662109375,-390.44189453125,-95.27587890625
0.338623046875,-0.1336669921875,1.145751953125,72.265625,-396.42333984375,-86.669921875
0.379638671875,-0.150634765625,1.1744384765625,54.19921875,-401.9775390625,-85.26611328125
0.4066162109375,-0.1785888671875,1.2474365234375,24.658203125,-386.5966796875,-93.1396484375
0.4150390625,-0.2738037109375,1.368408203125,4.21142578125,-349.42626953125,-101.13525390625
0.4197998046875,-0.3251953125,1.343505859375,-22.15576171875,-300.35400390625,-77.880859375
0.458740234375,-0.3924560546875,1.2945556640625,-59.814453125,-269.10400390625,45.654296875
0.4610595703125,-0.4088134765625,1.1715087890625,-85.14404296875,-189.94140625,93.75
0.4775390625,-0.3485107421875,0.95556640625,-116.69921875,99.4873046875,115.3564453125
0.479736328125,-0.2425537109375,0.7979736328125,-103.515625,197.93701171875,112.3046875
0.5106201171875,-0.114501953125,0.677490234375,-0.3662109375,233.642578125,96.923828125
0.7003173828125,-0.0079345703125,0.98876953125,50.23193359375,228.759765625,82.3974609375
0.8516845703125,0.040283203125,1.292236328125,46.7529296875,206.298828125,70.80078125
0.82421875,-0.1053466796875,2.1058349609375,51.7578125,184.326171875,62.01171875
0.84033203125,-0.385009765625,3.105224609375,58.53271484375,174.13330078125,55.96923828125
0.7041015625,-0.6160888671875,2.2330322265625,61.767578125,182.861328125,52.734375
0.53076171875,-1.2598876953125,1.297607421875,48.64501953125,209.5947265625,52.490234375
0.662109375,-1.43408203125,0.6112060546875,19.59228515625,239.501953125,55.419921875
0.6881103515625,-1.1392822265625,0.279052734375,-11.90185546875,263.5498046875,63.29345703125
0.613525390625,-0.79248046875,0.238525390625,-29.84619140625,278.74755859375,79.833984375
0.689453125,-0.4290771484375,0.4608154296875,-30.76171875,289.00146484375,86.5478515625
2.2650146484375,-0.1322021484375,0.782958984375,-23.86474609375,292.78564453125,90.576171875
1.8017578125,0.068115234375,1.02783203125,-15.9912109375,292.3583984375,89.7216796875
0.7767333984375,0.1531982421875,1.125244140625,-13.916015625,287.59765625,87.34130859375
0.0767822265625,0.091064453125,1.087890625,-14.46533203125,283.02001953125,81.6650390625
-0.3897705078125,-0.0755615234375,1.0086669921875,-12.75634765625,281.18896484375,90.39306640625
-0.553466796875,-0.218994140625,0.9229736328125,-12.8173828125,279.9072265625,92.4072265625
-0.433349609375,-0.27294921875,0.830810546875,-14.6484375,273.681640625,90.9423828125
-0.1436767578125,-0.254150390625,0.8408203125,-21.42333984375,251.64794921875,84.228515625
0.17919921875,-0.217529296875,0.90673828125,-22.27783203125,244.93408203125,78.857421875
0.3988037109375,-0.2169189453125,0.9893798828125,-20.44677734375,235.2294921875,70.6787109375
0.4693603515625,-0.1771240234375,1.0802001953125,-29.9072265625,228.6376953125,57.2509765625
0.4449462890625,-0.116455078125,1.2386474609375,-35.15625,217.041015625,35.82763671875
0.437744140625,-0.0509033203125,1.365234375,-28.4423828125,200.3173828125,7.32421875
0.4630126953125,-0.0296630859375,1.5740966796875,-24.2919921875,181.2744140625,-22.0947265625
0.49267578125,-0.16748046875,1.669921875,-26.55029296875,163.39111328125,-45.5322265625
0.5233154296875,-0.2593994140625,1.5274658203125,-37.353515625,144.8974609375,-65.00244140625
0.572998046875,-0.2730712890625,1.31005859375,-62.07275390625,122.13134765625,-72.69287109375
0.6522216796875,-0.2900390625,1.06689453125,-92.1630859375,51.45263671875,-81.0546875
0.75537109375,-0.3883056640625,0.838623046875,-111.6943359375,9.1552734375,-101.07421875
0.928955078125,-0.3607177734375,0.6519775390625,-112.9150390625,-22.4609375,-129.57763671875
0.970458984375,-0.2672119140625,0.4713134765625,-44.49462890625,-54.3212890625,-117.37060546875
1.072021484375,-0.0582275390625,0.2530517578125,5.126953125,-135.55908203125,-72.32666015625
1.2274169921875,0.2353515625,-0.019775390625,34.1796875,-198.18115234375,-72.69287109375
1.6011962890625,0.466064453125,-0.47705078125,27.52685546875,-214.9658203125,-38.818359375
1.7872314453125,0.609619140625,-0.42333984375,64.88037109375,-216.61376953125,-51.025390625
1.816650390625,0.6661376953125,-0.187255859375,117.431640625,-198.79150390625,-45.7763671875
1.8564453125,0.3966064453125,-0.2215576171875,72.021484375,-160.2783203125,-11.90185546875
1.9761962890625,0.248291015625,-0.8447265625,59.2041015625,-122.61962890625,-8.544921875
2.16552734375,0.1578369140625,-0.126953125,47.2412109375,-51.57470703125,-4.69970703125
2.3670654296875,-0.099609375,1.55224609375,41.1376953125,-30.94482421875,-5.126953125
2.5325927734375,-0.25830078125,1.6624755859375,51.26953125,-22.27783203125,-5.7373046875
2.4913330078125,-0.118408203125,2.0013427734375,60.6689453125,-12.51220703125,-4.39453125
2.3060302734375,-0.5390625,1.920166015625,39.1845703125,-11.474609375,-2.44140625
2.147216796875,-0.67578125,1.802490234375,24.90234375,-8.72802734375,-1.3427734375
1.75,0.38623046875,1.2825927734375,7.9345703125,-6.9580078125,-0.54931640625
1.3018798828125,0.179443359375,1.168212890625,5.06591796875,-7.14111328125,-0.06103515625
0.577880859375,-0.4205322265625,1.0511474609375,1.46484375,-7.6904296875,-0.18310546875
0.0087890625,0.0205078125,1.0291748046875,-0.30517578125,-7.99560546875,-0.244140625
0.62255859375,-0.1253662109375,1.0303955078125,-0.732421875,-8.544921875,-0.18310546875
1.1644287109375,-0.2281494140625,1.032470703125,-0.9765625,-8.4228515625,-1.03759765625
1.1385498046875,-0.1571044921875,1.017822265625,-1.89208984375,-8.9111328125,-1.3427734375
1.2203369140625,-0.1534423828125,0.99560546875,-2.62451171875,-9.82666015625,-2.0751953125
0.48583984375,-0.1097412109375,0.9825439453125,-3.2958984375,-9.765625,-2.99072265625
0.5352783203125,-0.1279296875,0.9732666015625,-3.47900390625,-10.31494140625,-3.72314453125
0.4105224609375,-0.159912109375,0.9625244140625,-2.62451171875,-10.55908203125,-4.0283203125
0.3607177734375,-0.1656494140625,0.9571533203125,-4.2724609375,-10.498046875,-3.7841796875
0.336669921875,-0.1820068359375,0.9637451171875,-3.84521484375,-10.009765625,-3.173828125
0.35595703125,-0.203125,0.9610595703125,-2.86865234375,-9.70458984375,-3.0517578125
0.3349609375,-0.2059326171875,0.951171875,-1.953125,-9.765625,-3.173828125
0.3143310546875,-0.20703125,0.9482421875,-1.64794921875,-10.3759765625,-3.41796875
0.3116455078125,-0.203125,0.94140625,-1.89208984375,-10.1318359375,-3.7841796875
0.306884765625,-0.202392578125,0.937744140625,-2.5634765625,-9.94873046875,-5.0048828125
0.307861328125,-0.2164306640625,0.9407958984375,-2.86865234375,-9.3994140625,-6.77490234375
0.3087158203125,-0.21826171875,0.94580078125,-2.9296875,-9.33837890625,-7.2021484375
0.3094482421875,-0.2060546875,0.950439453125,-2.25830078125,-8.1787109375,-7.14111328125
0.3109130859375,-0.1956787109375,0.9481201171875,-2.50244140625,-7.87353515625,-6.591796875
0.3023681640625,-0.1856689453125,0.9425048828125,-1.64794921875,-8.7890625,-6.04248046875
0.295654296875,-0.1854248046875,0.9398193359375,-0.54931640625,-9.27734375,-5.7373046875
0.2950439453125,-0.195556640625,0.937744140625,-0.732421875,-10.19287109375,-6.34765625
0.30029296875,-0.20556640625,0.9315185546875,-0.54931640625,-10.43701171875,-7.62939453125
0.3096923828125,-0.2059326171875,0.9339599609375,-0.48828125,-13.7939453125,-9.21630859375
0.3173828125,-0.2098388671875,0.937744140625,-0.6103515625,-17.63916015625,-9.58251953125
0.3173828125,-0.2138671875,0.9444580078125,-0.54931640625,-22.39990234375,-10.25390625
0.3228759765625,-0.20947265625,0.9443359375,-1.3427734375,-27.28271484375,-11.5966796875
0.3255615234375,-0.2005615234375,0.943603515625,-2.01416015625,-32.40966796875,-12.5732421875
0.3226318359375,-0.192626953125,0.9385986328125,-2.0751953125,-37.9638671875,-13.61083984375
0.323486328125,-0.1900634765625,0.9510498046875,-2.86865234375,-44.189453125,-15.07568359375
0.323974609375,-0.194091796875,0.9586181640625,-3.47900390625,-51.20849609375,-17.7001953125
0.32470703125,-0.2015380859375,0.960205078125,-3.84521484375,-59.2041015625,-21.78955078125
0.3280029296875,-0.203369140625,0.957763671875,-4.45556640625,-67.93212890625,-26.123046875
0.3341064453125,-0.20849609375,0.95849609375,-4.33349609375,-77.45361328125,-31.43310546875
0.3353271484375,-0.197509765625,0.9625244140625,-4.39453125,-88.19580078125,-35.94970703125
0.3349609375,-0.188232421875,0.966064453125,-3.173828125,-101.01318359375,-36.2548828125
0.335205078125,-0.1959228515625,0.970703125,-0.8544921875,-116.0888671875,-34.7900390625
0.3114013671875,-0.1976318359375,0.9776611328125,1.46484375,-133.4228515625,-34.60693359375
0.312744140625,-0.196044921875,0.9871826171875,3.47900390625,-151.9775390625,-38.02490234375
0.3123779296875,-0.199951171875,0.994873046875,4.82177734375,-171.2646484375,-41.68701171875
0.3145751953125,-0.2109375,1.0072021484375,6.4697265625,-242.73681640625,-44.98291015625
0.3175048828125,-0.2322998046875,1.024169921875,9.27734375,-275.146484375,-50.9033203125
0.3212890625,-0.2490234375,1.0390625,13.3056640625,-312.19482421875,-61.95068359375
0.3304443359375,-0.2562255859375,1.0491943359375,34.24072265625,-356.689453125,-78.91845703125
0.3349609375,-0.2540283203125,1.06005859375,40.4052734375,-401.123046875,-90.2099609375
0.335693359375,-0.2216796875,1.054931640625,47.05810546875,-430.23681640625,-81.35986328125
0.3492431640625,-0.1866455078125,1.1116943359375,47.54638671875,-429.8095703125,-74.03564453125
0.3653564453125,-0.1868896484375,1.1304931640625,45.59326171875,-404.6630859375,-55.60302734375
0.385498046875,-0.184326171875,1.1436767578125,55.6640625,-394.71435546875,-68.42041015625
0.4097900390625,-0.200927734375,1.147705078125,42.3583984375,-318.9697265625,-96.0693359375
0.416015625,-0.18505859375,1.37939453125,2.197265625,-288.818359375,-98.32763671875
0.435791015625,-0.1968994140625,1.3597412109375,-9.09423828125,-282.5927734375,-37.29248046875
0.4722900390625,-0.25146484375,1.2391357421875,-68.7255859375,-250.18310546875,7.26318359375
0.476806640625,-0.41015625,1.4102783203125,-114.44091796875,-139.5263671875,37.41455078125
0.48974609375,-0.52099609375,1.1846923828125,-129.45556640625,127.8076171875,53.64990234375
0.4605712890625,-0.384765625,0.7894287109375,-53.77197265625,201.23291015625,47.9736328125
0.439697265625,-0.2012939453125,1.13916015625,90.39306640625,242.7978515625,38.818359375
0.4051513671875,-0.1156005859375,1.355712890625,53.8330078125,242.5537109375,31.31103515625
0.6591796875,-0.1124267578125,2.001708984375,25.93994140625,236.81640625,29.84619140625
0.73876953125,-0.378662109375,3.0880126953125,15.07568359375,232.72705078125,33.14208984375
0.743896484375,-0.6033935546875,2.83349609375,27.587890625,241.2109375,37.04833984375
1.075439453125,-1.293212890625,2.01025390625,46.44775390625,258.97216796875,42.41943359375
0.836181640625,-1.5753173828125,0.9107666015625,52.6123046875,277.7099609375,47.119140625
0.582763671875,-0.8116455078125,0.600830078125,37.109375,294.12841796875,51.45263671875
0.429443359375,-0.61767578125,0.4891357421875,14.34326171875,305.11474609375,57.6171875
0.185546875,-0.42431640625,0.560791015625,3.2958984375,310.791015625,61.21826171875
1.61962890625,-0.3902587890625,0.717529296875,4.69970703125,315.24658203125,62.1337890625
2.80322265625,-0.320556640625,0.859619140625,9.27734375,309.4482421875,64.51416015625
0.9666748046875,-0.1705322265625,0.9320068359375,10.43701171875,297.7294921875,70.068359375
0.3543701171875,-0.072021484375,0.92236328125,9.46044921875,290.283203125,76.2939453125
-0.2000732421875,-0.1275634765625,0.866943359375,-1.28173828125,289.6728515625,82.94677734375
-0.2830810546875,-0.2783203125,0.7957763671875,-5.2490234375,291.748046875,90.2099609375
-0.24853515625,-0.3770751953125,0.7315673828125,-7.50732421875,290.58837890625,97.59521484375
-0.049560546875,-0.3785400390625,0.7174072265625,-14.404296875,285.7666015625,104.79736328125
0.2073974609375,-0.3243408203125,0.7589111328125,-20.44677734375,279.1748046875,110.16845703125
0.3878173828125,-0.2337646484375,0.88916015625,-22.03369140625,272.03369140625,110.9619140625
0.48583984375,-0.2713623046875,1.0435791015625,-21.1181640625,265.68603515625,106.26220703125
0.5501708984375,-0.364013671875,1.1263427734375,-21.05712890625,250.48828125,99.91455078125
0.573486328125,-0.359130859375,1.157470703125,-22.88818359375,242.73681640625,91.30859375
0.5833740234375,-0.3609619140625,1.1695556640625,-25.08544921875,237.79296875,80.87158203125
0.579833984375,-0.4080810546875,1.2039794921875,-31.18896484375,236.6943359375,68.29833984375
0.5894775390625,-0.471923828125,1.27587890625,-37.4755859375,237.12158203125,52.490234375
0.647705078125,-0.49462890625,1.36181640625,-42.48046875,233.94775390625,32.3486328125
0.762939453125,-0.4837646484375,1.491455078125,-42.78564453125,223.0224609375,6.4697265625
0.9033203125,-0.465576171875,1.573974609375,-40.95458984375,204.7119140625,-23.01025390625
0.9962158203125,-0.45263671875,1.650390625,-41.015625,184.50927734375,-47.36328125
1.0247802734375,-0.3524169921875,1.6510009765625,-48.27880859375,165.6494140625,-59.6923828125
1.02587890625,-0.3114013671875,1.526611328125,-66.22314453125,146.97265625,-63.4765625
1.0419921875,-0.3223876953125,1.28857421875,-94.54345703125,122.25341796875,-83.3740234375
1.0782470703125,-0.35009765625,1.0150146484375,-124.93896484375,85.63232421875,-63.53759765625
1.1175537109375,-0.3428955078125,0.781982421875,-144.83642578125,-45.47119140625,-23.01025390625
1.212158203125,-0.28955078125,0.58544921875,-139.58740234375,-108.33740234375,-42.6025390625
1.3251953125,-0.1666259765625,0.388427734375,-98.7548828125,-178.52783203125,-56.0302734375
1.5147705078125,0.0462646484375,0.1351318359375,42.8466796875,-231.201171875,-64.3310546875
1.712646484375,0.2987060546875,-0.1937255859375,48.52294921875,-240.6005859375,-69.27490234375
1.8515625,0.5194091796875,-0.506591796875,59.26513671875,-202.63671875,-42.48046875
1.89013671875,0.647216796875,-0.254150390625,79.40673828125,-177.001953125,-22.64404296875
1.8836669921875,0.6070556640625,0.5040283203125,61.82861328125,-148.62060546875,-13.18359375
1.941162109375,0.43896484375,1.036376953125,41.56494140625,-91.73583984375,-12.87841796875
2.1124267578125,0.189697265625,0.756103515625,32.5927734375,-66.162109375,-7.87353515625
2.3486328125,-1.23095703125,1.5950927734375,53.3447265625,-58.349609375,-4.638671875
2.58447265625,0.4423828125,2.09912109375,71.8994140625,-37.841796875,-7.568359375
2.747314453125,0.672607421875,1.7916259765625,75.62255859375,-25.32958984375,-8.85009765625
2.7586669921875,0.9368896484375,1.8856201171875,63.8427734375,-19.287109375,-9.46044921875
2.2117919921875,0.6448974609375,1.858642578125,40.8935546875,-13.5498046875,-7.14111328125
-0.048095703125,-0.091064453125,1.427734375,28.74755859375,-8.056640625,-5.79833984375
-0.49609375,-0.8824462890625,1.279296875,20.263671875,-7.080078125,-4.0283203125
0.15771484375,-0.895751953125,1.236083984375,12.3291015625,-7.568359375,-1.64794921875
0.9678955078125,-0.271240234375,1.078857421875,6.34765625,-7.50732421875,-1.77001953125
1.2705078125,0.0172119140625,1.0133056640625,7.568359375,-8.85009765625,-2.50244140625
1.08740234375,-0.150390625,1.001220703125,5.92041015625,-10.25390625,-3.90625
1.365234375,-0.2637939453125,1.0296630859375,2.197265625,-11.04736328125,-4.82177734375
1.4586181640625,-0.18310546875,1.0230712890625,-1.52587890625,-11.04736328125,-5.79833984375
0.648193359375,-0.1943359375,1.0059814453125,-1.8310546875,-10.19287109375,-6.16455078125
0.3829345703125,-0.0943603515625,0.986083984375,-1.5869140625,-8.9111328125,-6.40869140625
0.609130859375,-0.10302734375,0.9720458984375,-1.5869140625,-7.75146484375,-5.859375
0.4696044921875,-0.12060546875,0.951416015625,-1.5869140625,-7.50732421875,-5.18798828125
0.390380859375,-0.1319580078125,0.9473876953125,0.54931640625,-7.01904296875,-4.57763671875
0.3988037109375,-0.151611328125,0.9482421875,0.8544921875,-6.7138671875,-4.5166015625
0.3643798828125,-0.190673828125,0.94775390625,1.220703125,-6.40869140625,-5.0048828125
0.3682861328125,-0.199951171875,0.9432373046875,0.54931640625,-7.4462890625,-5.79833984375
0.3436279296875,-0.2088623046875,0.9443359375,-0.6103515625,-10.1318359375,-6.4697265625
0.333984375,-0.21435546875,0.9486083984375,-2.62451171875,-10.8642578125,-5.859375
0.3243408203125,-0.197509765625,0.946044921875,-3.60107421875,-10.55908203125,-7.9345703125
0.307861328125,-0.18505859375,0.9429931640625,-5.615234375,-12.3291015625,-8.36181640625
0.31201171875,-0.1812744140625,0.94189453125,-5.06591796875,-13.48876953125,-9.765625
0.321044921875,-0.1741943359375,0.9422607421875,-4.21142578125,-16.05224609375,-11.8408203125
0.332275390625,-0.17578125,0.9351806640625,-5.4931640625,-22.94921875,-14.7705078125
0.3466796875,-0.1795654296875,0.93408203125,-2.13623046875,-28.13720703125,-16.7236328125
0.3466796875,-0.1837158203125,0.937255859375,-2.5634765625,-34.24072265625,-18.6767578125
0.3499755859375,-0.180908203125,0.9346923828125,-2.13623046875,-40.58837890625,-20.263671875
0.34716796875,-0.190673828125,0.9449462890625,-1.03759765625,-56.0302734375,-25.93994140625
0.3380126953125,-0.18603515625,0.9453125,0.67138671875,-66.22314453125,-30.029296875
0.3326416015625,-0.180908203125,0.9501953125,1.28173828125,-89.41650390625,-32.1044921875
0.33203125,-0.193359375,0.9552001953125,-0.42724609375,-101.37939453125,-33.50830078125
0.3377685546875,-0.18798828125,0.96044921875,0.0,-115.6005859375,-32.958984375
0.3353271484375,-0.1961669921875,0.9664306640625,3.23486328125,-131.89697265625,-33.447265625
0.341796875,-0.2103271484375,0.9849853515625,6.34765625,-151.18408203125,-34.1796875
0.347412109375,-0.211181640625,0.999755859375,10.1318359375,-171.08154296875,-36.19384765625
0.337158203125,-0.1922607421875,1.0125732421875,13.61083984375,-192.68798828125,-38.87939453125
0.3385009765625,-0.185791015625,1.0191650390625,18.310546875,-214.05029296875,-43.3349609375
0.3250732421875,-0.193359375,1.03076171875,21.728515625,-240.1123046875,-48.7060546875
0.3193359375,-0.223876953125,1.0513916015625,27.9541015625,-272.4609375,-56.82373046875
0.322021484375,-0.2254638671875,1.0726318359375,35.400390625,-310.48583984375,-71.6552734375
0.3345947265625,-0.2078857421875,1.0799560546875,46.2646484375,-348.14453125,-88.80615234375
0.3426513671875,-0.1807861328125,1.0723876953125,55.84716796875,-385.3759765625,-99.7314453125
0.35595703125,-0.158447265625,1.0609130859375,64.0869140625,-421.7529296875,-96.8017578125
0.3984375,-0.154052734375,1.0875244140625,70.49560546875,-435.1806640625,-78.0029296875
0.4293212890625,-0.1580810546875,1.1429443359375,69.51904296875,-419.921875,-65.5517578125
0.4510498046875,-0.1728515625,1.1636962890625,71.96044921875,-397.15576171875,-89.2333984375
0.4542236328125,-0.1988525390625,1.179443359375,58.41064453125,-359.86328125,68.17626953125
0.4449462890625,-0.2056884765625,1.277099609375,25.7568359375,-154.96826171875,86.60888671875
0.45361328125,-0.2357177734375,1.4071044921875,-16.05224609375,209.41162109375,89.7216796875
0.4532470703125,-0.30078125,1.3961181640625,-62.56103515625,244.62890625,83.55712890625
0.4549560546875,-0.401611328125,1.4320068359375,134.1552734375,254.82177734375,76.47705078125
0.4697265625,-0.462158203125,1.1571044921875,22.705078125,257.26318359375,66.58935546875
0.4835205078125,-0.345703125,0.848876953125,3.7841796875,253.35693359375,59.75341796875
0.470703125,-0.217041015625,3.1131591796875,11.23046875,246.2158203125,62.43896484375
0.4287109375,-0.0762939453125,1.9141845703125,26.91650390625,256.65283203125,65.7958984375
0.571533203125,-0.00927734375,1.275390625,39.24560546875,274.96337890625,74.03564453125
0.7314453125,-1.6966552734375,0.8568115234375,49.9267578125,292.8466796875,69.9462890625
0.8026123046875,-0.64453125,0.55419921875,21.91162109375,309.814453125,81.97021484375
1.0113525390625,-0.5570068359375,0.4237060546875,4.21142578125,317.19970703125,85.9375
0.7723388671875,-0.50048828125,0.4378662109375,-5.06591796875,290.95458984375,90.6982421875
0.6575927734375,-0.4024658203125,0.552001953125,25.81787109375,292.41943359375,93.8720703125
2.7322998046875,-0.31884765625,0.857421875,34.11865234375,290.1611328125,98.08349609375
0.418212890625,-0.2459716796875,0.8797607421875,-47.607421875,282.28759765625,102.23388671875
0.0281982421875,-0.1473388671875,0.7545166015625,-16.41845703125,276.2451171875,104.67529296875
-0.133056640625,-0.21826171875,0.872802734375,-20.6298828125,271.240234375,103.759765625
-0.2099609375,-0.3265380859375,0.9542236328125,-19.04296875,264.70947265625,97.83935546875
-0.2139892578125,-0.45361328125,0.96533203125,-19.6533203125,244.93408203125,94.54345703125
-0.05859375,-0.2608642578125,1.034423828125,-22.8271484375,233.09326171875,89.90478515625
0.1451416015625,-0.26806640625,1.103515625,-26.30615234375,236.572265625,81.72607421875
0.561767578125,-0.44580078125,1.1776123046875,-33.69140625,241.943359375,69.76318359375
0.6046142578125,-0.3970947265625,1.2412109375,-44.49462890625,242.0654296875,54.931640625
0.788818359375,-0.44091796875,1.2801513671875,-47.66845703125,233.09326171875,36.376953125
0.694580078125,-0.4293212890625,1.399169921875,-46.56982421875,217.041015625,13.916015625
0.7647705078125,-0.416259765625,1.685546875,-43.51806640625,198.6083984375,-9.765625
0.9700927734375,-0.4129638671875,1.7567138671875,-44.7998046875,180.908203125,-28.13720703125
0.932861328125,-0.3978271484375,1.6558837890625,-54.931640625,161.865234375,-35.5224609375
0.9598388671875,-0.4351806640625,1.4144287109375,-74.89013671875,136.23046875,-40.34423828125
1.0045166015625,-0.4737548828125,1.134765625,-103.02734375,59.38720703125,-48.52294921875
1.0404052734375,-0.495361328125,0.9122314453125,-132.38525390625,8.60595703125,-46.08154296875
1.0506591796875,-0.46923828125,0.75,-148.3154296875,-36.43798828125,-24.47509765625
1.1038818359375,-0.3775634765625,0.556884765625,-86.5478515625,-142.88330078125,-12.6953125
1.4400634765625,-0.2325439453125,0.2764892578125,-14.7705078125,-192.93212890625,-48.828125
1.66015625,-0.0203857421875,-0.0604248046875,37.41455078125,-211.7919921875,-60.97412109375
1.784423828125,0.262939453125,-0.6534423828125,22.88818359375,-237.060546875,-74.21875
1.797607421875,0.5352783203125,-0.70166015625,167.6025390625,-232.11669921875,-70.86181640625
1.775390625,0.673095703125,-0.481201171875,109.80224609375,-203.91845703125,-38.87939453125
1.81396484375,0.3179931640625,0.1090087890625,109.06982421875,-174.560546875,-10.7421875
1.9595947265625,0.1434326171875,0.6954345703125,76.171875,-123.9013671875,-11.90185546875
2.16259765625,0.112060546875,1.3756103515625,55.23681640625,-42.78564453125,-4.94384765625
2.361083984375,-0.5782470703125,1.2830810546875,58.77685546875,-26.611328125,-8.23974609375
2.5787353515625,0.117431640625,1.7137451171875,92.59033203125,-16.9677734375,-10.7421875
2.79638671875,0.6090087890625,1.927978515625,65.91796875,-14.2822265625,-4.94384765625
2.5772705078125,1.041015625,1.92724609375,31.92138671875,-10.009765625,-4.08935546875
2.30322265625,1.293212890625,2.1617431640625,11.65771484375,-6.9580078125,-0.3662109375
1.5203857421875,0.7042236328125,1.45947265625,9.6435546875,-7.26318359375,-1.3427734375
-0.13720703125,-0.3876953125,1.1705322265625,7.62939453125,-10.80322265625,-4.33349609375
-0.2889404296875,-1.2618408203125,0.993896484375,2.197265625,-11.23046875,-4.57763671875
0.47119140625,0.32080078125,1.0048828125,2.44140625,-11.04736328125,-4.94384765625
1.106689453125,0.128662109375,0.9932861328125,-4.39453125,-9.033203125,-5.2490234375
1.132080078125,-0.203125,1.0260009765625,-4.0283203125,-8.85009765625,-5.31005859375
1.228759765625,-0.1968994140625,1.0008544921875,-4.5166015625,-9.1552734375,-5.31005859375
1.7255859375,-0.2158203125,0.9561767578125,-2.44140625,-9.3994140625,-5.9814453125
0.5364990234375,-0.0931396484375,0.95703125,-2.44140625,-9.82666015625,-6.7138671875
0.4007568359375,-0.1431884765625,0.9451904296875,-2.38037109375,-12.02392578125,-6.7138671875
0.349365234375,-0.1888427734375,0.9412841796875,-2.50244140625,-11.1083984375,-6.34765625
0.36083984375,-0.209228515625,0.9375,-3.72314453125,-9.94873046875,-6.7138671875
0.3338623046875,-0.200439453125,0.940185546875,-2.74658203125,-9.94873046875,-7.9345703125
0.3717041015625,-0.187744140625,0.9354248046875,-3.7841796875,-10.31494140625,-8.72802734375
0.336181640625,-0.1900634765625,0.941650390625,-4.5166015625,-10.1318359375,-9.1552734375
0.297607421875,-0.18701171875,0.946533203125,-4.33349609375,-12.39013671875,-9.6435546875
0.3074951171875,-0.183349609375,0.929931640625,-2.50244140625,-15.44189453125,-10.07080078125
0.332763671875,-0.184814453125,0.9305419921875,-1.28173828125,-19.6533203125,-10.55908203125
0.3245849609375,-0.18798828125,0.9373779296875,-0.91552734375,-24.47509765625,-13.427734375
0.3194580078125,-0.1912841796875,0.935546875,-1.15966796875,-29.96826171875,-14.6484375
0.3184814453125,-0.1873779296875,0.9351806640625,-1.40380859375,-36.19384765625,-16.11328125
0.323486328125,-0.183349609375,0.942626953125,-1.8310546875,-49.37744140625,-20.44677734375
0.328125,-0.19482421875,0.9493408203125,-2.01416015625,-57.373046875,-23.0712890625
0.333740234375,-0.199462890625,0.955078125,-1.5869140625,-76.416015625,-25.69580078125
0.3385009765625,-0.190673828125,0.958251953125,-2.13623046875,-87.21923828125,-27.64892578125
0.3489990234375,-0.1834716796875,0.9635009765625,-1.46484375,-99.9755859375,-28.74755859375
0.3529052734375,-0.180908203125,0.96630859375,1.15966796875,-114.19677734375,-28.4423828125
0.346435546875,-0.1781005859375,0.9725341796875,2.44140625,-129.7607421875,-30.2734375
0.33837890625,-0.181396484375,0.9830322265625,5.2490234375,-147.27783203125,-31.005859375
0.3299560546875,-0.1900634765625,1.0003662109375,8.4228515625,-165.34423828125,-34.1796875
0.3231201171875,-0.1947021484375,1.013671875,12.51220703125,-185.791015625,-37.7197265625
