0.5072021484375,-0.4541015625,0.7425537109375,1.15966796875,1.0986328125,-0.732421875
0.5091552734375,-0.452392578125,0.7427978515625,1.03759765625,1.220703125,-0.8544921875
0.5093994140625,-0.4493408203125,0.7418212890625,0.8544921875,1.40380859375,-0.79345703125
0.509521484375,-0.4482421875,0.7427978515625,0.54931640625,1.52587890625,-0.732421875
0.511474609375,-0.44677734375,0.744140625,0.42724609375,1.64794921875,-0.732421875
0.5142822265625,-0.445068359375,0.7479248046875,0.54931640625,1.89208984375,-1.0986328125
0.51611328125,-0.4461669921875,0.7501220703125,0.91552734375,2.44140625,-1.220703125
0.517822265625,-0.447509765625,0.7493896484375,1.8310546875,2.62451171875,-1.220703125
0.5184326171875,-0.4481201171875,0.7501220703125,1.953125,3.0517578125,-2.13623046875
0.516357421875,-0.45068359375,0.7508544921875,1.953125,2.9296875,-2.25830078125
0.513427734375,-0.44970703125,0.751953125,2.25830078125,2.99072265625,-2.197265625
0.508056640625,-0.4462890625,0.753662109375,2.86865234375,2.99072265625,-2.13623046875
0.50634765625,-0.4461669921875,0.7528076171875,2.74658203125,2.9296875,-2.13623046875
0.509033203125,-0.446533203125,0.7552490234375,2.50244140625,2.5634765625,-2.01416015625
0.5101318359375,-0.4466552734375,0.7589111328125,2.3193359375,2.38037109375,-1.64794921875
0.5096435546875,-0.445068359375,0.7598876953125,2.197265625,2.01416015625,-1.46484375
0.5089111328125,-0.44482421875,0.7603759765625,2.25830078125,1.708984375,-1.3427734375
0.5068359375,-0.4429931640625,0.76220703125,1.953125,1.3427734375,-1.28173828125
0.5059814453125,-0.4403076171875,0.7637939453125,1.64794921875,0.9765625,-1.0986328125
0.503173828125,-0.4375,0.76318359375,1.3427734375,0.6103515625,-0.8544921875
0.500732421875,-0.4376220703125,0.7652587890625,0.9765625,0.42724609375,-0.54931640625
0.5020751953125,-0.435546875,0.76611328125,0.732421875,0.3662109375,-0.18310546875
0.5030517578125,-0.43310546875,0.76708984375,0.67138671875,0.30517578125,0.06103515625
0.5009765625,-0.4332275390625,0.767333984375,0.54931640625,0.0,0.1220703125
0.5009765625,-0.431884765625,0.7669677734375,0.48828125,-0.42724609375,0.18310546875
0.50146484375,-0.432373046875,0.7655029296875,0.244140625,-0.91552734375,0.67138671875
0.4991455078125,-0.432373046875,0.7650146484375,-0.1220703125,-1.40380859375,0.732421875
0.4976806640625,-0.4305419921875,0.7657470703125,-0.48828125,-1.03759765625,0.67138671875
0.49658203125,-0.429443359375,0.7677001953125,-0.79345703125,-0.06103515625,0.67138671875
0.4979248046875,-0.428466796875,0.76953125,-0.67138671875,0.3662109375,0.6103515625
0.499755859375,-0.427734375,0.7691650390625,-0.42724609375,0.79345703125,0.67138671875
0.5008544921875,-0.4293212890625,0.7598876953125,-0.244140625,1.28173828125,0.67138671875
0.501953125,-0.431396484375,0.7586669921875,-0.1220703125,3.0517578125,0.732421875
0.5009765625,-0.431884765625,0.75732421875,0.06103515625,3.7841796875,0.732421875
0.4971923828125,-0.435546875,0.7589111328125,0.9765625,4.150390625,0.42724609375
0.495849609375,-0.436279296875,0.7587890625,1.46484375,4.0283203125,0.1220703125
0.4976806640625,-0.4368896484375,0.758544921875,1.708984375,3.84521484375,0.0
0.502685546875,-0.437255859375,0.76123046875,1.64794921875,3.72314453125,-0.1220703125
0.50341796875,-0.4373779296875,0.762451171875,1.5869140625,3.662109375,-0.18310546875
0.5035400390625,-0.43701171875,0.7652587890625,1.52587890625,3.60107421875,-0.244140625
0.505126953125,-0.435302734375,0.7669677734375,1.64794921875,3.5400390625,-0.244140625
0.50390625,-0.4354248046875,0.7672119140625,1.708984375,3.41796875,-0.244140625
0.503173828125,-0.43701171875,0.7684326171875,1.8310546875,3.41796875,-0.244140625
0.501953125,-0.4393310546875,0.7685546875,1.89208984375,3.41796875,-0.18310546875
0.50048828125,-0.438232421875,0.7691650390625,1.953125,3.60107421875,-0.18310546875
0.494873046875,-0.435302734375,0.77001953125,1.89208984375,3.72314453125,-0.244140625
0.492431640625,-0.43505859375,0.7698974609375,1.953125,3.7841796875,-0.3662109375
0.494873046875,-0.4345703125,0.7701416015625,1.89208984375,3.84521484375,-0.30517578125
0.4949951171875,-0.433349609375,0.770751953125,1.89208984375,3.72314453125,-0.1220703125
0.4942626953125,-0.4320068359375,0.771240234375,1.953125,3.662109375,-0.18310546875
0.493408203125,-0.4317626953125,0.7716064453125,2.01416015625,3.60107421875,-0.244140625
0.4935302734375,-0.4320068359375,0.772216796875,2.01416015625,3.5400390625,-0.18310546875
0.4930419921875,-0.4315185546875,0.773681640625,1.953125,3.47900390625,-0.1220703125
0.491943359375,-0.4317626953125,0.775634765625,1.89208984375,3.35693359375,-0.1220703125
0.49267578125,-0.431396484375,0.7779541015625,1.8310546875,3.2958984375,-0.1220703125
0.492431640625,-0.4310302734375,0.77880859375,1.77001953125,3.0517578125,-0.06103515625
0.4906005859375,-0.4283447265625,0.779052734375,1.77001953125,2.86865234375,0.06103515625
0.48974609375,-0.4278564453125,0.779296875,1.64794921875,2.62451171875,0.18310546875
0.4891357421875,-0.4285888671875,0.77978515625,1.5869140625,2.5634765625,0.244140625
0.48876953125,-0.42822265625,0.7811279296875,1.52587890625,2.50244140625,0.30517578125
0.4874267578125,-0.4276123046875,0.781982421875,1.40380859375,2.44140625,0.3662109375
0.483642578125,-0.4266357421875,0.781982421875,1.3427734375,2.5634765625,0.3662109375
0.4842529296875,-0.4261474609375,0.7818603515625,1.3427734375,2.74658203125,0.3662109375
0.484619140625,-0.42529296875,0.781982421875,1.40380859375,2.9296875,0.3662109375
0.483642578125,-0.424560546875,0.781982421875,1.40380859375,3.173828125,0.30517578125
0.4822998046875,-0.42431640625,0.7811279296875,1.52587890625,3.47900390625,0.18310546875
0.482421875,-0.423828125,0.7803955078125,1.77001953125,3.72314453125,-0.06103515625
0.4833984375,-0.4244384765625,0.7806396484375,1.953125,3.84521484375,-0.06103515625
0.4827880859375,-0.4256591796875,0.7808837890625,1.953125,3.7841796875,0.1220703125
0.48193359375,-0.4263916015625,0.7803955078125,1.953125,3.7841796875,-0.18310546875
0.4825439453125,-0.426513671875,0.7801513671875,1.89208984375,3.41796875,-0.67138671875
0.4825439453125,-0.4268798828125,0.78125,1.8310546875,2.3193359375,0.8544921875
0.4815673828125,-0.427001953125,0.7841796875,1.40380859375,8.23974609375,0.3662109375
0.4818115234375,-0.427001953125,0.785888671875,1.220703125,8.60595703125,0.244140625
0.482421875,-0.428466796875,0.7872314453125,5.615234375,8.544921875,0.1220703125
0.48193359375,-0.4268798828125,0.7943115234375,4.82177734375,8.85009765625,0.244140625
0.4791259765625,-0.4224853515625,0.7960205078125,4.0283203125,9.521484375,0.48828125
0.4764404296875,-0.4215087890625,0.781982421875,3.2958984375,8.9111328125,1.953125
0.4764404296875,-0.4266357421875,0.7923583984375,2.5634765625,4.39453125,2.685546875
0.4771728515625,-0.420654296875,0.7950439453125,1.708984375,4.2724609375,3.35693359375
0.4774169921875,-0.43017578125,0.7930908203125,0.06103515625,4.7607421875,4.57763671875
0.47705078125,-0.4259033203125,0.7967529296875,-0.732421875,5.9814453125,5.31005859375
0.4847412109375,-0.419921875,0.805908203125,-1.3427734375,6.77490234375,4.2724609375
0.4739990234375,-0.4168701171875,0.8045654296875,-1.77001953125,7.080078125,3.5400390625
0.4747314453125,-0.4140625,0.79931640625,-2.3193359375,6.9580078125,2.86865234375
0.4703369140625,-0.411376953125,0.7958984375,-1.220703125,6.65283203125,2.01416015625
0.4697265625,-0.4110107421875,0.796142578125,-0.67138671875,6.89697265625,1.5869140625
0.467529296875,-0.4091796875,0.804443359375,0.0,7.38525390625,1.46484375
0.4598388671875,-0.41162109375,0.794921875,0.79345703125,8.11767578125,1.40380859375
0.4671630859375,-0.41357421875,0.79541015625,1.64794921875,8.11767578125,1.64794921875
0.474609375,-0.4144287109375,0.7978515625,2.5634765625,8.056640625,2.0751953125
0.476806640625,-0.43798828125,0.7987060546875,2.44140625,8.11767578125,2.25830078125
0.477783203125,-0.439453125,0.798828125,1.64794921875,7.9345703125,2.8076171875
0.4642333984375,-0.4393310546875,0.803955078125,1.46484375,7.99560546875,2.99072265625
0.4300537109375,-0.432861328125,0.8114013671875,1.40380859375,8.4228515625,2.99072265625
0.4273681640625,-0.4278564453125,0.81396484375,0.48828125,8.6669921875,2.5634765625
0.4281005859375,-0.424560546875,0.8140869140625,0.30517578125,9.033203125,2.01416015625
0.436279296875,-0.4154052734375,0.814453125,0.67138671875,9.3994140625,1.46484375
0.441162109375,-0.4097900390625,0.8240966796875,1.77001953125,9.6435546875,1.220703125
0.438720703125,-0.4169921875,0.8221435546875,2.8076171875,9.6435546875,1.3427734375
0.4381103515625,-0.422119140625,0.814208984375,3.84521484375,9.33837890625,1.15966796875
0.44384765625,-0.3985595703125,0.8079833984375,4.21142578125,8.97216796875,1.28173828125
0.4427490234375,-0.40625,0.806640625,4.21142578125,8.7890625,1.40380859375
0.4359130859375,-0.4310302734375,0.810546875,4.33349609375,8.1787109375,1.52587890625
0.439697265625,-0.4439697265625,0.8155517578125,4.08935546875,7.01904296875,1.3427734375
0.4407958984375,-0.4449462890625,0.816162109375,3.23486328125,5.9814453125,1.03759765625
0.4368896484375,-0.4359130859375,0.8189697265625,2.50244140625,4.94384765625,0.79345703125
0.4296875,-0.4202880859375,0.8260498046875,2.38037109375,3.662109375,0.48828125
0.423095703125,-0.41943359375,0.8326416015625,2.38037109375,2.44140625,0.0
0.4207763671875,-0.427001953125,0.83251953125,2.13623046875,0.79345703125,-0.3662109375
0.4171142578125,-0.4195556640625,0.8309326171875,1.953125,-0.91552734375,-0.8544921875
0.4117431640625,-0.4129638671875,0.8316650390625,1.5869140625,-2.3193359375,-1.3427734375
0.41357421875,-0.416748046875,0.8309326171875,1.0986328125,-3.60107421875,-2.50244140625
0.4136962890625,-0.421142578125,0.8328857421875,0.91552734375,-5.55419921875,-4.57763671875
0.4073486328125,-0.4224853515625,0.836669921875,0.6103515625,-5.615234375,-4.57763671875
0.39990234375,-0.4276123046875,0.835205078125,0.6103515625,-5.37109375,-4.5166015625
0.39404296875,-0.42529296875,0.8326416015625,1.77001953125,-4.8828125,-4.33349609375
0.3880615234375,-0.4200439453125,0.8326416015625,1.708984375,-4.57763671875,-4.45556640625
0.3857421875,-0.4237060546875,0.8319091796875,1.03759765625,-4.39453125,-4.45556640625
0.3824462890625,-0.426025390625,0.8253173828125,0.8544921875,-4.45556640625,-4.33349609375
0.3804931640625,-0.4241943359375,0.82470703125,1.220703125,-4.69970703125,-4.33349609375
0.3831787109375,-0.4237060546875,0.8250732421875,1.03759765625,-5.0048828125,-4.45556640625
0.3841552734375,-0.4151611328125,0.82421875,0.67138671875,-5.615234375,-4.82177734375
0.387939453125,-0.41162109375,0.82568359375,0.42724609375,-6.53076171875,-5.37109375
0.392578125,-0.405029296875,0.827880859375,0.18310546875,-7.38525390625,-5.92041015625
0.415771484375,-0.40576171875,0.8277587890625,-0.3662109375,-8.36181640625,-6.9580078125
0.4183349609375,-0.4072265625,0.8280029296875,-1.0986328125,-9.8876953125,-7.9345703125
0.4224853515625,-0.404541015625,0.8292236328125,-2.197265625,-11.65771484375,-9.1552734375
0.4222412109375,-0.4029541015625,0.8292236328125,-3.23486328125,-13.36669921875,-10.80322265625
0.4229736328125,-0.401123046875,0.8275146484375,-3.72314453125,-15.31982421875,-11.77978515625
0.4244384765625,-0.4022216796875,0.8299560546875,-3.96728515625,-17.76123046875,-13.427734375
0.42236328125,-0.4039306640625,0.836669921875,-4.21142578125,-20.1416015625,-16.66259765625
0.41943359375,-0.4019775390625,0.8359375,-4.82177734375,-30.45654296875,-21.66748046875
0.415771484375,-0.4031982421875,0.8323974609375,-5.126953125,-46.9970703125,-24.35302734375
0.4139404296875,-0.4017333984375,0.8369140625,-9.1552734375,-58.53271484375,-27.4658203125
0.410888671875,-0.406982421875,0.8380126953125,-13.7939453125,-64.75830078125,-30.6396484375
0.4052734375,-0.423095703125,0.837646484375,-18.24951171875,-71.35009765625,-33.99658203125
0.4049072265625,-0.4227294921875,0.8604736328125,-18.85986328125,-77.2705078125,-37.78076171875
0.407958984375,-0.4254150390625,0.8494873046875,-19.71435546875,-84.28955078125,-39.85595703125
0.4046630859375,-0.4287109375,0.8377685546875,-18.5546875,-91.1865234375,-41.19873046875
0.41015625,-0.4163818359375,0.8372802734375,-17.7001953125,-99.2431640625,-43.15185546875
0.4205322265625,-0.409423828125,0.8336181640625,-19.22607421875,-108.33740234375,-46.630859375
0.418212890625,-0.422607421875,0.836669921875,-21.05712890625,-117.5537109375,-54.74853515625
0.41259765625,-0.4256591796875,0.8216552734375,-23.37646484375,-133.1787109375,-68.359375
0.4586181640625,-0.435302734375,0.8055419921875,-24.7802734375,-150.45166015625,-73.91357421875
0.4534912109375,-0.444580078125,0.8170166015625,-22.3388671875,-159.7900390625,-83.8623046875
0.4583740234375,-0.427734375,0.8284912109375,-11.962890625,-167.8466796875,-95.703125
0.4739990234375,-0.4110107421875,0.8294677734375,-3.7841796875,-174.31640625,-109.2529296875
0.4759521484375,-0.41015625,0.8253173828125,6.16455078125,-178.7109375,-119.384765625
0.4984130859375,-0.407470703125,0.8282470703125,14.404296875,-185.24169921875,-126.77001953125
0.5250244140625,-0.4053955078125,0.8360595703125,21.97265625,-193.2373046875,-131.89697265625
0.5247802734375,-0.4229736328125,0.880126953125,29.9072265625,-199.5849609375,-131.591796875
0.5205078125,-0.5360107421875,0.919921875,41.07666015625,-208.984375,-127.25830078125
0.5245361328125,-0.5819091796875,0.9619140625,47.607421875,-215.39306640625,-126.77001953125
0.52734375,-0.6290283203125,1.009033203125,46.2646484375,-215.27099609375,-132.62939453125
0.537353515625,-0.6815185546875,1.06298828125,40.10009765625,-206.787109375,-126.64794921875
0.58447265625,-0.7408447265625,1.0687255859375,20.44677734375,-181.884765625,-98.57177734375
0.6168212890625,-0.79931640625,1.0616455078125,9.46044921875,-92.6513671875,-55.60302734375
0.6807861328125,-0.84375,1.091552734375,7.8125,15.625,-39.24560546875
0.7586669921875,-0.8175048828125,1.1724853515625,-19.53125,22.52197265625,56.57958984375
0.8638916015625,-0.7646484375,1.2037353515625,-45.0439453125,27.64892578125,91.85791015625
1.0042724609375,-0.7060546875,1.3179931640625,-43.701171875,42.236328125,117.7978515625
1.1060791015625,-0.626953125,1.5927734375,-21.30126953125,47.18017578125,138.3056640625
1.1529541015625,-0.6185302734375,1.60400390625,-18.06640625,53.955078125,165.22216796875
1.1353759765625,-0.4893798828125,1.2982177734375,-15.380859375,115.234375,157.89794921875
1.0147705078125,-0.7269287109375,1.179931640625,-15.5029296875,133.056640625,146.728515625
0.9305419921875,-0.77880859375,1.1282958984375,-3.41796875,149.47509765625,135.07080078125
0.510498046875,-0.9547119140625,1.07177734375,1.5869140625,165.46630859375,124.93896484375
0.41796875,-0.8961181640625,1.0718994140625,4.45556640625,180.35888671875,115.17333984375
0.002685546875,-0.8328857421875,1.1256103515625,7.9345703125,205.56640625,115.17333984375
-0.51123046875,-0.695068359375,1.110595703125,12.451171875,215.51513671875,116.88232421875
-0.00146484375,-0.578369140625,1.100341796875,19.10400390625,223.5107421875,119.2626953125
-0.102783203125,-0.4029541015625,1.0885009765625,22.88818359375,230.40771484375,121.39892578125
-0.160888671875,-0.254638671875,1.070068359375,28.99169921875,236.81640625,122.13134765625
-0.0147705078125,-0.188720703125,1.048583984375,36.4990234375,242.67578125,121.7041015625
0.3759765625,-0.189453125,1.0489501953125,43.5791015625,247.86376953125,121.2158203125
0.4207763671875,-0.192138671875,1.0596923828125,49.49951171875,253.0517578125,122.86376953125
0.50830078125,-0.2034912109375,1.0828857421875,53.8330078125,251.5869140625,125.54931640625
0.5965576171875,-0.2503662109375,1.1119384765625,61.279296875,250.244140625,129.150390625
0.6590576171875,-0.310791015625,1.1417236328125,64.88037109375,245.2392578125,129.45556640625
0.7535400390625,-0.367431640625,1.16552734375,68.115234375,238.58642578125,126.28173828125
0.78955078125,-0.417236328125,1.1513671875,67.44384765625,227.9052734375,118.7744140625
0.8270263671875,-0.4732666015625,1.1326904296875,65.61279296875,214.2333984375,106.38427734375
0.8731689453125,-0.5389404296875,1.1102294921875,62.56103515625,203.125,91.00341796875
0.9224853515625,-0.69384765625,1.08984375,57.373046875,194.27490234375,39.48974609375
0.97314453125,-0.7752685546875,1.05078125,49.072265625,132.32421875,24.59716796875
1.02734375,-0.819091796875,0.9639892578125,36.19384765625,105.40771484375,-4.638671875
1.107666015625,-0.82080078125,0.8424072265625,-18.798828125,31.982421875,-20.99609375
1.1973876953125,-0.799560546875,0.70068359375,-21.54541015625,-9.033203125,-68.29833984375
1.3206787109375,-0.7431640625,0.4783935546875,-8.1787109375,-100.89111328125,-90.2099609375
1.4556884765625,-0.6873779296875,-0.3875732421875,-3.11279296875,-124.267578125,-84.9609375
1.583740234375,-0.641357421875,-0.6268310546875,9.6435546875,-143.85986328125,-79.16259765625
1.68408203125,-0.572509765625,-1.0225830078125,16.9677734375,-148.681640625,-55.60302734375
1.8079833984375,-0.2181396484375,-1.0155029296875,0.3662109375,-138.85498046875,-41.1376953125
2.00048828125,-0.146728515625,-0.8968505859375,17.2119140625,-116.63818359375,-2.44140625
2.1580810546875,-0.014404296875,-0.0604248046875,39.9169921875,-37.353515625,-4.2724609375
2.319091796875,-0.2236328125,1.7301025390625,26.85546875,-25.81787109375,-3.47900390625
2.408447265625,0.041015625,1.4136962890625,-30.70068359375,-11.3525390625,-3.11279296875
2.346435546875,-0.4033203125,1.62158203125,-18.49365234375,-15.19775390625,-1.708984375
2.1859130859375,-1.113525390625,1.3427734375,-8.85009765625,-20.56884765625,0.18310546875
2.2100830078125,-1.01953125,0.932373046875,-5.92041015625,-19.59228515625,1.89208984375
1.50634765625,-0.3685302734375,0.87646484375,-14.46533203125,-19.6533203125,3.0517578125
-0.1082763671875,-0.1925048828125,0.8836669921875,-20.08056640625,-18.6767578125,2.99072265625
0.933837890625,-0.6044921875,0.887939453125,-24.169921875,-18.5546875,1.64794921875
1.6112060546875,-0.6748046875,0.8974609375,-25.08544921875,-18.4326171875,-0.1220703125
1.2520751953125,-0.442138671875,0.8885498046875,-25.81787109375,-23.62060546875,0.54931640625
0.5589599609375,-0.4530029296875,0.8714599609375,-26.85546875,-26.67236328125,2.5634765625
0.575927734375,-0.3206787109375,0.8597412109375,-24.0478515625,-30.1513671875,4.150390625
0.5577392578125,-0.355224609375,0.862060546875,-25.20751953125,-36.0107421875,3.96728515625
0.3963623046875,-0.4075927734375,0.8536376953125,-27.4658203125,-36.376953125,1.77001953125
0.3775634765625,-0.427490234375,0.8560791015625,-25.87890625,-34.36279296875,-2.38037109375
0.3887939453125,-0.429931640625,0.846435546875,-21.728515625,-30.94482421875,-6.2255859375
0.4080810546875,-0.4306640625,0.8343505859375,-19.8974609375,-26.30615234375,-7.38525390625
0.4068603515625,-0.4190673828125,0.8115234375,-17.9443359375,-19.95849609375,-8.11767578125
0.396240234375,-0.4053955078125,0.7724609375,-15.56396484375,-9.46044921875,-11.5966796875
0.3922119140625,-0.406982421875,0.750732421875,-20.32470703125,-11.5966796875,-14.70947265625
0.387939453125,-0.4398193359375,0.7296142578125,-22.3388671875,-11.90185546875,-17.578125
0.391845703125,-0.4498291015625,0.715576171875,-14.83154296875,-19.8974609375,-18.798828125
0.3922119140625,-0.511962890625,0.7032470703125,-8.97216796875,-26.06201171875,-17.7001953125
0.410888671875,-0.5416259765625,0.7330322265625,-4.45556640625,-32.8369140625,-22.76611328125
0.43212890625,-0.535888671875,0.77392578125,-16.54052734375,-50.537109375,-24.96337890625
0.4324951171875,-0.4974365234375,0.7821044921875,-22.39990234375,-59.326171875,-27.7099609375
0.4281005859375,-0.50439453125,0.7945556640625,-23.681640625,-69.27490234375,-43.212890625
0.45166015625,-0.520751953125,0.8072509765625,-26.06201171875,-105.224609375,-45.8984375
0.4886474609375,-0.506103515625,0.8255615234375,-27.28271484375,-116.69921875,-47.54638671875
0.460205078125,-0.4539794921875,0.8382568359375,-37.353515625,-130.31005859375,-50.78125
0.42626953125,-0.4576416015625,0.8349609375,-38.57421875,-146.3623046875,-55.60302734375
0.4281005859375,-0.437255859375,0.819580078125,-41.19873046875,-164.6728515625,-65.185546875
0.442138671875,-0.4520263671875,0.8165283203125,-43.39599609375,-210.0830078125,-90.9423828125
0.4310302734375,-0.46484375,0.8182373046875,-45.34912109375,-260.7421875,-156.005859375
0.440185546875,-0.47998046875,0.82373046875,-60.11962890625,-288.57421875,-159.36279296875
0.4161376953125,-0.4954833984375,0.8328857421875,-79.28466796875,-281.6162109375,-152.2216796875
0.4224853515625,-0.478271484375,0.839599609375,-109.2529296875,-265.07568359375,-168.76220703125
0.4473876953125,-0.4581298828125,0.9052734375,-130.18798828125,-235.04638671875,-164.6728515625
0.490478515625,-0.47412109375,0.97119140625,-159.97314453125,-78.61328125,-94.90966796875
0.502197265625,-0.4755859375,1.2071533203125,-155.82275390625,-15.625,-45.5322265625
0.5113525390625,-0.52587890625,1.1810302734375,-117.5537109375,28.50341796875,-20.5078125
0.499267578125,-0.592529296875,1.401611328125,-109.2529296875,50.47607421875,-4.33349609375
0.489501953125,-1.054931640625,1.5872802734375,-61.21826171875,60.48583984375,4.39453125
0.4647216796875,-1.09033203125,1.8905029296875,-40.6494140625,60.72998046875,18.61572265625
0.45068359375,-1.5404052734375,1.7452392578125,-33.935546875,71.96044921875,37.2314453125
1.255859375,-1.5460205078125,1.6556396484375,-19.04296875,86.0595703125,52.18505859375
1.5615234375,-1.28369140625,1.538818359375,-0.42724609375,105.16357421875,65.3076171875
1.8392333984375,-1.5145263671875,1.242919921875,15.80810546875,128.41796875,73.6083984375
1.8060302734375,-1.3857421875,1.040283203125,29.541015625,146.30126953125,79.2236328125
0.41650390625,-0.8798828125,0.98291015625,34.5458984375,161.19384765625,86.12060546875
0.762451171875,-0.6983642578125,0.981201171875,35.15625,176.1474609375,94.23828125
-0.0172119140625,-0.710205078125,0.9903564453125,35.33935546875,191.7724609375,102.9052734375
-0.2933349609375,-0.629638671875,0.9586181640625,36.62109375,206.11572265625,111.14501953125
-0.474853515625,-0.5628662109375,0.8856201171875,39.85595703125,218.26171875,118.65234375
-0.35986328125,-0.4481201171875,0.841064453125,42.90771484375,228.1494140625,125.67138671875
-0.155029296875,-0.3162841796875,0.844482421875,44.43359375,236.51123046875,131.77490234375
-0.011962890625,-0.2628173828125,0.86669921875,45.22705078125,243.1640625,136.962890625
0.047119140625,-0.25,0.880859375,46.2646484375,249.6337890625,144.83642578125
0.03173828125,-0.2646484375,0.883544921875,47.91259765625,266.2353515625,147.03369140625
0.0126953125,-0.281982421875,0.8868408203125,50.72021484375,274.0478515625,147.216796875
0.071533203125,-0.27392578125,0.8946533203125,57.6171875,283.50830078125,143.5546875
0.1864013671875,-0.26123046875,0.910400390625,59.14306640625,295.83740234375,137.75634765625
0.281982421875,-0.2684326171875,0.9493408203125,58.349609375,309.08203125,133.30078125
0.336669921875,-0.291259765625,1.0516357421875,54.62646484375,319.3359375,134.765625
0.3797607421875,-0.32177734375,1.1224365234375,49.86572265625,321.83837890625,144.4091796875
0.4462890625,-0.37060546875,1.2193603515625,46.20361328125,314.453125,160.70556640625
0.51806640625,-0.465087890625,1.3165283203125,46.20361328125,297.9736328125,180.23681640625
0.58642578125,-0.5008544921875,1.376708984375,47.7294921875,271.78955078125,190.61279296875
0.6807861328125,-0.54443359375,1.3638916015625,50.23193359375,229.43115234375,205.99365234375
0.865966796875,-0.6165771484375,1.2764892578125,52.6123046875,205.26123046875,213.07373046875
0.9603271484375,-0.7330322265625,1.1456298828125,61.4013671875,169.3115234375,209.1064453125
1.1007080078125,-0.9158935546875,0.9873046875,54.19921875,133.30078125,189.14794921875
1.277587890625,-1.13427734375,0.881103515625,67.68798828125,107.5439453125,155.94482421875
1.4583740234375,-1.3255615234375,0.6881103515625,74.951171875,61.03515625,121.03271484375
1.6085205078125,-1.4478759765625,0.400634765625,82.09228515625,17.333984375,85.63232421875
1.7471923828125,-1.5252685546875,0.14111328125,90.75927734375,-27.9541015625,50.96435546875
1.90478515625,-1.2001953125,-0.2283935546875,80.078125,-76.47705078125,-0.732421875
2.078857421875,-0.9444580078125,-0.65673828125,53.03955078125,-129.21142578125,-47.30224609375
2.254150390625,-0.9442138671875,-1.08251953125,30.09033203125,-126.89208984375,-71.96044921875
2.59765625,-0.776611328125,-1.5247802734375,45.7763671875,-87.82958984375,-85.693359375
2.8868408203125,-0.6240234375,-1.7779541015625,42.54150390625,-163.330078125,-86.669921875
2.84423828125,-0.2694091796875,-1.654052734375,-18.37158203125,-150.634765625,-83.740234375
2.7677001953125,0.1661376953125,-1.13134765625,-38.4521484375,-146.54541015625,-73.79150390625
2.8798828125,0.3819580078125,-0.2518310546875,-26.0009765625,-151.18408203125,-55.23681640625
3.1348876953125,0.2198486328125,1.9595947265625,0.79345703125,-117.12646484375,-34.72900390625
3.2857666015625,0.1207275390625,0.996337890625,13.85498046875,-94.7265625,-14.5263671875
3.2183837890625,0.0184326171875,1.1090087890625,15.2587890625,-83.06884765625,-4.2724609375
2.946533203125,-0.8358154296875,1.4544677734375,5.43212890625,-36.7431640625,3.47900390625
2.8116455078125,-0.37109375,1.490234375,-7.6904296875,-24.23095703125,-0.8544921875
2.1142578125,-0.8323974609375,1.4451904296875,-30.029296875,-3.96728515625,-3.2958984375
-0.5792236328125,-0.738525390625,1.3221435546875,-17.9443359375,-6.04248046875,-2.99072265625
-0.142822265625,-0.400390625,1.1053466796875,-12.63427734375,-8.97216796875,-0.91552734375
0.8858642578125,-0.34912109375,1.0926513671875,-6.16455078125,-17.63916015625,1.28173828125
1.2586669921875,-0.3974609375,0.818115234375,-8.72802734375,-18.24951171875,2.9296875
1.2896728515625,-0.3770751953125,0.8695068359375,-11.90185546875,-19.22607421875,3.41796875
1.4638671875,-0.354736328125,0.8753662109375,-17.578125,-22.64404296875,2.5634765625
1.3028564453125,-0.596435546875,0.9046630859375,-21.8505859375,-22.88818359375,0.0
0.815673828125,-0.4056396484375,0.904296875,-23.25439453125,-19.8974609375,-6.65283203125
0.8511962890625,-0.4078369140625,0.8895263671875,-23.49853515625,-17.15087890625,-7.87353515625
0.541015625,-0.3587646484375,0.88330078125,-21.240234375,-16.78466796875,-6.9580078125
0.4825439453125,-0.344970703125,0.8729248046875,-23.37646484375,-19.59228515625,-7.080078125
0.3529052734375,-0.337890625,0.8489990234375,-30.517578125,-20.751953125,-7.9345703125
0.3419189453125,-0.3724365234375,0.845947265625,-34.0576171875,-22.88818359375,-9.09423828125
0.35546875,-0.3984375,0.851806640625,-33.14208984375,-23.8037109375,-10.7421875
0.36865234375,-0.4239501953125,0.8326416015625,-27.77099609375,-23.4375,-12.14599609375
0.3612060546875,-0.42333984375,0.8153076171875,-20.44677734375,-25.81787109375,-8.30078125
0.35546875,-0.392333984375,0.8072509765625,-14.2822265625,-28.076171875,-7.14111328125
0.365234375,-0.413818359375,0.7999267578125,-9.70458984375,-27.9541015625,-11.04736328125
0.3648681640625,-0.4271240234375,0.7998046875,-20.08056640625,-34.24072265625,-12.75634765625
0.3482666015625,-0.45263671875,0.80419921875,-21.728515625,-46.7529296875,-14.404296875
0.359130859375,-0.48388671875,0.8238525390625,-18.6767578125,-52.06298828125,-17.578125
0.3592529296875,-0.489990234375,0.8203125,-27.03857421875,-62.8662109375,-22.4609375
0.3665771484375,-0.4801025390625,0.822021484375,-29.84619140625,-72.69287109375,-27.28271484375
0.38232421875,-0.4271240234375,0.8447265625,-30.517578125,-81.6650390625,-31.3720703125
0.4061279296875,-0.408935546875,0.8355712890625,-32.40966796875,-92.529296875,-33.99658203125
0.416748046875,-0.4312744140625,0.8502197265625,-36.80419921875,-105.65185546875,-34.72900390625
0.4222412109375,-0.4434814453125,0.8592529296875,-41.93115234375,-119.81201171875,-34.5458984375
0.435302734375,-0.447265625,0.843017578125,-48.4619140625,-134.09423828125,-33.5693359375
0.4293212890625,-0.4573974609375,0.849609375,-54.5654296875,-146.30126953125,-33.75244140625
0.400634765625,-0.488525390625,0.8563232421875,-59.08203125,-160.82763671875,-38.0859375
0.4051513671875,-0.5032958984375,0.8463134765625,-61.58447265625,-178.22265625,-45.95947265625
0.4061279296875,-0.4901123046875,0.8499755859375,-63.53759765625,-199.15771484375,-57.4951171875
0.382568359375,-0.47265625,0.853271484375,-65.673828125,-224.4873046875,-72.509765625
0.4061279296875,-0.446044921875,0.8514404296875,-68.29833984375,-252.44140625,-97.412109375
0.408203125,-0.4197998046875,0.8590087890625,-71.96044921875,-282.71484375,-188.53759765625
0.4017333984375,-0.39697265625,0.8468017578125,-80.4443359375,-302.79541015625,-184.6923828125
0.4404296875,-0.3963623046875,0.8482666015625,-91.12548828125,-278.6865234375,-193.78662109375
0.4677734375,-0.4443359375,0.913330078125,-174.8046875,-242.431640625,-214.29443359375
0.4869384765625,-0.5140380859375,0.9979248046875,-178.466796875,-118.1640625,-166.8701171875
0.5028076171875,-0.6026611328125,1.0955810546875,-177.8564453125,-68.359375,-59.6923828125
0.484375,-0.6473388671875,1.3184814453125,-119.7509765625,6.53076171875,-10.009765625
0.4583740234375,-0.697021484375,1.53369140625,-108.88671875,68.603515625,15.56396484375
0.4486083984375,-0.8890380859375,1.7412109375,-78.06396484375,88.68408203125,23.62060546875
0.423095703125,-1.3033447265625,2.078125,-4.5166015625,90.75927734375,28.076171875
0.3873291015625,-1.7279052734375,1.7921142578125,6.77490234375,90.63720703125,38.6962890625
0.3929443359375,-1.7254638671875,1.80224609375,11.53564453125,106.0791015625,53.28369140625
1.7491455078125,-1.1995849609375,1.9232177734375,12.8173828125,130.0048828125,66.71142578125
1.9625244140625,-1.9022216796875,1.640869140625,17.51708984375,156.6162109375,79.345703125
1.8270263671875,-1.7900390625,1.29541015625,24.169921875,179.50439453125,90.02685546875
-0.006591796875,-1.5775146484375,1.1220703125,32.3486328125,195.3125,100.52490234375
1.4735107421875,-0.7919921875,1.09765625,37.29248046875,206.9091796875,111.572265625
0.287353515625,-0.5399169921875,1.080810546875,41.32080078125,215.63720703125,122.9248046875
-0.3292236328125,-0.4642333984375,1.071044921875,46.142578125,224.365234375,133.9111328125
-0.777587890625,-0.4771728515625,1.0406494140625,50.29296875,235.595703125,149.96337890625
-0.9384765625,-0.4930419921875,0.9866943359375,53.5888671875,261.29150390625,152.587890625
-0.6055908203125,-0.4188232421875,0.9344482421875,57.12890625,271.1181640625,152.52685546875
-0.2120361328125,-0.3262939453125,0.9119873046875,65.91796875,278.4423828125,153.3203125
-0.02587890625,-0.3062744140625,0.9366455078125,68.05419921875,286.07177734375,154.96826171875
-0.0042724609375,-0.3114013671875,0.9820556640625,67.44384765625,297.2412109375,153.62548828125
-0.03857421875,-0.3150634765625,1.0166015625,65.91796875,310.05859375,147.88818359375
-0.0040283203125,-0.330810546875,1.0247802734375,64.27001953125,322.8759765625,141.845703125
0.086181640625,-0.3681640625,1.0692138671875,62.43896484375,333.43505859375,140.13671875
0.1793212890625,-0.3946533203125,1.1612548828125,60.6689453125,338.19580078125,145.5078125
0.2972412109375,-0.3814697265625,1.263671875,60.24169921875,332.51953125,158.99658203125
0.4407958984375,-0.3795166015625,1.342529296875,61.21826171875,318.66455078125,160.70556640625
0.63916015625,-0.41015625,1.4056396484375,65.0634765625,284.5458984375,164.97802734375
0.7032470703125,-0.455322265625,1.4337158203125,69.27490234375,254.5166015625,194.88525390625
0.7843017578125,-0.501953125,1.39794921875,80.56640625,209.77783203125,207.94677734375
0.914794921875,-0.5887451171875,1.2996826171875,74.951171875,174.9267578125,214.53857421875
1.0738525390625,-0.75390625,1.151123046875,57.67822265625,131.89697265625,205.26123046875
1.225341796875,-0.9871826171875,1.0631103515625,54.8095703125,80.62744140625,182.6171875
1.377685546875,-1.23779296875,0.4969482421875,55.7861328125,53.16162109375,140.625
1.5323486328125,-1.4658203125,-0.0584716796875,50.35400390625,5.92041015625,81.11572265625
1.6571044921875,-1.641845703125,-0.142822265625,40.46630859375,-51.20849609375,29.4189453125
1.7998046875,-1.398193359375,-0.3951416015625,39.48974609375,-100.64697265625,-24.2919921875
2.0582275390625,-1.145263671875,-0.734375,42.96875,-149.169921875,-99.42626953125
2.368408203125,-1.0546875,-1.063232421875,41.80908203125,-129.0283203125,-134.82666015625
2.87890625,-0.722900390625,-1.362060546875,31.8603515625,-145.93505859375,-110.16845703125
3.2896728515625,-0.445556640625,-1.64208984375,-26.06201171875,-183.28857421875,-71.1669921875
3.23779296875,-0.2613525390625,-1.7061767578125,-32.958984375,-135.6201171875,-57.06787109375
3.012939453125,-0.059326171875,-1.6138916015625,-4.08935546875,-126.77001953125,1.40380859375
2.983642578125,0.23681640625,1.8482666015625,21.91162109375,-47.7294921875,-9.1552734375
3.140380859375,0.345703125,2.130615234375,20.93505859375,-37.29248046875,-11.23046875
3.225830078125,0.5185546875,1.2015380859375,-14.0380859375,-23.92578125,-9.8876953125
3.159423828125,-0.9317626953125,1.5123291015625,-0.79345703125,-26.3671875,-9.1552734375
3.0877685546875,-1.248291015625,1.5526123046875,2.62451171875,-16.4794921875,-6.8359375
3.1134033203125,-1.3028564453125,0.89404296875,2.9296875,-18.06640625,-7.01904296875
0.7626953125,-0.8936767578125,0.86572265625,-2.5634765625,-18.310546875,-4.5166015625
0.718994140625,-0.1549072265625,0.895263671875,-2.8076171875,-15.93017578125,-3.5400390625
1.438232421875,-0.752685546875,0.886962890625,-3.96728515625,-13.85498046875,-3.173828125
1.90869140625,-0.4981689453125,0.8583984375,-7.87353515625,-12.39013671875,-4.0283203125
1.5733642578125,-0.39990234375,0.854736328125,-10.92529296875,-17.08984375,-3.84521484375
0.532470703125,-0.4254150390625,0.85791015625,-13.24462890625,-17.39501953125,-2.9296875
0.464599609375,-0.41748046875,0.84814453125,-22.216796875,-20.5078125,-2.50244140625
0.5760498046875,-0.4591064453125,0.8502197265625,-26.06201171875,-21.484375,-1.0986328125
0.523681640625,-0.4161376953125,0.851318359375,-26.123046875,-26.42822265625,-1.89208984375
0.50048828125,-0.4041748046875,0.884521484375,-27.2216796875,-31.79931640625,-3.84521484375
0.4088134765625,-0.3870849609375,0.8560791015625,-31.25,-33.87451171875,-6.2255859375
0.4144287109375,-0.3887939453125,0.8516845703125,-31.18896484375,-37.9638671875,-9.765625
0.44189453125,-0.3636474609375,0.8408203125,-25.57373046875,-37.17041015625,-10.1318359375
0.4306640625,-0.352294921875,0.83837890625,-20.751953125,-34.912109375,-9.82666015625
0.41796875,-0.3531494140625,0.8291015625,-20.93505859375,-34.423828125,-11.29150390625
0.384765625,-0.3668212890625,0.8260498046875,-24.90234375,-34.423828125,-15.2587890625
0.4146728515625,-0.3944091796875,0.8150634765625,-27.83203125,-35.70556640625,-27.77099609375
0.41064453125,-0.419189453125,0.7850341796875,-27.34375,-40.34423828125,-34.5458984375
0.401611328125,-0.4256591796875,0.762939453125,-23.98681640625,-45.8984375,-40.58837890625
0.374267578125,-0.4461669921875,0.75732421875,-18.61572265625,-57.373046875,-46.0205078125
0.3809814453125,-0.4544677734375,0.7694091796875,-19.6533203125,-85.205078125,-47.607421875
0.41845703125,-0.452392578125,0.785400390625,-22.94921875,-101.1962890625,-48.9501953125
0.4317626953125,-0.4683837890625,0.793212890625,-35.2783203125,-117.24853515625,-49.62158203125
0.4490966796875,-0.4915771484375,0.8502197265625,-39.61181640625,-166.9921875,-50.10986328125
0.4605712890625,-0.5174560546875,0.863525390625,-43.27392578125,-183.2275390625,-49.1943359375
0.453125,-0.5220947265625,0.8966064453125,-47.8515625,-198.3642578125,-64.63623046875
0.447021484375,-0.5123291015625,0.8984375,-49.62158203125,-247.13134765625,-84.8388671875
0.432373046875,-0.46337890625,0.8873291015625,-58.349609375,-271.91162109375,-114.92919921875
0.4349365234375,-0.4207763671875,0.8389892578125,-65.91796875,-294.7998046875,-156.3720703125
0.3988037109375,-0.41259765625,0.8275146484375,-69.51904296875,-314.3310546875,-201.2939453125
0.423583984375,-0.3885498046875,0.825439453125,-77.0263671875,-315.24658203125,-224.365234375
0.4371337890625,-0.3580322265625,0.9010009765625,-78.43017578125,-314.27001953125,-218.68896484375
0.442626953125,-0.3538818359375,0.9476318359375,-74.64599609375,-318.29833984375,-207.21435546875
0.4703369140625,-0.4288330078125,0.9937744140625,-71.77734375,-323.8525390625,-201.72119140625
0.48779296875,-0.65478515625,1.091064453125,-93.994140625,-306.33544921875,-205.2001953125
0.49609375,-0.77490234375,1.220947265625,-119.140625,-268.9208984375,-193.05419921875
0.496826171875,-0.934326171875,1.2635498046875,-131.7138671875,-218.8720703125,-193.603515625
0.4642333984375,-1.15380859375,1.123291015625,-130.06591796875,-152.2216796875,-80.87158203125
0.4388427734375,-1.36279296875,1.19873046875,-127.01416015625,16.66259765625,-30.517578125
0.4798583984375,-1.3255615234375,1.5010986328125,-101.37939453125,69.03076171875,7.9345703125
0.6328125,-1.1668701171875,1.686279296875,-100.7080078125,78.61328125,64.8193359375
1.0146484375,-1.2193603515625,1.9378662109375,-38.63525390625,74.8291015625,86.48681640625
1.4881591796875,-1.5531005859375,2.0155029296875,-19.6533203125,81.11572265625,111.38916015625
1.7362060546875,-1.7039794921875,1.6029052734375,-4.150390625,99.7314453125,128.23486328125
1.9105224609375,-1.5015869140625,1.5103759765625,14.6484375,123.71826171875,137.75634765625
2.073974609375,-1.0941162109375,1.4324951171875,28.564453125,153.564453125,140.380859375
2.0047607421875,-1.5645751953125,1.225341796875,35.15625,181.21337890625,139.22119140625
1.4029541015625,-1.5660400390625,1.020751953125,31.67724609375,203.4912109375,139.83154296875
0.140380859375,-1.06982421875,0.9969482421875,26.79443359375,220.3369140625,143.4326171875
0.4918212890625,-0.828369140625,0.9942626953125,24.2919921875,233.154296875,154.6630859375
-0.328857421875,-0.768310546875,1.005859375,22.8271484375,256.2255859375,159.85107421875
-0.533447265625,-0.5921630859375,0.9852294921875,23.3154296875,267.2119140625,163.818359375
-0.80126953125,-0.3931884765625,0.9271240234375,31.92138671875,276.42822265625,165.771484375
-0.29833984375,-0.2437744140625,0.890869140625,37.59765625,283.38623046875,166.56494140625
-0.057373046875,-0.2333984375,0.89453125,44.0673828125,289.6728515625,166.748046875
0.06201171875,-0.2235107421875,0.9610595703125,50.1708984375,306.7626953125,161.07177734375
0.1109619140625,-0.1851806640625,0.9996337890625,55.35888671875,321.6552734375,148.98681640625
0.15234375,-0.177490234375,1.02978515625,58.9599609375,336.669921875,123.9013671875
0.2113037109375,-0.2427978515625,1.0621337890625,56.396484375,357.2998046875,109.68017578125
0.2777099609375,-0.2711181640625,1.1129150390625,52.490234375,303.7109375,142.7001953125
0.3580322265625,-0.288330078125,1.29296875,36.31591796875,243.65234375,162.65869140625
0.5538330078125,-0.310546875,1.378173828125,55.908203125,195.9228515625,183.59375
0.6363525390625,-0.346923828125,1.431640625,26.611328125,157.16552734375,190.0634765625
0.703857421875,-0.38525390625,1.2381591796875,36.19384765625,102.783203125,178.28369140625
0.7740478515625,-0.439697265625,0.73291015625,40.46630859375,54.931640625,153.50341796875
0.8663330078125,-0.55029296875,0.1881103515625,46.38671875,27.89306640625,109.43603515625
1.1541748046875,-1.183837890625,0.0452880859375,39.6728515625,-38.75732421875,68.42041015625
1.3485107421875,-1.1541748046875,-0.1859130859375,35.5224609375,-98.81591796875,29.6630859375
1.5189208984375,-0.6942138671875,-0.4759521484375,51.513671875,-165.83251953125,-83.31298828125
1.9876708984375,-0.910888671875,-0.88623046875,63.4765625,-180.23681640625,-154.47998046875
2.73876953125,-0.61328125,-1.2569580078125,53.52783203125,-108.0322265625,-111.38916015625
3.1119384765625,-0.4517822265625,-1.5386962890625,33.447265625,-166.32080078125,-55.35888671875
3.301025390625,-0.292236328125,-1.7183837890625,13.427734375,-122.1923828125,-41.56494140625
3.1214599609375,-0.1717529296875,-1.8282470703125,2.50244140625,-116.51611328125,-40.83251953125
2.8887939453125,0.031982421875,1.58349609375,22.94921875,-98.388671875,-37.53662109375
3.008544921875,0.311767578125,2.58349609375,26.91650390625,-50.35400390625,-4.638671875
3.12646484375,0.4974365234375,1.35498046875,8.7890625,-48.15673828125,-5.55419921875
3.064208984375,0.10107421875,1.1893310546875,-14.892578125,-49.4384765625,-14.404296875
3.0450439453125,-0.1611328125,1.26513671875,-15.68603515625,-23.92578125,-9.765625
3.231201171875,-0.82421875,1.3795166015625,-5.4931640625,-31.31103515625,-8.23974609375
2.442138671875,-1.3609619140625,1.1993408203125,-1.8310546875,-21.6064453125,-7.01904296875
1.7279052734375,-0.369140625,0.8612060546875,-0.732421875,-27.4658203125,-5.9814453125
1.529541015625,0.3936767578125,0.826171875,-5.859375,-28.25927734375,-5.126953125
1.5703125,-0.1470947265625,0.8946533203125,-13.18359375,-27.03857421875,-4.45556640625
1.236572265625,-0.8426513671875,0.8970947265625,-16.7236328125,-25.69580078125,-4.21142578125
1.056640625,-0.554931640625,0.8485107421875,-19.47021484375,-25.146484375,-4.638671875
1.26806640625,-0.3173828125,0.8779296875,-22.39990234375,-25.146484375,-4.638671875
0.75341796875,-0.462158203125,0.8624267578125,-24.658203125,-27.83203125,-3.72314453125
0.3734130859375,-0.4564208984375,0.8514404296875,-26.67236328125,-32.2265625,-2.44140625
0.5218505859375,-0.4256591796875,0.8466796875,-28.74755859375,-36.80419921875,-2.50244140625
0.540771484375,-0.3916015625,0.84521484375,-30.3955078125,-41.6259765625,-4.57763671875
0.4169921875,-0.395263671875,0.8543701171875,-29.84619140625,-47.607421875,-5.7373046875
0.41943359375,-0.39697265625,0.868896484375,-31.92138671875,-51.57470703125,-5.43212890625
0.4395751953125,-0.4000244140625,0.8709716796875,-34.48486328125,-56.640625,-7.32421875
0.44384765625,-0.39501953125,0.862548828125,-32.53173828125,-59.2041015625,-10.498046875
0.439453125,-0.38427734375,0.8450927734375,-33.3251953125,-58.837890625,-12.75634765625
0.4298095703125,-0.3912353515625,0.8328857421875,-30.21240234375,-57.18994140625,-14.95361328125
0.4132080078125,-0.3887939453125,0.8265380859375,-27.77099609375,-52.6123046875,-16.7236328125
0.40673828125,-0.4012451171875,0.800537109375,-26.30615234375,-48.828125,-18.4326171875
0.417724609375,-0.432861328125,0.7781982421875,-26.06201171875,-45.7763671875,-23.8037109375
0.43359375,-0.417724609375,0.761474609375,-27.34375,-42.1142578125,-28.62548828125
0.4229736328125,-0.4383544921875,0.7276611328125,-29.84619140625,-44.49462890625,-38.14697265625
0.4222412109375,-0.4715576171875,0.6973876953125,-23.92578125,-55.48095703125,-41.6259765625
0.4481201171875,-0.46826171875,0.6761474609375,-20.8740234375,-64.51416015625,-41.93115234375
0.457763671875,-0.4776611328125,0.6611328125,-22.705078125,-74.8291015625,-40.46630859375
0.455322265625,-0.481201171875,0.69287109375,-25.7568359375,-84.41162109375,-40.0390625
0.4759521484375,-0.492919921875,0.72216796875,-30.70068359375,-94.482421875,-39.61181640625
0.5169677734375,-0.4969482421875,0.7667236328125,-36.19384765625,-104.6142578125,-39.73388671875
0.5325927734375,-0.5289306640625,0.777099609375,-38.330078125,-117.12646484375,-38.818359375
0.5360107421875,-0.516845703125,0.7789306640625,-38.6962890625,-131.103515625,-42.6025390625
0.530517578125,-0.490966796875,0.7884521484375,-39.794921875,-171.2646484375,-51.3916015625
0.5125732421875,-0.451416015625,0.79296875,-45.34912109375,-195.86181640625,-64.75830078125
0.50244140625,-0.41162109375,0.792236328125,-54.3212890625,-222.2900390625,-86.3037109375
0.510498046875,-0.398681640625,0.7933349609375,-57.31201171875,-250.9765625,-115.17333984375
0.533203125,-0.3980712890625,0.7904052734375,-62.56103515625,-277.89306640625,-154.052734375
0.5509033203125,-0.39794921875,0.8087158203125,-72.509765625,-301.08642578125,-191.650390625
0.5440673828125,-0.386962890625,0.8287353515625,-81.72607421875,-309.87548828125,-218.3837890625
0.5418701171875,-0.39208984375,0.8609619140625,-89.9658203125,-315.3076171875,-217.7734375
0.5469970703125,-0.52099609375,0.8966064453125,-93.75,-272.8271484375,-190.49072265625
0.5391845703125,-0.58447265625,0.9615478515625,-97.65625,-164.0625,-176.1474609375
0.5345458984375,-0.6453857421875,1.142333984375,-116.88232421875,-144.287109375,-115.90576171875
0.5281982421875,-0.7569580078125,1.3638916015625,-90.88134765625,-83.31298828125,-28.4423828125
0.51806640625,-0.8909912109375,1.4072265625,-71.10595703125,0.18310546875,4.94384765625
0.5079345703125,-1.0750732421875,1.80810546875,-83.31298828125,46.9970703125,35.400390625
0.5098876953125,-1.3001708984375,2.0916748046875,-63.720703125,69.27490234375,55.908203125
0.5029296875,-1.3779296875,1.999755859375,3.173828125,84.1064453125,67.07763671875
0.5732421875,-1.859619140625,1.8143310546875,11.90185546875,89.9658203125,105.95703125
0.949951171875,-1.2503662109375,1.52490234375,12.939453125,220.5810546875,109.130859375
1.5201416015625,-1.5999755859375,1.4603271484375,10.7421875,235.7177734375,114.80712890625
2.092529296875,-1.70703125,1.3922119140625,15.13671875,245.849609375,122.9248046875
-0.0223388671875,-1.6485595703125,1.1263427734375,16.05224609375,254.82177734375,131.591796875
1.19580078125,-1.4517822265625,0.9320068359375,19.83642578125,262.5732421875,139.95361328125
1.993408203125,-0.7958984375,0.8211669921875,23.98681640625,271.78955078125,146.728515625
0.1583251953125,-0.529541015625,0.7830810546875,26.123046875,282.77587890625,150.45166015625
-0.4049072265625,-0.3974609375,0.7886962890625,25.2685546875,294.43359375,150.146484375
-0.4254150390625,-0.18115234375,0.8209228515625,22.88818359375,302.490234375,147.76611328125
-0.6968994140625,-0.1746826171875,0.8602294921875,21.8505859375,306.5185546875,145.8740234375
-0.5933837890625,-0.170166015625,0.9119873046875,23.86474609375,309.26513671875,145.8740234375
0.083984375,-0.1632080078125,0.9625244140625,28.3203125,312.07275390625,148.01025390625
0.1334228515625,-0.135498046875,0.974853515625,33.63037109375,315.0634765625,149.169921875
0.2252197265625,-0.1151123046875,0.9549560546875,40.283203125,319.39697265625,153.01513671875
0.335693359375,-0.1170654296875,0.934326171875,45.59326171875,315.61279296875,161.43798828125
0.4488525390625,-0.132568359375,0.938720703125,46.2646484375,303.22265625,176.20849609375
0.5970458984375,-0.1610107421875,0.97802734375,42.724609375,280.33447265625,207.70263671875
0.7630615234375,-0.1951904296875,1.0330810546875,40.10009765625,135.92529296875,203.43017578125
0.8902587890625,-0.279052734375,1.0640869140625,35.82763671875,68.7255859375,179.19921875
0.954345703125,-0.4202880859375,0.997314453125,37.353515625,34.66796875,132.62939453125
1.0091552734375,-0.57958984375,0.855224609375,84.16748046875,-3.84521484375,92.83447265625
1.0968017578125,-0.9971923828125,0.7041015625,75.439453125,-37.7197265625,64.208984375
1.232421875,-1.245361328125,-0.019287109375,67.3828125,-84.9609375,41.80908203125
1.3824462890625,-1.467529296875,-0.4635009765625,59.14306640625,-143.00537109375,14.46533203125
1.65283203125,-1.6192626953125,-0.7930908203125,58.837890625,-231.62841796875,-29.72412109375
1.814697265625,-0.732666015625,-1.1767578125,50.29296875,-224.365234375,-134.27734375
1.9791259765625,-0.3721923828125,-1.3443603515625,32.2265625,-116.88232421875,-119.32373046875
2.312255859375,-0.2413330078125,-1.3533935546875,31.494140625,-146.66748046875,-73.42529296875
2.9742431640625,-0.153564453125,-1.5169677734375,43.8232421875,-112.12158203125,-45.2880859375
2.868896484375,-0.083251953125,-1.673583984375,4.638671875,-86.12060546875,-34.72900390625
2.70654296875,-0.05712890625,0.75927734375,26.3671875,-44.00634765625,-4.82177734375
2.647705078125,0.0859375,2.5950927734375,37.59765625,-36.1328125,-6.77490234375
2.6480712890625,0.2220458984375,1.6129150390625,16.17431640625,-12.26806640625,0.1220703125
2.62451171875,-0.371337890625,1.1448974609375,5.0048828125,-20.56884765625,-4.39453125
2.802001953125,0.1173095703125,1.3470458984375,-2.38037109375,-13.48876953125,-2.685546875
2.406494140625,-0.0113525390625,1.2911376953125,-8.056640625,-13.61083984375,-5.18798828125
2.1875,-1.474365234375,0.879638671875,-7.4462890625,-27.03857421875,-4.8828125
2.0172119140625,-0.7686767578125,0.94384765625,-11.77978515625,-26.67236328125,-6.7138671875
1.5367431640625,0.146240234375,0.901123046875,-21.30126953125,-22.3388671875,-7.50732421875
1.648681640625,-0.4144287109375,0.86181640625,-23.4375,-21.66748046875,-7.87353515625
1.8895263671875,-0.103515625,0.8623046875,-22.03369140625,-22.39990234375,-6.89697265625
1.4158935546875,-0.3720703125,0.8616943359375,-22.15576171875,-23.86474609375,-5.06591796875
0.4642333984375,-0.39599609375,0.818115234375,-22.4609375,-27.28271484375,-4.39453125
0.7012939453125,-0.36669921875,0.8275146484375,-23.25439453125,-36.376953125,-4.33349609375
0.4547119140625,-0.4310302734375,0.836181640625,-24.84130859375,-39.306640625,-5.55419921875
0.4678955078125,-0.44873046875,0.8348388671875,-27.34375,-43.64013671875,-7.9345703125
0.4232177734375,-0.4267578125,0.835693359375,-25.87890625,-41.44287109375,-7.6904296875
0.37060546875,-0.4202880859375,0.8387451171875,-24.23095703125,-39.306640625,-12.63427734375
0.4464111328125,-0.40673828125,0.8275146484375,-26.123046875,-37.78076171875,-15.625
0.433837890625,-0.386474609375,0.822021484375,-33.3251953125,-40.58837890625,-16.6015625
0.4317626953125,-0.3857421875,0.773681640625,-27.16064453125,-41.56494140625,-18.00537109375
0.4437255859375,-0.404541015625,0.75537109375,-24.4140625,-44.25048828125,-24.4140625
0.4578857421875,-0.4124755859375,0.75,-25.57373046875,-53.16162109375,-31.1279296875
0.4598388671875,-0.4520263671875,0.7462158203125,-26.611328125,-74.76806640625,-34.60693359375
0.4404296875,-0.451904296875,0.734375,-22.216796875,-69.3359375,-36.31591796875
0.470703125,-0.488037109375,0.7252197265625,-20.8740234375,-76.59912109375,-36.68212890625
0.4805908203125,-0.5162353515625,0.740478515625,-18.98193359375,-86.42578125,-37.53662109375
0.488037109375,-0.496337890625,0.766357421875,-22.8271484375,-96.86279296875,-39.0625
0.474609375,-0.4835205078125,0.781494140625,-28.4423828125,-107.72705078125,-40.6494140625
0.4609375,-0.49462890625,0.7886962890625,-32.53173828125,-118.1640625,-42.8466796875
0.4771728515625,-0.485107421875,0.78515625,-35.2783203125,-128.173828125,-47.30224609375
0.48876953125,-0.46923828125,0.7860107421875,-37.841796875,-151.2451171875,-53.22265625
0.482177734375,-0.452880859375,0.779296875,-39.61181640625,-170.0439453125,-62.6220703125
0.492431640625,-0.4302978515625,0.771484375,-49.31640625,-192.9931640625,-77.08740234375
0.500244140625,-0.420166015625,0.761962890625,-52.8564453125,-217.041015625,-172.66845703125
0.5250244140625,-0.4290771484375,0.748291015625,-55.60302734375,-268.49365234375,-195.6787109375
0.526123046875,-0.4322509765625,0.7723388671875,-59.14306640625,-271.54541015625,-191.34521484375
0.531982421875,-0.43701171875,0.801025390625,-70.9228515625,-272.3388671875,-180.0537109375
0.52880859375,-0.435546875,0.8663330078125,-74.89013671875,-275.146484375,-180.0537109375
0.5225830078125,-0.4398193359375,0.95556640625,-97.2900390625,-232.0556640625,-182.7392578125
0.5269775390625,-0.5419921875,1.1656494140625,-126.77001953125,-197.08251953125,-179.50439453125
0.549560546875,-0.6104736328125,1.2005615234375,-130.06591796875,-152.9541015625,-165.0390625
0.5758056640625,-0.6922607421875,1.092041015625,-134.21630859375,-110.04638671875,-139.6484375
0.5380859375,-1.2215576171875,1.1221923828125,-128.90625,-72.75390625,-70.1904296875
0.5054931640625,-1.1885986328125,1.5616455078125,-106.3232421875,-13.24462890625,-24.7802734375
0.48046875,-1.035400390625,1.718017578125,-106.75048828125,34.11865234375,11.5966796875
