0.099853515625,-0.1400146484375,1.00537109375,-0.1220703125,-0.3662109375,0.06103515625
0.099853515625,-0.1397705078125,1.00537109375,-0.1220703125,-0.30517578125,0.0
0.0997314453125,-0.139892578125,1.0048828125,-0.1220703125,-0.30517578125,0.0
0.1004638671875,-0.1395263671875,1.004150390625,-0.18310546875,-0.30517578125,0.0
0.1007080078125,-0.1396484375,1.00439453125,-0.1220703125,-0.3662109375,0.0
0.1004638671875,-0.1400146484375,1.0054931640625,-0.1220703125,-0.3662109375,0.06103515625
0.1005859375,-0.138671875,1.005615234375,-0.06103515625,-0.3662109375,0.1220703125
0.1002197265625,-0.138916015625,1.00537109375,0.0,-0.3662109375,0.1220703125
0.10009765625,-0.1395263671875,1.0054931640625,0.06103515625,-0.30517578125,0.1220703125
0.0999755859375,-0.13916015625,1.0054931640625,0.18310546875,-0.30517578125,0.1220703125
0.0994873046875,-0.1387939453125,1.0048828125,0.18310546875,-0.30517578125,0.1220703125
0.10009765625,-0.1397705078125,1.0040283203125,0.18310546875,-0.30517578125,0.1220703125
0.100830078125,-0.139892578125,1.00439453125,0.1220703125,-0.30517578125,0.1220703125
0.0999755859375,-0.1396484375,1.0050048828125,0.06103515625,-0.3662109375,0.1220703125
0.09912109375,-0.1396484375,1.0048828125,0.0,-0.3662109375,0.06103515625
0.099365234375,-0.138671875,1.0047607421875,0.0,-0.30517578125,0.1220703125
0.0999755859375,-0.1387939453125,1.0045166015625,-0.06103515625,-0.3662109375,0.1220703125
0.099853515625,-0.1385498046875,1.005126953125,-0.1220703125,-0.30517578125,0.1220703125
0.10107421875,-0.1387939453125,1.0052490234375,-0.06103515625,-0.30517578125,0.06103515625
0.1014404296875,-0.13818359375,1.004638671875,-0.06103515625,-0.244140625,0.06103515625
0.1007080078125,-0.13818359375,1.0050048828125,-0.06103515625,-0.244140625,0.06103515625
0.10009765625,-0.1395263671875,1.0052490234375,-0.06103515625,-0.18310546875,0.0
0.0999755859375,-0.139892578125,1.004638671875,-0.1220703125,-0.244140625,0.0
0.1009521484375,-0.139404296875,1.0050048828125,-0.06103515625,-0.244140625,0.0
0.1005859375,-0.1390380859375,1.0050048828125,-0.06103515625,-0.244140625,0.06103515625
0.099365234375,-0.137451171875,1.0047607421875,-0.1220703125,-0.244140625,0.06103515625
0.10009765625,-0.137939453125,1.0048828125,-0.18310546875,-0.244140625,0.06103515625
0.101318359375,-0.138916015625,1.0047607421875,-0.244140625,-0.244140625,0.06103515625
0.1004638671875,-0.13916015625,1.0048828125,-0.30517578125,-0.244140625,0.1220703125
0.1007080078125,-0.138916015625,1.0052490234375,-0.42724609375,-0.244140625,0.06103515625
0.1005859375,-0.1392822265625,1.0047607421875,-0.42724609375,-0.30517578125,0.06103515625
0.1004638671875,-0.1392822265625,1.0042724609375,-0.3662109375,-0.244140625,0.06103515625
0.100341796875,-0.13916015625,1.0048828125,-0.42724609375,-0.30517578125,0.1220703125
0.0997314453125,-0.138671875,1.0045166015625,-0.42724609375,-0.3662109375,0.06103515625
0.0997314453125,-0.138427734375,1.003662109375,-0.3662109375,-0.3662109375,0.06103515625
0.100830078125,-0.137939453125,1.00390625,-0.30517578125,-0.3662109375,0.06103515625
0.1004638671875,-0.1383056640625,1.00439453125,-0.18310546875,-0.42724609375,0.06103515625
0.099853515625,-0.1380615234375,1.0045166015625,-0.18310546875,-0.3662109375,0.1220703125
0.0994873046875,-0.1387939453125,1.004638671875,-0.18310546875,-0.3662109375,0.06103515625
0.099609375,-0.1392822265625,1.0037841796875,-0.18310546875,-0.30517578125,0.06103515625
0.0992431640625,-0.13916015625,1.00390625,-0.244140625,-0.30517578125,0.06103515625
0.099609375,-0.139404296875,1.00439453125,-0.244140625,-0.30517578125,0.0
0.100341796875,-0.138916015625,1.0042724609375,-0.30517578125,-0.30517578125,0.06103515625
0.0999755859375,-0.1390380859375,1.00439453125,-0.244140625,-0.30517578125,0.06103515625
0.1002197265625,-0.139404296875,1.004638671875,-0.244140625,-0.30517578125,0.06103515625
0.099609375,-0.1383056640625,1.004638671875,-0.18310546875,-0.30517578125,0.06103515625
0.0992431640625,-0.1387939453125,1.0042724609375,-0.18310546875,-0.30517578125,0.0
0.099365234375,-0.1385498046875,1.0042724609375,-0.244140625,-0.244140625,0.0
0.1002197265625,-0.1395263671875,1.0040283203125,-0.18310546875,-0.3662109375,0.06103515625
0.10009765625,-0.138916015625,1.0050048828125,-0.1220703125,-0.30517578125,0.06103515625
0.098876953125,-0.138916015625,1.0050048828125,-0.18310546875,-0.30517578125,0.1220703125
0.0999755859375,-0.138671875,1.004638671875,-0.18310546875,-0.244140625,0.18310546875
0.100341796875,-0.13818359375,1.0047607421875,-0.30517578125,-0.244140625,0.18310546875
0.10009765625,-0.1390380859375,1.0042724609375,-0.3662109375,-0.244140625,0.1220703125
0.0999755859375,-0.139892578125,1.00439453125,-0.54931640625,-0.1220703125,0.06103515625
0.1004638671875,-0.1395263671875,1.0052490234375,-0.6103515625,-0.18310546875,0.1220703125
0.1005859375,-0.1385498046875,1.0047607421875,-0.48828125,-0.18310546875,0.18310546875
0.1009521484375,-0.13818359375,1.0047607421875,-0.67138671875,-0.18310546875,0.244140625
0.10009765625,-0.1385498046875,1.0048828125,-0.79345703125,-0.06103515625,0.244140625
0.0997314453125,-0.13818359375,1.0048828125,-0.8544921875,0.0,0.30517578125
0.0997314453125,-0.1370849609375,1.005615234375,-0.79345703125,0.18310546875,0.30517578125
0.100341796875,-0.1385498046875,1.0062255859375,-0.732421875,0.30517578125,0.48828125
0.099365234375,-0.139892578125,1.005615234375,-0.67138671875,0.30517578125,0.42724609375
0.09912109375,-0.1392822265625,1.0054931640625,-0.67138671875,0.48828125,0.732421875
0.0994873046875,-0.139404296875,1.0064697265625,-0.8544921875,0.91552734375,0.8544921875
0.099609375,-0.1387939453125,1.0067138671875,-1.52587890625,2.3193359375,0.79345703125
0.1002197265625,-0.1392822265625,1.0062255859375,-2.01416015625,2.685546875,0.8544921875
0.100341796875,-0.1402587890625,1.0068359375,-1.52587890625,1.8310546875,1.15966796875
0.1009521484375,-0.139892578125,1.010009765625,-0.18310546875,2.0751953125,1.40380859375
0.101318359375,-0.140625,1.01318359375,-0.3662109375,2.62451171875,1.46484375
0.1014404296875,-0.1397705078125,1.0159912109375,-0.91552734375,3.11279296875,1.708984375
0.10205078125,-0.14111328125,1.007568359375,-1.5869140625,4.08935546875,1.77001953125
0.10009765625,-0.145751953125,1.0072021484375,-2.38037109375,3.662109375,2.13623046875
0.0999755859375,-0.144775390625,1.0133056640625,-3.41796875,3.662109375,2.3193359375
0.10205078125,-0.1436767578125,1.0135498046875,-3.96728515625,3.84521484375,2.197265625
0.1036376953125,-0.140869140625,1.019775390625,-4.21142578125,3.72314453125,2.25830078125
0.1083984375,-0.14306640625,1.010498046875,-3.35693359375,3.2958984375,0.9765625
0.0986328125,-0.14111328125,0.9986572265625,-2.9296875,2.99072265625,1.40380859375
0.0936279296875,-0.12451171875,0.99951171875,-2.74658203125,-2.25830078125,2.50244140625
0.1021728515625,-0.1207275390625,1.001708984375,-1.03759765625,-0.732421875,2.62451171875
0.101806640625,-0.1407470703125,1.0010986328125,5.37109375,1.3427734375,3.0517578125
0.1097412109375,-0.1492919921875,0.997314453125,6.2255859375,3.173828125,2.99072265625
0.10107421875,-0.148193359375,0.9862060546875,5.92041015625,4.8828125,3.2958984375
0.0860595703125,-0.1441650390625,0.9931640625,4.33349609375,5.79833984375,2.3193359375
0.091796875,-0.1473388671875,1.010986328125,4.45556640625,6.4697265625,1.77001953125
0.0941162109375,-0.15966796875,1.0216064453125,5.4931640625,4.638671875,2.01416015625
0.0887451171875,-0.15673828125,1.03076171875,6.103515625,4.21142578125,1.89208984375
0.0882568359375,-0.146728515625,1.0181884765625,4.21142578125,4.69970703125,1.708984375
0.081787109375,-0.138916015625,1.0079345703125,2.99072265625,3.90625,1.3427734375
0.0537109375,-0.1370849609375,1.0059814453125,1.77001953125,2.62451171875,0.54931640625
0.116943359375,-0.151611328125,1.01416015625,0.9765625,0.3662109375,0.244140625
0.11962890625,-0.1329345703125,1.023193359375,0.48828125,-0.48828125,-0.3662109375
0.1192626953125,-0.1361083984375,1.017822265625,0.06103515625,0.06103515625,-0.6103515625
0.10693359375,-0.1373291015625,1.0035400390625,-0.732421875,-0.18310546875,-1.03759765625
0.098876953125,-0.1280517578125,1.001708984375,-1.0986328125,-0.79345703125,-1.220703125
0.085693359375,-0.123046875,1.0032958984375,-2.13623046875,-1.15966796875,-1.64794921875
0.0736083984375,-0.12451171875,1.0079345703125,-1.28173828125,-1.77001953125,-1.77001953125
0.0836181640625,-0.1214599609375,1.0125732421875,0.1220703125,-2.50244140625,-1.708984375
0.0804443359375,-0.13671875,1.0072021484375,1.28173828125,-2.3193359375,-1.5869140625
0.0631103515625,-0.1363525390625,0.9990234375,3.60107421875,-1.5869140625,-1.0986328125
0.060546875,-0.130859375,1.001220703125,2.9296875,-0.91552734375,-0.91552734375
0.06201171875,-0.14404296875,1.0045166015625,2.3193359375,-0.48828125,-0.91552734375
0.066650390625,-0.140380859375,1.00439453125,2.25830078125,-0.67138671875,-1.0986328125
0.0716552734375,-0.134765625,1.004150390625,2.25830078125,0.0,-1.3427734375
0.0670166015625,-0.13671875,1.0040283203125,2.197265625,0.0,-1.28173828125
0.063720703125,-0.1302490234375,1.00732421875,2.25830078125,-0.6103515625,-1.0986328125
0.06591796875,-0.1353759765625,1.0115966796875,2.01416015625,-0.732421875,-1.28173828125
0.0682373046875,-0.130859375,1.013916015625,1.708984375,-1.220703125,-1.46484375
0.070556640625,-0.124267578125,1.0107421875,1.0986328125,-1.708984375,-1.52587890625
0.073974609375,-0.1263427734375,1.003662109375,0.3662109375,-1.77001953125,-1.52587890625
0.0794677734375,-0.1278076171875,1.00341796875,0.1220703125,-2.01416015625,-1.52587890625
0.0843505859375,-0.1270751953125,1.0037841796875,-0.244140625,-2.3193359375,-1.8310546875
0.0860595703125,-0.122802734375,0.9991455078125,-0.9765625,-2.5634765625,-2.38037109375
0.0877685546875,-0.1207275390625,0.9947509765625,-1.77001953125,-3.0517578125,-3.173828125
0.0870361328125,-0.1180419921875,0.9945068359375,-2.62451171875,-3.35693359375,-4.150390625
0.0743408203125,-0.1170654296875,0.9949951171875,-2.74658203125,-3.90625,-4.5166015625
0.0703125,-0.1204833984375,0.9998779296875,-2.74658203125,-5.43212890625,-4.8828125
0.074462890625,-0.1197509765625,1.0035400390625,-3.0517578125,-5.7373046875,-5.126953125
0.0706787109375,-0.1158447265625,1.001953125,-4.150390625,-6.28662109375,-5.37109375
0.0699462890625,-0.115478515625,0.996826171875,-5.0048828125,-8.056640625,-5.92041015625
0.0704345703125,-0.123291015625,0.9847412109375,-6.53076171875,-8.9111328125,-6.28662109375
0.06689453125,-0.129150390625,0.9849853515625,-7.38525390625,-10.3759765625,-6.89697265625
0.0693359375,-0.1290283203125,0.992919921875,-6.9580078125,-11.29150390625,-7.2021484375
0.0697021484375,-0.121337890625,0.99755859375,-7.01904296875,-10.92529296875,-7.6904296875
0.066650390625,-0.1212158203125,1.0052490234375,-7.87353515625,-13.61083984375,-7.26318359375
0.0640869140625,-0.1195068359375,1.002197265625,-9.70458984375,-15.380859375,-7.4462890625
0.050537109375,-0.1168212890625,0.9979248046875,-11.41357421875,-17.08984375,-7.080078125
0.052978515625,-0.1258544921875,0.99853515625,-13.671875,-21.30126953125,-6.53076171875
0.0684814453125,-0.130126953125,0.9990234375,-15.68603515625,-27.7099609375,-6.16455078125
0.06787109375,-0.1314697265625,0.993896484375,-19.83642578125,-29.11376953125,-4.638671875
0.07373046875,-0.125,0.999267578125,-25.81787109375,-32.16552734375,-3.662109375
0.070556640625,-0.117919921875,1.0118408203125,-27.2216796875,-35.5224609375,-2.5634765625
0.065673828125,-0.113037109375,1.0111083984375,-27.16064453125,-36.07177734375,-4.7607421875
0.07275390625,-0.1151123046875,1.0228271484375,-29.60205078125,-37.90283203125,-2.62451171875
0.0653076171875,-0.111083984375,1.0284423828125,-29.4189453125,-66.2841796875,-2.8076171875
0.0552978515625,-0.0950927734375,1.027099609375,-30.76171875,-91.30859375,-3.90625
0.05322265625,-0.1094970703125,1.0338134765625,-33.5693359375,-110.53466796875,-6.591796875
0.038330078125,-0.1588134765625,1.021728515625,-35.64453125,-135.68115234375,-24.658203125
0.0208740234375,-0.1640625,1.0301513671875,-26.9775390625,-166.9921875,-27.28271484375
0.0474853515625,-0.155029296875,1.0830078125,-24.47509765625,-237.85400390625,-52.978515625
0.101318359375,-0.15478515625,1.097900390625,-32.2265625,-270.08056640625,-79.40673828125
0.07763671875,-0.146240234375,1.114990234375,-76.59912109375,-321.044921875,-84.65576171875
0.1336669921875,-0.169189453125,1.1497802734375,-79.89501953125,-346.61865234375,-95.947265625
0.100341796875,-0.173828125,1.1944580078125,-135.43701171875,-411.9873046875,-118.65234375
0.0709228515625,-0.1873779296875,1.374755859375,-144.6533203125,-458.19091796875,-89.2333984375
0.0294189453125,-0.185546875,1.2945556640625,-151.85546875,-482.7880859375,-38.818359375
-0.0267333984375,-0.2012939453125,1.8076171875,-174.8046875,-379.08935546875,-13.12255859375
-0.081787109375,-0.3258056640625,1.6707763671875,-168.88427734375,-168.45703125,9.27734375
-0.1461181640625,-0.257080078125,1.5853271484375,-42.17529296875,-42.66357421875,10.07080078125
-0.067626953125,-0.4566650390625,1.4140625,-12.6953125,72.57080078125,10.07080078125
0.05029296875,-0.461181640625,1.166015625,11.29150390625,86.181640625,9.3994140625
0.16796875,-0.4412841796875,2.443603515625,21.240234375,93.07861328125,7.6904296875
0.038818359375,-0.3060302734375,3.2774658203125,30.21240234375,99.79248046875,3.41796875
0.166748046875,-0.1722412109375,2.8345947265625,30.1513671875,109.0087890625,-1.28173828125
0.48876953125,-0.6297607421875,1.5262451171875,28.50341796875,120.17822265625,-3.96728515625
0.2625732421875,-0.7724609375,1.02734375,29.84619140625,134.09423828125,-4.5166015625
0.033203125,-0.5206298828125,0.8253173828125,37.78076171875,150.81787109375,8.056640625
0.3292236328125,-0.2216796875,0.781982421875,50.048828125,167.6025390625,15.07568359375
0.6529541015625,-0.0885009765625,0.8092041015625,60.4248046875,228.33251953125,23.01025390625
-0.0084228515625,0.02392578125,0.89794921875,67.138671875,239.19677734375,35.400390625
-0.351318359375,0.0616455078125,0.982177734375,79.2236328125,247.802734375,40.58837890625
-0.45751953125,0.0421142578125,1.01220703125,75.01220703125,257.080078125,44.73876953125
-0.4024658203125,-0.0230712890625,1.0133056640625,68.78662109375,255.0048828125,47.05810546875
-0.3079833984375,-0.0882568359375,0.9998779296875,59.38720703125,253.173828125,44.86083984375
-0.2196044921875,-0.125,1.027587890625,57.373046875,250.54931640625,33.50830078125
-0.109375,-0.1546630859375,1.0638427734375,56.45751953125,249.51171875,39.306640625
-0.000244140625,-0.4312744140625,1.0972900390625,56.94580078125,240.72265625,46.875
0.0623779296875,-0.4385986328125,1.1292724609375,53.7109375,207.3974609375,96.923828125
0.10693359375,-0.440673828125,1.2020263671875,38.330078125,205.078125,104.18701171875
0.331298828125,-0.47900390625,1.310302734375,17.39501953125,224.06005859375,105.89599609375
0.3818359375,-0.4898681640625,1.508544921875,15.13671875,209.1064453125,103.02734375
0.4307861328125,-0.506103515625,1.465087890625,46.875,186.03515625,90.14892578125
0.476318359375,-0.5179443359375,1.6314697265625,57.18994140625,160.46142578125,84.9609375
0.5054931640625,-0.511962890625,1.765869140625,55.17578125,122.49755859375,73.8525390625
0.5538330078125,-0.5230712890625,1.4085693359375,42.41943359375,106.93359375,64.14794921875
0.6097412109375,-0.615478515625,1.00732421875,17.88330078125,14.83154296875,54.74853515625
0.7396240234375,-0.6883544921875,0.694091796875,10.07080078125,-42.8466796875,37.7197265625
0.7205810546875,-0.9176025390625,0.5206298828125,0.8544921875,-84.41162109375,38.26904296875
0.791259765625,-0.78076171875,0.310791015625,-6.77490234375,-201.904296875,29.23583984375
0.89794921875,-0.5926513671875,0.0087890625,-20.3857421875,-177.978515625,19.59228515625
1.22119140625,-0.452880859375,-0.5150146484375,-50.59814453125,-161.9873046875,16.54052734375
1.1697998046875,-0.4794921875,-0.2720947265625,-3.72314453125,-148.62060546875,15.7470703125
1.1759033203125,-0.5047607421875,0.135498046875,-21.240234375,-165.34423828125,17.76123046875
1.3006591796875,-0.3695068359375,0.32861328125,-58.89892578125,-161.9873046875,9.521484375
1.8533935546875,-0.32373046875,1.004150390625,-49.8046875,-158.935546875,-14.46533203125
1.932373046875,-0.1767578125,1.614501953125,-51.1474609375,-143.4326171875,-17.76123046875
1.49072265625,-0.2579345703125,1.2421875,-64.88037109375,-126.708984375,-0.9765625
1.411865234375,-0.3536376953125,0.912841796875,-69.4580078125,-84.53369140625,4.33349609375
1.1292724609375,0.02978515625,1.054931640625,-49.560546875,-87.158203125,-2.25830078125
0.8985595703125,0.1661376953125,1.2835693359375,-60.4248046875,-80.56640625,-2.86865234375
0.5550537109375,0.0047607421875,1.4490966796875,-26.91650390625,-62.07275390625,-0.732421875
0.0220947265625,0.060546875,1.6055908203125,-18.73779296875,-53.955078125,-0.6103515625
-0.0726318359375,0.150146484375,1.583251953125,-15.07568359375,-42.236328125,-2.99072265625
0.0108642578125,0.174560546875,1.371826171875,-11.77978515625,-35.2783203125,-5.92041015625
0.12841796875,0.0792236328125,1.327392578125,-6.53076171875,-31.494140625,-1.8310546875
0.2099609375,-0.25927734375,1.2740478515625,-0.48828125,-13.3056640625,-1.953125
0.474365234375,-0.646240234375,1.2880859375,0.91552734375,0.9765625,-3.35693359375
0.370849609375,-0.353759765625,1.2529296875,-4.82177734375,-5.06591796875,-2.3193359375
0.3192138671875,-0.058349609375,1.1634521484375,-4.08935546875,-7.62939453125,-2.99072265625
0.1044921875,-0.2369384765625,1.223388671875,-1.708984375,-10.498046875,-4.82177734375
0.1888427734375,-0.330322265625,1.259765625,-4.150390625,-10.25390625,-6.16455078125
0.22705078125,-0.250732421875,1.086669921875,-7.9345703125,-9.521484375,-5.9814453125
0.2158203125,-0.1151123046875,1.01513671875,-7.6904296875,-6.9580078125,-6.2255859375
0.191162109375,-0.1666259765625,1.040771484375,-8.4228515625,-6.77490234375,-5.37109375
0.134033203125,-0.279052734375,1.0255126953125,-11.04736328125,-7.26318359375,-6.103515625
0.1600341796875,-0.174560546875,1.010498046875,-10.43701171875,-7.50732421875,-7.32421875
0.2388916015625,-0.131103515625,1.0223388671875,-9.521484375,-7.62939453125,-6.8359375
0.1136474609375,-0.1678466796875,1.0189208984375,-7.9345703125,-5.859375,-6.28662109375
0.0067138671875,-0.181640625,1.007568359375,-7.62939453125,-3.0517578125,-5.615234375
0.0538330078125,-0.1322021484375,1.0147705078125,-7.50732421875,-8.544921875,-3.90625
0.04931640625,-0.145263671875,1.0172119140625,-8.6669921875,-4.94384765625,-4.39453125
0.0478515625,-0.17529296875,1.0191650390625,-3.60107421875,-3.662109375,-6.8359375
0.0655517578125,-0.1612548828125,1.0213623046875,-2.5634765625,-0.1220703125,-9.46044921875
0.068359375,-0.18408203125,1.021240234375,-2.3193359375,0.0,-9.21630859375
0.060546875,-0.208984375,1.00537109375,-2.13623046875,-4.33349609375,-9.27734375
0.064208984375,-0.189208984375,1.00537109375,-1.8310546875,-4.94384765625,-9.6435546875
0.0672607421875,-0.172119140625,1.005615234375,-3.23486328125,-5.126953125,-10.009765625
0.0775146484375,-0.18896484375,1.0,-3.84521484375,-4.2724609375,-8.544921875
0.0828857421875,-0.1824951171875,0.997802734375,-4.39453125,-4.33349609375,-7.14111328125
0.0936279296875,-0.172607421875,0.99755859375,-4.638671875,-7.99560546875,-6.4697265625
0.0712890625,-0.18017578125,1.0008544921875,-5.4931640625,-11.474609375,-5.7373046875
0.0792236328125,-0.1729736328125,1.0008544921875,-6.40869140625,-13.18359375,-4.8828125
0.0867919921875,-0.1685791015625,0.9981689453125,-7.99560546875,-15.625,-4.2724609375
0.073974609375,-0.1680908203125,0.9996337890625,-10.07080078125,-19.4091796875,-3.662109375
0.0457763671875,-0.1759033203125,0.99609375,-11.3525390625,-23.4375,-2.86865234375
0.06201171875,-0.1749267578125,0.99755859375,-11.41357421875,-28.25927734375,-1.5869140625
0.067626953125,-0.167236328125,0.99658203125,-11.71875,-32.470703125,0.3662109375
0.0706787109375,-0.152099609375,0.99560546875,-13.18359375,-35.400390625,4.0283203125
0.064208984375,-0.151611328125,0.99658203125,-14.83154296875,-36.4990234375,6.34765625
0.060546875,-0.1646728515625,0.9986572265625,-16.54052734375,-36.7431640625,5.37109375
0.048095703125,-0.164794921875,0.9990234375,-18.5546875,-40.83251953125,3.662109375
0.05126953125,-0.169921875,1.0037841796875,-18.6767578125,-42.724609375,0.48828125
0.0556640625,-0.17529296875,1.00634765625,-19.59228515625,-45.34912109375,-1.8310546875
0.04931640625,-0.17724609375,1.012451171875,-22.94921875,-48.76708984375,-2.0751953125
0.052001953125,-0.1865234375,1.0335693359375,-24.47509765625,-57.4951171875,1.03759765625
0.0523681640625,-0.1678466796875,1.028564453125,-28.62548828125,-69.27490234375,2.74658203125
0.0523681640625,-0.1558837890625,1.02294921875,-32.04345703125,-80.56640625,6.591796875
0.0693359375,-0.1754150390625,1.041259765625,-34.48486328125,-93.3837890625,17.02880859375
0.066162109375,-0.181396484375,1.04443359375,-35.15625,-114.990234375,25.634765625
0.0936279296875,-0.1878662109375,1.045166015625,-33.447265625,-143.49365234375,15.44189453125
0.131591796875,-0.1944580078125,1.0726318359375,-31.25,-165.83251953125,4.08935546875
0.0970458984375,-0.1898193359375,1.0843505859375,-41.93115234375,-228.94287109375,-61.34033203125
0.0499267578125,-0.17333984375,1.0869140625,-61.6455078125,-267.76123046875,-114.74609375
0.0225830078125,-0.15869140625,1.1151123046875,-133.544921875,-344.90966796875,-134.70458984375
0.01513671875,-0.1414794921875,1.1251220703125,-157.470703125,-385.009765625,-181.09130859375
-0.0408935546875,-0.146728515625,1.1260986328125,-261.90185546875,-486.2060546875,-140.869140625
-0.06787109375,-0.1278076171875,1.3011474609375,-330.99365234375,-536.62109375,-97.0458984375
-0.0670166015625,-0.099609375,1.4508056640625,-346.5576171875,-418.76220703125,-70.86181640625
-0.0933837890625,-0.08740234375,1.7559814453125,-236.87744140625,-187.92724609375,-54.74853515625
-0.1136474609375,-0.2012939453125,1.8665771484375,-96.923828125,-28.9306640625,-45.10498046875
-0.12158203125,-0.26611328125,1.5484619140625,-38.02490234375,76.416015625,-31.43310546875
-0.0977783203125,-0.1622314453125,1.42431640625,16.4794921875,128.84521484375,-22.76611328125
0.0562744140625,-0.3587646484375,2.7052001953125,38.9404296875,133.7890625,-16.05224609375
0.098876953125,-0.4306640625,3.8204345703125,48.52294921875,147.0947265625,-10.009765625
0.2769775390625,-0.3909912109375,3.54638671875,47.7294921875,167.8466796875,-7.62939453125
0.7127685546875,-0.7548828125,2.616943359375,53.1005859375,193.7255859375,-6.7138671875
-0.036376953125,-0.9482421875,1.009033203125,64.3310546875,219.17724609375,-6.7138671875
-0.36181640625,-0.7093505859375,0.7930908203125,75.01220703125,235.41259765625,-7.14111328125
0.708251953125,-0.354248046875,0.894775390625,83.3740234375,246.88720703125,-6.89697265625
1.26123046875,-0.0550537109375,1.0137939453125,87.7685546875,251.708984375,-5.92041015625
0.5369873046875,-0.0606689453125,1.06005859375,89.4775390625,252.01416015625,-0.1220703125
0.0697021484375,-0.1624755859375,1.001220703125,92.95654296875,250.91552734375,3.90625
-0.3968505859375,-0.1976318359375,0.9112548828125,96.13037109375,256.53076171875,7.38525390625
-0.3658447265625,-0.1932373046875,0.8258056640625,99.18212890625,259.33837890625,11.474609375
-0.1328125,-0.1688232421875,0.7615966796875,96.86279296875,258.97216796875,14.70947265625
0.0096435546875,-0.1463623046875,0.7454833984375,94.90966796875,260.1318359375,16.90673828125
0.1300048828125,-0.1612548828125,0.783447265625,93.6279296875,261.65771484375,16.9677734375
0.174072265625,-0.19970703125,0.873291015625,90.51513671875,260.8642578125,15.44189453125
0.19287109375,-0.2498779296875,1.086669921875,87.646484375,262.87841796875,14.09912109375
0.2244873046875,-0.293212890625,1.1478271484375,85.38818359375,258.11767578125,12.0849609375
0.2376708984375,-0.3089599609375,1.2078857421875,84.53369140625,257.8125,7.6904296875
0.254638671875,-0.3497314453125,1.273681640625,87.21923828125,260.68115234375,4.08935546875
0.2830810546875,-0.379638671875,1.35205078125,86.85302734375,264.09912109375,3.41796875
0.3409423828125,-0.4046630859375,1.4390869140625,84.28955078125,273.0712890625,5.4931640625
0.45947265625,-0.42724609375,1.5435791015625,82.3974609375,282.8369140625,12.0849609375
0.470947265625,-0.4512939453125,1.6837158203125,73.974609375,295.47119140625,24.2919921875
0.4981689453125,-0.485107421875,1.8292236328125,62.744140625,317.0166015625,40.8935546875
0.5194091796875,-0.5184326171875,1.952392578125,52.06298828125,342.529296875,61.1572265625
0.573486328125,-0.5418701171875,2.0562744140625,43.8232421875,352.35595703125,78.7353515625
0.617431640625,-0.5841064453125,2.1729736328125,35.15625,336.60888671875,90.88134765625
0.6348876953125,-0.6298828125,2.3291015625,22.76611328125,296.0205078125,100.7080078125
0.7059326171875,-0.681884765625,2.4027099609375,2.62451171875,243.59130859375,100.09765625
0.7872314453125,-0.7685546875,2.190185546875,-2.8076171875,188.04931640625,91.1865234375
0.8818359375,-0.9205322265625,1.6912841796875,13.18359375,161.376953125,73.2421875
0.9873046875,-1.0968017578125,1.1890869140625,20.93505859375,92.28515625,57.373046875
1.085205078125,-1.1331787109375,0.9317626953125,8.97216796875,-7.568359375,81.23779296875
1.2330322265625,-0.9600830078125,0.8486328125,-16.17431640625,-88.5009765625,85.87646484375
1.43896484375,-0.839111328125,0.1829833984375,-45.10498046875,-192.68798828125,82.82470703125
1.5567626953125,-0.9984130859375,-0.59521484375,-61.03515625,-285.0341796875,74.76806640625
1.5069580078125,-1.134521484375,-1.2635498046875,-61.279296875,-223.876953125,66.0400390625
1.3701171875,-0.903076171875,-1.3017578125,16.78466796875,-241.63818359375,56.21337890625
1.309814453125,-0.7640380859375,-0.7005615234375,2.3193359375,-213.19580078125,44.98291015625
1.5421142578125,-0.4962158203125,0.09130859375,-36.865234375,-171.44775390625,29.35791015625
2.7191162109375,-0.321044921875,0.9183349609375,-54.3212890625,-161.2548828125,6.53076171875
2.8717041015625,-0.3046875,1.6025390625,-56.640625,-148.86474609375,-15.625
2.467529296875,-0.9200439453125,1.4967041015625,-63.90380859375,-135.3759765625,-20.81298828125
1.9610595703125,-0.70947265625,1.060302734375,-77.1484375,-121.03271484375,-6.8359375
1.766357421875,0.2645263671875,1.1270751953125,-78.30810546875,-98.6328125,3.96728515625
1.01806640625,0.3966064453125,1.357666015625,-75.50048828125,-80.87158203125,4.94384765625
0.5361328125,0.2667236328125,1.4710693359375,-69.580078125,-78.61328125,1.40380859375
0.2071533203125,0.271240234375,1.58837890625,-57.18994140625,-78.125,-0.91552734375
-0.0167236328125,0.505615234375,1.79248046875,-32.8369140625,-75.8056640625,-1.953125
0.468505859375,0.612548828125,1.8472900390625,-18.1884765625,-72.32666015625,-9.58251953125
0.530517578125,0.5755615234375,1.649169921875,-12.63427734375,-69.15283203125,-12.02392578125
0.5029296875,0.264404296875,1.4815673828125,-7.75146484375,-48.15673828125,-6.8359375
0.576416015625,-0.343017578125,1.3814697265625,2.685546875,-14.95361328125,-5.859375
0.62744140625,-0.8017578125,1.2843017578125,-0.91552734375,-16.7236328125,-3.11279296875
0.587646484375,-0.7130126953125,1.2445068359375,-8.85009765625,-15.5029296875,-2.01416015625
0.42724609375,-0.2894287109375,1.2950439453125,-1.220703125,-13.00048828125,-4.45556640625
0.185791015625,-0.0771484375,1.5284423828125,1.28173828125,-12.6953125,-3.11279296875
0.1085205078125,-0.15673828125,1.385986328125,4.150390625,-5.126953125,-2.5634765625
0.185546875,-0.1485595703125,1.113037109375,0.91552734375,-2.99072265625,-2.44140625
0.203125,-0.020751953125,1.11962890625,-2.9296875,-4.82177734375,-4.45556640625
0.167724609375,-0.21875,1.0330810546875,-8.48388671875,-9.21630859375,-5.67626953125
0.16943359375,-0.3763427734375,1.0706787109375,-6.16455078125,-17.39501953125,-6.16455078125
0.429931640625,-0.17236328125,1.1097412109375,-2.0751953125,-15.625,-6.28662109375
0.3116455078125,-0.1219482421875,1.04833984375,-3.173828125,-14.09912109375,-6.16455078125
0.001220703125,-0.1431884765625,1.019775390625,-2.8076171875,-11.1083984375,-5.79833984375
0.0701904296875,-0.1298828125,0.986083984375,-5.615234375,-6.7138671875,-5.67626953125
0.036376953125,-0.137451171875,1.0203857421875,-4.5166015625,-7.01904296875,-5.18798828125
0.0589599609375,-0.144775390625,1.0264892578125,-5.43212890625,-5.9814453125,-4.45556640625
0.123046875,-0.1314697265625,1.0303955078125,-7.568359375,-5.43212890625,-5.126953125
0.0831298828125,-0.1597900390625,1.023681640625,-12.8173828125,-7.32421875,-4.8828125
0.04150390625,-0.166259765625,1.0189208984375,-14.404296875,-9.70458984375,-5.615234375
0.0123291015625,-0.166015625,1.0233154296875,-4.33349609375,-6.65283203125,-5.92041015625
0.02880859375,-0.17333984375,1.0234375,-1.46484375,-6.40869140625,-5.37109375
0.046875,-0.142578125,1.003173828125,-8.6669921875,-6.53076171875,-6.65283203125
0.0601806640625,-0.1485595703125,1.003173828125,-8.36181640625,-5.18798828125,-7.75146484375
0.0723876953125,-0.1251220703125,1.00927734375,-6.103515625,-4.638671875,-8.60595703125
0.0596923828125,-0.1273193359375,1.0084228515625,-3.11279296875,-3.173828125,-8.7890625
0.056396484375,-0.18408203125,1.00732421875,4.5166015625,-4.5166015625,-7.2021484375
0.0604248046875,-0.16650390625,1.0040283203125,1.5869140625,-5.92041015625,-6.2255859375
0.0579833984375,-0.1357421875,0.990966796875,0.9765625,-10.6201171875,-5.126953125
0.05615234375,-0.169677734375,0.994384765625,-1.28173828125,-13.0615234375,-3.35693359375
0.0743408203125,-0.16259765625,1.004150390625,-8.056640625,-14.5263671875,-2.50244140625
0.0740966796875,-0.1583251953125,1.0018310546875,-9.3994140625,-17.39501953125,-2.197265625
0.0570068359375,-0.1566162109375,1.0048828125,-11.5966796875,-19.287109375,-2.38037109375
0.073486328125,-0.143310546875,0.9974365234375,-12.14599609375,-21.1181640625,-3.11279296875
0.068603515625,-0.150634765625,1.004638671875,-13.00048828125,-23.92578125,-3.47900390625
0.05029296875,-0.13525390625,1.0072021484375,-13.5498046875,-27.7099609375,-2.13623046875
0.0494384765625,-0.1240234375,1.0047607421875,-14.46533203125,-30.76171875,0.732421875
0.048095703125,-0.12255859375,1.0001220703125,-15.93017578125,-33.38623046875,4.638671875
0.0452880859375,-0.13037109375,0.9986572265625,-17.76123046875,-37.841796875,6.65283203125
0.0401611328125,-0.13818359375,0.9991455078125,-19.53125,-41.68701171875,5.31005859375
0.047119140625,-0.140380859375,1.003662109375,-21.91162109375,-46.0205078125,3.23486328125
0.05419921875,-0.156005859375,1.01611328125,-22.94921875,-53.03955078125,2.13623046875
0.0589599609375,-0.1588134765625,1.0164794921875,-24.4140625,-58.28857421875,5.4931640625
0.052734375,-0.1495361328125,1.0169677734375,-28.38134765625,-63.65966796875,12.02392578125
0.0496826171875,-0.1429443359375,1.033935546875,-33.63037109375,-74.8291015625,18.49365234375
0.031494140625,-0.1336669921875,1.038818359375,-36.68212890625,-84.716796875,21.05712890625
0.0303955078125,-0.1292724609375,1.0396728515625,-39.73388671875,-98.0224609375,28.1982421875
0.04345703125,-0.143798828125,1.05712890625,-41.32080078125,-120.7275390625,33.3251953125
0.052001953125,-0.15771484375,1.0887451171875,-38.2080078125,-141.66259765625,14.22119140625
0.071533203125,-0.158203125,1.0927734375,-33.75244140625,-180.6640625,-13.24462890625
0.091064453125,-0.1605224609375,1.074462890625,-43.45703125,-263.18359375,-66.89453125
0.05078125,-0.1468505859375,1.069580078125,-92.7734375,-312.3779296875,-120.7275390625
0.013427734375,-0.1258544921875,1.0765380859375,-177.6123046875,-343.6279296875,-144.71435546875
0.0118408203125,-0.111328125,1.0714111328125,-216.12548828125,-401.06201171875,-153.80859375
0.0013427734375,-0.140869140625,1.1676025390625,-316.162109375,-477.47802734375,-173.27880859375
0.000244140625,-0.145263671875,1.4869384765625,-390.869140625,-500.48828125,-194.64111328125
-0.064208984375,-0.10009765625,1.70751953125,-415.771484375,-537.04833984375,-145.01953125
-0.1175537109375,-0.0782470703125,1.8824462890625,-389.22119140625,-561.6455078125,-106.26220703125
-0.150390625,-0.1826171875,1.927978515625,-313.232421875,-411.865234375,-78.18603515625
-0.1619873046875,-0.0872802734375,1.9486083984375,-202.5146484375,-198.1201171875,-59.4482421875
-0.048583984375,0.0274658203125,1.7625732421875,-59.9365234375,-48.76708984375,-50.84228515625
0.1549072265625,-0.2332763671875,1.3565673828125,-18.49365234375,70.37353515625,-46.38671875
0.364990234375,-0.6190185546875,1.558349609375,36.1328125,117.61474609375,-26.123046875
0.3421630859375,-0.7952880859375,2.8115234375,46.44775390625,128.90625,-20.93505859375
0.8131103515625,-0.56640625,3.7742919921875,46.56982421875,148.193359375,-18.4326171875
0.654296875,-0.514404296875,3.5167236328125,39.6728515625,161.9873046875,-15.44189453125
-0.2374267578125,-0.8194580078125,2.5853271484375,56.33544921875,176.513671875,-11.962890625
-0.399658203125,-0.9305419921875,1.6060791015625,71.59423828125,193.42041015625,-11.5966796875
-0.466796875,-0.7113037109375,1.037353515625,84.8388671875,263.36669921875,-10.19287109375
0.765625,-0.3341064453125,0.8294677734375,91.6748046875,282.77587890625,-6.89697265625
1.3092041015625,-0.12646484375,0.8294677734375,101.318359375,295.2880859375,-2.38037109375
0.5382080078125,-0.0694580078125,0.84912109375,103.45458984375,297.7294921875,2.9296875
0.1090087890625,-0.1676025390625,0.8900146484375,103.3935546875,295.654296875,9.033203125
-0.30810546875,-0.211669921875,1.0836181640625,101.5625,290.71044921875,16.357421875
-0.4337158203125,-0.1806640625,1.04052734375,97.412109375,285.21728515625,24.658203125
-0.2911376953125,-0.154052734375,0.94873046875,93.3837890625,284.1796875,33.69140625
-0.1263427734375,-0.2493896484375,0.8668212890625,90.33203125,281.494140625,41.93115234375
-0.038330078125,-0.282958984375,0.858154296875,87.34130859375,281.31103515625,48.828125
0.0616455078125,-0.3231201171875,0.92822265625,85.87646484375,283.38623046875,53.955078125
0.3779296875,-0.3551025390625,1.036376953125,80.810546875,279.4189453125,54.01611328125
0.421142578125,-0.373291015625,1.1368408203125,78.2470703125,275.2685546875,52.6123046875
0.4197998046875,-0.404541015625,1.2249755859375,80.9326171875,279.052734375,46.93603515625
0.40283203125,-0.4498291015625,1.3345947265625,85.87646484375,283.50830078125,40.52734375
0.4305419921875,-0.493896484375,1.466796875,89.599609375,282.16552734375,34.60693359375
0.4755859375,-0.517333984375,1.622314453125,93.994140625,282.1044921875,29.47998046875
0.516357421875,-0.531494140625,1.7982177734375,101.806640625,286.62109375,30.21240234375
0.54296875,-0.560546875,1.95947265625,100.28076171875,298.095703125,38.6962890625
0.5406494140625,-0.57470703125,2.0831298828125,91.24755859375,317.32177734375,46.875
0.555419921875,-0.572021484375,2.1600341796875,80.26123046875,333.1298828125,53.16162109375
0.5784912109375,-0.58447265625,2.239013671875,65.3076171875,325.37841796875,55.419921875
0.6060791015625,-0.6324462890625,2.3572998046875,44.49462890625,246.337890625,59.02099609375
0.688232421875,-0.6669921875,2.4541015625,35.15625,210.87646484375,60.791015625
0.7900390625,-0.680419921875,2.3463134765625,41.015625,175.9033203125,56.94580078125
0.8720703125,-0.74609375,1.921875,28.50341796875,117.3095703125,50.47607421875
0.935302734375,-0.854248046875,1.35888671875,9.70458984375,27.2216796875,66.650390625
1.028564453125,-0.881103515625,0.42626953125,-10.7421875,-58.77685546875,76.35498046875
1.1937255859375,-0.8997802734375,-0.02587890625,-27.83203125,-151.7333984375,75.5615234375
1.4114990234375,-1.0404052734375,-0.562255859375,-36.1328125,-287.90283203125,71.4111328125
1.633056640625,-1.013427734375,-1.0716552734375,-43.3349609375,-219.970703125,64.453125
1.69189453125,-0.961669921875,-1.2203369140625,6.34765625,-225.341796875,59.08203125
1.6141357421875,-0.9571533203125,-0.7442626953125,19.34814453125,-212.5244140625,52.06298828125
2.0718994140625,-0.8485107421875,-0.1842041015625,-41.32080078125,-200.1953125,31.67724609375
2.5899658203125,-0.675048828125,0.4571533203125,-66.46728515625,-187.56103515625,-4.2724609375
2.87548828125,-0.5819091796875,1.5220947265625,-64.02587890625,-171.9970703125,-30.33447265625
2.637451171875,-0.84375,1.7894287109375,-79.89501953125,-143.798828125,-3.41796875
2.1282958984375,-0.754150390625,1.1588134765625,-91.12548828125,-116.02783203125,8.7890625
1.821533203125,0.041015625,0.91552734375,-94.482421875,-86.3037109375,5.43212890625
1.3358154296875,0.4610595703125,1.1416015625,-97.35107421875,-86.181640625,0.0
0.992431640625,0.2708740234375,1.40478515625,-76.0498046875,-72.75390625,-0.3662109375
0.382568359375,0.26171875,1.707275390625,-46.20361328125,-61.03515625,-3.0517578125
0.043701171875,0.5628662109375,1.933837890625,-33.5693359375,-60.1806640625,-8.48388671875
0.36328125,0.7454833984375,1.692626953125,-30.1513671875,-54.74853515625,-4.2724609375
0.345947265625,0.7430419921875,1.63818359375,-20.751953125,-28.564453125,-3.60107421875
0.4500732421875,0.288330078125,1.547119140625,-1.40380859375,-13.5498046875,-3.5400390625
0.63916015625,-1.1605224609375,1.4007568359375,-10.7421875,-22.0947265625,-1.708984375
0.7828369140625,-0.735595703125,1.251220703125,-8.23974609375,-15.13671875,-2.50244140625
0.708740234375,-0.105224609375,1.33154296875,4.2724609375,-10.7421875,-5.18798828125
0.066650390625,-0.019287109375,1.371826171875,3.2958984375,-9.33837890625,-4.33349609375
0.2098388671875,-0.2869873046875,1.10546875,-5.55419921875,-11.5966796875,-4.7607421875
0.4012451171875,-0.08935546875,0.9951171875,-11.5966796875,-12.3291015625,-4.57763671875
0.2994384765625,-0.1007080078125,1.0806884765625,-14.34326171875,-16.7236328125,-3.84521484375
0.1363525390625,-0.34912109375,1.08935546875,-14.58740234375,-20.32470703125,-4.94384765625
0.2269287109375,-0.2235107421875,1.05224609375,-11.474609375,-18.85986328125,-5.615234375
0.2916259765625,-0.10302734375,1.0428466796875,-10.3759765625,-16.11328125,-6.34765625
0.0294189453125,-0.1761474609375,1.0406494140625,-12.451171875,-14.22119140625,-5.9814453125
-0.0130615234375,-0.100830078125,1.0181884765625,-14.22119140625,-13.24462890625,-5.615234375
0.0948486328125,-0.0478515625,1.03955078125,-16.2353515625,-11.41357421875,-5.92041015625
0.035400390625,-0.1494140625,1.0511474609375,-16.90673828125,-10.80322265625,-6.53076171875
0.030517578125,-0.1727294921875,1.03271484375,-18.5546875,-10.25390625,-7.2021484375
0.049072265625,-0.149169921875,1.0255126953125,-17.333984375,-10.55908203125,-8.85009765625
0.0430908203125,-0.181640625,1.0269775390625,-16.29638671875,-11.5966796875,-9.1552734375
0.0166015625,-0.1812744140625,1.020751953125,-15.0146484375,-13.0615234375,-8.9111328125
0.0579833984375,-0.1790771484375,1.003173828125,-13.00048828125,-12.6953125,-8.23974609375
0.078857421875,-0.1802978515625,1.0037841796875,-11.3525390625,-12.939453125,-6.34765625
0.06640625,-0.1781005859375,1.002685546875,-9.70458984375,-9.27734375,-6.53076171875
0.0587158203125,-0.1717529296875,0.99462890625,-5.4931640625,-11.474609375,-7.87353515625
0.064697265625,-0.1795654296875,1.00537109375,-15.380859375,-10.986328125,-9.09423828125
0.0682373046875,-0.1842041015625,1.00732421875,0.3662109375,-8.7890625,-9.3994140625
0.0562744140625,-0.1739501953125,0.987060546875,2.685546875,-10.19287109375,-8.9111328125
0.05517578125,-0.18359375,1.007568359375,1.8310546875,-11.1083984375,-7.8125
0.0550537109375,-0.19140625,1.028564453125,1.28173828125,-11.53564453125,-6.53076171875
0.050048828125,-0.1715087890625,1.0003662109375,1.28173828125,-12.26806640625,-5.43212890625
0.060546875,-0.2142333984375,0.9871826171875,0.732421875,-12.8173828125,-4.33349609375
0.0806884765625,-0.23681640625,0.9932861328125,-0.1220703125,-13.24462890625,-3.23486328125
0.0921630859375,-0.1910400390625,0.995849609375,-1.8310546875,-14.0380859375,-2.50244140625
0.100830078125,-0.1837158203125,0.9967041015625,-3.35693359375,-14.7705078125,3.23486328125
0.09619140625,-0.177978515625,0.9964599609375,-4.69970703125,-16.05224609375,9.3994140625
0.0908203125,-0.1793212890625,0.997802734375,-5.7373046875,-28.13720703125,3.11279296875
0.0447998046875,-0.1756591796875,0.9979248046875,-7.26318359375,-39.97802734375,14.58740234375
0.0616455078125,-0.1661376953125,0.997314453125,-15.0146484375,-57.861328125,22.39990234375
0.0751953125,-0.15966796875,0.995849609375,-18.12744140625,-81.97021484375,31.494140625
0.085693359375,-0.158935546875,0.993408203125,-29.47998046875,-100.76904296875,38.818359375
0.089599609375,-0.16650390625,1.0108642578125,-47.119140625,-118.71337890625,39.12353515625
0.0889892578125,-0.168212890625,1.01318359375,-40.95458984375,-132.9345703125,35.5224609375
0.086669921875,-0.166748046875,1.042724609375,-46.2646484375,-156.3720703125,22.216796875
0.0916748046875,-0.176025390625,1.0821533203125,-59.4482421875,-194.51904296875,1.3427734375
0.0845947265625,-0.195556640625,1.0653076171875,-86.9140625,-236.26708984375,-45.10498046875
0.0709228515625,-0.1763916015625,1.0594482421875,-123.9013671875,-284.912109375,-97.47314453125
0.0970458984375,-0.1378173828125,1.0943603515625,-160.400390625,-326.416015625,-143.9208984375
0.083251953125,-0.103759765625,1.1544189453125,-190.3076171875,-355.28564453125,-153.13720703125
0.0028076171875,-0.0980224609375,1.24267578125,-264.34326171875,-484.92431640625,-178.40576171875
-0.061767578125,-0.0892333984375,1.37646484375,-357.48291015625,-501.89208984375,-123.10791015625
-0.1866455078125,-0.0489501953125,1.6331787109375,-401.4892578125,-525.5126953125,-77.33154296875
-0.1575927734375,-0.121826171875,1.755859375,-356.50634765625,-318.42041015625,-62.92724609375
-0.135986328125,-0.25244140625,1.7144775390625,-158.447265625,0.06103515625,-55.48095703125
-0.0902099609375,-0.14404296875,1.7850341796875,-54.87060546875,91.24755859375,-50.72021484375
0.0640869140625,-0.046142578125,1.5574951171875,29.47998046875,130.7373046875,-44.49462890625
0.1864013671875,-0.142822265625,1.7763671875,41.3818359375,146.3623046875,-37.04833984375
0.3455810546875,-0.6468505859375,3.1708984375,46.93603515625,154.541015625,-28.3203125
0.300048828125,-0.6837158203125,3.2760009765625,47.66845703125,162.353515625,-19.47021484375
0.415771484375,-0.5516357421875,2.3802490234375,49.86572265625,171.630859375,-14.34326171875
0.3505859375,-0.772705078125,1.584228515625,56.21337890625,183.59375,-7.14111328125
-0.1436767578125,-0.5142822265625,1.12158203125,66.162109375,198.42529296875,-7.568359375
0.0390625,-0.2862548828125,0.8990478515625,78.2470703125,235.3515625,-9.1552734375
1.0333251953125,-0.15380859375,0.7950439453125,89.78271484375,278.076171875,-11.474609375
0.491943359375,-0.1025390625,0.7769775390625,96.25244140625,305.96923828125,-6.7138671875
0.0623779296875,-0.135009765625,0.8319091796875,103.1494140625,318.7255859375,-0.3662109375
-0.20361328125,-0.1849365234375,0.948974609375,105.3466796875,287.78076171875,6.591796875
-0.272216796875,-0.22265625,1.0953369140625,106.0791015625,275.634765625,22.5830078125
-0.25439453125,-0.245849609375,1.2156982421875,100.830078125,266.845703125,35.70556640625
-0.228759765625,-0.2265625,1.0611572265625,100.89111328125,266.05224609375,39.1845703125
-0.1632080078125,-0.2076416015625,0.8282470703125,101.74560546875,260.80322265625,39.61181640625
-0.0562744140625,-0.214599609375,0.7042236328125,97.7783203125,257.32421875,38.26904296875
0.06689453125,-0.2247314453125,0.9000244140625,100.64697265625,251.52587890625,26.30615234375
0.2269287109375,-0.236083984375,1.07666015625,100.5859375,254.5166015625,32.65380859375
0.530517578125,-0.3587646484375,1.2750244140625,101.50146484375,310.6689453125,44.189453125
0.5618896484375,-0.3997802734375,1.4354248046875,97.35107421875,282.53173828125,61.58447265625
0.494384765625,-0.4373779296875,1.558837890625,66.5283203125,266.90673828125,77.7587890625
0.414794921875,-0.5050048828125,1.7249755859375,40.58837890625,267.15087890625,86.60888671875
0.4736328125,-0.5543212890625,1.9176025390625,68.9697265625,267.76123046875,89.90478515625
0.528564453125,-0.5535888671875,1.915771484375,50.537109375,238.34228515625,88.07373046875
0.5614013671875,-0.5584716796875,1.5687255859375,38.87939453125,197.021484375,81.0546875
0.5772705078125,-0.5611572265625,1.385986328125,33.02001953125,164.1845703125,66.10107421875
0.6041259765625,-0.853271484375,1.3018798828125,33.5693359375,131.103515625,44.7998046875
0.664794921875,-1.16455078125,1.2291259765625,41.56494140625,79.1015625,31.494140625
0.766845703125,-1.1943359375,0.9132080078125,34.5458984375,5.55419921875,41.3818359375
1.283203125,-0.8165283203125,0.46923828125,12.87841796875,-69.091796875,40.52734375
1.3302001953125,-0.889404296875,0.069091796875,-11.04736328125,-236.572265625,38.57421875
1.401123046875,-0.9268798828125,-0.3568115234375,-32.89794921875,-261.1083984375,38.2080078125
1.5576171875,-0.923095703125,-0.8060302734375,-52.18505859375,-249.267578125,31.494140625
1.4918212890625,-0.8603515625,-0.970458984375,32.28759765625,-255.9814453125,-12.0849609375
1.5079345703125,-0.6990966796875,-0.7694091796875,4.150390625,-145.44677734375,-28.13720703125
1.8125,-0.49658203125,-0.569091796875,-58.2275390625,-134.765625,-8.97216796875
2.2427978515625,-0.3775634765625,0.4722900390625,-94.8486328125,-93.68896484375,7.62939453125
2.5146484375,-0.3143310546875,1.72119140625,-85.02197265625,-67.7490234375,-0.30517578125
2.3873291015625,-0.631103515625,1.6202392578125,-88.92822265625,-73.974609375,-4.82177734375
2.01806640625,-0.5343017578125,1.648681640625,-77.33154296875,-54.5654296875,-2.44140625
1.2418212890625,0.2037353515625,1.9171142578125,-44.5556640625,-57.92236328125,-4.39453125
0.8900146484375,0.1064453125,1.988525390625,-26.42822265625,-56.2744140625,-10.68115234375
0.7210693359375,0.7513427734375,1.682861328125,-19.8974609375,-44.98291015625,-7.50732421875
0.0439453125,0.73974609375,1.441650390625,-7.6904296875,-13.36669921875,-5.7373046875
0.1204833984375,-0.1282958984375,1.3392333984375,-0.732421875,-13.36669921875,-2.0751953125
0.73974609375,-1.04345703125,1.2745361328125,-13.24462890625,-13.427734375,-0.42724609375
0.8408203125,-1.0076904296875,1.259521484375,-11.53564453125,-2.9296875,2.3193359375
0.6451416015625,0.0389404296875,1.4189453125,-6.2255859375,-5.0048828125,0.67138671875
0.161376953125,-0.121826171875,1.281982421875,-8.6669921875,-6.28662109375,-0.06103515625
0.0311279296875,-0.3115234375,1.0472412109375,-9.033203125,-9.21630859375,-1.0986328125
0.2681884765625,-0.11376953125,1.138671875,-10.009765625,-10.25390625,-2.5634765625
0.20263671875,-0.0426025390625,1.0211181640625,-9.70458984375,-10.6201171875,-4.08935546875
0.1605224609375,-0.253662109375,1.0433349609375,-8.97216796875,-11.3525390625,-5.43212890625
0.3331298828125,-0.280517578125,1.0416259765625,-9.58251953125,-11.23046875,-5.9814453125
0.2728271484375,-0.13623046875,1.0299072265625,-9.94873046875,-10.7421875,-6.04248046875
0.0032958984375,-0.16552734375,1.0042724609375,-11.04736328125,-10.1318359375,-5.9814453125
0.06640625,-0.0950927734375,1.0042724609375,-10.55908203125,-8.1787109375,-6.16455078125
0.0281982421875,-0.1033935546875,1.0145263671875,-11.16943359375,-5.55419921875,-6.7138671875
0.0457763671875,-0.126220703125,1.0179443359375,-12.26806640625,-3.72314453125,-5.79833984375
0.0501708984375,-0.1431884765625,1.0150146484375,-13.7939453125,-3.5400390625,-4.39453125
0.04638671875,-0.1590576171875,1.0146484375,-14.46533203125,-4.5166015625,-4.7607421875
0.0355224609375,-0.16357421875,1.01220703125,-13.7939453125,-6.16455078125,-5.615234375
0.0341796875,-0.1727294921875,1.0146484375,-13.61083984375,-9.765625,-5.126953125
0.0396728515625,-0.1708984375,1.01953125,-10.009765625,-9.09423828125,-5.79833984375
0.047607421875,-0.1627197265625,1.023681640625,-6.40869140625,0.0,-6.103515625
0.0501708984375,-0.1602783203125,1.01318359375,-7.9345703125,-2.8076171875,-8.6669921875
0.055908203125,-0.1693115234375,1.0081787109375,-8.72802734375,0.42724609375,-11.474609375
0.0631103515625,-0.172119140625,1.001708984375,-6.04248046875,0.42724609375,-11.65771484375
0.06591796875,-0.1627197265625,1.0107421875,-1.64794921875,-3.2958984375,-11.04736328125
0.0631103515625,-0.1632080078125,1.00341796875,2.0751953125,-4.5166015625,-10.07080078125
0.0634765625,-0.1654052734375,1.005615234375,2.01416015625,-5.37109375,-9.3994140625
0.0606689453125,-0.1728515625,0.9827880859375,1.220703125,-6.53076171875,-5.615234375
0.05712890625,-0.17822265625,0.990478515625,1.77001953125,-6.4697265625,-4.45556640625
0.047119140625,-0.1793212890625,0.9967041015625,-2.01416015625,-19.1650390625,-2.74658203125
0.0814208984375,-0.1846923828125,0.9964599609375,-4.21142578125,-24.10888671875,-0.244140625
0.08447265625,-0.173828125,0.998046875,-12.5732421875,-28.13720703125,2.197265625
0.0726318359375,-0.1646728515625,0.9969482421875,-14.6484375,-31.73828125,5.18798828125
0.0576171875,-0.1651611328125,0.9967041015625,-17.02880859375,-36.4990234375,3.84521484375
0.0277099609375,-0.1650390625,0.9908447265625,-18.06640625,-41.32080078125,1.40380859375
0.0272216796875,-0.1551513671875,0.9903564453125,-18.98193359375,-44.189453125,0.3662109375
0.053955078125,-0.1458740234375,1.0074462890625,-23.4375,-49.560546875,2.86865234375
0.061767578125,-0.142822265625,1.0107421875,-25.634765625,-57.31201171875,5.67626953125
0.057373046875,-0.1395263671875,1.0107421875,-28.4423828125,-64.88037109375,10.986328125
0.046875,-0.1590576171875,1.042724609375,-33.0810546875,-78.06396484375,15.625
0.014404296875,-0.160888671875,1.0328369140625,-43.5791015625,-91.00341796875,21.97265625
0.01318359375,-0.140625,1.0311279296875,-48.76708984375,-105.65185546875,34.36279296875
0.042724609375,-0.1802978515625,1.05224609375,-51.69677734375,-121.52099609375,45.71533203125
0.0465087890625,-0.1875,1.0496826171875,-47.4853515625,-139.7705078125,22.27783203125
0.0357666015625,-0.16748046875,1.0712890625,-43.212890625,-172.2412109375,-9.765625
0.081787109375,-0.1610107421875,1.0958251953125,-54.3212890625,-252.5634765625,-166.748046875
0.0308837890625,-0.14501953125,1.0731201171875,-104.67529296875,-298.583984375,-195.12939453125
-0.00439453125,-0.1541748046875,1.069580078125,-181.2744140625,-494.62890625,-172.9736328125
0.0008544921875,-0.1575927734375,1.0555419921875,-219.7265625,-526.123046875,-101.25732421875
-0.05419921875,-0.1263427734375,1.1361083984375,-364.1357421875,-437.43896484375,-74.03564453125
-0.0416259765625,-0.105712890625,1.515869140625,-293.02978515625,-53.1005859375,-61.4013671875
0.0029296875,-0.08056640625,1.757568359375,-158.5693359375,86.97509765625,-56.57958984375
-0.0882568359375,-0.05908203125,1.63134765625,-13.36669921875,152.64892578125,-44.7998046875
-0.138427734375,-0.1121826171875,1.2318115234375,28.80859375,167.05322265625,-36.9873046875
-0.09912109375,-0.0595703125,2.43310546875,52.91748046875,167.17529296875,-30.029296875
-0.0286865234375,-0.6685791015625,3.8267822265625,63.4765625,174.4384765625,-25.7568359375
0.050048828125,-0.4207763671875,3.0672607421875,70.86181640625,190.0634765625,-23.74267578125
0.4130859375,-0.6971435546875,1.97412109375,77.63671875,207.70263671875,-22.5830078125
0.047119140625,-0.910888671875,1.238525390625,87.0361328125,225.9521484375,-22.705078125
-0.5159912109375,-0.6431884765625,0.7625732421875,96.923828125,244.93408203125,-23.4375
0.4139404296875,-0.3487548828125,0.76513671875,104.55322265625,263.12255859375,-22.8271484375
0.662353515625,-0.165771484375,0.8331298828125,107.2998046875,281.06689453125,-20.20263671875
0.22216796875,-0.117431640625,0.8934326171875,109.43603515625,290.46630859375,-5.7373046875
-0.2445068359375,-0.126953125,0.949462890625,111.38916015625,292.17529296875,-0.244140625
-0.4129638671875,-0.1435546875,1.0057373046875,114.2578125,275.0244140625,7.2021484375
-0.291015625,-0.173095703125,1.0401611328125,114.990234375,275.32958984375,16.845703125
-0.15966796875,-0.189453125,1.02099609375,108.82568359375,277.9541015625,27.099609375
-0.005126953125,-0.1856689453125,0.9560546875,102.72216796875,281.1279296875,35.400390625
0.106201171875,-0.208984375,0.88525390625,98.08349609375,276.06201171875,45.654296875
0.1927490234375,-0.26171875,1.0050048828125,93.3837890625,269.95849609375,48.15673828125
0.2803955078125,-0.3154296875,1.1104736328125,91.73583984375,270.81298828125,49.6826171875
0.364013671875,-0.3570556640625,1.1905517578125,89.84375,271.1181640625,51.81884765625
0.416748046875,-0.4261474609375,1.2498779296875,85.8154296875,271.42333984375,54.87060546875
0.41162109375,-0.466064453125,1.322998046875,76.23291015625,270.263671875,60.791015625
0.385986328125,-0.52099609375,1.4302978515625,74.76806640625,270.99609375,66.83349609375
0.4736328125,-0.566162109375,1.56591796875,75.25634765625,275.87890625,79.833984375
0.5286865234375,-0.589111328125,1.8721923828125,72.8759765625,276.7333984375,95.76416015625
0.5421142578125,-0.5909423828125,1.9857177734375,59.326171875,259.58251953125,105.95703125
0.5147705078125,-0.5859375,2.0582275390625,42.236328125,266.41845703125,108.94775390625
0.4990234375,-0.62744140625,2.0845947265625,26.0009765625,254.57763671875,103.759765625
0.5198974609375,-0.7266845703125,2.007080078125,31.73828125,186.4013671875,93.994140625
0.5718994140625,-0.8341064453125,1.919921875,39.6728515625,156.25,77.57568359375
0.7044677734375,-0.916015625,1.6436767578125,42.54150390625,110.83984375,62.56103515625
0.7596435546875,-0.9932861328125,1.4283447265625,34.48486328125,46.69189453125,52.18505859375
