0.3992919921875,-0.1336669921875,0.9227294921875,-0.06103515625,-0.732421875,-0.67138671875
0.3988037109375,-0.1337890625,0.922607421875,-0.06103515625,-0.79345703125,-0.67138671875
0.3968505859375,-0.1292724609375,0.923095703125,-0.06103515625,-0.91552734375,-0.1220703125
0.3951416015625,-0.1268310546875,0.9227294921875,-0.06103515625,-1.03759765625,-0.42724609375
0.395751953125,-0.1270751953125,0.921875,-0.1220703125,-0.732421875,-0.48828125
0.3984375,-0.1265869140625,0.921630859375,-0.1220703125,-0.244140625,-0.48828125
0.400634765625,-0.12890625,0.921875,-0.244140625,-0.3662109375,-0.42724609375
0.401123046875,-0.1304931640625,0.921630859375,-0.6103515625,-0.67138671875,-0.30517578125
0.401611328125,-0.129638671875,0.92138671875,-0.30517578125,-0.8544921875,-0.18310546875
0.4019775390625,-0.130615234375,0.922119140625,-0.30517578125,-0.91552734375,-0.1220703125
0.40283203125,-0.1314697265625,0.9227294921875,-0.3662109375,-0.91552734375,-0.06103515625
0.4033203125,-0.132080078125,0.92138671875,-0.48828125,-0.79345703125,-0.06103515625
0.399169921875,-0.1324462890625,0.9215087890625,-0.54931640625,-0.67138671875,-0.1220703125
0.397216796875,-0.1279296875,0.9234619140625,-0.6103515625,-0.54931640625,-0.1220703125
0.39697265625,-0.1275634765625,0.9244384765625,-0.6103515625,-0.48828125,-0.1220703125
0.398681640625,-0.1300048828125,0.924072265625,-0.54931640625,-0.42724609375,-0.1220703125
0.4017333984375,-0.1307373046875,0.923583984375,-0.42724609375,-0.3662109375,-0.1220703125
0.39990234375,-0.1302490234375,0.922607421875,-0.30517578125,-0.30517578125,-0.06103515625
0.4022216796875,-0.1282958984375,0.92138671875,-0.30517578125,-0.30517578125,0.0
0.399169921875,-0.1279296875,0.920166015625,-0.18310546875,-0.3662109375,0.0
0.3997802734375,-0.1282958984375,0.9202880859375,-0.30517578125,-0.54931640625,0.0
0.40185546875,-0.1287841796875,0.92138671875,-0.42724609375,-0.6103515625,0.0
0.40283203125,-0.130126953125,0.92138671875,-0.48828125,-0.54931640625,0.06103515625
0.4041748046875,-0.13134765625,0.9210205078125,-0.48828125,-0.42724609375,0.06103515625
0.404541015625,-0.1317138671875,0.9212646484375,-0.54931640625,-0.18310546875,0.0
0.4031982421875,-0.1304931640625,0.9207763671875,-0.54931640625,0.06103515625,0.0
0.40234375,-0.130126953125,0.9202880859375,-0.42724609375,0.18310546875,0.0
0.402587890625,-0.1298828125,0.9215087890625,-0.3662109375,0.244140625,0.0
0.4022216796875,-0.129150390625,0.9219970703125,-0.30517578125,0.244140625,0.0
0.40185546875,-0.12890625,0.9210205078125,-0.244140625,0.30517578125,-0.06103515625
0.3997802734375,-0.1295166015625,0.920166015625,-0.18310546875,0.30517578125,-0.1220703125
0.4000244140625,-0.1300048828125,0.919677734375,-0.18310546875,0.244140625,-0.06103515625
0.399169921875,-0.130859375,0.9197998046875,-0.18310546875,0.244140625,0.0
0.3994140625,-0.1304931640625,0.920654296875,-0.18310546875,0.244140625,0.0
0.401123046875,-0.129150390625,0.9212646484375,-0.1220703125,0.1220703125,0.06103515625
0.4029541015625,-0.1298828125,0.921875,-0.1220703125,0.0,0.06103515625
0.404541015625,-0.1312255859375,0.9219970703125,-0.1220703125,-0.06103515625,0.1220703125
0.4046630859375,-0.131591796875,0.921875,-0.18310546875,-0.06103515625,0.18310546875
0.404052734375,-0.131591796875,0.9215087890625,-0.244140625,-0.1220703125,0.18310546875
0.4029541015625,-0.1314697265625,0.9215087890625,-0.244140625,-0.1220703125,0.30517578125
0.40283203125,-0.13134765625,0.9215087890625,-0.244140625,-0.06103515625,0.1220703125
0.4029541015625,-0.131591796875,0.9212646484375,-0.30517578125,-0.06103515625,0.1220703125
0.402099609375,-0.130615234375,0.9222412109375,-0.30517578125,-0.18310546875,0.0
0.4014892578125,-0.130126953125,0.9222412109375,-0.244140625,-0.244140625,-0.06103515625
0.4007568359375,-0.1298828125,0.922119140625,-0.3662109375,-0.244140625,0.0
0.4007568359375,-0.1292724609375,0.922119140625,-0.30517578125,-0.244140625,0.1220703125
0.400634765625,-0.129638671875,0.921630859375,-0.244140625,-0.244140625,0.18310546875
0.400390625,-0.1297607421875,0.921875,-0.244140625,-0.30517578125,0.18310546875
0.400634765625,-0.129150390625,0.922119140625,-0.244140625,-0.3662109375,0.1220703125
0.401123046875,-0.129638671875,0.9222412109375,-0.244140625,-0.3662109375,0.06103515625
0.4007568359375,-0.1298828125,0.921875,-0.30517578125,-0.3662109375,-0.06103515625
0.4010009765625,-0.1298828125,0.921142578125,-0.30517578125,-0.3662109375,-0.06103515625
0.40185546875,-0.1336669921875,0.9217529296875,-0.42724609375,-0.3662109375,0.0
0.4007568359375,-0.133056640625,0.9224853515625,-0.42724609375,-0.30517578125,0.0
0.3997802734375,-0.13232421875,0.9227294921875,-0.3662109375,-0.3662109375,0.06103515625
0.3992919921875,-0.1297607421875,0.9224853515625,-0.30517578125,-0.3662109375,0.0
0.4000244140625,-0.1280517578125,0.92236328125,-0.244140625,-0.42724609375,0.0
0.4007568359375,-0.129150390625,0.9219970703125,-0.30517578125,-0.54931640625,0.0
0.4002685546875,-0.129638671875,0.9212646484375,-0.3662109375,-0.6103515625,0.0
0.400634765625,-0.13037109375,0.921630859375,-0.3662109375,-0.67138671875,-0.06103515625
0.4007568359375,-0.1317138671875,0.9217529296875,-0.3662109375,-0.6103515625,0.0
0.400390625,-0.1318359375,0.9208984375,-0.42724609375,-0.48828125,-0.06103515625
0.4002685546875,-0.130859375,0.92138671875,-0.3662109375,-0.48828125,-0.06103515625
0.400390625,-0.1292724609375,0.921875,-0.30517578125,-0.42724609375,-0.06103515625
0.400390625,-0.130126953125,0.92236328125,-0.30517578125,-0.48828125,-0.06103515625
0.400634765625,-0.130126953125,0.922119140625,-0.3662109375,-0.48828125,-0.06103515625
0.400390625,-0.13037109375,0.9212646484375,-0.30517578125,-0.54931640625,0.0
0.4017333984375,-0.131103515625,0.9208984375,-0.30517578125,-0.6103515625,-0.06103515625
0.4005126953125,-0.131591796875,0.920654296875,-0.3662109375,-0.54931640625,0.0
0.3997802734375,-0.1314697265625,0.921142578125,-0.3662109375,-0.48828125,0.06103515625
0.4000244140625,-0.13134765625,0.921142578125,-0.3662109375,-0.48828125,0.06103515625
0.4010009765625,-0.130615234375,0.921142578125,-0.3662109375,-0.48828125,0.0
0.401611328125,-0.1304931640625,0.9215087890625,-0.3662109375,-0.48828125,0.0
0.4022216796875,-0.13134765625,0.92138671875,-0.42724609375,-0.54931640625,0.0
0.4013671875,-0.131103515625,0.9207763671875,-0.3662109375,-0.54931640625,0.06103515625
0.40087890625,-0.131591796875,0.920654296875,-0.48828125,-0.54931640625,0.06103515625
0.400390625,-0.1322021484375,0.920654296875,-0.3662109375,-0.3662109375,0.06103515625
0.4000244140625,-0.131591796875,0.9207763671875,-0.3662109375,-0.3662109375,0.06103515625
0.4013671875,-0.1312255859375,0.9207763671875,-0.42724609375,-0.244140625,0.06103515625
0.4012451171875,-0.1309814453125,0.921630859375,-0.3662109375,-0.244140625,0.06103515625
0.4010009765625,-0.13037109375,0.9208984375,-0.42724609375,-0.30517578125,0.0
0.4019775390625,-0.1309814453125,0.9200439453125,-0.30517578125,-0.30517578125,0.0
0.40087890625,-0.131103515625,0.921142578125,-0.244140625,-0.42724609375,0.0
0.40087890625,-0.1319580078125,0.92041015625,-0.244140625,-0.54931640625,0.0
0.4012451171875,-0.1318359375,0.9197998046875,-0.30517578125,-0.54931640625,0.0
0.4010009765625,-0.1307373046875,0.9197998046875,-0.3662109375,-0.54931640625,0.0
0.4005126953125,-0.1312255859375,0.920166015625,-0.42724609375,-0.54931640625,0.06103515625
0.40087890625,-0.13232421875,0.92041015625,-0.3662109375,-0.48828125,0.1220703125
0.4017333984375,-0.132080078125,0.92041015625,-0.3662109375,-0.48828125,0.18310546875
0.4027099609375,-0.1314697265625,0.9208984375,-0.3662109375,-0.48828125,0.1220703125
0.403076171875,-0.1322021484375,0.9217529296875,-0.42724609375,-0.42724609375,0.1220703125
0.402587890625,-0.1318359375,0.9212646484375,-0.48828125,-0.3662109375,0.1220703125
0.401123046875,-0.1318359375,0.9208984375,-0.48828125,-0.30517578125,0.244140625
0.4005126953125,-0.1319580078125,0.9205322265625,-0.48828125,-0.1220703125,0.30517578125
0.401123046875,-0.13134765625,0.920166015625,-0.3662109375,0.1220703125,0.42724609375
0.4010009765625,-0.1317138671875,0.9207763671875,-0.3662109375,0.244140625,0.54931640625
0.4017333984375,-0.131103515625,0.9212646484375,-0.3662109375,0.30517578125,0.6103515625
0.403076171875,-0.1307373046875,0.9210205078125,-0.3662109375,0.3662109375,1.220703125
0.4027099609375,-0.1309814453125,0.919921875,-0.3662109375,0.48828125,1.5869140625
0.4019775390625,-0.1314697265625,0.9193115234375,-0.3662109375,0.06103515625,2.38037109375
0.4013671875,-0.1319580078125,0.91943359375,-0.3662109375,0.0,1.46484375
0.401611328125,-0.1319580078125,0.919677734375,-0.3662109375,-0.1220703125,1.28173828125
0.40234375,-0.1312255859375,0.9195556640625,-0.79345703125,0.30517578125,1.15966796875
0.4019775390625,-0.130859375,0.9197998046875,-1.46484375,0.3662109375,0.9765625
0.401611328125,-0.130126953125,0.9193115234375,-1.89208984375,0.48828125,0.79345703125
0.4022216796875,-0.129150390625,0.9180908203125,-0.9765625,0.54931640625,0.54931640625
0.402587890625,-0.128662109375,0.9193115234375,-0.732421875,0.54931640625,0.3662109375
0.4029541015625,-0.12939453125,0.91845703125,-0.48828125,0.30517578125,0.18310546875
0.4019775390625,-0.1278076171875,0.9219970703125,-0.3662109375,0.30517578125,0.0
0.4017333984375,-0.13134765625,0.9215087890625,-0.18310546875,0.244140625,-0.06103515625
0.4017333984375,-0.1240234375,0.921630859375,0.0,0.18310546875,-0.1220703125
0.4017333984375,-0.1268310546875,0.9217529296875,0.18310546875,0.3662109375,-0.1220703125
0.401611328125,-0.144287109375,0.9219970703125,0.42724609375,0.54931640625,-0.1220703125
0.4031982421875,-0.142333984375,0.9224853515625,0.6103515625,0.67138671875,0.06103515625
0.3990478515625,-0.141845703125,0.9227294921875,0.91552734375,0.79345703125,0.1220703125
0.4024658203125,-0.1419677734375,0.9217529296875,1.220703125,0.9765625,0.0
0.4012451171875,-0.1427001953125,0.9217529296875,1.3427734375,1.15966796875,-0.48828125
0.4005126953125,-0.14306640625,0.9222412109375,1.46484375,1.220703125,-1.220703125
0.3997802734375,-0.142333984375,0.921630859375,1.3427734375,0.91552734375,-1.46484375
0.396728515625,-0.142578125,0.92138671875,1.3427734375,0.54931640625,-1.64794921875
0.3961181640625,-0.141357421875,0.922119140625,1.40380859375,0.18310546875,-1.77001953125
0.3974609375,-0.137939453125,0.9229736328125,1.64794921875,-0.06103515625,-1.89208984375
0.3966064453125,-0.1365966796875,0.9244384765625,2.13623046875,-0.244140625,-2.13623046875
0.39794921875,-0.13671875,0.9228515625,1.89208984375,-0.9765625,-2.5634765625
0.399658203125,-0.1378173828125,0.921142578125,1.89208984375,-1.8310546875,-4.94384765625
0.3994140625,-0.135986328125,0.9215087890625,1.8310546875,-3.5400390625,-5.92041015625
0.4007568359375,-0.134521484375,0.922119140625,1.708984375,-10.498046875,-7.080078125
0.40185546875,-0.14013671875,0.923828125,1.5869140625,-13.85498046875,-7.4462890625
0.4002685546875,-0.1492919921875,0.92431640625,1.46484375,-17.02880859375,-7.62939453125
0.4019775390625,-0.148681640625,0.9259033203125,1.953125,-19.83642578125,-7.75146484375
0.3931884765625,-0.1431884765625,0.9300537109375,1.28173828125,-21.91162109375,-7.9345703125
0.3880615234375,-0.13916015625,0.93310546875,1.3427734375,-23.49853515625,-8.4228515625
0.38818359375,-0.1375732421875,0.938232421875,0.8544921875,-25.146484375,-10.07080078125
0.389892578125,-0.139404296875,0.9344482421875,1.220703125,-28.62548828125,-17.578125
0.3946533203125,-0.13916015625,0.935791015625,0.48828125,-34.24072265625,-20.08056640625
0.393310546875,-0.140380859375,0.9398193359375,-0.42724609375,-48.88916015625,-26.79443359375
0.3917236328125,-0.150390625,0.9417724609375,-0.6103515625,-57.861328125,-39.6728515625
0.3895263671875,-0.138427734375,0.9405517578125,-0.67138671875,-76.47705078125,-46.2646484375
0.3828125,-0.1405029296875,0.9393310546875,5.37109375,-94.23828125,-51.69677734375
0.386474609375,-0.126953125,0.9456787109375,8.48388671875,-101.13525390625,-55.23681640625
0.39306640625,-0.123779296875,0.958740234375,14.83154296875,-104.55322265625,-54.5654296875
0.39208984375,-0.1298828125,0.97412109375,15.68603515625,-104.55322265625,-45.41015625
0.39794921875,-0.128173828125,1.011474609375,10.31494140625,-97.59521484375,-10.7421875
0.4000244140625,-0.1290283203125,1.031494140625,4.8828125,-80.322265625,6.40869140625
0.3955078125,-0.129150390625,1.05126953125,0.54931640625,-55.35888671875,16.9677734375
0.3863525390625,-0.1978759765625,1.0684814453125,5.126953125,-40.34423828125,21.78955078125
0.3763427734375,-0.1685791015625,1.0836181640625,18.4326171875,-26.85546875,12.451171875
0.3642578125,-0.199462890625,1.109619140625,18.4326171875,-0.30517578125,5.615234375
0.357177734375,-0.205078125,1.1585693359375,10.19287109375,33.26416015625,5.4931640625
0.367431640625,-0.1629638671875,1.3134765625,7.4462890625,71.22802734375,14.5263671875
0.3846435546875,-0.208251953125,1.4461669921875,-9.1552734375,87.7685546875,29.541015625
0.4049072265625,-0.2938232421875,1.358154296875,-27.34375,112.548828125,36.80419921875
0.451904296875,-0.473876953125,1.3428955078125,-40.52734375,126.64794921875,42.48046875
0.4715576171875,-0.67236328125,1.25244140625,-43.27392578125,129.45556640625,46.32568359375
0.4517822265625,-0.6483154296875,1.2000732421875,-46.5087890625,130.06591796875,49.1943359375
0.3935546875,-0.652587890625,1.2762451171875,-45.22705078125,128.173828125,51.69677734375
0.215576171875,-0.591552734375,1.309326171875,-45.41015625,123.22998046875,55.0537109375
-0.18603515625,-0.3663330078125,1.3035888671875,-45.2880859375,115.8447265625,60.05859375
-0.3323974609375,-0.2911376953125,1.27587890625,-44.3115234375,108.2763671875,83.80126953125
-0.4869384765625,-0.308349609375,1.2247314453125,-42.8466796875,102.96630859375,81.54296875
-0.576904296875,-0.326904296875,1.1982421875,-41.8701171875,93.505859375,75.50048828125
-0.4835205078125,-0.38525390625,1.1759033203125,-42.6025390625,84.228515625,69.580078125
-0.31298828125,-0.396484375,1.1500244140625,-44.00634765625,62.8662109375,57.7392578125
-0.219970703125,-0.3843994140625,1.1146240234375,-29.1748046875,50.78125,49.13330078125
-0.01708984375,-0.3785400390625,1.0947265625,-26.4892578125,45.0439453125,20.93505859375
0.1343994140625,-0.3724365234375,1.1070556640625,-19.6533203125,52.6123046875,3.35693359375
0.1995849609375,-0.359375,1.15087890625,-20.56884765625,60.24169921875,-11.23046875
0.26171875,-0.34423828125,0.9102783203125,-36.19384765625,53.03955078125,-22.94921875
0.3082275390625,-0.3353271484375,0.8489990234375,-41.32080078125,39.85595703125,-32.40966796875
0.3353271484375,-0.342041015625,0.7508544921875,-35.46142578125,23.5595703125,-42.48046875
0.366943359375,-0.219970703125,0.7603759765625,-26.4892578125,5.18798828125,-103.6376953125
0.4285888671875,-0.2147216796875,0.915283203125,-18.49365234375,-25.2685546875,-90.9423828125
0.5257568359375,-0.1307373046875,0.927734375,-6.9580078125,-132.50732421875,-69.51904296875
0.5318603515625,-0.0390625,0.6641845703125,8.4228515625,-127.197265625,-34.3017578125
0.5706787109375,0.1087646484375,0.4864501953125,33.69140625,-126.89208984375,-36.2548828125
0.568603515625,0.1553955078125,0.3477783203125,48.03466796875,-123.10791015625,-37.04833984375
0.6053466796875,0.261474609375,0.2547607421875,37.04833984375,-107.666015625,-35.21728515625
0.87646484375,0.313232421875,0.232177734375,38.57421875,-98.0224609375,-30.029296875
0.96240234375,0.319580078125,0.3712158203125,48.64501953125,-96.19140625,-8.60595703125
0.9508056640625,0.24853515625,0.7835693359375,41.1376953125,-95.27587890625,-7.6904296875
0.9658203125,0.1708984375,1.33544921875,25.93994140625,-45.59326171875,-7.14111328125
1.0247802734375,0.0897216796875,1.1448974609375,16.9677734375,-36.43798828125,-5.859375
1.0677490234375,-0.6324462890625,1.381103515625,16.17431640625,-25.87890625,-5.18798828125
1.06982421875,-0.7305908203125,1.367431640625,46.5087890625,-19.71435546875,-5.37109375
1.0555419921875,-0.837158203125,1.229248046875,45.22705078125,-16.78466796875,-4.8828125
-0.1214599609375,-0.148193359375,1.0811767578125,36.19384765625,-14.6484375,-4.2724609375
0.32421875,0.1051025390625,1.0743408203125,29.9072265625,-12.51220703125,-3.60107421875
0.6456298828125,0.1065673828125,1.07666015625,24.0478515625,-10.25390625,-2.8076171875
0.804931640625,-0.09912109375,1.049072265625,18.06640625,-9.21630859375,-2.0751953125
0.7452392578125,-0.286376953125,1.051025390625,11.962890625,-8.60595703125,-1.8310546875
0.573486328125,-0.369873046875,1.0050048828125,8.4228515625,-8.7890625,-2.62451171875
0.4652099609375,-0.158935546875,0.9931640625,6.89697265625,-9.8876953125,-2.86865234375
0.5394287109375,-0.1239013671875,0.9908447265625,5.615234375,-13.00048828125,-2.62451171875
0.9019775390625,-0.1693115234375,0.9920654296875,3.7841796875,-14.22119140625,-2.13623046875
0.506103515625,-0.1302490234375,0.9901123046875,2.3193359375,-14.6484375,-1.77001953125
0.5400390625,-0.1226806640625,0.9744873046875,0.48828125,-15.2587890625,-1.8310546875
0.4716796875,-0.127685546875,0.9642333984375,0.3662109375,-15.2587890625,-1.64794921875
0.4444580078125,-0.119384765625,0.946533203125,-0.18310546875,-15.19775390625,-1.64794921875
0.458740234375,-0.134765625,0.9296875,-1.220703125,-15.2587890625,-2.8076171875
0.4637451171875,-0.1357421875,0.920654296875,-1.953125,-14.892578125,-3.47900390625
0.451171875,-0.142822265625,0.932861328125,-2.685546875,-14.83154296875,-4.21142578125
0.43212890625,-0.1624755859375,0.9371337890625,-3.35693359375,-14.6484375,-5.126953125
0.4228515625,-0.1898193359375,0.9322509765625,-2.62451171875,-14.5263671875,-5.9814453125
0.396240234375,-0.167236328125,0.924072265625,-2.0751953125,-14.5263671875,-6.591796875
0.374755859375,-0.155029296875,0.921142578125,-4.2724609375,-14.22119140625,-6.16455078125
0.3861083984375,-0.15234375,0.91650390625,-4.2724609375,-13.12255859375,-6.103515625
0.40478515625,-0.1590576171875,0.9119873046875,-3.23486328125,-14.5263671875,-6.40869140625
0.42041015625,-0.165283203125,0.9034423828125,-1.5869140625,-13.18359375,-6.2255859375
0.4200439453125,-0.1671142578125,0.8984375,-1.5869140625,-12.75634765625,-6.28662109375
0.4197998046875,-0.1759033203125,0.9012451171875,-2.13623046875,-13.12255859375,-7.6904296875
0.42138671875,-0.1759033203125,0.899169921875,-0.9765625,-14.58740234375,-7.32421875
0.424560546875,-0.1767578125,0.89453125,0.42724609375,-18.98193359375,-6.34765625
0.4283447265625,-0.1888427734375,0.8837890625,-1.15966796875,-23.681640625,-5.4931640625
0.431884765625,-0.1881103515625,0.908203125,-2.9296875,-26.06201171875,-4.8828125
0.4271240234375,-0.1781005859375,0.8953857421875,-2.5634765625,-28.62548828125,-5.126953125
0.4212646484375,-0.1685791015625,0.897216796875,-4.7607421875,-31.1279296875,-6.40869140625
0.4249267578125,-0.1680908203125,0.8935546875,-5.615234375,-34.36279296875,-7.8125
0.435302734375,-0.1689453125,0.8984375,-6.591796875,-38.330078125,-10.3759765625
0.4359130859375,-0.16650390625,0.90380859375,-7.6904296875,-43.212890625,-16.90673828125
0.4503173828125,-0.16650390625,0.9022216796875,-8.1787109375,-49.1943359375,-18.85986328125
0.447998046875,-0.175537109375,0.90234375,-7.75146484375,-65.24658203125,-27.83203125
0.45654296875,-0.174560546875,0.8975830078125,-6.9580078125,-74.76806640625,-31.8603515625
0.4434814453125,-0.149169921875,0.8948974609375,-5.67626953125,-120.7275390625,-36.80419921875
0.433349609375,-0.14697265625,0.89501953125,-3.90625,-134.46044921875,-43.39599609375
0.440673828125,-0.149169921875,0.8988037109375,-4.2724609375,-149.169921875,-49.1943359375
0.4488525390625,-0.158447265625,0.9044189453125,-1.708984375,-164.6728515625,-68.603515625
0.4521484375,-0.1798095703125,0.909912109375,0.8544921875,-182.31201171875,-80.38330078125
0.4583740234375,-0.1846923828125,0.9228515625,3.11279296875,-256.77490234375,-91.064453125
0.4571533203125,-0.1866455078125,0.9263916015625,7.14111328125,-291.93115234375,-97.900390625
0.452392578125,-0.208984375,0.949951171875,9.70458984375,-330.078125,-102.6611328125
0.45263671875,-0.195556640625,0.957763671875,19.95849609375,-362.6708984375,-106.4453125
0.4564208984375,-0.179443359375,0.9613037109375,22.5830078125,-376.708984375,-104.43115234375
0.458740234375,-0.2105712890625,0.961181640625,30.6396484375,-380.2490234375,-101.01318359375
0.474365234375,-0.2310791015625,0.97216796875,44.12841796875,-376.40380859375,-98.08349609375
0.48681640625,-0.249267578125,1.0614013671875,56.33544921875,-375.48828125,-88.92822265625
0.5352783203125,-0.2486572265625,1.091796875,55.84716796875,-371.9482421875,-62.68310546875
0.5399169921875,-0.2366943359375,1.12060546875,44.86083984375,-353.69873046875,-41.56494140625
0.5516357421875,-0.23876953125,1.17333984375,31.494140625,-329.52880859375,-42.236328125
0.562255859375,-0.239013671875,1.1795654296875,21.91162109375,-313.53759765625,-39.4287109375
0.5653076171875,-0.2349853515625,1.208740234375,20.263671875,-277.52685546875,-44.73876953125
0.669189453125,-0.271484375,1.2601318359375,12.26806640625,-178.40576171875,-27.03857421875
0.7015380859375,-0.343994140625,1.1929931640625,-6.9580078125,-127.5634765625,2.0751953125
0.692626953125,-0.32568359375,1.0726318359375,-54.19921875,-3.662109375,8.4228515625
0.79345703125,-0.250732421875,1.01953125,-32.1044921875,104.6142578125,-1.8310546875
0.913818359375,-0.2176513671875,1.020751953125,39.55078125,195.00732421875,-9.09423828125
1.033203125,-0.1529541015625,1.18212890625,46.93603515625,197.44873046875,-11.77978515625
1.1983642578125,0.0494384765625,1.4990234375,54.931640625,199.5849609375,-11.1083984375
1.17431640625,0.0924072265625,1.6761474609375,60.1806640625,205.6884765625,-1.15966796875
1.1143798828125,-0.15234375,2.330322265625,55.35888671875,218.68896484375,10.3759765625
1.0872802734375,-0.4058837890625,2.7784423828125,39.306640625,264.2822265625,39.794921875
1.0836181640625,-0.998779296875,2.3250732421875,14.892578125,290.34423828125,52.3681640625
1.0826416015625,-1.412353515625,0.8995361328125,-8.36181640625,321.044921875,63.17138671875
0.9976806640625,-1.16162109375,0.74267578125,-27.2216796875,324.15771484375,71.47216796875
1.2294921875,-0.8299560546875,0.7047119140625,-27.52685546875,320.3125,76.904296875
2.3851318359375,-0.210693359375,0.7423095703125,-24.71923828125,312.56103515625,81.48193359375
2.409912109375,-0.072998046875,0.8177490234375,-24.96337890625,301.1474609375,84.5947265625
1.1953125,0.0340576171875,0.9801025390625,-25.20751953125,295.166015625,88.7451171875
-0.1907958984375,0.0555419921875,0.9769287109375,-19.95849609375,294.3115234375,90.88134765625
-0.1920166015625,-0.039794921875,0.7933349609375,-27.587890625,291.3818359375,91.24755859375
-0.112548828125,-0.29931640625,0.6927490234375,-28.86962890625,288.39111328125,91.4306640625
0.034912109375,-0.380126953125,0.6357421875,-33.38623046875,284.423828125,92.8955078125
0.223876953125,-0.369873046875,0.629150390625,-40.52734375,278.6865234375,97.35107421875
0.5999755859375,-0.3453369140625,0.710205078125,-46.7529296875,271.78955078125,97.96142578125
0.6806640625,-0.3243408203125,0.853271484375,-52.42919921875,251.5869140625,94.6044921875
0.7008056640625,-0.3131103515625,0.9718017578125,-56.396484375,240.6005859375,89.78271484375
0.6756591796875,-0.2708740234375,1.0499267578125,-58.41064453125,226.86767578125,53.89404296875
0.6602783203125,-0.239013671875,1.0975341796875,-58.77685546875,228.69873046875,-28.076171875
0.676513671875,-0.2486572265625,1.1368408203125,-59.38720703125,224.54833984375,-99.609375
0.7607421875,-0.2420654296875,1.1834716796875,-63.41552734375,134.21630859375,-98.7548828125
0.908447265625,-0.226318359375,1.23193359375,-64.63623046875,-48.2177734375,-106.62841796875
1.0579833984375,-0.2330322265625,1.3228759765625,-59.75341796875,-66.40625,-86.181640625
1.1429443359375,-0.2564697265625,1.3724365234375,-142.7001953125,-94.29931640625,-55.84716796875
1.1820068359375,-0.2777099609375,1.4683837890625,40.4052734375,-138.61083984375,-47.119140625
1.2120361328125,-0.2769775390625,1.441650390625,19.59228515625,-148.98681640625,-44.0673828125
1.2315673828125,-0.2431640625,0.9842529296875,22.94921875,-172.36328125,-37.353515625
1.2413330078125,-0.1446533203125,0.3583984375,154.11376953125,-207.6416015625,-58.10546875
1.2650146484375,-0.1309814453125,-0.218505859375,101.25732421875,-188.720703125,-63.720703125
1.352783203125,-0.0347900390625,0.105224609375,90.88134765625,-157.1044921875,-52.734375
1.6839599609375,0.646484375,0.37744140625,98.14453125,-141.29638671875,-37.90283203125
1.8380126953125,0.3524169921875,0.7572021484375,64.14794921875,-132.50732421875,-29.23583984375
1.75,0.076171875,1.2020263671875,53.1005859375,-113.34228515625,-24.23095703125
1.8836669921875,-0.9090576171875,1.0701904296875,31.31103515625,-84.04541015625,-20.5078125
1.8675537109375,-0.8316650390625,1.220458984375,26.123046875,-70.6787109375,-15.0146484375
1.7230224609375,-0.179443359375,1.8193359375,48.33984375,-52.42919921875,-11.23046875
0.8607177734375,-0.1573486328125,1.76171875,64.453125,-27.83203125,-12.3291015625
-0.008056640625,0.4688720703125,1.4278564453125,68.90869140625,-18.73779296875,-12.39013671875
-0.2188720703125,0.80615234375,1.2398681640625,68.17626953125,-13.916015625,-11.90185546875
-0.01123046875,0.6656494140625,1.308837890625,46.2646484375,-10.19287109375,-9.58251953125
0.6839599609375,0.2484130859375,1.264892578125,31.18896484375,-7.50732421875,-6.53076171875
1.1927490234375,-0.4102783203125,1.12353515625,23.193359375,-5.55419921875,-4.21142578125
1.0843505859375,-0.7476806640625,1.2447509765625,16.9677734375,-5.2490234375,-4.08935546875
0.80029296875,-0.55517578125,1.2066650390625,13.73291015625,-7.50732421875,-3.60107421875
0.8265380859375,-0.22998046875,1.0189208984375,10.31494140625,-8.36181640625,-3.2958984375
1.113037109375,-0.094482421875,0.9942626953125,9.8876953125,-9.21630859375,-3.47900390625
1.0787353515625,-0.0804443359375,0.9876708984375,3.11279296875,-9.27734375,-3.96728515625
0.6676025390625,-0.123291015625,0.9910888671875,1.03759765625,-8.36181640625,-4.150390625
0.710205078125,-0.1337890625,0.9921875,-0.30517578125,-7.4462890625,-3.41796875
0.763427734375,-0.1143798828125,0.9754638671875,-0.9765625,-6.53076171875,-2.8076171875
0.5147705078125,-0.05322265625,0.936279296875,-1.46484375,-6.2255859375,-2.197265625
0.49365234375,-0.0267333984375,0.9332275390625,-2.44140625,-6.40869140625,-1.89208984375
0.505859375,-0.065185546875,0.9346923828125,-2.99072265625,-7.14111328125,-1.77001953125
0.459716796875,-0.125244140625,0.9329833984375,-3.84521484375,-7.99560546875,-5.67626953125
0.44189453125,-0.1282958984375,0.928466796875,-4.7607421875,-8.11767578125,-10.07080078125
0.4315185546875,-0.1292724609375,0.925048828125,-5.4931640625,-10.92529296875,-9.70458984375
0.4034423828125,-0.1373291015625,0.9234619140625,-5.18798828125,-17.4560546875,-13.12255859375
0.4033203125,-0.142822265625,0.9217529296875,-5.18798828125,-23.01025390625,-8.48388671875
0.411376953125,-0.1474609375,0.920166015625,2.86865234375,-26.4892578125,-3.96728515625
0.419677734375,-0.1390380859375,0.9234619140625,7.38525390625,-7.4462890625,-0.79345703125
0.42431640625,-0.1231689453125,0.9183349609375,3.662109375,-4.94384765625,-0.9765625
0.4283447265625,-0.11865234375,0.917724609375,6.34765625,0.91552734375,-1.28173828125
0.43359375,-0.122314453125,0.91796875,-1.64794921875,-1.5869140625,-6.34765625
0.430419921875,-0.1341552734375,0.917236328125,-11.04736328125,-5.0048828125,-7.6904296875
0.4210205078125,-0.1424560546875,0.9365234375,-18.798828125,-15.625,-9.21630859375
0.41552734375,-0.1690673828125,0.8839111328125,-18.73779296875,-20.263671875,-9.94873046875
0.410400390625,-0.15283203125,0.8321533203125,-16.7236328125,-31.73828125,-14.09912109375
0.40673828125,-0.1497802734375,0.8912353515625,-7.9345703125,-37.29248046875,-16.29638671875
0.4210205078125,-0.142333984375,0.8885498046875,-4.5166015625,-54.3212890625,-19.287109375
0.4146728515625,-0.085693359375,0.9197998046875,0.79345703125,-64.3310546875,-20.44677734375
0.4222412109375,-0.12890625,0.9248046875,0.9765625,-75.50048828125,-21.66748046875
0.4510498046875,-0.1268310546875,0.9305419921875,4.5166015625,-87.158203125,-22.8271484375
0.4635009765625,-0.142578125,0.9305419921875,4.21142578125,-98.876953125,-36.865234375
0.434326171875,-0.154296875,0.93505859375,2.74658203125,-111.75537109375,-45.2880859375
0.4339599609375,-0.1595458984375,0.93408203125,1.0986328125,-173.33984375,-54.8095703125
0.418701171875,-0.152099609375,0.9527587890625,1.0986328125,-191.2841796875,-63.4765625
0.413330078125,-0.1514892578125,0.9539794921875,-0.3662109375,-208.8623046875,-71.96044921875
0.4095458984375,-0.1558837890625,0.959716796875,10.7421875,-229.4921875,-85.44921875
0.4071044921875,-0.1661376953125,0.9678955078125,14.09912109375,-259.033203125,-97.47314453125
0.4072265625,-0.1678466796875,0.9677734375,17.333984375,-293.9453125,-112.1826171875
0.4041748046875,-0.1536865234375,0.976806640625,25.0244140625,-331.9091796875,-126.5869140625
0.4180908203125,-0.130859375,1.0008544921875,33.5693359375,-363.58642578125,-136.41357421875
0.4215087890625,-0.1263427734375,1.00048828125,47.4853515625,-384.58251953125,-133.36181640625
0.423583984375,-0.135009765625,1.0052490234375,58.10546875,-398.74267578125,-125.6103515625
0.4425048828125,-0.2098388671875,1.0196533203125,72.20458984375,-397.52197265625,-110.90087890625
0.457763671875,-0.2249755859375,1.0665283203125,80.9326171875,-389.70947265625,-98.5107421875
0.4686279296875,-0.2425537109375,1.124755859375,80.078125,-367.12646484375,-95.947265625
0.5511474609375,-0.224365234375,1.1611328125,65.12451171875,-334.5947265625,-98.5107421875
0.5472412109375,-0.222412109375,1.1895751953125,46.7529296875,-307.0068359375,-89.05029296875
0.5531005859375,-0.2523193359375,1.21630859375,26.0009765625,-249.57275390625,-70.37353515625
0.5804443359375,-0.307373046875,1.30078125,20.263671875,-137.87841796875,-6.77490234375
0.6595458984375,-0.4140625,1.38232421875,22.88818359375,-62.744140625,32.89794921875
0.6920166015625,-0.4259033203125,1.3582763671875,31.06689453125,65.0634765625,53.52783203125
0.711181640625,-0.3204345703125,1.184814453125,117.67578125,145.69091796875,59.75341796875
0.7623291015625,-0.236572265625,1.197998046875,116.5771484375,181.70166015625,58.04443359375
0.8314208984375,-0.1925048828125,1.3272705078125,51.26953125,194.64111328125,44.73876953125
1.024658203125,-0.1099853515625,1.6246337890625,21.240234375,196.533203125,46.20361328125
1.262939453125,-0.1617431640625,1.908935546875,7.080078125,202.1484375,54.99267578125
1.2564697265625,-0.435546875,2.6539306640625,11.65771484375,214.05029296875,60.302734375
1.029052734375,-0.9482421875,2.84521484375,21.97265625,256.40869140625,72.8759765625
1.223388671875,-1.3990478515625,2.0760498046875,34.5458984375,278.80859375,77.392578125
1.1695556640625,-1.047119140625,1.4632568359375,15.2587890625,306.396484375,85.26611328125
0.8909912109375,-0.661865234375,0.99365234375,-21.30126953125,309.4482421875,88.623046875
2.0654296875,-0.6798095703125,0.7530517578125,-25.5126953125,300.23193359375,92.95654296875
2.7548828125,-0.6346435546875,0.6744384765625,-27.28271484375,291.748046875,97.16796875
1.6552734375,-0.58056640625,0.77392578125,-29.4189453125,286.68212890625,103.45458984375
0.7091064453125,-0.51513671875,0.92431640625,-34.97314453125,284.85107421875,111.6943359375
0.064208984375,-0.2230224609375,0.9263916015625,-37.7197265625,280.09033203125,117.0654296875
-0.260009765625,-0.104248046875,0.765625,-39.1845703125,272.94921875,119.68994140625
-0.323486328125,-0.248779296875,0.6820068359375,-40.8935546875,267.4560546875,119.140625
-0.0728759765625,-0.3228759765625,0.6751708984375,-43.8232421875,262.451171875,108.82568359375
0.1585693359375,-0.2923583984375,0.7445068359375,-48.27880859375,255.126953125,100.2197265625
0.5234375,-0.256103515625,0.8662109375,-48.64501953125,234.55810546875,81.84814453125
0.6104736328125,-0.2447509765625,0.9713134765625,-49.74365234375,229.30908203125,43.88427734375
0.6512451171875,-0.292236328125,1.040283203125,-53.955078125,240.29541015625,28.01513671875
0.6309814453125,-0.2779541015625,1.09228515625,-67.81005859375,246.09375,13.36669921875
0.670166015625,-0.297607421875,1.1453857421875,-70.3125,233.642578125,-0.732421875
0.7698974609375,-0.3050537109375,1.1800537109375,-71.96044921875,218.1396484375,-15.7470703125
0.8955078125,-0.3092041015625,1.1982421875,-74.76806640625,200.0732421875,-30.2734375
1.02978515625,-0.3018798828125,1.3411865234375,-76.47705078125,176.6357421875,-39.6728515625
1.106201171875,-0.249267578125,1.4735107421875,-80.6884765625,146.8505859375,-41.3818359375
1.138916015625,-0.168701171875,1.623291015625,-91.4306640625,112.48779296875,-37.2314453125
1.177734375,-0.106689453125,1.04541015625,-111.99951171875,76.47705078125,-34.3017578125
1.1944580078125,-0.1143798828125,0.8485107421875,-134.27734375,41.80908203125,-35.5224609375
1.162109375,-0.056884765625,0.6790771484375,-140.7470703125,8.4228515625,-36.92626953125
1.13671875,0.00927734375,0.4844970703125,-118.7744140625,-23.49853515625,-53.3447265625
1.3768310546875,0.0086669921875,0.2244873046875,-71.59423828125,-50.84228515625,-66.650390625
1.7977294921875,0.03955078125,-0.0728759765625,-14.09912109375,-78.9794921875,-67.138671875
1.816650390625,0.1790771484375,-0.338623046875,27.7099609375,-141.78466796875,-60.9130859375
1.823974609375,0.427001953125,-0.515380859375,37.4755859375,-170.8984375,-51.1474609375
1.90185546875,0.6466064453125,-0.591796875,17.333984375,-209.716796875,-30.2734375
1.9990234375,0.715576171875,-0.58056640625,139.70947265625,-132.26318359375,-20.08056640625
2.0777587890625,0.648193359375,-0.461181640625,151.4892578125,-81.6650390625,-11.16943359375
2.1624755859375,0.51220703125,-0.236083984375,95.15380859375,-41.748046875,-5.37109375
2.281005859375,0.40673828125,-0.009765625,48.76708984375,-6.40869140625,-5.7373046875
2.4383544921875,0.4197998046875,0.1644287109375,75.3173828125,-7.26318359375,-6.103515625
2.546630859375,0.4375,1.1312255859375,66.22314453125,-7.2021484375,-5.859375
2.490478515625,-0.3868408203125,1.8409423828125,10.92529296875,-7.01904296875,-5.31005859375
2.307373046875,-0.643798828125,1.3990478515625,9.58251953125,-7.080078125,-5.4931640625
2.1339111328125,0.039794921875,1.3218994140625,8.1787109375,-6.16455078125,-4.8828125
1.5025634765625,0.95947265625,1.296142578125,6.34765625,-2.25830078125,-3.35693359375
0.2657470703125,-0.4761962890625,1.0054931640625,4.39453125,-1.77001953125,-3.35693359375
-0.4969482421875,-0.6680908203125,0.957275390625,0.732421875,-2.685546875,-4.21142578125
1.263916015625,-0.051513671875,0.94287109375,-0.9765625,-4.638671875,-5.0048828125
1.0518798828125,-0.02490234375,0.9371337890625,-3.173828125,-5.18798828125,-4.33349609375
1.171630859375,-0.1090087890625,0.9329833984375,-3.35693359375,-4.82177734375,-7.080078125
0.804931640625,-0.1201171875,0.9246826171875,-2.8076171875,-3.7841796875,-7.62939453125
0.4383544921875,-0.1207275390625,0.912109375,-1.89208984375,-7.8125,-8.11767578125
0.3974609375,-0.1319580078125,0.9178466796875,-2.25830078125,-7.38525390625,-8.1787109375
0.411376953125,-0.134765625,0.9281005859375,-3.72314453125,-10.92529296875,-10.6201171875
0.4111328125,-0.13671875,0.9237060546875,2.685546875,-12.939453125,-11.77978515625
0.4136962890625,-0.1243896484375,0.9166259765625,-3.35693359375,-31.25,-12.51220703125
0.4237060546875,-0.1234130859375,0.906982421875,-5.06591796875,-23.74267578125,-12.8173828125
0.41552734375,-0.1385498046875,0.9249267578125,-5.37109375,-29.541015625,-13.73291015625
0.42236328125,-0.1497802734375,0.9296875,-3.47900390625,-35.21728515625,-15.2587890625
0.4049072265625,-0.13916015625,0.9091796875,-2.25830078125,-41.56494140625,-20.44677734375
0.4017333984375,-0.1466064453125,0.9202880859375,-2.01416015625,-50.4150390625,-22.27783203125
0.4051513671875,-0.156005859375,0.927734375,-2.01416015625,-69.2138671875,-23.98681640625
0.401123046875,-0.1297607421875,0.932861328125,0.0,-79.28466796875,-26.06201171875
0.4169921875,-0.13134765625,0.9405517578125,2.99072265625,-90.14892578125,-27.9541015625
0.4248046875,-0.1392822265625,0.9451904296875,3.7841796875,-101.98974609375,-30.21240234375
0.40478515625,-0.14990234375,0.9473876953125,4.0283203125,-114.3798828125,-32.77587890625
0.4107666015625,-0.1424560546875,0.95849609375,4.21142578125,-127.3193359375,-35.70556640625
0.39990234375,-0.133544921875,0.96728515625,5.18798828125,-141.357421875,-51.20849609375
0.3995361328125,-0.1363525390625,0.97021484375,6.89697265625,-156.982421875,-60.48583984375
0.39306640625,-0.145751953125,0.972900390625,9.46044921875,-210.02197265625,-85.51025390625
0.38916015625,-0.1536865234375,0.9764404296875,12.3291015625,-231.26220703125,-103.271484375
0.389892578125,-0.15185546875,0.9818115234375,15.31982421875,-293.02978515625,-120.361328125
0.3876953125,-0.140625,0.98681640625,25.146484375,-327.81982421875,-136.04736328125
0.390625,-0.140869140625,0.9932861328125,33.8134765625,-357.97119140625,-147.76611328125
0.417236328125,-0.140869140625,1.0,64.3310546875,-380.0048828125,-143.310546875
0.423095703125,-0.1416015625,1.0123291015625,86.0595703125,-391.2353515625,-132.14111328125
0.43603515625,-0.14013671875,1.018310546875,92.6513671875,-392.02880859375,-121.09375
0.4482421875,-0.1361083984375,1.02392578125,95.0927734375,-387.20703125,-107.36083984375
0.4591064453125,-0.1353759765625,1.088623046875,94.05517578125,-376.89208984375,-99.12109375
0.471435546875,-0.153076171875,1.1728515625,75.8056640625,-355.224609375,-112.1826171875
0.4864501953125,-0.204345703125,1.1673583984375,54.99267578125,-322.265625,-121.64306640625
0.5064697265625,-0.23828125,1.206298828125,34.60693359375,-261.23046875,-88.92822265625
0.535888671875,-0.345458984375,1.2799072265625,7.26318359375,-162.59765625,-9.58251953125
0.6103515625,-0.4287109375,1.3160400390625,-5.615234375,-105.46875,47.42431640625
0.6517333984375,-0.4320068359375,1.2703857421875,66.5283203125,24.169921875,96.6796875
0.691650390625,-0.30712890625,1.14599609375,139.22119140625,125.54931640625,97.10693359375
0.757568359375,-0.1510009765625,1.0693359375,136.71875,206.35986328125,90.88134765625
0.889892578125,-0.10205078125,1.06591796875,52.6123046875,213.31787109375,82.21435546875
1.0076904296875,-0.0858154296875,1.510009765625,9.09423828125,211.12060546875,75.62255859375
1.1768798828125,-0.0345458984375,1.6600341796875,-13.85498046875,210.99853515625,74.89013671875
1.2119140625,-0.1505126953125,2.4202880859375,-2.38037109375,216.24755859375,76.47705078125
1.099609375,-1.009033203125,2.82763671875,9.1552734375,230.1025390625,78.0029296875
1.0504150390625,-1.3245849609375,2.1739501953125,15.2587890625,248.779296875,78.369140625
1.114013671875,-0.8974609375,1.619140625,10.80322265625,268.4326171875,77.392578125
0.8795166015625,-0.5770263671875,0.76904296875,-10.31494140625,285.400390625,77.08740234375
2.02294921875,-0.643798828125,0.6142578125,-33.69140625,295.47119140625,81.23779296875
2.7608642578125,-0.680908203125,0.5799560546875,-47.2412109375,298.828125,85.8154296875
1.924560546875,-0.5301513671875,0.6689453125,-49.6826171875,300.35400390625,86.60888671875
1.115478515625,-0.3978271484375,0.797607421875,-47.66845703125,294.73876953125,86.9140625
0.4796142578125,-0.289306640625,0.888916015625,-45.59326171875,284.3017578125,90.33203125
-0.2410888671875,-0.12158203125,0.9111328125,-48.27880859375,281.982421875,94.1162109375
-0.281494140625,0.0015869140625,0.8675537109375,-54.38232421875,280.6396484375,97.65625
-0.159423828125,-0.02197265625,0.796630859375,-49.8046875,279.96826171875,100.28076171875
0.061279296875,-0.1153564453125,0.734130859375,-53.8330078125,277.89306640625,102.783203125
0.296142578125,-0.1793212890625,0.714599609375,-51.20849609375,274.59716796875,101.5625
0.4581298828125,-0.184326171875,0.7364501953125,-53.40576171875,269.83642578125,95.03173828125
0.55908203125,-0.138671875,0.7991943359375,-56.09130859375,255.55419921875,90.88134765625
0.5947265625,-0.0946044921875,0.9052734375,-55.17578125,234.92431640625,86.0595703125
0.572998046875,-0.1356201171875,1.0050048828125,-56.33544921875,233.3984375,79.345703125
0.54443359375,-0.14013671875,1.0689697265625,-57.43408203125,239.2578125,68.603515625
0.54833984375,-0.1322021484375,1.119873046875,-61.46240234375,247.802734375,11.3525390625
0.611572265625,-0.1573486328125,1.1766357421875,-64.27001953125,250.244140625,-4.57763671875
0.6829833984375,-0.1298828125,1.2275390625,-68.29833984375,171.56982421875,-29.72412109375
0.775634765625,-0.1365966796875,1.298583984375,-72.08251953125,142.63916015625,-32.470703125
0.8900146484375,-0.1553955078125,1.517578125,-71.2890625,80.99365234375,-35.0341796875
0.9617919921875,-0.1436767578125,1.6688232421875,-103.759765625,47.91259765625,-41.93115234375
1.0159912109375,-0.1383056640625,1.7235107421875,-126.220703125,11.5966796875,-47.2412109375
1.0654296875,-0.1475830078125,1.59814453125,-149.0478515625,-23.8037109375,-39.794921875
1.10205078125,-0.1295166015625,1.313232421875,-113.6474609375,-49.4384765625,-36.31591796875
1.1109619140625,-0.0977783203125,0.4884033203125,-50.1708984375,-81.60400390625,-10.3759765625
1.328857421875,-0.0794677734375,0.0670166015625,13.18359375,-116.88232421875,-5.2490234375
1.5858154296875,-0.10009765625,-0.472412109375,40.95458984375,-159.0576171875,-39.48974609375
1.8392333984375,0.0826416015625,-0.6649169921875,1.28173828125,-179.50439453125,-52.24609375
1.9886474609375,0.66064453125,-0.7103271484375,33.26416015625,-240.78369140625,-17.51708984375
1.99755859375,0.87255859375,-0.5618896484375,179.3212890625,-130.37109375,-5.37109375
2.0052490234375,0.697265625,-0.284423828125,114.3798828125,-40.22216796875,-8.97216796875
2.2559814453125,0.440185546875,0.0574951171875,139.2822265625,-15.869140625,-9.8876953125
2.5863037109375,0.3404541015625,0.496826171875,165.10009765625,-11.3525390625,-8.48388671875
2.6614990234375,0.375732421875,0.9991455078125,104.18701171875,-8.544921875,-5.92041015625
2.528076171875,-0.20068359375,0.90576171875,19.04296875,-7.9345703125,-4.33349609375
2.2911376953125,-1.4300537109375,1.052001953125,6.103515625,-8.4228515625,-2.5634765625
2.087890625,-0.86767578125,1.7183837890625,5.18798828125,-8.6669921875,-0.732421875
1.2303466796875,0.609619140625,2.0491943359375,5.126953125,-8.72802734375,0.732421875
0.1219482421875,1.23583984375,0.913818359375,3.23486328125,-8.6669921875,1.46484375
-0.53759765625,-0.267822265625,0.94482421875,3.662109375,-8.544921875,1.03759765625
-0.6544189453125,0.02783203125,0.950439453125,4.7607421875,-8.544921875,0.0
0.0858154296875,-0.20947265625,0.964111328125,3.23486328125,-8.60595703125,-3.0517578125
1.4556884765625,-0.1563720703125,0.9647216796875,1.3427734375,-8.6669921875,-3.11279296875
2.0245361328125,-0.11474609375,0.9552001953125,-0.54931640625,-8.4228515625,-3.2958984375
0.4906005859375,-0.06494140625,0.9459228515625,-1.89208984375,-9.033203125,-3.35693359375
0.452392578125,-0.0633544921875,0.9342041015625,-2.9296875,-9.58251953125,-2.62451171875
0.4564208984375,-0.0966796875,0.929443359375,-5.18798828125,-8.7890625,-9.27734375
0.440673828125,-0.0965576171875,0.9268798828125,-5.2490234375,-8.97216796875,-9.521484375
0.43505859375,-0.1024169921875,0.9219970703125,-5.55419921875,-11.5966796875,-7.6904296875
0.430908203125,-0.112548828125,0.9178466796875,-6.591796875,-9.033203125,-5.37109375
0.4300537109375,-0.1292724609375,0.908935546875,-5.0048828125,-8.97216796875,-5.859375
0.429443359375,-0.1456298828125,0.910400390625,6.16455078125,-9.58251953125,-6.89697265625
0.4251708984375,-0.157470703125,0.9049072265625,3.2958984375,-9.21630859375,-8.1787109375
0.4193115234375,-0.1318359375,0.904541015625,-3.662109375,-8.36181640625,-10.07080078125
0.419677734375,-0.1336669921875,0.895263671875,-12.0849609375,-9.70458984375,-11.5966796875
0.423095703125,-0.135498046875,0.897705078125,-9.6435546875,-12.8173828125,-12.20703125
0.4302978515625,-0.1351318359375,0.8861083984375,-5.79833984375,-17.63916015625,-12.26806640625
0.42919921875,-0.1517333984375,0.8909912109375,-4.08935546875,-23.86474609375,-12.6953125
0.4305419921875,-0.164794921875,0.893798828125,-3.0517578125,-30.8837890625,-13.00048828125
0.433349609375,-0.1307373046875,0.890380859375,-1.89208984375,-37.7197265625,-13.36669921875
0.4371337890625,-0.1187744140625,0.8917236328125,-0.732421875,-44.73876953125,-14.46533203125
0.4375,-0.1378173828125,0.906005859375,-0.42724609375,-52.42919921875,-29.72412109375
0.439697265625,-0.1495361328125,0.921630859375,0.3662109375,-61.21826171875,-32.40966796875
0.4425048828125,-0.1575927734375,0.93603515625,1.52587890625,-114.19677734375,-35.94970703125
0.454345703125,-0.1661376953125,0.943359375,1.8310546875,-125.91552734375,-39.0625
0.45703125,-0.164306640625,0.942626953125,1.64794921875,-138.5498046875,-43.88427734375
0.448974609375,-0.1483154296875,0.93994140625,3.173828125,-152.77099609375,-51.025390625
0.43115234375,-0.132568359375,0.9400634765625,5.55419921875,-168.3349609375,-58.65478515625
0.4188232421875,-0.1295166015625,0.93994140625,9.27734375,-184.4482421875,-65.5517578125
0.4146728515625,-0.13427734375,0.9417724609375,13.0615234375,-202.57568359375,-76.11083984375
0.412353515625,-0.136474609375,0.9556884765625,16.54052734375,-226.98974609375,-138.0615234375
0.409423828125,-0.14111328125,0.958740234375,19.71435546875,-258.544921875,-143.00537109375
0.414306640625,-0.1453857421875,0.9669189453125,26.4892578125,-383.23974609375,-88.2568359375
0.426513671875,-0.1796875,0.9730224609375,35.09521484375,-395.93505859375,-89.599609375
0.4276123046875,-0.166015625,0.978759765625,48.15673828125,-317.44384765625,-97.7783203125
0.4293212890625,-0.162841796875,0.9791259765625,89.66064453125,-299.74365234375,-101.74560546875
0.482666015625,-0.15576171875,0.9940185546875,70.86181640625,-251.0986328125,-3.5400390625
0.521240234375,-0.1719970703125,1.0343017578125,-9.6435546875,-135.43701171875,47.2412109375
0.5343017578125,-0.1962890625,1.0755615234375,1.15966796875,68.603515625,84.77783203125
0.538818359375,-0.1839599609375,1.1971435546875,42.78564453125,159.912109375,71.71630859375
0.552978515625,-0.184814453125,1.2667236328125,118.1640625,214.17236328125,63.232421875
0.5816650390625,-0.2022705078125,1.0478515625,34.1796875,201.59912109375,66.162109375
0.578857421875,-0.42822265625,1.263671875,0.244140625,195.73974609375,68.4814453125
0.6300048828125,-0.134765625,1.6602783203125,-8.48388671875,211.97509765625,71.35009765625
0.66015625,-0.081787109375,1.8399658203125,21.66748046875,230.8349609375,75.01220703125
0.8670654296875,-0.430419921875,2.9033203125,29.60205078125,271.240234375,78.67431640625
1.231201171875,-0.9730224609375,2.127197265625,-13.7939453125,285.5224609375,71.35009765625
1.11474609375,-1.29150390625,0.929443359375,-32.2265625,293.0908203125,72.998046875
1.068359375,-0.5897216796875,0.6226806640625,-39.48974609375,283.8134765625,76.11083984375
1.0089111328125,-0.6658935546875,0.51123046875,-41.07666015625,292.17529296875,80.62744140625
2.1494140625,-0.6116943359375,0.78173828125,-48.2177734375,293.3349609375,86.60888671875
1.9771728515625,-0.5159912109375,0.8802490234375,-54.62646484375,289.73388671875,89.84375
1.0242919921875,-0.2230224609375,0.91455078125,-69.64111328125,278.9306640625,90.51513671875
-0.154052734375,-0.0162353515625,0.849609375,-68.603515625,252.86865234375,91.6748046875
-0.3531494140625,-0.1063232421875,0.730224609375,-68.7255859375,238.6474609375,78.61328125
-0.1885986328125,-0.220947265625,0.937255859375,-72.93701171875,222.35107421875,50.048828125
0.2625732421875,-0.1663818359375,1.2059326171875,-74.70703125,226.806640625,28.13720703125
0.405029296875,-0.10498046875,1.2156982421875,-73.974609375,170.8984375,-63.4765625
0.560546875,-0.0716552734375,1.2044677734375,-70.86181640625,142.51708984375,-79.4677734375
0.5592041015625,-0.1527099609375,1.204833984375,-52.55126953125,7.75146484375,-98.876953125
0.5306396484375,-0.18603515625,1.34130859375,-82.58056640625,-31.982421875,-120.30029296875
0.7530517578125,-0.160400390625,1.414306640625,-107.36083984375,-70.3125,-102.1728515625
1.1436767578125,-0.1260986328125,1.58837890625,-20.32470703125,-137.20703125,-69.03076171875
1.183837890625,-0.131103515625,1.185546875,25.87890625,-186.58447265625,-63.3544921875
1.1676025390625,-0.1356201171875,0.3343505859375,29.1748046875,-205.6884765625,-45.47119140625
1.1231689453125,-0.1455078125,0.0218505859375,92.46826171875,-153.86962890625,-16.78466796875
1.103515625,-0.030517578125,-0.94873046875,144.10400390625,-101.5625,-12.75634765625
1.2371826171875,0.622314453125,-0.7513427734375,109.375,-66.5283203125,-14.892578125
1.7091064453125,1.005126953125,-0.556640625,73.974609375,-44.0673828125,-9.82666015625
2.1072998046875,0.712890625,-0.5523681640625,79.1015625,-23.193359375,-5.0048828125
2.1800537109375,0.5673828125,0.7054443359375,82.275390625,-9.82666015625,-3.84521484375
2.404541015625,0.105224609375,1.22900390625,75.5615234375,-7.2021484375,-2.99072265625
2.6439208984375,-0.2890625,1.92138671875,41.6259765625,-7.14111328125,-1.953125
2.3489990234375,-0.243408203125,1.77392578125,10.31494140625,-6.9580078125,-1.40380859375
