0.294677734375,-0.26513671875,0.94287109375,2.9296875,-2.197265625,-1.28173828125
0.2906494140625,-0.2686767578125,0.941162109375,2.99072265625,-2.3193359375,-1.40380859375
0.294921875,-0.2642822265625,0.943115234375,2.9296875,-2.25830078125,-1.46484375
0.2950439453125,-0.26806640625,0.940185546875,2.9296875,-2.38037109375,-1.3427734375
0.296630859375,-0.2652587890625,0.9415283203125,2.99072265625,-2.25830078125,-1.220703125
0.296142578125,-0.2674560546875,0.9407958984375,3.0517578125,-2.3193359375,-1.220703125
0.29541015625,-0.257568359375,0.9427490234375,3.11279296875,-2.3193359375,-1.15966796875
0.2945556640625,-0.2874755859375,0.941650390625,2.9296875,-2.25830078125,-1.28173828125
0.2967529296875,-0.2630615234375,0.9398193359375,2.9296875,-2.3193359375,-1.40380859375
0.2955322265625,-0.2662353515625,0.939208984375,2.99072265625,-2.44140625,-1.40380859375
0.2969970703125,-0.2659912109375,0.9415283203125,2.99072265625,-2.38037109375,-1.3427734375
0.2940673828125,-0.2667236328125,0.9412841796875,3.11279296875,-2.44140625,-1.3427734375
0.29345703125,-0.266357421875,0.94091796875,3.173828125,-2.38037109375,-1.28173828125
0.2938232421875,-0.266357421875,0.9400634765625,3.173828125,-2.38037109375,-0.9765625
0.2947998046875,-0.2633056640625,0.94140625,3.0517578125,-2.25830078125,-1.15966796875
0.2950439453125,-0.267333984375,0.9393310546875,3.0517578125,-2.25830078125,-1.220703125
0.2938232421875,-0.2662353515625,0.9420166015625,3.11279296875,-2.38037109375,-1.0986328125
0.29541015625,-0.265869140625,0.9420166015625,2.86865234375,-2.197265625,-1.0986328125
0.293212890625,-0.2647705078125,0.9400634765625,2.9296875,-2.25830078125,-1.15966796875
0.29296875,-0.2642822265625,0.94091796875,2.99072265625,-2.197265625,-1.15966796875
0.294189453125,-0.2662353515625,0.941162109375,2.99072265625,-2.25830078125,-1.0986328125
0.294677734375,-0.2642822265625,0.9410400390625,3.0517578125,-2.13623046875,-1.0986328125
0.292236328125,-0.2659912109375,0.9390869140625,3.173828125,-2.0751953125,-1.0986328125
0.29296875,-0.2664794921875,0.9420166015625,3.173828125,-2.25830078125,-1.15966796875
0.296142578125,-0.265380859375,0.93896484375,3.11279296875,-2.25830078125,-1.15966796875
0.294189453125,-0.265625,0.9415283203125,3.0517578125,-2.38037109375,-0.9765625
0.2950439453125,-0.26513671875,0.9403076171875,3.11279296875,-2.0751953125,-1.15966796875
0.2930908203125,-0.2646484375,0.9415283203125,3.0517578125,-2.25830078125,-1.40380859375
0.2939453125,-0.268310546875,0.9395751953125,3.0517578125,-2.44140625,-1.220703125
0.294921875,-0.263671875,0.94140625,2.99072265625,-2.38037109375,-1.03759765625
0.294921875,-0.2679443359375,0.9400634765625,3.0517578125,-2.197265625,-1.0986328125
0.2945556640625,-0.2659912109375,0.940185546875,3.11279296875,-2.25830078125,-1.28173828125
0.29443359375,-0.2650146484375,0.9410400390625,2.99072265625,-2.38037109375,-1.28173828125
0.292724609375,-0.264892578125,0.938720703125,2.99072265625,-2.38037109375,-1.40380859375
0.2930908203125,-0.2652587890625,0.9415283203125,3.0517578125,-2.38037109375,-1.15966796875
0.2945556640625,-0.2655029296875,0.939697265625,2.99072265625,-2.3193359375,-1.15966796875
0.293701171875,-0.2664794921875,0.9407958984375,2.9296875,-2.3193359375,-1.3427734375
0.2933349609375,-0.2674560546875,0.940673828125,2.9296875,-2.44140625,-1.52587890625
0.2926025390625,-0.264892578125,0.940673828125,2.9296875,-2.5634765625,-1.40380859375
0.2935791015625,-0.2642822265625,0.9400634765625,2.9296875,-2.44140625,-1.15966796875
0.293212890625,-0.266357421875,0.9405517578125,2.86865234375,-2.38037109375,-1.3427734375
0.292724609375,-0.2635498046875,0.939697265625,3.0517578125,-2.50244140625,-1.3427734375
0.294189453125,-0.2657470703125,0.9395751953125,2.8076171875,-2.44140625,-1.3427734375
0.2933349609375,-0.265869140625,0.9398193359375,2.8076171875,-2.5634765625,-1.40380859375
0.2900390625,-0.2647705078125,0.9403076171875,2.74658203125,-2.50244140625,-1.220703125
0.29443359375,-0.265625,0.9410400390625,2.685546875,-2.44140625,-1.0986328125
0.293212890625,-0.2657470703125,0.942138671875,2.74658203125,-2.197265625,-1.15966796875
0.29248046875,-0.26611328125,0.9405517578125,2.74658203125,-2.197265625,-1.3427734375
0.2908935546875,-0.2645263671875,0.9405517578125,2.86865234375,-2.44140625,-1.3427734375
0.2926025390625,-0.264892578125,0.9404296875,2.74658203125,-2.44140625,-1.3427734375
0.2926025390625,-0.2645263671875,0.940185546875,2.8076171875,-2.44140625,-1.40380859375
0.2930908203125,-0.2645263671875,0.9403076171875,2.9296875,-2.5634765625,-1.46484375
0.2923583984375,-0.2645263671875,0.94091796875,2.99072265625,-2.5634765625,-1.40380859375
0.2930908203125,-0.26611328125,0.939697265625,2.99072265625,-2.38037109375,-1.15966796875
0.29345703125,-0.2662353515625,0.940185546875,2.8076171875,-2.38037109375,-1.220703125
0.293212890625,-0.265625,0.940673828125,2.74658203125,-2.44140625,-1.40380859375
0.29296875,-0.266357421875,0.9412841796875,2.62451171875,-2.50244140625,-1.46484375
0.2945556640625,-0.2662353515625,0.9405517578125,2.5634765625,-2.5634765625,-1.46484375
0.2933349609375,-0.26513671875,0.942138671875,2.62451171875,-2.5634765625,-1.3427734375
0.2928466796875,-0.263427734375,0.9403076171875,2.74658203125,-2.44140625,-1.40380859375
0.2928466796875,-0.2633056640625,0.9403076171875,2.8076171875,-2.44140625,-1.40380859375
0.29296875,-0.2633056640625,0.94189453125,2.86865234375,-2.44140625,-1.52587890625
0.2933349609375,-0.264404296875,0.93994140625,2.86865234375,-2.62451171875,-1.46484375
0.2933349609375,-0.2645263671875,0.9403076171875,2.86865234375,-2.62451171875,-1.40380859375
0.292724609375,-0.265380859375,0.94140625,2.9296875,-2.5634765625,-1.3427734375
0.292724609375,-0.2646484375,0.9407958984375,2.9296875,-2.5634765625,-1.40380859375
0.2939453125,-0.2655029296875,0.9412841796875,2.9296875,-2.62451171875,-1.40380859375
0.29296875,-0.265869140625,0.9429931640625,2.86865234375,-2.5634765625,-1.52587890625
0.2940673828125,-0.263671875,0.9427490234375,2.8076171875,-2.62451171875,-1.5869140625
0.29443359375,-0.2659912109375,0.9398193359375,2.8076171875,-2.62451171875,-1.46484375
0.294189453125,-0.2650146484375,0.94140625,2.86865234375,-2.5634765625,-1.3427734375
0.2940673828125,-0.263671875,0.9407958984375,2.86865234375,-2.44140625,-1.3427734375
0.2935791015625,-0.26513671875,0.9415283203125,3.0517578125,-2.44140625,-1.40380859375
0.2930908203125,-0.2646484375,0.9395751953125,3.11279296875,-2.38037109375,-1.3427734375
0.2921142578125,-0.262939453125,0.94091796875,3.0517578125,-2.3193359375,-1.46484375
0.29296875,-0.267333984375,0.941162109375,2.99072265625,-2.44140625,-1.3427734375
0.2926025390625,-0.2630615234375,0.941650390625,2.99072265625,-2.3193359375,-1.28173828125
0.29345703125,-0.2646484375,0.9417724609375,3.11279296875,-2.197265625,-1.220703125
0.293701171875,-0.266357421875,0.9410400390625,3.11279296875,-2.13623046875,-1.15966796875
0.2940673828125,-0.2667236328125,0.9407958984375,3.0517578125,-1.953125,-1.0986328125
0.294189453125,-0.2650146484375,0.9417724609375,3.173828125,-1.89208984375,-0.91552734375
0.294189453125,-0.2652587890625,0.941162109375,3.2958984375,-1.89208984375,-0.9765625
0.2933349609375,-0.265625,0.9410400390625,3.35693359375,-1.8310546875,-0.91552734375
0.2933349609375,-0.2669677734375,0.93994140625,3.173828125,-1.77001953125,-1.03759765625
0.294921875,-0.2662353515625,0.94091796875,3.173828125,-1.64794921875,-1.64794921875
0.2913818359375,-0.2642822265625,0.94384765625,3.2958984375,-1.0986328125,-2.44140625
0.29296875,-0.266357421875,0.93994140625,3.23486328125,0.1220703125,-2.38037109375
0.2947998046875,-0.2640380859375,0.94091796875,2.99072265625,1.03759765625,-2.197265625
0.294677734375,-0.2593994140625,0.942626953125,2.44140625,1.40380859375,-1.03759765625
0.2957763671875,-0.2615966796875,0.9427490234375,1.89208984375,1.89208984375,-0.732421875
0.2967529296875,-0.2626953125,0.9443359375,1.46484375,1.708984375,-0.67138671875
0.29150390625,-0.26513671875,0.9508056640625,2.13623046875,1.46484375,-0.1220703125
0.2943115234375,-0.262451171875,0.94921875,3.47900390625,1.5869140625,0.42724609375
0.29150390625,-0.264404296875,0.9412841796875,3.72314453125,1.77001953125,0.6103515625
0.2943115234375,-0.2608642578125,0.9305419921875,2.74658203125,1.3427734375,0.79345703125
0.2945556640625,-0.2994384765625,0.94677734375,0.79345703125,0.54931640625,0.8544921875
0.2974853515625,-0.2398681640625,0.9444580078125,-0.06103515625,-0.18310546875,0.8544921875
0.303955078125,-0.2615966796875,0.96240234375,-0.18310546875,-0.42724609375,0.48828125
0.300537109375,-0.2872314453125,0.950439453125,-0.30517578125,-1.03759765625,0.3662109375
0.3095703125,-0.270263671875,0.939208984375,-0.06103515625,-1.0986328125,0.244140625
0.2928466796875,-0.2630615234375,0.9349365234375,0.42724609375,-1.15966796875,0.0
0.2982177734375,-0.2464599609375,0.933349609375,0.54931640625,-1.40380859375,0.244140625
0.2911376953125,-0.255615234375,0.9383544921875,0.30517578125,-1.220703125,0.30517578125
0.2840576171875,-0.2685546875,0.9451904296875,0.30517578125,-1.0986328125,-0.18310546875
0.307373046875,-0.267333984375,0.9482421875,0.67138671875,-1.3427734375,-0.18310546875
0.2982177734375,-0.2779541015625,0.9490966796875,0.91552734375,-1.220703125,0.3662109375
0.2783203125,-0.267578125,0.944580078125,1.15966796875,-0.732421875,1.15966796875
0.26904296875,-0.2677001953125,0.947021484375,1.5869140625,-0.42724609375,1.8310546875
0.27294921875,-0.2720947265625,0.94189453125,1.15966796875,-0.48828125,3.41796875
0.2725830078125,-0.272705078125,0.9464111328125,0.30517578125,1.0986328125,4.2724609375
0.2703857421875,-0.2723388671875,0.9537353515625,-0.54931640625,1.5869140625,3.662109375
0.287109375,-0.2763671875,0.9613037109375,-0.732421875,0.30517578125,1.77001953125
0.286376953125,-0.2769775390625,0.9666748046875,-0.1220703125,-4.33349609375,-0.9765625
0.278564453125,-0.282470703125,0.953369140625,1.64794921875,-8.85009765625,-4.21142578125
0.28662109375,-0.27783203125,0.957275390625,1.77001953125,-13.48876953125,-11.41357421875
0.2789306640625,-0.2713623046875,0.941650390625,1.40380859375,-27.52685546875,-15.625
0.277587890625,-0.280029296875,0.93212890625,1.8310546875,-37.90283203125,-22.216796875
0.2874755859375,-0.2799072265625,0.90576171875,2.25830078125,-52.001953125,-21.78955078125
0.2950439453125,-0.2666015625,0.9268798828125,0.9765625,-60.60791015625,-10.6201171875
0.30712890625,-0.2984619140625,0.943603515625,3.60107421875,-60.36376953125,8.36181640625
0.2967529296875,-0.300537109375,0.9642333984375,13.48876953125,-57.7392578125,27.4658203125
0.299560546875,-0.299560546875,1.0440673828125,25.93994140625,-49.25537109375,40.34423828125
0.304443359375,-0.3489990234375,1.1048583984375,32.71484375,-41.1376953125,43.701171875
0.2467041015625,-0.3499755859375,1.325927734375,40.6494140625,-36.0107421875,40.95458984375
0.15087890625,-0.3485107421875,1.48095703125,35.5224609375,-28.3203125,36.376953125
0.172119140625,-0.405029296875,1.4442138671875,25.0244140625,-14.7705078125,30.517578125
0.1907958984375,-0.4716796875,1.4066162109375,13.427734375,0.42724609375,22.76611328125
0.1722412109375,-0.6356201171875,1.279296875,7.2021484375,11.5966796875,14.892578125
0.1251220703125,-0.9464111328125,1.1318359375,2.685546875,18.798828125,9.33837890625
0.0079345703125,-1.186279296875,1.1317138671875,-1.8310546875,26.7333984375,8.60595703125
-0.326416015625,-1.119140625,1.1954345703125,-5.615234375,49.25537109375,11.962890625
-0.197021484375,-0.883056640625,1.186279296875,-9.765625,60.60791015625,15.68603515625
-0.3221435546875,-0.720458984375,1.0625,-13.5498046875,69.091796875,19.83642578125
-0.3214111328125,-0.65087890625,0.9835205078125,-17.9443359375,73.79150390625,24.59716796875
-0.5089111328125,-0.5682373046875,1.0211181640625,-19.04296875,77.0263671875,29.541015625
-0.6488037109375,-0.4580078125,1.0936279296875,-19.59228515625,79.52880859375,33.63037109375
-0.6859130859375,-0.363037109375,1.1512451171875,-19.04296875,80.38330078125,35.82763671875
-0.6741943359375,-0.2962646484375,1.116455078125,-18.61572265625,80.2001953125,36.0107421875
-0.6959228515625,-0.305419921875,1.0732421875,-19.59228515625,79.7119140625,34.3017578125
-0.7464599609375,-0.37158203125,1.0447998046875,-21.1181640625,79.4677734375,31.92138671875
-0.7579345703125,-0.4461669921875,1.0390625,-23.25439453125,79.58984375,29.296875
-0.678466796875,-0.4515380859375,1.0224609375,-25.20751953125,78.55224609375,27.099609375
-0.5732421875,-0.4744873046875,1.020751953125,-27.587890625,77.08740234375,27.16064453125
-0.350830078125,-0.4776611328125,1.03466796875,-30.94482421875,79.833984375,16.845703125
-0.3111572265625,-0.4471435546875,1.0762939453125,-35.21728515625,82.45849609375,15.19775390625
-0.27197265625,-0.41064453125,1.0997314453125,-40.283203125,82.3974609375,17.2119140625
-0.2247314453125,-0.3624267578125,1.0997314453125,-44.3115234375,80.50537109375,17.333984375
-0.1761474609375,-0.3316650390625,1.109375,-34.66796875,70.73974609375,16.11328125
-0.149658203125,-0.29345703125,1.2034912109375,-24.23095703125,57.18994140625,15.625
-0.105224609375,-0.251953125,1.2564697265625,-16.6015625,45.5322265625,16.66259765625
-0.0576171875,-0.2333984375,1.0555419921875,-10.986328125,37.78076171875,17.51708984375
0.004150390625,-0.2196044921875,0.93359375,-8.48388671875,31.3720703125,17.4560546875
0.07421875,-0.25146484375,0.746337890625,-8.30078125,23.25439453125,17.15087890625
0.1177978515625,-0.292724609375,0.641357421875,-9.1552734375,13.7939453125,15.68603515625
0.170166015625,-0.1932373046875,0.642822265625,-9.521484375,2.62451171875,13.0615234375
0.3084716796875,-0.2642822265625,0.6923828125,-9.1552734375,-8.36181640625,10.498046875
0.412109375,-0.2171630859375,0.6903076171875,-9.09423828125,-15.7470703125,7.87353515625
0.5771484375,-0.1778564453125,0.6522216796875,-11.04736328125,-19.71435546875,3.23486328125
0.6219482421875,-0.1910400390625,0.5811767578125,-14.892578125,-25.20751953125,-1.64794921875
0.5457763671875,-0.224365234375,0.5283203125,-17.15087890625,-33.14208984375,-4.39453125
0.5333251953125,-0.2725830078125,0.53369140625,-15.44189453125,-41.259765625,-5.06591796875
0.590087890625,-0.301513671875,0.617431640625,-8.4228515625,-48.33984375,-6.77490234375
0.664794921875,-0.2939453125,0.6871337890625,-0.67138671875,-58.28857421875,-18.9208984375
0.6861572265625,-0.2491455078125,0.6954345703125,3.90625,-94.66552734375,-41.748046875
0.6793212890625,-0.2183837890625,0.64697265625,5.7373046875,-113.4033203125,-46.142578125
0.664306640625,-0.2529296875,0.6431884765625,10.6201171875,-89.41650390625,-52.24609375
0.6317138671875,-0.292236328125,0.6358642578125,57.06787109375,-74.21875,-64.453125
0.629150390625,-0.3433837890625,0.62451171875,79.7119140625,-78.2470703125,-63.53759765625
0.68212890625,-0.3365478515625,0.5845947265625,71.10595703125,-91.73583984375,-43.8232421875
0.73046875,-0.277587890625,0.326171875,65.91796875,-94.42138671875,-33.75244140625
0.72216796875,-0.2298583984375,1.4359130859375,59.87548828125,-87.158203125,-24.7802734375
0.7042236328125,-0.1983642578125,1.5462646484375,48.2177734375,-83.43505859375,-21.42333984375
0.7318115234375,-0.8084716796875,1.2088623046875,25.69580078125,-80.62744140625,-21.3623046875
0.75537109375,0.0926513671875,1.014404296875,22.3388671875,-78.18603515625,-21.66748046875
0.7576904296875,-0.0360107421875,1.1014404296875,20.44677734375,-74.951171875,-19.59228515625
0.8956298828125,-0.20458984375,1.208251953125,19.775390625,-64.75830078125,-15.56396484375
0.3052978515625,-0.1759033203125,1.1287841796875,19.1650390625,-47.607421875,-7.38525390625
0.6319580078125,-0.04931640625,1.0543212890625,19.6533203125,-21.78955078125,-3.96728515625
0.2789306640625,-0.168701171875,1.005615234375,20.20263671875,-15.7470703125,-1.8310546875
-0.1136474609375,-0.5689697265625,1.0106201171875,23.98681640625,-15.80810546875,-2.197265625
-0.1937255859375,-0.57373046875,1.1710205078125,6.89697265625,-17.27294921875,-2.3193359375
0.150634765625,-0.4525146484375,1.2979736328125,4.39453125,-20.01953125,-1.953125
0.5582275390625,-0.296630859375,1.181640625,1.89208984375,-23.3154296875,-2.01416015625
0.357177734375,-0.260986328125,1.095947265625,-1.220703125,-22.0947265625,-1.708984375
0.300048828125,-0.321044921875,0.95947265625,0.1220703125,-18.61572265625,-3.173828125
0.2861328125,-0.476806640625,0.953125,4.638671875,-20.69091796875,-4.150390625
0.3280029296875,-0.45361328125,0.8896484375,6.8359375,-19.287109375,-4.57763671875
0.5140380859375,-0.3311767578125,0.8817138671875,3.60107421875,-18.5546875,-4.39453125
0.6851806640625,-0.29638671875,0.994140625,-2.3193359375,-16.11328125,-3.96728515625
0.5623779296875,-0.22412109375,0.998291015625,-1.03759765625,-14.2822265625,-4.69970703125
0.338623046875,-0.3172607421875,0.915771484375,1.0986328125,-14.6484375,-5.7373046875
0.2486572265625,-0.3822021484375,0.955322265625,-1.220703125,-15.13671875,-7.01904296875
0.2091064453125,-0.3978271484375,0.930908203125,-4.57763671875,-15.380859375,-9.765625
0.1859130859375,-0.2982177734375,0.9920654296875,-3.0517578125,-15.869140625,-10.80322265625
0.193603515625,-0.2999267578125,0.9337158203125,-0.79345703125,-17.63916015625,-11.23046875
0.3184814453125,-0.35009765625,0.9088134765625,1.0986328125,-16.357421875,-11.04736328125
0.3489990234375,-0.373046875,0.9185791015625,3.60107421875,-14.892578125,-11.23046875
0.22900390625,-0.310791015625,0.932373046875,5.0048828125,-15.80810546875,-10.8642578125
0.305419921875,-0.2730712890625,0.92529296875,3.0517578125,-15.625,-11.1083984375
0.2896728515625,-0.3330078125,0.92822265625,0.8544921875,-17.02880859375,-11.65771484375
0.368896484375,-0.3653564453125,0.937255859375,1.15966796875,-19.71435546875,-12.3291015625
0.2601318359375,-0.3570556640625,0.9151611328125,0.79345703125,-23.0712890625,-13.00048828125
0.24853515625,-0.337646484375,0.931640625,0.18310546875,-26.79443359375,-14.09912109375
0.276123046875,-0.354736328125,0.912353515625,-0.244140625,-30.82275390625,-15.07568359375
0.275146484375,-0.3070068359375,0.91455078125,-1.46484375,-34.85107421875,-15.93017578125
0.2884521484375,-0.2862548828125,0.91357421875,-2.44140625,-40.0390625,-16.845703125
0.2769775390625,-0.3192138671875,0.922607421875,-3.2958984375,-46.20361328125,-18.00537109375
0.31591796875,-0.3333740234375,0.931396484375,-5.0048828125,-54.5654296875,-20.1416015625
0.323486328125,-0.3304443359375,0.9228515625,-7.38525390625,-64.208984375,-22.3388671875
0.3231201171875,-0.3309326171875,0.939697265625,-9.94873046875,-75.01220703125,-22.76611328125
0.3250732421875,-0.3018798828125,0.9332275390625,-13.916015625,-85.693359375,-23.37646484375
0.3017578125,-0.3306884765625,0.9324951171875,-16.11328125,-112.548828125,-23.62060546875
0.2899169921875,-0.3233642578125,0.94921875,-18.24951171875,-129.5166015625,-22.88818359375
0.299560546875,-0.312255859375,0.9639892578125,-19.83642578125,-149.96337890625,-24.7802734375
0.3004150390625,-0.2850341796875,0.967529296875,-20.93505859375,-173.40087890625,-27.77099609375
0.30078125,-0.294189453125,0.9761962890625,-21.91162109375,-199.27978515625,-33.75244140625
0.2794189453125,-0.2880859375,0.9918212890625,-27.7099609375,-229.3701171875,-42.3583984375
0.28125,-0.3551025390625,1.01611328125,-34.912109375,-263.12255859375,-52.30712890625
0.272216796875,-0.31396484375,1.02880859375,-46.08154296875,-304.8095703125,-69.39697265625
0.2706298828125,-0.304443359375,1.0318603515625,-54.931640625,-353.02734375,-88.37890625
0.2850341796875,-0.3087158203125,1.0528564453125,-70.98388671875,-407.04345703125,-117.24853515625
0.2894287109375,-0.30712890625,1.1353759765625,-79.833984375,-454.345703125,-144.22607421875
0.318603515625,-0.2974853515625,1.0714111328125,-80.26123046875,-466.6748046875,-157.04345703125
0.3072509765625,-0.2679443359375,1.1781005859375,-95.15380859375,-448.3642578125,-178.5888671875
0.3153076171875,-0.3287353515625,1.367431640625,-103.82080078125,-370.60546875,-173.828125
0.3980712890625,-0.3583984375,1.2705078125,-110.16845703125,-312.1337890625,-159.1796875
0.278564453125,-0.3939208984375,1.6048583984375,-112.6708984375,-230.52978515625,-135.8642578125
0.3214111328125,-0.46435546875,1.70654296875,-91.12548828125,-137.14599609375,-106.201171875
0.296630859375,-0.662109375,1.72314453125,-84.3505859375,-48.583984375,-81.0546875
0.272705078125,-0.5711669921875,1.9940185546875,-64.14794921875,65.36865234375,-55.17578125
0.3770751953125,-0.8848876953125,2.2042236328125,-13.24462890625,146.78955078125,-51.33056640625
0.4620361328125,-0.9775390625,2.449462890625,39.0625,164.55078125,-53.466796875
0.3218994140625,-0.986572265625,2.58740234375,96.13037109375,161.4990234375,-42.8466796875
0.03466796875,-1.0281982421875,2.34326171875,103.3935546875,169.37255859375,75.439453125
0.46337890625,-1.215087890625,3.4967041015625,94.90966796875,252.38037109375,98.0224609375
1.146240234375,-1.152099609375,2.8076171875,90.63720703125,259.765625,113.22021484375
1.400146484375,-1.6767578125,1.517578125,87.7685546875,265.19775390625,121.09375
1.62890625,-1.802734375,1.0323486328125,68.359375,270.3857421875,124.755859375
1.6956787109375,-2.311279296875,0.96826171875,67.32177734375,274.5361328125,124.0234375
0.99365234375,-1.258544921875,1.0657958984375,63.65966796875,275.81787109375,119.0185546875
-1.152099609375,-0.75439453125,0.8228759765625,56.2744140625,273.98681640625,111.63330078125
1.0194091796875,-0.7528076171875,0.7841796875,46.2646484375,270.99609375,105.04150390625
-0.173095703125,-0.773681640625,0.789306640625,38.75732421875,268.4326171875,101.07421875
-1.0306396484375,-0.8045654296875,0.7908935546875,35.58349609375,266.7236328125,100.7080078125
-1.1336669921875,-0.76708984375,0.8031005859375,36.19384765625,266.11328125,103.69873046875
-0.81201171875,-0.6260986328125,0.8338623046875,38.51318359375,266.11328125,108.154296875
-0.539306640625,-0.4854736328125,0.8922119140625,39.794921875,264.70947265625,113.037109375
-0.04541015625,-0.3909912109375,0.972412109375,36.376953125,260.92529296875,116.88232421875
0.16259765625,-0.3843994140625,1.052001953125,25.146484375,254.39453125,117.5537109375
0.3497314453125,-0.4150390625,1.1337890625,8.7890625,246.826171875,116.0888671875
0.456298828125,-0.477783203125,1.1849365234375,-5.9814453125,243.59130859375,114.8681640625
0.5299072265625,-0.563232421875,1.2249755859375,-16.9677734375,247.9248046875,114.6240234375
0.599609375,-0.6290283203125,1.2791748046875,-25.634765625,255.0048828125,113.8916015625
0.69091796875,-0.6558837890625,1.33984375,-34.60693359375,259.46044921875,111.63330078125
0.78564453125,-0.6068115234375,1.4368896484375,-44.43359375,259.8876953125,105.65185546875
0.8505859375,-0.5609130859375,1.6290283203125,-52.42919921875,256.77490234375,96.923828125
0.908935546875,-0.5906982421875,1.8375244140625,-59.38720703125,248.6572265625,86.5478515625
0.9290771484375,-0.61083984375,1.9229736328125,-66.10107421875,232.36083984375,72.69287109375
0.93408203125,-0.5986328125,1.896484375,-70.80078125,210.205078125,49.86572265625
0.9354248046875,-0.572265625,1.76025390625,-70.80078125,184.50927734375,17.15087890625
0.913330078125,-0.5958251953125,1.6297607421875,-66.22314453125,156.67724609375,-18.798828125
0.9156494140625,-0.6295166015625,1.4117431640625,-56.57958984375,124.6337890625,-48.2177734375
1.0152587890625,-0.621826171875,1.0941162109375,-45.654296875,85.87646484375,-68.54248046875
1.2142333984375,-0.531005859375,0.756591796875,-38.26904296875,35.64453125,-78.91845703125
1.3939208984375,-0.4888916015625,0.3565673828125,-35.33935546875,-19.22607421875,-87.58544921875
1.5726318359375,-0.441162109375,-0.056396484375,-36.19384765625,-74.89013671875,-111.328125
1.77099609375,-0.31103515625,-0.47802734375,-30.8837890625,-124.51171875,-117.85888671875
1.9754638671875,-0.1221923828125,-0.8248291015625,-16.66259765625,-134.09423828125,-123.779296875
2.1873779296875,0.0430908203125,-0.8795166015625,18.5546875,-181.21337890625,-94.66552734375
2.3656005859375,0.2752685546875,-0.6658935546875,106.689453125,-228.21044921875,-57.43408203125
2.5892333984375,0.521484375,-0.190673828125,106.99462890625,-206.4208984375,-50.1708984375
2.8629150390625,0.599609375,0.0948486328125,99.853515625,-156.6162109375,-64.0869140625
3.151123046875,0.3970947265625,1.9619140625,61.5234375,-122.13134765625,-51.81884765625
3.5498046875,0.056396484375,0.707763671875,29.60205078125,-110.2294921875,-32.2265625
3.7196044921875,-0.345947265625,0.791259765625,26.0009765625,-111.75537109375,-23.49853515625
3.39404296875,-0.740966796875,1.5528564453125,31.005859375,-107.0556640625,-26.2451171875
2.859619140625,-1.19873046875,2.212158203125,25.5126953125,-70.1904296875,-18.73779296875
2.2969970703125,-0.63330078125,1.9053955078125,28.74755859375,-58.89892578125,-14.22119140625
0.956298828125,0.43359375,1.13330078125,35.5224609375,-47.607421875,-13.36669921875
-1.2835693359375,0.682861328125,0.848876953125,34.66796875,-31.92138671875,-11.23046875
-0.6182861328125,0.171875,1.132080078125,33.38623046875,-26.67236328125,-9.21630859375
-0.360595703125,0.0560302734375,1.3275146484375,34.24072265625,-28.13720703125,-8.60595703125
1.492431640625,-0.4427490234375,1.1763916015625,31.8603515625,-26.4892578125,-9.21630859375
1.7489013671875,-0.8970947265625,1.28857421875,29.052734375,-23.681640625,-8.6669921875
1.0654296875,-0.633544921875,1.218994140625,31.67724609375,-21.17919921875,-8.72802734375
0.5345458984375,-0.2392578125,1.021484375,33.69140625,-22.52197265625,-9.21630859375
0.3482666015625,-0.3184814453125,0.954833984375,33.99658203125,-25.08544921875,-8.6669921875
0.4765625,-0.364990234375,0.9727783203125,31.8603515625,-22.03369140625,-5.79833984375
0.7119140625,-0.26611328125,1.001220703125,29.11376953125,-14.6484375,-5.2490234375
0.687744140625,-0.379638671875,0.990478515625,22.88818359375,-13.5498046875,-5.92041015625
0.471435546875,-0.4892578125,0.9393310546875,16.4794921875,-13.61083984375,-6.591796875
0.599853515625,-0.385986328125,0.9495849609375,8.60595703125,-12.02392578125,-7.6904296875
0.294677734375,-0.3370361328125,0.907958984375,8.1787109375,-12.02392578125,-8.85009765625
0.2213134765625,-0.30908203125,1.04345703125,7.2021484375,-10.92529296875,-9.3994140625
0.2802734375,-0.2626953125,0.9254150390625,7.2021484375,-9.8876953125,-7.75146484375
0.3203125,-0.1834716796875,0.95849609375,7.14111328125,-7.568359375,-10.009765625
0.314208984375,-0.252197265625,0.933349609375,7.75146484375,-9.94873046875,-10.55908203125
0.2410888671875,-0.309326171875,0.923095703125,7.6904296875,-10.43701171875,-10.8642578125
0.2005615234375,-0.2965087890625,0.9180908203125,6.65283203125,-10.498046875,-11.1083984375
0.2822265625,-0.2822265625,0.9395751953125,5.615234375,-10.07080078125,-11.16943359375
0.4620361328125,-0.3409423828125,0.940185546875,4.33349609375,-11.65771484375,-12.02392578125
0.2613525390625,-0.3150634765625,0.9305419921875,4.21142578125,-13.7939453125,-13.00048828125
0.29345703125,-0.318603515625,0.9241943359375,4.33349609375,-17.578125,-14.16015625
0.28466796875,-0.3072509765625,0.9278564453125,3.84521484375,-21.728515625,-18.6767578125
0.2628173828125,-0.2884521484375,0.9195556640625,3.2958984375,-32.5927734375,-21.42333984375
0.2869873046875,-0.2684326171875,0.9228515625,2.44140625,-40.83251953125,-24.658203125
0.2891845703125,-0.26806640625,0.931884765625,1.3427734375,-51.025390625,-27.099609375
0.3116455078125,-0.2801513671875,0.9349365234375,-2.685546875,-61.70654296875,-28.9306640625
0.291748046875,-0.272216796875,0.93017578125,-5.92041015625,-75.8056640625,-30.94482421875
0.3070068359375,-0.2750244140625,0.9422607421875,-9.3994140625,-105.77392578125,-33.14208984375
0.3076171875,-0.2891845703125,0.9603271484375,-14.404296875,-125.79345703125,-35.82763671875
0.302978515625,-0.2867431640625,0.9818115234375,-19.04296875,-146.97265625,-40.22216796875
0.282470703125,-0.2908935546875,0.996826171875,-26.42822265625,-170.22705078125,-45.8984375
0.2955322265625,-0.29443359375,1.0048828125,-28.50341796875,-195.3125,-54.38232421875
0.2742919921875,-0.2938232421875,1.0279541015625,-36.376953125,-229.67529296875,-66.10107421875
0.26953125,-0.299560546875,1.0511474609375,-42.48046875,-269.53125,-80.87158203125
0.254150390625,-0.239990234375,1.0743408203125,-46.56982421875,-312.1337890625,-100.03662109375
0.2476806640625,-0.2061767578125,1.09521484375,-48.64501953125,-367.61474609375,-122.802734375
0.2467041015625,-0.196044921875,1.145263671875,-54.19921875,-431.640625,-156.79931640625
0.2337646484375,-0.26611328125,1.2022705078125,-58.04443359375,-482.5439453125,-180.60302734375
0.2142333984375,-0.235107421875,1.2294921875,-64.39208984375,-500.67138671875,-189.88037109375
0.2239990234375,-0.247314453125,1.285400390625,-73.18115234375,-483.33740234375,-184.02099609375
0.2171630859375,-0.3367919921875,1.2061767578125,-73.73046875,-451.11083984375,-184.4482421875
0.256103515625,-0.35107421875,1.3836669921875,-76.47705078125,-412.841796875,-193.359375
0.2508544921875,-0.361572265625,1.5567626953125,-85.63232421875,-368.22509765625,-181.94580078125
0.270751953125,-0.5560302734375,1.6710205078125,-94.42138671875,-295.22705078125,-172.4853515625
0.17529296875,-0.5157470703125,1.782470703125,-88.80615234375,-216.6748046875,-151.611328125
0.1591796875,-0.6025390625,1.8787841796875,-78.18603515625,-135.1318359375,-102.47802734375
0.3358154296875,-0.8511962890625,1.804443359375,-73.974609375,0.79345703125,-43.64013671875
0.1082763671875,-0.8779296875,2.076416015625,-8.30078125,142.88330078125,-6.8359375
0.6934814453125,-0.946044921875,2.407470703125,79.65087890625,211.97509765625,6.89697265625
0.2869873046875,-0.9530029296875,2.6142578125,117.1875,226.6845703125,18.310546875
0.185546875,-1.0443115234375,2.4805908203125,127.74658203125,231.62841796875,33.3251953125
1.157470703125,-1.017333984375,3.533935546875,94.970703125,240.1123046875,53.28369140625
1.566650390625,-1.15283203125,3.662841796875,42.29736328125,254.69970703125,77.57568359375
1.4718017578125,-1.664794921875,2.1341552734375,26.0009765625,272.03369140625,102.4169921875
1.3126220703125,-2.4866943359375,1.1583251953125,16.7236328125,283.935546875,123.22998046875
1.694580078125,-2.873779296875,0.7174072265625,15.31982421875,287.78076171875,138.48876953125
0.7200927734375,-1.848876953125,0.74365234375,16.66259765625,285.94970703125,149.35302734375
-0.8087158203125,-0.9310302734375,0.8271484375,19.22607421875,281.79931640625,154.4189453125
2.6343994140625,-0.7005615234375,0.8641357421875,22.4609375,276.9775390625,151.42822265625
0.83642578125,-0.5958251953125,0.8133544921875,24.7802734375,272.76611328125,142.08984375
-0.08203125,-0.6602783203125,0.720703125,22.5830078125,271.30126953125,129.69970703125
-1.0250244140625,-0.7557373046875,0.692626953125,15.44189453125,272.76611328125,118.83544921875
-0.6346435546875,-0.794677734375,0.6925048828125,7.2021484375,275.146484375,112.6708984375
-0.4725341796875,-0.7650146484375,0.7169189453125,-0.30517578125,276.2451171875,111.75537109375
-0.243408203125,-0.697998046875,0.8197021484375,-3.96728515625,276.4892578125,114.31884765625
-0.0792236328125,-0.6246337890625,0.954345703125,-2.74658203125,277.40478515625,119.93408203125
0.000244140625,-0.49462890625,1.0908203125,-0.8544921875,278.74755859375,126.3427734375
0.0743408203125,-0.32568359375,1.1939697265625,-3.90625,277.40478515625,130.37109375
0.19775390625,-0.2425537109375,1.276123046875,-12.6953125,272.3388671875,130.31005859375
0.2794189453125,-0.219482421875,1.33447265625,-24.4140625,266.4794921875,125.30517578125
0.3485107421875,-0.28076171875,1.4169921875,-34.1796875,271.17919921875,123.046875
0.4927978515625,-0.40966796875,1.5,-40.34423828125,279.35791015625,118.896484375
0.664306640625,-0.505126953125,1.5638427734375,-43.39599609375,281.67724609375,111.572265625
0.811767578125,-0.4971923828125,1.6239013671875,-52.67333984375,266.90673828125,102.6611328125
0.9239501953125,-0.4715576171875,1.7354736328125,-66.95556640625,235.2294921875,96.74072265625
0.9794921875,-0.474853515625,1.9140625,-87.21923828125,198.42529296875,94.29931640625
1.0042724609375,-0.5126953125,2.026123046875,-107.5439453125,176.1474609375,81.11572265625
1.06591796875,-0.5303955078125,1.7432861328125,-120.4833984375,162.9638671875,47.8515625
1.103759765625,-0.5577392578125,1.3031005859375,-124.8779296875,134.46044921875,-1.89208984375
1.0723876953125,-0.5853271484375,0.8812255859375,-117.73681640625,78.4912109375,-39.306640625
1.0406494140625,-0.473876953125,0.6334228515625,-87.7685546875,16.11328125,-51.33056640625
1.12158203125,-0.3250732421875,0.550048828125,-50.6591796875,-38.330078125,-45.166015625
1.3592529296875,-0.22412109375,0.2822265625,-22.39990234375,-71.59423828125,-30.33447265625
1.9501953125,-0.192138671875,-0.3385009765625,-15.13671875,-110.16845703125,-88.37890625
2.1683349609375,-0.149658203125,-0.84521484375,-20.751953125,-130.859375,-144.6533203125
2.232177734375,-0.0321044921875,-1.060546875,-13.12255859375,-177.91748046875,-153.13720703125
2.3162841796875,-0.0472412109375,-0.71728515625,70.80078125,-235.4736328125,-108.58154296875
2.56884765625,0.1873779296875,-0.1129150390625,110.90087890625,-212.5244140625,-75.37841796875
3.0577392578125,0.5191650390625,0.642333984375,134.46044921875,-164.12353515625,-62.6220703125
3.62744140625,0.6883544921875,1.42626953125,127.25830078125,-136.65771484375,-33.38623046875
3.7144775390625,0.4083251953125,0.8814697265625,86.3037109375,-129.69970703125,-14.6484375
3.65087890625,-0.163330078125,0.37158203125,83.1298828125,-126.64794921875,-32.8369140625
3.643798828125,-2.0150146484375,1.6087646484375,83.55712890625,-91.9189453125,-33.8134765625
3.2696533203125,-1.4085693359375,2.0694580078125,75.13427734375,-74.21875,-22.5830078125
3.05712890625,-0.42919921875,1.8797607421875,69.580078125,-60.4248046875,-15.2587890625
0.6519775390625,1.20458984375,1.2406005859375,37.841796875,-45.34912109375,-13.97705078125
-0.159912109375,0.8587646484375,1.18310546875,25.146484375,-32.53173828125,-11.04736328125
-1.4720458984375,-0.1099853515625,1.3768310546875,25.08544921875,-28.1982421875,-8.1787109375
-0.652099609375,-0.579345703125,1.2684326171875,25.57373046875,-30.029296875,-8.6669921875
1.7347412109375,-0.9320068359375,1.271240234375,21.17919921875,-27.89306640625,-10.31494140625
2.1993408203125,-0.607421875,1.2900390625,18.9208984375,-28.076171875,-9.70458984375
0.9940185546875,0.239990234375,1.2259521484375,21.6064453125,-24.59716796875,-8.85009765625
0.623779296875,-0.064208984375,1.0244140625,23.3154296875,-22.3388671875,-10.68115234375
0.4652099609375,-0.684326171875,0.9425048828125,24.90234375,-24.2919921875,-10.68115234375
0.5322265625,-0.4462890625,0.960205078125,26.30615234375,-20.6298828125,-7.568359375
0.587890625,-0.17431640625,0.9534912109375,22.88818359375,-15.56396484375,-9.58251953125
0.6329345703125,-0.419189453125,1.025390625,15.19775390625,-17.2119140625,-11.65771484375
0.603759765625,-0.56103515625,0.953125,8.48388671875,-18.6767578125,-12.451171875
0.453125,-0.373779296875,0.923828125,8.056640625,-17.578125,-13.00048828125
0.3114013671875,-0.31884765625,1.1072998046875,8.60595703125,-13.427734375,-13.24462890625
0.2252197265625,-0.43359375,0.919189453125,10.7421875,-11.16943359375,-13.85498046875
0.271484375,-0.307861328125,0.951904296875,11.77978515625,-11.41357421875,-13.00048828125
0.1956787109375,-0.1712646484375,0.941650390625,11.53564453125,-10.1318359375,-12.14599609375
0.3603515625,-0.2100830078125,0.9351806640625,12.63427734375,-9.6435546875,-11.29150390625
0.2708740234375,-0.4046630859375,0.9686279296875,13.12255859375,-10.07080078125,-10.19287109375
0.1943359375,-0.249755859375,0.926513671875,12.939453125,-10.3759765625,-9.58251953125
0.3302001953125,-0.30810546875,0.9200439453125,12.51220703125,-10.55908203125,-9.82666015625
0.3504638671875,-0.326171875,0.9439697265625,11.65771484375,-11.04736328125,-10.8642578125
0.2076416015625,-0.2960205078125,0.9359130859375,10.498046875,-12.51220703125,-12.02392578125
0.2369384765625,-0.3441162109375,0.9366455078125,9.94873046875,-14.58740234375,-13.5498046875
0.2962646484375,-0.3125,0.93701171875,9.1552734375,-16.05224609375,-15.80810546875
0.4052734375,-0.2659912109375,0.9307861328125,7.87353515625,-18.6767578125,-17.39501953125
0.289794921875,-0.2655029296875,0.9298095703125,6.89697265625,-22.705078125,-18.61572265625
0.302490234375,-0.2740478515625,0.935302734375,5.7373046875,-26.67236328125,-20.1416015625
0.3138427734375,-0.2625732421875,0.9393310546875,4.150390625,-32.3486328125,-21.54541015625
0.2987060546875,-0.26904296875,0.9337158203125,2.25830078125,-39.24560546875,-23.4375
0.291015625,-0.283935546875,0.933837890625,-0.1220703125,-47.119140625,-25.57373046875
0.2952880859375,-0.281005859375,0.9410400390625,-2.3193359375,-57.06787109375,-28.076171875
0.30029296875,-0.287109375,0.948974609375,-4.638671875,-69.091796875,-30.2734375
0.2884521484375,-0.2880859375,0.9658203125,-6.591796875,-81.60400390625,-31.55517578125
0.2733154296875,-0.2930908203125,0.9661865234375,-8.544921875,-94.482421875,-32.89794921875
0.285888671875,-0.275634765625,0.9736328125,-9.521484375,-108.82568359375,-35.15625
0.281982421875,-0.2667236328125,0.9945068359375,-8.72802734375,-125.9765625,-46.93603515625
0.274658203125,-0.2637939453125,0.995849609375,-11.90185546875,-165.22216796875,-55.17578125
0.2803955078125,-0.252685546875,1.0101318359375,-15.68603515625,-188.96484375,-64.75830078125
0.2769775390625,-0.248046875,1.00732421875,-20.5078125,-214.84375,-77.392578125
0.2691650390625,-0.2685546875,1.011962890625,-21.05712890625,-249.57275390625,-95.03173828125
0.26171875,-0.2650146484375,1.059326171875,-20.3857421875,-291.07666015625,-116.39404296875
0.2425537109375,-0.2681884765625,1.0926513671875,-22.03369140625,-347.16796875,-144.22607421875
0.2354736328125,-0.19091796875,1.104248046875,-22.5830078125,-409.97314453125,-172.79052734375
0.2183837890625,-0.227783203125,1.1700439453125,-24.0478515625,-452.392578125,-192.9931640625
0.214599609375,-0.2408447265625,1.224609375,-20.01953125,-471.0693359375,-200.927734375
0.253173828125,-0.31103515625,1.323974609375,-17.76123046875,-467.95654296875,-191.40625
0.2626953125,-0.346923828125,1.2325439453125,-19.71435546875,-450.74462890625,-180.419921875
0.2596435546875,-0.3907470703125,1.279541015625,-26.85546875,-420.0439453125,-182.7392578125
0.2698974609375,-0.43603515625,1.38720703125,-48.33984375,-374.57275390625,-179.5654296875
0.2703857421875,-0.4742431640625,1.7357177734375,-64.14794921875,-316.162109375,-179.6875
0.2462158203125,-0.539306640625,1.8035888671875,-64.51416015625,-257.01904296875,-35.15625
0.188720703125,-0.520263671875,1.956787109375,-50.72021484375,32.8369140625,30.2734375
0.1649169921875,-0.719970703125,1.91943359375,-44.5556640625,152.40478515625,78.4912109375
0.4056396484375,-0.8486328125,2.1348876953125,4.638671875,225.40283203125,83.1298828125
0.2318115234375,-0.820556640625,2.2977294921875,78.9794921875,224.91455078125,85.99853515625
0.2626953125,-0.7918701171875,2.307373046875,39.1845703125,224.4873046875,95.458984375
0.746337890625,-0.8548583984375,1.818359375,-4.0283203125,242.1875,113.4033203125
1.0245361328125,-0.9705810546875,2.96484375,-12.0849609375,275.45166015625,133.1787109375
1.5086669921875,-1.17431640625,1.78955078125,-11.71875,307.373046875,147.8271484375
1.4609375,-1.3934326171875,0.7899169921875,1.0986328125,323.66943359375,154.6630859375
1.2811279296875,-1.7734375,0.7623291015625,18.9208984375,323.91357421875,155.1513671875
1.8492431640625,-1.2110595703125,0.97265625,35.09521484375,314.14794921875,154.4189453125
0.442138671875,-0.944091796875,1.1287841796875,43.15185546875,301.45263671875,153.076171875
-0.9111328125,-0.62451171875,1.082763671875,40.83251953125,287.65869140625,149.4140625
0.7506103515625,-0.6224365234375,0.8402099609375,31.92138671875,275.45166015625,144.8974609375
-0.4429931640625,-0.770751953125,0.617431640625,20.1416015625,268.37158203125,141.7236328125
-0.6385498046875,-0.9505615234375,0.472900390625,12.87841796875,264.5263671875,139.83154296875
-0.44775390625,-0.9345703125,0.4111328125,12.26806640625,261.16943359375,138.12255859375
-0.0504150390625,-0.72412109375,0.468505859375,17.39501953125,257.9345703125,135.55908203125
0.27099609375,-0.517822265625,0.6412353515625,24.10888671875,256.16455078125,131.9580078125
0.39208984375,-0.3726806640625,0.8250732421875,25.69580078125,252.44140625,127.197265625
0.3555908203125,-0.295166015625,0.962158203125,17.822265625,244.93408203125,121.337890625
0.337890625,-0.33203125,1.047119140625,2.50244140625,237.36572265625,114.31884765625
0.3704833984375,-0.416748046875,1.1104736328125,-11.962890625,236.26708984375,107.36083984375
0.43115234375,-0.53173828125,1.1605224609375,-23.193359375,243.896484375,102.294921875
0.5008544921875,-0.6014404296875,1.20556640625,-32.470703125,256.77490234375,98.9990234375
0.6094970703125,-0.558349609375,1.2625732421875,-42.90771484375,267.578125,93.93310546875
0.7908935546875,-0.451171875,1.386962890625,-53.22265625,269.83642578125,84.228515625
0.8887939453125,-0.337890625,1.5814208984375,-60.24169921875,262.8173828125,72.1435546875
0.8992919921875,-0.357666015625,1.792724609375,-65.24658203125,247.9248046875,66.2841796875
0.9205322265625,-0.4039306640625,1.9227294921875,-73.42529296875,231.75048828125,35.7666015625
0.95361328125,-0.4029541015625,1.8857421875,-87.70751953125,160.58349609375,3.662109375
0.9501953125,-0.38671875,1.723388671875,-104.18701171875,112.060546875,-24.4140625
0.9031982421875,-0.449951171875,1.4638671875,-111.81640625,59.26513671875,-30.09033203125
0.9183349609375,-0.547607421875,1.2655029296875,-33.447265625,-37.353515625,-87.5244140625
1.0589599609375,-0.5751953125,1.128173828125,-4.08935546875,-133.30078125,-144.22607421875
1.29345703125,-0.452880859375,0.916015625,-5.31005859375,-176.3916015625,-140.31982421875
1.5313720703125,-0.2584228515625,-0.456298828125,-34.36279296875,-238.4033203125,-83.1298828125
1.703369140625,-0.101318359375,-0.75048828125,116.2109375,-224.91455078125,-62.1337890625
1.822265625,-0.043701171875,-0.783935546875,123.71826171875,-169.49462890625,-59.14306640625
1.962646484375,-0.0562744140625,-0.0789794921875,90.8203125,-125.42724609375,-37.41455078125
2.1240234375,0.2698974609375,0.91943359375,49.31640625,-114.2578125,-24.10888671875
2.4000244140625,0.6610107421875,0.3135986328125,65.7958984375,-114.92919921875,-28.38134765625
2.6453857421875,0.772216796875,1.3856201171875,71.6552734375,-103.69873046875,-36.56005859375
3.307861328125,-0.1153564453125,2.3402099609375,62.92724609375,-82.6416015625,-28.01513671875
3.42236328125,-0.263427734375,2.1854248046875,57.43408203125,-63.53759765625,-16.9677734375
3.4549560546875,1.244140625,1.355712890625,45.95947265625,-47.36328125,-13.24462890625
2.81982421875,0.9049072265625,1.1495361328125,34.72900390625,-32.8369140625,-12.39013671875
-1.2027587890625,-0.2928466796875,1.29736328125,29.84619140625,-31.25,-10.498046875
-0.7467041015625,-0.33447265625,1.372802734375,35.15625,-28.01513671875,-8.6669921875
1.6712646484375,-0.581787109375,1.2918701171875,29.47998046875,-20.01953125,-9.033203125
2.298583984375,-0.4090576171875,1.3154296875,22.52197265625,-17.4560546875,-10.80322265625
1.4072265625,0.1898193359375,1.1856689453125,23.681640625,-22.8271484375,-13.61083984375
0.6019287109375,0.1490478515625,0.9190673828125,26.42822265625,-23.86474609375,-9.21630859375
0.3466796875,-0.5009765625,0.975341796875,25.08544921875,-17.578125,-8.23974609375
0.4739990234375,-0.7850341796875,1.029541015625,24.96337890625,-19.6533203125,-8.48388671875
0.7156982421875,-0.2662353515625,0.9588623046875,13.12255859375,-19.8974609375,-7.8125
0.720947265625,-0.1785888671875,0.8895263671875,8.056640625,-19.47021484375,-7.87353515625
0.678955078125,-0.5137939453125,0.8699951171875,6.89697265625,-19.83642578125,-9.033203125
0.604736328125,-0.5234375,0.9466552734375,5.9814453125,-16.66259765625,-10.55908203125
0.2039794921875,-0.2978515625,0.969482421875,6.9580078125,-14.404296875,-12.20703125
0.34326171875,-0.308837890625,0.950927734375,8.72802734375,-13.61083984375,-12.451171875
0.415283203125,-0.2601318359375,0.9429931640625,8.6669921875,-12.3291015625,-11.5966796875
0.2711181640625,-0.304931640625,0.91748046875,9.21630859375,-12.75634765625,-9.21630859375
0.1494140625,-0.2686767578125,0.934814453125,10.1318359375,-12.51220703125,-7.32421875
0.1527099609375,-0.2320556640625,0.9241943359375,10.009765625,-16.7236328125,-7.32421875
0.410400390625,-0.324462890625,0.9190673828125,8.6669921875,-16.41845703125,-8.1787109375
0.2587890625,-0.336669921875,0.907958984375,6.89697265625,-18.798828125,-8.7890625
0.2847900390625,-0.319091796875,0.939697265625,3.84521484375,-21.78955078125,-9.46044921875
0.30224609375,-0.3631591796875,0.9219970703125,1.46484375,-23.25439453125,-10.498046875
0.2625732421875,-0.3443603515625,0.94189453125,-0.18310546875,-27.2216796875,-11.71875
0.4044189453125,-0.309326171875,0.941650390625,-1.708984375,-30.3955078125,-13.5498046875
0.30419921875,-0.27197265625,0.934326171875,-3.0517578125,-35.33935546875,-15.31982421875
0.3052978515625,-0.267822265625,0.9266357421875,-4.69970703125,-41.80908203125,-16.7236328125
0.3145751953125,-0.2584228515625,0.9368896484375,-7.01904296875,-48.40087890625,-19.04296875
0.3104248046875,-0.2547607421875,0.9488525390625,-9.46044921875,-57.6171875,-21.728515625
0.3221435546875,-0.2799072265625,0.9344482421875,-12.26806640625,-68.4814453125,-25.08544921875
0.3033447265625,-0.2906494140625,0.9541015625,-15.56396484375,-80.50537109375,-29.052734375
0.326171875,-0.2830810546875,0.9539794921875,-18.9208984375,-95.27587890625,-31.43310546875
0.278564453125,-0.270751953125,0.95849609375,-22.03369140625,-109.4970703125,-33.87451171875
0.298828125,-0.2921142578125,0.969482421875,-23.62060546875,-140.93017578125,-37.17041015625
0.30712890625,-0.2919921875,0.9688720703125,-21.42333984375,-160.7666015625,-44.189453125
0.2879638671875,-0.275634765625,0.9874267578125,-23.37646484375,-182.861328125,-51.513671875
0.306396484375,-0.2547607421875,1.008056640625,-25.93994140625,-208.19091796875,-102.84423828125
0.28466796875,-0.2698974609375,0.9935302734375,-31.494140625,-331.23779296875,-130.43212890625
0.2962646484375,-0.2774658203125,1.0321044921875,-32.40966796875,-396.8505859375,-159.72900390625
0.2916259765625,-0.286376953125,1.0352783203125,-37.53662109375,-453.2470703125,-184.4482421875
0.25634765625,-0.3616943359375,1.0772705078125,-52.67333984375,-484.2529296875,-193.359375
0.2646484375,-0.2547607421875,1.089111328125,-58.28857421875,-481.38427734375,-182.861328125
0.2496337890625,-0.267333984375,1.1429443359375,-58.9599609375,-458.31298828125,-173.27880859375
0.232666015625,-0.2615966796875,1.19775390625,-59.87548828125,-425.47607421875,-175.537109375
0.2967529296875,-0.344970703125,1.4271240234375,-71.71630859375,-380.43212890625,-177.490234375
0.2869873046875,-0.3465576171875,1.5538330078125,-85.44921875,-333.3740234375,-167.66357421875
0.3236083984375,-0.4315185546875,1.7939453125,-86.42578125,-262.0849609375,-142.02880859375
0.2987060546875,-0.55615234375,1.8519287109375,-72.93701171875,-93.6279296875,-81.48193359375
0.28466796875,-0.6934814453125,1.8101806640625,-59.38720703125,71.533203125,-27.4658203125
0.2305908203125,-0.822509765625,1.908935546875,-28.6865234375,192.2607421875,0.48828125
0.3387451171875,-0.7886962890625,2.2108154296875,108.94775390625,237.060546875,6.04248046875
-0.027587890625,-0.814453125,2.5819091796875,115.78369140625,237.73193359375,13.18359375
0.51220703125,-0.925048828125,2.56201171875,88.37890625,229.06494140625,24.23095703125
1.0235595703125,-1.0177001953125,3.9984130859375,53.64990234375,223.69384765625,61.21826171875
1.4990234375,-1.0762939453125,3.0787353515625,29.6630859375,249.69482421875,85.693359375
1.642333984375,-1.5089111328125,1.697998046875,14.70947265625,276.9775390625,128.0517578125
1.4329833984375,-1.74365234375,0.9031982421875,9.09423828125,306.5185546875,140.0146484375
1.6119384765625,-2.158447265625,0.627685546875,28.9306640625,303.28369140625,150.146484375
1.206787109375,-1.1417236328125,0.6116943359375,23.98681640625,282.8369140625,148.74267578125
-0.0435791015625,-0.7666015625,0.7381591796875,22.4609375,273.86474609375,145.1416015625
1.6580810546875,-0.626220703125,0.91455078125,19.22607421875,272.15576171875,141.4794921875
0.7669677734375,-0.5667724609375,0.92333984375,7.568359375,274.7802734375,137.3291015625
-0.4979248046875,-0.6741943359375,0.5906982421875,1.953125,276.2451171875,133.30078125
-0.95751953125,-0.8212890625,0.5382080078125,-1.64794921875,276.0009765625,131.16455078125
-0.799072265625,-0.884765625,0.6904296875,0.48828125,274.59716796875,131.4697265625
-0.635009765625,-0.7939453125,0.87841796875,7.62939453125,271.3623046875,132.87353515625
-0.3597412109375,-0.5701904296875,1.03076171875,10.92529296875,264.09912109375,133.36181640625
-0.06201171875,-0.492431640625,1.107177734375,6.04248046875,252.9296875,131.16455078125
0.21533203125,-0.374267578125,1.1376953125,-5.7373046875,244.0185546875,127.685546875
0.284423828125,-0.3978271484375,1.172119140625,-19.95849609375,245.05615234375,126.3427734375
0.3787841796875,-0.509521484375,1.2261962890625,-33.87451171875,258.36181640625,127.197265625
0.5455322265625,-0.6212158203125,1.2620849609375,-47.42431640625,273.681640625,124.6337890625
0.7655029296875,-0.5938720703125,1.3326416015625,-58.2275390625,280.517578125,113.28125
0.91259765625,-0.52099609375,1.5244140625,-67.138671875,273.13232421875,94.42138671875
0.933837890625,-0.4779052734375,1.8575439453125,-75.5615234375,252.8076171875,75.5615234375
0.95703125,-0.46337890625,2.0982666015625,-85.693359375,224.609375,62.07275390625
0.968505859375,-0.4537353515625,2.108154296875,-94.1162109375,195.98388671875,50.1708984375
0.975341796875,-0.421630859375,1.8914794921875,-96.5576171875,175.78125,30.82275390625
0.91796875,-0.520751953125,1.5379638671875,-89.111328125,149.47509765625,3.96728515625
0.8551025390625,-0.63623046875,1.1934814453125,-74.15771484375,106.14013671875,-19.1650390625
0.931884765625,-0.597900390625,0.8770751953125,-56.15234375,49.6826171875,-29.296875
1.194580078125,-0.4461669921875,0.6611328125,-39.1845703125,-9.94873046875,-55.0537109375
1.582763671875,-0.2928466796875,0.3541259765625,-29.23583984375,-173.88916015625,-105.40771484375
1.869873046875,-0.188720703125,-0.1956787109375,-24.84130859375,-129.7607421875,-148.681640625
2.0540771484375,-0.1923828125,-0.74560546875,-27.099609375,-169.5556640625,-51.7578125
2.2080078125,-0.148681640625,-1.1048583984375,115.1123046875,-225.7080078125,-39.73388671875
2.3798828125,0.0166015625,-1.0469970703125,117.919921875,-172.36328125,-44.3115234375
2.5860595703125,0.1851806640625,-0.50927734375,117.919921875,-130.31005859375,-33.203125
2.786376953125,0.408447265625,1.405029296875,23.49853515625,-122.0703125,-29.84619140625
3.26025390625,0.502197265625,2.8671875,45.654296875,-100.09765625,-23.193359375
3.536865234375,0.424560546875,0.330810546875,42.48046875,-69.091796875,-18.73779296875
3.6416015625,-0.4329833984375,2.3939208984375,44.49462890625,-45.22705078125,-14.22119140625
3.6871337890625,-0.4815673828125,1.7772216796875,52.30712890625,-44.3115234375,-13.85498046875
3.5120849609375,-0.67236328125,1.23193359375,60.48583984375,-30.2734375,-12.75634765625
2.496826171875,1.009033203125,1.3629150390625,50.47607421875,-26.91650390625,-10.7421875
1.3563232421875,-0.74853515625,1.570068359375,41.93115234375,-12.75634765625,-10.3759765625
-1.0494384765625,-0.0150146484375,1.236328125,35.94970703125,-11.04736328125,-12.5732421875
-0.127197265625,-0.385498046875,1.087158203125,30.70068359375,-14.404296875,-12.6953125
1.79345703125,-0.4461669921875,1.1998291015625,23.13232421875,-15.13671875,-11.474609375
1.0611572265625,-0.60498046875,0.9085693359375,18.85986328125,-15.625,-9.8876953125
0.55615234375,-0.4261474609375,0.943359375,15.869140625,-14.46533203125,-7.50732421875
0.8912353515625,-0.2200927734375,0.9017333984375,14.58740234375,-14.16015625,-7.080078125
1.0013427734375,-0.382568359375,0.959228515625,11.8408203125,-14.34326171875,-7.75146484375
0.7303466796875,-0.4027099609375,0.9351806640625,7.99560546875,-14.2822265625,-8.30078125
0.1787109375,-0.4610595703125,0.9547119140625,6.16455078125,-13.7939453125,-8.6669921875
0.555419921875,-0.279296875,1.011962890625,4.7607421875,-13.36669921875,-9.3994140625
0.2056884765625,-0.2939453125,0.93896484375,4.45556640625,-13.916015625,-9.58251953125
0.1796875,-0.294921875,0.9384765625,4.33349609375,-12.939453125,-9.58251953125
0.1925048828125,-0.235107421875,0.9351806640625,4.94384765625,-11.71875,-10.07080078125
0.2469482421875,-0.2098388671875,0.926513671875,6.103515625,-11.474609375,-10.009765625
0.272216796875,-0.2738037109375,0.9256591796875,7.01904296875,-11.23046875,-10.25390625
0.290771484375,-0.2763671875,0.9307861328125,5.615234375,-11.8408203125,-10.43701171875
0.3924560546875,-0.308837890625,0.9161376953125,5.9814453125,-12.63427734375,-10.986328125
0.2862548828125,-0.3082275390625,0.91845703125,5.06591796875,-14.2822265625,-12.39013671875
0.306640625,-0.3448486328125,0.9171142578125,4.7607421875,-17.76123046875,-14.22119140625
0.29150390625,-0.3250732421875,0.9185791015625,3.7841796875,-20.81298828125,-16.41845703125
0.3006591796875,-0.312255859375,0.9166259765625,1.953125,-24.7802734375,-18.06640625
0.309326171875,-0.2783203125,0.9166259765625,0.6103515625,-30.6396484375,-19.1650390625
0.30419921875,-0.291748046875,0.916015625,-1.0986328125,-37.04833984375,-24.7802734375
0.3214111328125,-0.282958984375,0.928466796875,-2.38037109375,-69.39697265625,-26.55029296875
0.312255859375,-0.2896728515625,0.933349609375,-3.96728515625,-83.251953125,-27.64892578125
0.3084716796875,-0.2774658203125,0.941650390625,-6.53076171875,-97.83935546875,-28.6865234375
0.3150634765625,-0.280029296875,0.9490966796875,-16.17431640625,-112.9150390625,-30.94482421875
0.3084716796875,-0.288818359375,0.9517822265625,-16.4794921875,-130.2490234375,-34.1796875
0.3099365234375,-0.28662109375,0.9693603515625,-19.1650390625,-148.92578125,-55.11474609375
0.29638671875,-0.2979736328125,1.034912109375,-23.49853515625,-170.71533203125,-58.349609375
0.2911376953125,-0.270751953125,1.0023193359375,-28.01513671875,-224.853515625,-93.1396484375
0.300048828125,-0.2672119140625,1.0076904296875,-30.82275390625,-306.396484375,-117.1875
0.285400390625,-0.2548828125,1.0302734375,-31.982421875,-361.572265625,-171.32568359375
0.2642822265625,-0.29150390625,1.0653076171875,-37.353515625,-472.35107421875,-187.01171875
0.271484375,-0.2156982421875,1.1007080078125,-41.8701171875,-488.58642578125,-180.5419921875
0.24365234375,-0.25048828125,1.1121826171875,-53.16162109375,-443.115234375,-183.7158203125
0.2291259765625,-0.24267578125,1.1927490234375,-64.5751953125,-288.818359375,-172.42431640625
0.2591552734375,-0.2978515625,1.205810546875,-83.984375,-218.93310546875,-158.8134765625
0.2762451171875,-0.3104248046875,1.207763671875,-109.375,-148.74267578125,-120.78857421875
0.289306640625,-0.3756103515625,1.658203125,-41.259765625,-36.62109375,-12.63427734375
0.2816162109375,-0.4736328125,1.687255859375,10.55908203125,196.6552734375,5.7373046875
0.283447265625,-0.57275390625,1.890625,91.796875,219.42138671875,12.8173828125
0.266845703125,-0.540283203125,2.4586181640625,114.013671875,217.59033203125,24.2919921875
0.2171630859375,-0.7559814453125,2.2037353515625,73.3642578125,213.92822265625,39.6728515625
0.3702392578125,-0.8167724609375,2.89453125,50.23193359375,215.2099609375,59.87548828125
0.3546142578125,-1.1099853515625,3.647216796875,39.6728515625,227.35595703125,83.984375
0.442626953125,-1.6151123046875,1.2972412109375,34.97314453125,252.0751953125,108.21533203125
1.18212890625,-1.870361328125,0.7503662109375,34.85107421875,281.982421875,126.5869140625
1.622314453125,-2.3570556640625,0.640380859375,34.912109375,303.52783203125,136.65771484375
0.6578369140625,-1.7784423828125,0.6627197265625,30.76171875,310.60791015625,146.17919921875
-0.65185546875,-0.879150390625,0.7938232421875,23.98681640625,296.630859375,144.22607421875
2.1767578125,-0.7822265625,0.968994140625,17.02880859375,280.82275390625,136.29150390625
1.1060791015625,-0.7706298828125,1.0106201171875,12.8173828125,286.0107421875,133.544921875
-0.8590087890625,-0.826416015625,0.8511962890625,8.11767578125,282.470703125,133.4228515625
-0.8568115234375,-0.8251953125,0.6910400390625,-4.69970703125,274.5361328125,136.53564453125
-0.701416015625,-0.786865234375,0.5985107421875,-15.44189453125,264.7705078125,140.380859375
-0.5281982421875,-0.72705078125,0.599365234375,-22.15576171875,255.2490234375,142.333984375
-0.27783203125,-0.64306640625,1.1934814453125,-28.4423828125,248.291015625,142.39501953125
0.0228271484375,-0.58251953125,1.222412109375,-34.24072265625,246.9482421875,141.66259765625
0.2489013671875,-0.5506591796875,1.2647705078125,-39.1845703125,263.427734375,135.7421875
0.2872314453125,-0.429443359375,1.358154296875,-42.96875,267.822265625,102.9052734375
0.32470703125,-0.4801025390625,1.4886474609375,-44.37255859375,237.060546875,41.68701171875
0.3896484375,-0.5159912109375,1.65966796875,-52.06298828125,154.11376953125,-40.34423828125
0.4813232421875,-0.54638671875,1.864990234375,-60.9130859375,28.62548828125,-114.31884765625
1.05908203125,-0.579833984375,2.0452880859375,-65.3076171875,-110.4736328125,-141.29638671875
1.0640869140625,-0.601806640625,1.82470703125,-17.9443359375,-145.1416015625,-33.63037109375
1.04248046875,-0.63671875,1.4820556640625,-30.1513671875,-131.103515625,-36.43798828125
1.02490234375,-0.68212890625,0.8193359375,117.24853515625,-111.38916015625,-26.06201171875
1.02001953125,-0.6842041015625,-0.4407958984375,109.0087890625,-102.60009765625,-27.52685546875
1.097900390625,-0.3309326171875,-0.5826416015625,21.66748046875,-90.63720703125,-6.65283203125
1.319580078125,-0.1444091796875,0.91552734375,18.49365234375,-28.38134765625,-5.2490234375
1.657470703125,-0.05322265625,0.337646484375,10.986328125,-26.3671875,-5.0048828125
2.1048583984375,0.5521240234375,2.037109375,12.8173828125,-23.193359375,-7.38525390625
2.24365234375,0.335205078125,1.09326171875,13.12255859375,-24.4140625,-7.50732421875
2.5,-0.5670166015625,1.23828125,15.0146484375,-25.5126953125,-8.23974609375
