0.298095703125,-0.230712890625,0.9395751953125,2.9296875,-2.44140625,-1.52587890625
0.301025390625,-0.234375,0.940673828125,2.99072265625,-2.50244140625,-1.52587890625
0.30224609375,-0.234130859375,0.940185546875,2.99072265625,-2.5634765625,-1.5869140625
0.30322265625,-0.2281494140625,0.9403076171875,2.86865234375,-2.50244140625,-1.5869140625
0.30322265625,-0.2373046875,0.94189453125,2.86865234375,-2.62451171875,-1.64794921875
0.3043212890625,-0.2315673828125,0.9412841796875,2.86865234375,-2.74658203125,-1.64794921875
0.2994384765625,-0.227783203125,0.9407958984375,2.9296875,-2.8076171875,-1.8310546875
0.3018798828125,-0.235107421875,0.94140625,2.74658203125,-2.74658203125,-1.8310546875
0.3018798828125,-0.2330322265625,0.9422607421875,2.74658203125,-2.9296875,-1.708984375
0.3028564453125,-0.2305908203125,0.9417724609375,2.74658203125,-2.99072265625,-1.52587890625
0.302001953125,-0.237548828125,0.9420166015625,2.62451171875,-2.8076171875,-1.40380859375
0.3017578125,-0.23486328125,0.9415283203125,2.685546875,-2.5634765625,-1.3427734375
0.3026123046875,-0.229736328125,0.94140625,2.74658203125,-2.5634765625,-1.52587890625
0.2982177734375,-0.231689453125,0.941650390625,2.74658203125,-2.50244140625,-1.46484375
0.30078125,-0.2313232421875,0.9420166015625,2.62451171875,-2.38037109375,-1.5869140625
0.30322265625,-0.234619140625,0.9427490234375,2.685546875,-2.25830078125,-1.40380859375
0.303466796875,-0.2320556640625,0.9412841796875,2.685546875,-2.38037109375,-1.3427734375
0.2999267578125,-0.231689453125,0.943115234375,2.86865234375,-2.25830078125,-1.40380859375
0.300048828125,-0.2320556640625,0.9434814453125,2.8076171875,-2.25830078125,-1.46484375
0.30126953125,-0.2333984375,0.942138671875,2.9296875,-2.3193359375,-1.52587890625
0.3011474609375,-0.235107421875,0.940185546875,2.99072265625,-2.50244140625,-1.64794921875
0.3009033203125,-0.2347412109375,0.9423828125,2.86865234375,-2.50244140625,-1.77001953125
0.301025390625,-0.23095703125,0.9412841796875,2.8076171875,-2.5634765625,-1.64794921875
0.3026123046875,-0.2315673828125,0.94140625,2.86865234375,-2.62451171875,-1.40380859375
0.3033447265625,-0.2308349609375,0.9417724609375,2.99072265625,-2.62451171875,-1.40380859375
0.30322265625,-0.2340087890625,0.9423828125,2.8076171875,-2.38037109375,-1.52587890625
0.30126953125,-0.23388671875,0.941162109375,2.86865234375,-2.5634765625,-1.40380859375
0.3021240234375,-0.232177734375,0.9422607421875,2.8076171875,-2.62451171875,-1.52587890625
0.3031005859375,-0.2325439453125,0.94140625,2.62451171875,-2.44140625,-1.5869140625
0.3016357421875,-0.233154296875,0.9422607421875,2.3193359375,-2.50244140625,-1.64794921875
0.30224609375,-0.2327880859375,0.9422607421875,2.5634765625,-2.50244140625,-1.5869140625
0.301513671875,-0.2318115234375,0.951171875,2.5634765625,-2.5634765625,-1.40380859375
0.299560546875,-0.233642578125,0.9400634765625,2.5634765625,-2.62451171875,-1.220703125
0.301513671875,-0.2318115234375,0.9429931640625,2.685546875,-2.5634765625,-1.46484375
0.3018798828125,-0.23095703125,0.94482421875,2.8076171875,-2.5634765625,-1.52587890625
0.3016357421875,-0.23095703125,0.9410400390625,2.62451171875,-2.8076171875,-1.46484375
0.30224609375,-0.2342529296875,0.9404296875,2.685546875,-2.9296875,-1.46484375
0.3017578125,-0.2379150390625,0.9407958984375,2.197265625,-2.9296875,-1.46484375
0.30859375,-0.232177734375,0.9405517578125,2.13623046875,-2.74658203125,-1.46484375
0.297607421875,-0.235595703125,0.9407958984375,2.197265625,-3.23486328125,-1.3427734375
0.2999267578125,-0.234375,0.9404296875,2.0751953125,-3.5400390625,-1.03759765625
0.3026123046875,-0.2318115234375,0.94287109375,2.13623046875,-3.35693359375,-1.28173828125
0.3023681640625,-0.236083984375,0.9417724609375,2.0751953125,-3.11279296875,-1.28173828125
0.30322265625,-0.22900390625,0.9423828125,0.9765625,-3.23486328125,-1.40380859375
0.30126953125,-0.2301025390625,0.9398193359375,-0.1220703125,-3.23486328125,-1.5869140625
0.300048828125,-0.236083984375,0.9366455078125,-0.54931640625,-2.9296875,-1.64794921875
0.301513671875,-0.2313232421875,0.9464111328125,-0.67138671875,-2.86865234375,-1.5869140625
0.3004150390625,-0.2376708984375,0.9429931640625,-0.244140625,-2.86865234375,-1.64794921875
0.2967529296875,-0.237548828125,0.9449462890625,0.1220703125,-2.86865234375,-1.89208984375
0.299560546875,-0.2308349609375,0.9385986328125,1.15966796875,-2.86865234375,-1.64794921875
0.305908203125,-0.2264404296875,0.94189453125,1.708984375,-2.74658203125,-1.46484375
0.3004150390625,-0.2347412109375,0.9393310546875,1.953125,-1.89208984375,-0.732421875
0.3011474609375,-0.2177734375,0.94091796875,2.197265625,-1.03759765625,0.30517578125
0.3040771484375,-0.2508544921875,0.94091796875,2.13623046875,0.244140625,1.46484375
0.3043212890625,-0.232177734375,0.9405517578125,1.708984375,1.708984375,2.13623046875
0.3123779296875,-0.2479248046875,0.9412841796875,-0.06103515625,2.8076171875,2.44140625
0.29638671875,-0.24169921875,0.948486328125,-4.0283203125,3.23486328125,2.0751953125
0.3013916015625,-0.236083984375,0.9530029296875,-6.103515625,3.11279296875,1.40380859375
0.3037109375,-0.2386474609375,0.9796142578125,-6.16455078125,2.62451171875,1.3427734375
0.3023681640625,-0.2386474609375,0.9659423828125,-4.5166015625,1.77001953125,1.46484375
0.3035888671875,-0.2381591796875,0.9605712890625,-3.0517578125,1.40380859375,1.5869140625
0.3060302734375,-0.227294921875,0.945068359375,-2.38037109375,2.3193359375,1.89208984375
0.3028564453125,-0.2198486328125,0.94091796875,-1.708984375,2.25830078125,1.52587890625
0.3154296875,-0.2257080078125,0.933837890625,-1.46484375,2.13623046875,1.03759765625
0.3143310546875,-0.2264404296875,0.9388427734375,-1.77001953125,1.03759765625,0.48828125
0.337646484375,-0.236083984375,0.93408203125,-2.99072265625,0.06103515625,0.1220703125
0.34521484375,-0.23876953125,0.9395751953125,-3.41796875,-1.220703125,-0.732421875
0.3409423828125,-0.241455078125,0.9615478515625,-3.72314453125,-2.38037109375,-1.40380859375
0.3203125,-0.2508544921875,0.929443359375,-2.74658203125,-3.90625,-1.220703125
0.31103515625,-0.2628173828125,0.9404296875,-2.25830078125,-5.55419921875,-0.9765625
0.2938232421875,-0.25390625,0.9285888671875,-1.15966796875,-5.43212890625,-0.8544921875
0.281005859375,-0.22119140625,0.93359375,-0.1220703125,-5.4931640625,-0.79345703125
0.27978515625,-0.2550048828125,0.923095703125,0.732421875,-5.4931640625,-0.67138671875
0.299072265625,-0.24951171875,0.924072265625,1.8310546875,-6.34765625,-0.42724609375
0.3212890625,-0.2606201171875,0.9281005859375,1.3427734375,-6.77490234375,-0.6103515625
0.277587890625,-0.2646484375,0.932373046875,0.732421875,-6.9580078125,-0.30517578125
0.3028564453125,-0.2686767578125,0.9383544921875,-0.3662109375,-8.9111328125,-0.732421875
0.2825927734375,-0.273193359375,0.940673828125,-1.5869140625,-11.29150390625,-0.48828125
0.27099609375,-0.270751953125,0.9505615234375,-2.44140625,-14.34326171875,2.0751953125
0.2567138671875,-0.2679443359375,0.9403076171875,-2.99072265625,-17.2119140625,6.591796875
0.2666015625,-0.2548828125,0.9608154296875,-3.0517578125,-19.47021484375,12.14599609375
0.2685546875,-0.26611328125,0.949462890625,-2.9296875,-24.59716796875,15.31982421875
0.278564453125,-0.26611328125,0.942138671875,-3.173828125,-34.0576171875,12.20703125
0.2987060546875,-0.2762451171875,0.952392578125,-4.33349609375,-45.0439453125,17.9443359375
0.29833984375,-0.275390625,0.9539794921875,-3.5400390625,-53.28369140625,36.865234375
0.3060302734375,-0.2515869140625,1.0,1.708984375,-49.1943359375,48.52294921875
0.2833251953125,-0.2684326171875,0.9974365234375,9.58251953125,-34.423828125,49.49951171875
0.2999267578125,-0.309814453125,0.9837646484375,6.16455078125,-29.052734375,41.259765625
0.2965087890625,-0.3214111328125,0.996826171875,3.35693359375,-35.46142578125,28.74755859375
0.263427734375,-0.312255859375,1.015869140625,1.220703125,-34.48486328125,14.58740234375
0.2584228515625,-0.3580322265625,1.125732421875,-1.0986328125,-20.5078125,2.9296875
0.251220703125,-0.3759765625,1.277587890625,11.71875,-3.72314453125,-7.8125
0.28173828125,-0.38330078125,1.7244873046875,31.06689453125,9.033203125,-7.4462890625
0.288330078125,-0.1641845703125,1.3834228515625,38.330078125,19.47021484375,-3.47900390625
0.2449951171875,-0.1995849609375,1.1451416015625,32.3486328125,22.76611328125,2.62451171875
0.0711669921875,-0.2813720703125,1.2139892578125,27.40478515625,27.64892578125,8.7890625
0.0657958984375,-0.7342529296875,1.336181640625,29.052734375,32.1044921875,14.22119140625
0.1629638671875,-0.9732666015625,1.3585205078125,36.43798828125,34.66796875,19.22607421875
-0.09619140625,-0.8709716796875,1.2457275390625,33.5693359375,35.21728515625,24.0478515625
-0.0616455078125,-0.4254150390625,1.1141357421875,27.03857421875,37.7197265625,29.23583984375
-0.190673828125,-0.2008056640625,1.0079345703125,19.71435546875,42.724609375,33.447265625
-0.546875,-0.1973876953125,1.0277099609375,12.75634765625,52.30712890625,34.5458984375
-0.4871826171875,-0.3023681640625,1.006103515625,6.28662109375,63.4765625,32.71484375
-0.436767578125,-0.391357421875,0.9716796875,-0.30517578125,71.47216796875,29.052734375
-0.493896484375,-0.45068359375,0.9720458984375,-6.9580078125,74.70703125,25.20751953125
-0.583740234375,-0.4970703125,1.0206298828125,-13.36669921875,75.1953125,21.42333984375
-0.6468505859375,-0.5419921875,1.1278076171875,-17.27294921875,75.37841796875,13.97705078125
-0.6279296875,-0.5374755859375,1.2467041015625,-17.822265625,75.13427734375,11.29150390625
-0.561279296875,-0.527587890625,1.28466796875,-15.625,75.439453125,9.765625
-0.5272216796875,-0.5086669921875,1.2528076171875,-12.6953125,74.76806640625,11.23046875
-0.49169921875,-0.4757080078125,1.17578125,-11.16943359375,75.86669921875,20.6298828125
-0.4541015625,-0.4429931640625,1.125732421875,-11.474609375,80.50537109375,21.66748046875
-0.375,-0.4022216796875,1.1038818359375,-15.625,88.37890625,21.484375
-0.2869873046875,-0.3497314453125,1.08154296875,-19.8974609375,85.9375,20.01953125
-0.16748046875,-0.2969970703125,1.0855712890625,-24.658203125,84.28955078125,16.4794921875
-0.1153564453125,-0.26318359375,1.0845947265625,-31.31103515625,81.60400390625,12.0849609375
-0.1126708984375,-0.233154296875,1.149169921875,-45.71533203125,75.50048828125,8.056640625
-0.118408203125,-0.2166748046875,1.2225341796875,-42.90771484375,66.10107421875,6.4697265625
-0.10986328125,-0.217041015625,1.2442626953125,-37.65869140625,54.931640625,8.4228515625
-0.078125,-0.192138671875,1.068115234375,-32.04345703125,44.921875,7.50732421875
-0.0667724609375,-0.2222900390625,1.03662109375,-24.0478515625,47.8515625,3.84521484375
-0.026611328125,-0.2171630859375,0.9833984375,-16.6015625,44.0673828125,-0.6103515625
-0.0157470703125,-0.209716796875,0.893798828125,-10.009765625,27.34375,-2.8076171875
0.0439453125,-0.203857421875,0.7811279296875,-4.08935546875,8.7890625,-2.9296875
0.1590576171875,-0.2017822265625,0.7000732421875,-2.3193359375,-5.92041015625,-3.35693359375
0.2474365234375,-0.164306640625,0.730712890625,0.18310546875,-15.7470703125,-5.43212890625
0.3692626953125,-0.158447265625,0.8106689453125,4.7607421875,-24.71923828125,-5.55419921875
0.4483642578125,-0.172607421875,0.6197509765625,8.85009765625,-44.43359375,-5.9814453125
0.501953125,-0.1890869140625,0.4317626953125,11.23046875,-51.08642578125,-8.48388671875
0.546630859375,-0.220703125,0.3895263671875,13.36669921875,-56.82373046875,-23.4375
0.56640625,-0.2755126953125,0.464111328125,15.44189453125,-60.60791015625,-62.255859375
0.5980224609375,-0.222412109375,0.533935546875,9.94873046875,-91.49169921875,-77.20947265625
0.673095703125,-0.1513671875,0.5147705078125,5.92041015625,-92.46826171875,-77.33154296875
0.8758544921875,-0.1541748046875,0.4656982421875,5.37109375,-106.62841796875,-60.302734375
0.7996826171875,-0.1966552734375,0.5538330078125,14.09912109375,-132.8125,-43.3349609375
0.664306640625,-0.25146484375,0.581787109375,26.55029296875,-143.4326171875,-20.1416015625
0.6881103515625,-0.2861328125,0.6878662109375,51.8798828125,-122.74169921875,-16.7236328125
0.75244140625,-0.2606201171875,0.372802734375,58.04443359375,-74.15771484375,-19.287109375
0.8123779296875,-0.2239990234375,0.873046875,39.6728515625,-69.4580078125,-23.49853515625
0.79833984375,-0.2296142578125,0.991943359375,20.6298828125,-72.75390625,-22.94921875
0.754638671875,-0.23779296875,0.8385009765625,21.42333984375,-72.81494140625,-15.625
0.798828125,-0.2030029296875,1.2802734375,24.59716796875,-63.17138671875,-7.8125
0.7811279296875,-0.402587890625,1.6739501953125,27.77099609375,-40.1611328125,-5.7373046875
0.8260498046875,-0.358154296875,1.68017578125,28.564453125,-20.8740234375,-6.2255859375
0.8450927734375,-0.115478515625,1.13720703125,28.62548828125,-17.51708984375,-5.2490234375
0.3099365234375,-0.2857666015625,0.970947265625,28.13720703125,-15.7470703125,-3.23486328125
-0.2034912109375,-0.515625,1.0115966796875,30.82275390625,-12.63427734375,-2.13623046875
-0.38525390625,-0.49609375,1.27099609375,28.25927734375,-11.04736328125,-1.52587890625
0.2926025390625,-0.4068603515625,1.4234619140625,21.05712890625,-7.26318359375,-0.54931640625
1.0914306640625,-0.18017578125,1.2822265625,12.75634765625,-5.43212890625,-0.54931640625
1.216552734375,-0.048095703125,1.0789794921875,8.4228515625,-6.04248046875,-0.8544921875
0.3428955078125,-0.1578369140625,1.072509765625,8.544921875,-6.65283203125,-1.28173828125
0.129638671875,-0.3851318359375,1.0302734375,8.544921875,-6.7138671875,-4.21142578125
0.247802734375,-0.384521484375,1.012939453125,8.6669921875,-7.568359375,-5.43212890625
0.5142822265625,-0.1590576171875,1.0240478515625,5.55419921875,-15.93017578125,-5.859375
0.85009765625,-0.0765380859375,0.96826171875,4.39453125,-18.1884765625,-7.080078125
0.7130126953125,-0.2237548828125,0.9617919921875,3.35693359375,-17.15087890625,-7.568359375
0.281982421875,-0.2996826171875,0.9595947265625,3.72314453125,-18.9208984375,-6.53076171875
0.2686767578125,-0.269287109375,0.958251953125,8.1787109375,-18.73779296875,-6.04248046875
0.3095703125,-0.2781982421875,0.92578125,10.31494140625,-13.427734375,-7.2021484375
0.305908203125,-0.2957763671875,0.923583984375,7.87353515625,-11.16943359375,-8.7890625
0.3446044921875,-0.19482421875,0.927734375,10.07080078125,-12.26806640625,-10.31494140625
0.2845458984375,-0.19921875,0.9765625,11.16943359375,-13.85498046875,-11.65771484375
0.26953125,-0.232177734375,0.92919921875,7.32421875,-15.93017578125,-12.6953125
0.2484130859375,-0.22607421875,0.9620361328125,4.57763671875,-18.37158203125,-13.18359375
0.2576904296875,-0.29833984375,1.0128173828125,4.69970703125,-21.05712890625,-11.53564453125
0.239501953125,-0.202880859375,0.938232421875,5.67626953125,-20.5078125,-11.04736328125
0.22314453125,-0.26025390625,0.943115234375,6.7138671875,-16.41845703125,-11.41357421875
0.2320556640625,-0.2506103515625,0.932861328125,7.4462890625,-16.29638671875,-12.26806640625
0.3223876953125,-0.2320556640625,0.9354248046875,7.568359375,-17.27294921875,-14.22119140625
0.2237548828125,-0.2197265625,0.9454345703125,5.859375,-19.04296875,-15.80810546875
0.2490234375,-0.261962890625,0.9554443359375,2.3193359375,-24.2919921875,-17.08984375
0.3858642578125,-0.2601318359375,0.9815673828125,1.708984375,-28.74755859375,-17.63916015625
0.2750244140625,-0.2598876953125,0.9505615234375,1.3427734375,-34.11865234375,-18.1884765625
0.26171875,-0.2640380859375,0.95703125,0.8544921875,-40.22216796875,-18.85986328125
0.2373046875,-0.220703125,0.9495849609375,-0.79345703125,-47.8515625,-19.53125
0.2442626953125,-0.2076416015625,0.94482421875,-1.220703125,-56.2744140625,-20.32470703125
0.2325439453125,-0.1724853515625,0.9508056640625,-2.50244140625,-67.138671875,-20.8740234375
0.2620849609375,-0.191650390625,0.958251953125,-4.7607421875,-79.89501953125,-21.484375
0.3199462890625,-0.2464599609375,0.9674072265625,-7.9345703125,-90.51513671875,-24.35302734375
0.3858642578125,-0.25244140625,0.95849609375,-11.71875,-102.9052734375,-28.99169921875
0.3328857421875,-0.231689453125,0.97314453125,-15.31982421875,-118.59130859375,-31.494140625
0.3173828125,-0.2337646484375,1.002685546875,-15.80810546875,-138.916015625,-33.447265625
0.294189453125,-0.22802734375,1.013671875,-18.798828125,-165.71044921875,-37.04833984375
0.293701171875,-0.215576171875,1.033447265625,-23.25439453125,-202.94189453125,-45.34912109375
0.25439453125,-0.2086181640625,1.0272216796875,-25.2685546875,-238.525390625,-88.7451171875
0.2864990234375,-0.1923828125,1.059326171875,-23.25439453125,-282.40966796875,-129.39453125
0.27490234375,-0.1854248046875,1.065185546875,-25.7568359375,-373.6572265625,-153.13720703125
0.2667236328125,-0.247802734375,1.0906982421875,-30.57861328125,-435.6689453125,-165.0390625
0.2515869140625,-0.1656494140625,1.1151123046875,-25.08544921875,-455.6884765625,-157.77587890625
0.2589111328125,-0.215576171875,1.157958984375,-16.11328125,-437.5,-155.76171875
0.26123046875,-0.2420654296875,1.2506103515625,-13.61083984375,-400.08544921875,-142.88330078125
0.299072265625,-0.2437744140625,1.3485107421875,1.5869140625,-347.71728515625,-94.6044921875
0.3359375,-0.2886962890625,1.4371337890625,-8.85009765625,-253.23486328125,-4.0283203125
0.306640625,-0.2677001953125,1.4144287109375,-31.3720703125,-148.13232421875,16.11328125
0.1922607421875,-0.3360595703125,1.97509765625,-54.38232421875,-37.78076171875,27.83203125
0.4190673828125,-0.395263671875,2.1624755859375,-32.04345703125,68.84765625,38.2080078125
0.3193359375,-0.4390869140625,2.41259765625,-0.18310546875,124.45068359375,51.025390625
0.2030029296875,-0.997802734375,2.4407958984375,66.95556640625,150.32958984375,66.58935546875
0.105712890625,-0.8756103515625,3.2384033203125,119.93408203125,174.1943359375,82.58056640625
0.3236083984375,-1.01708984375,2.9085693359375,66.650390625,200.927734375,94.66552734375
-0.069580078125,-1.01318359375,2.0394287109375,39.73388671875,232.666015625,101.13525390625
0.6949462890625,-1.2176513671875,2.3924560546875,37.59765625,259.46044921875,101.13525390625
1.0665283203125,-1.2567138671875,1.36083984375,32.53173828125,272.64404296875,97.96142578125
1.5645751953125,-1.935546875,1.171875,22.705078125,260.986328125,94.482421875
1.67822265625,-1.9453125,1.0889892578125,12.20703125,257.2021484375,91.85791015625
1.54150390625,-1.0162353515625,1.155517578125,5.43212890625,256.103515625,91.30859375
0.139892578125,-0.6395263671875,1.2198486328125,5.0048828125,255.4931640625,91.36962890625
-1.6260986328125,-0.695068359375,1.1392822265625,12.20703125,253.47900390625,90.6982421875
-0.821533203125,-0.61181640625,0.9625244140625,8.30078125,247.86376953125,85.87646484375
-1.2274169921875,-0.5169677734375,0.8441162109375,4.0283203125,239.19677734375,74.76806640625
-1.0089111328125,-0.4613037109375,0.95166015625,2.3193359375,231.62841796875,60.24169921875
-0.755615234375,-0.4532470703125,1.0562744140625,2.685546875,230.1025390625,44.0673828125
-0.4747314453125,-0.4300537109375,1.142333984375,2.44140625,233.2763671875,27.099609375
-0.12890625,-0.4150390625,1.1844482421875,-1.220703125,237.85400390625,11.8408203125
0.082275390625,-0.18017578125,1.1519775390625,-11.16943359375,240.966796875,2.25830078125
0.1319580078125,-0.1932373046875,1.1708984375,-24.2919921875,237.73193359375,0.0
0.2138671875,-0.27294921875,1.28076171875,-34.85107421875,226.5625,4.2724609375
0.620361328125,-0.348876953125,1.4315185546875,-41.56494140625,208.31298828125,15.19775390625
0.7540283203125,-0.36767578125,1.5916748046875,-47.9736328125,188.232421875,32.65380859375
0.8284912109375,-0.2869873046875,1.70947265625,-55.35888671875,175.29296875,52.79541015625
0.875732421875,-0.1331787109375,1.7021484375,-63.4765625,171.0205078125,72.021484375
0.8438720703125,-0.0594482421875,1.60986328125,-72.69287109375,175.537109375,79.2236328125
0.809814453125,-0.0804443359375,1.484375,-85.44921875,182.7392578125,39.4287109375
0.839599609375,-0.1358642578125,1.3546142578125,-99.54833984375,178.28369140625,8.36181640625
0.9473876953125,-0.148193359375,1.3521728515625,-108.21533203125,109.619140625,-11.77978515625
1.0478515625,-0.1668701171875,1.3978271484375,-102.9052734375,67.81005859375,-18.1884765625
1.1416015625,-0.2357177734375,1.4140625,-87.34130859375,29.60205078125,-79.28466796875
1.1898193359375,-0.326904296875,1.4947509765625,-66.89453125,-5.67626953125,-81.9091796875
1.177001953125,-0.383544921875,1.363037109375,-27.2216796875,-157.65380859375,-98.7548828125
1.16162109375,-0.419677734375,0.8536376953125,-18.798828125,-152.64892578125,-68.9697265625
1.177734375,-0.434814453125,0.1832275390625,-28.1982421875,-170.7763671875,-55.419921875
1.291259765625,-0.4764404296875,-0.5450439453125,-41.80908203125,-226.1962890625,-36.56005859375
1.571533203125,-0.3812255859375,-0.7098388671875,111.14501953125,-169.73876953125,-22.4609375
1.878662109375,-0.069091796875,-0.521240234375,111.26708984375,-108.82568359375,-22.4609375
2.226318359375,0.2413330078125,-0.1292724609375,94.54345703125,-111.6943359375,-26.18408203125
2.4857177734375,0.6121826171875,2.2254638671875,60.24169921875,-94.3603515625,-17.51708984375
2.5450439453125,0.7564697265625,1.9107666015625,54.443359375,-64.14794921875,-14.34326171875
2.5562744140625,0.5706787109375,0.82666015625,44.0673828125,-49.25537109375,-11.8408203125
3.1416015625,-0.769287109375,2.4078369140625,52.06298828125,-29.052734375,-9.21630859375
3.3172607421875,-0.4976806640625,1.988525390625,60.791015625,-25.20751953125,-6.77490234375
2.8968505859375,-0.2398681640625,1.0460205078125,61.1572265625,-11.71875,-5.92041015625
2.1571044921875,0.69677734375,1.341552734375,55.908203125,-11.5966796875,-4.8828125
-0.2247314453125,0.71826171875,1.53759765625,35.82763671875,-12.20703125,-4.82177734375
-0.1956787109375,-0.1390380859375,1.2796630859375,22.94921875,-13.12255859375,-5.92041015625
-0.3399658203125,-0.774169921875,1.201416015625,15.80810546875,-13.7939453125,-7.99560546875
1.091552734375,-0.2073974609375,1.0078125,11.474609375,-15.93017578125,-9.46044921875
1.5045166015625,-0.0550537109375,1.0140380859375,10.009765625,-14.34326171875,-10.25390625
0.333984375,-0.367919921875,0.963134765625,8.1787109375,-10.25390625,-9.70458984375
0.7242431640625,-0.2298583984375,0.950927734375,8.11767578125,-9.09423828125,-9.33837890625
1.06396484375,-0.3011474609375,0.946533203125,9.58251953125,-8.11767578125,-8.30078125
0.5726318359375,-0.4249267578125,0.95751953125,9.46044921875,-8.11767578125,-8.36181640625
0.27294921875,-0.3077392578125,0.9456787109375,10.009765625,-7.6904296875,-8.4228515625
0.2783203125,-0.247314453125,0.956787109375,10.8642578125,-8.72802734375,-7.99560546875
0.1978759765625,-0.22998046875,0.9188232421875,9.82666015625,-9.521484375,-8.056640625
0.2471923828125,-0.2225341796875,0.949951171875,9.46044921875,-9.21630859375,-7.75146484375
0.27294921875,-0.2305908203125,0.9375,8.30078125,-11.23046875,-7.4462890625
0.2650146484375,-0.2703857421875,0.9423828125,7.32421875,-12.39013671875,-8.30078125
0.278076171875,-0.2625732421875,0.926025390625,6.9580078125,-15.7470703125,-9.58251953125
0.2620849609375,-0.250244140625,0.927734375,5.4931640625,-20.751953125,-10.25390625
0.322265625,-0.2330322265625,0.944580078125,4.57763671875,-25.0244140625,-10.80322265625
0.30615234375,-0.232177734375,0.942626953125,3.72314453125,-29.052734375,-11.3525390625
0.3057861328125,-0.2176513671875,0.9468994140625,-0.3662109375,-33.935546875,-12.51220703125
0.309814453125,-0.2301025390625,0.9478759765625,-4.94384765625,-40.34423828125,-13.671875
0.3009033203125,-0.24267578125,0.942138671875,-5.0048828125,-55.60302734375,-14.16015625
0.3135986328125,-0.215576171875,0.94287109375,-5.7373046875,-65.00244140625,-13.85498046875
0.2906494140625,-0.2215576171875,0.9608154296875,-7.14111328125,-73.30322265625,-14.2822265625
0.3125,-0.2254638671875,0.9581298828125,-8.85009765625,-81.97021484375,-16.66259765625
0.296875,-0.2152099609375,0.9560546875,-12.63427734375,-92.8955078125,-20.08056640625
0.2763671875,-0.207275390625,0.968017578125,-12.26806640625,-106.8115234375,-25.32958984375
0.30712890625,-0.2200927734375,0.9744873046875,-12.51220703125,-120.05615234375,-31.494140625
0.2928466796875,-0.22314453125,0.9803466796875,-13.5498046875,-137.87841796875,-37.353515625
0.2945556640625,-0.209228515625,0.98828125,-15.2587890625,-156.06689453125,-43.45703125
0.287841796875,-0.205078125,0.999755859375,-16.11328125,-179.99267578125,-47.119140625
0.2952880859375,-0.20556640625,1.0244140625,-19.34814453125,-211.24267578125,-58.837890625
0.275146484375,-0.2174072265625,1.0255126953125,-20.08056640625,-257.8125,-83.251953125
0.2601318359375,-0.22265625,1.0362548828125,-20.8740234375,-303.89404296875,-117.24853515625
0.264892578125,-0.187255859375,1.0626220703125,-22.03369140625,-354.18701171875,-139.5263671875
0.2789306640625,-0.2142333984375,1.060546875,-24.96337890625,-419.3115234375,-159.11865234375
0.3016357421875,-0.258544921875,1.1307373046875,-33.50830078125,-456.84814453125,-159.0576171875
0.3126220703125,-0.2657470703125,1.1845703125,-31.25,-469.8486328125,-151.67236328125
0.3165283203125,-0.2841796875,1.2652587890625,-23.13232421875,-456.4208984375,-162.65869140625
0.266357421875,-0.3134765625,1.3233642578125,-7.87353515625,-423.76708984375,-185.85205078125
0.345947265625,-0.3109130859375,1.3577880859375,-20.8740234375,-379.5166015625,-181.640625
0.24072265625,-0.34521484375,1.3682861328125,-47.119140625,-310.36376953125,-126.8310546875
0.331787109375,-0.2763671875,1.66259765625,-78.30810546875,-232.2998046875,-68.84765625
0.31787109375,-0.4571533203125,1.6629638671875,-96.25244140625,-137.3291015625,8.30078125
0.359619140625,-0.590087890625,1.897216796875,-73.2421875,-29.1748046875,10.986328125
0.261474609375,-0.7659912109375,2.112060546875,-43.45703125,122.314453125,8.11767578125
0.22021484375,-0.6951904296875,2.3023681640625,21.91162109375,130.37109375,10.009765625
0.2523193359375,-0.7674560546875,2.662109375,88.7451171875,136.23046875,17.39501953125
0.119384765625,-0.682861328125,2.5548095703125,93.3837890625,151.18408203125,29.6630859375
0.389404296875,-0.838623046875,2.2822265625,54.931640625,171.08154296875,45.2880859375
0.663330078125,-1.236328125,3.1436767578125,26.55029296875,191.2841796875,63.96484375
1.1417236328125,-1.20751953125,3.275390625,12.6953125,213.623046875,82.8857421875
1.4522705078125,-1.150146484375,1.1629638671875,9.8876953125,238.6474609375,108.33740234375
1.472900390625,-2.1273193359375,0.9205322265625,14.83154296875,261.23046875,112.6708984375
1.530029296875,-2.220458984375,0.9837646484375,19.775390625,280.45654296875,113.83056640625
1.2235107421875,-1.4228515625,1.000244140625,22.0947265625,277.40478515625,110.4736328125
-1.2376708984375,-0.4205322265625,0.968505859375,19.8974609375,270.32470703125,105.712890625
2.57421875,-0.4127197265625,0.998779296875,15.93017578125,263.916015625,102.47802734375
0.230224609375,-0.550537109375,1.03369140625,6.77490234375,263.427734375,101.37939453125
-1.068115234375,-0.650390625,0.9830322265625,2.38037109375,263.916015625,100.09765625
-0.824951171875,-0.67041015625,0.8756103515625,-0.30517578125,267.822265625,99.18212890625
-0.58544921875,-0.65576171875,0.77734375,-1.8310546875,271.54541015625,99.67041015625
-0.42529296875,-0.633056640625,0.7509765625,-4.39453125,271.240234375,102.6611328125
-0.3544921875,-0.5982666015625,0.8541259765625,-5.4931640625,265.9912109375,106.5673828125
-0.1846923828125,-0.49853515625,0.99951171875,-9.46044921875,256.16455078125,109.92431640625
0.007568359375,-0.404541015625,1.1512451171875,-13.916015625,245.60546875,112.97607421875
0.1011962890625,-0.27587890625,1.2515869140625,-19.83642578125,243.2861328125,117.00439453125
0.1510009765625,-0.249755859375,1.310302734375,-25.32958984375,251.708984375,118.22509765625
0.230712890625,-0.231201171875,1.3148193359375,-30.09033203125,261.8408203125,113.70849609375
0.339111328125,-0.275634765625,1.30126953125,-34.36279296875,266.2353515625,101.62353515625
0.456787109375,-0.2823486328125,1.31689453125,-40.10009765625,263.5498046875,85.9375
0.63818359375,-0.2794189453125,1.4326171875,-43.02978515625,254.82177734375,74.5849609375
0.752685546875,-0.2603759765625,1.71044921875,-40.52734375,247.74169921875,69.7021484375
0.8402099609375,-0.2762451171875,1.967529296875,-35.5224609375,245.30029296875,65.85693359375
0.9315185546875,-0.299072265625,2.0537109375,-33.38623046875,235.4736328125,52.1240234375
0.9649658203125,-0.3016357421875,1.980224609375,-34.7900390625,207.03125,25.20751953125
0.9315185546875,-0.27734375,1.806396484375,-35.70556640625,165.34423828125,-0.54931640625
0.8751220703125,-0.334716796875,1.6431884765625,-32.65380859375,117.73681640625,-16.41845703125
0.861572265625,-0.4053955078125,1.6048583984375,-21.97265625,76.7822265625,-24.0478515625
1.0118408203125,-0.34375,1.507568359375,-6.65283203125,41.80908203125,-26.85546875
1.2369384765625,-0.1627197265625,1.115234375,0.91552734375,3.11279296875,-40.8935546875
1.4114990234375,0.0157470703125,0.531494140625,-2.0751953125,-40.58837890625,-58.9599609375
1.5164794921875,0.0660400390625,-0.0960693359375,-12.14599609375,-71.2890625,-83.19091796875
1.6239013671875,0.0086669921875,-0.506103515625,-16.90673828125,-100.4638671875,-124.6337890625
1.783447265625,-0.1207275390625,-0.5933837890625,-10.009765625,-93.8720703125,-121.76513671875
2.089111328125,-0.025634765625,-0.578125,8.544921875,-121.76513671875,-86.7919921875
2.4989013671875,0.255615234375,-0.5018310546875,21.728515625,-189.75830078125,-50.537109375
2.6055908203125,0.5113525390625,-0.33203125,6.8359375,-241.14990234375,-36.2548828125
2.5745849609375,0.6473388671875,-0.084716796875,29.84619140625,-219.482421875,-43.3349609375
2.713134765625,0.5323486328125,0.8226318359375,46.5087890625,-164.55078125,-32.71484375
3.0125732421875,0.337646484375,2.1585693359375,51.33056640625,-132.080078125,-25.2685546875
3.4027099609375,0.1212158203125,1.4442138671875,41.015625,-125.06103515625,-25.5126953125
3.6243896484375,-0.0645751953125,0.348388671875,45.34912109375,-94.6044921875,-9.3994140625
3.36865234375,0.4112548828125,0.347900390625,25.81787109375,-75.68359375,-4.69970703125
2.938232421875,-1.8150634765625,1.3265380859375,17.88330078125,-54.0771484375,-4.33349609375
2.6015625,-1.816650390625,2.4156494140625,8.6669921875,-44.43359375,-4.69970703125
-0.2049560546875,-1.034423828125,1.79736328125,4.7607421875,-35.2783203125,-5.92041015625
0.3643798828125,-0.1051025390625,1.230712890625,-3.2958984375,-32.3486328125,-7.4462890625
-1.6563720703125,-0.010986328125,1.26025390625,1.15966796875,-33.69140625,-8.30078125
-1.19189453125,0.333251953125,1.366455078125,6.2255859375,-33.203125,-9.3994140625
-0.0697021484375,0.0816650390625,1.2369384765625,9.58251953125,-34.85107421875,-9.82666015625
2.08447265625,-0.303955078125,1.1658935546875,10.498046875,-39.97802734375,-9.46044921875
1.6214599609375,-0.431884765625,1.119140625,13.85498046875,-41.93115234375,-9.09423828125
0.9263916015625,0.0062255859375,0.9501953125,18.06640625,-37.109375,-9.58251953125
0.3739013671875,-0.378173828125,0.9208984375,21.97265625,-35.5224609375,-8.7890625
0.5184326171875,-0.467529296875,0.9266357421875,25.93994140625,-38.6962890625,-7.8125
0.6297607421875,-0.413818359375,0.8560791015625,30.2734375,-26.79443359375,-9.3994140625
0.523681640625,-0.4017333984375,0.841796875,31.67724609375,-17.63916015625,-13.671875
0.4810791015625,-0.4189453125,0.9041748046875,29.1748046875,-15.44189453125,-14.58740234375
0.4527587890625,-0.3875732421875,1.0718994140625,27.83203125,-13.12255859375,-15.0146484375
0.2431640625,-0.3355712890625,0.9505615234375,16.78466796875,-12.51220703125,-15.68603515625
0.200927734375,-0.314697265625,1.0003662109375,8.30078125,-12.75634765625,-16.11328125
0.2471923828125,-0.2911376953125,1.092041015625,5.615234375,-13.24462890625,-14.404296875
0.1893310546875,-0.2728271484375,1.010498046875,5.859375,-13.24462890625,-12.39013671875
0.1474609375,-0.249267578125,0.95849609375,6.4697265625,-10.68115234375,-9.70458984375
0.205810546875,-0.331298828125,0.9481201171875,7.2021484375,-9.21630859375,-9.82666015625
0.36181640625,-0.279296875,0.9185791015625,8.30078125,-9.3994140625,-10.8642578125
0.259765625,-0.205810546875,0.9317626953125,8.6669921875,-10.009765625,-12.02392578125
0.13623046875,-0.2515869140625,0.930419921875,6.40869140625,-11.77978515625,-13.0615234375
0.581787109375,-0.3677978515625,0.939453125,5.79833984375,-14.46533203125,-14.46533203125
0.3863525390625,-0.29150390625,0.93505859375,5.43212890625,-16.54052734375,-15.07568359375
0.2713623046875,-0.2701416015625,0.9364013671875,4.94384765625,-20.3857421875,-14.83154296875
0.26953125,-0.2767333984375,0.931640625,4.638671875,-25.0244140625,-15.07568359375
0.302978515625,-0.27197265625,0.925048828125,4.0283203125,-28.74755859375,-15.80810546875
0.3004150390625,-0.2467041015625,0.9285888671875,3.47900390625,-34.66796875,-16.4794921875
0.28076171875,-0.263916015625,0.9346923828125,2.3193359375,-42.29736328125,-17.02880859375
0.2958984375,-0.271240234375,0.9227294921875,0.54931640625,-50.048828125,-17.39501953125
0.406005859375,-0.26513671875,0.9395751953125,-1.708984375,-59.08203125,-17.9443359375
0.3690185546875,-0.2816162109375,0.94091796875,-5.0048828125,-69.15283203125,-18.73779296875
0.3409423828125,-0.2808837890625,0.9310302734375,-9.1552734375,-81.35986328125,-19.59228515625
0.3211669921875,-0.2833251953125,0.94921875,-12.939453125,-95.27587890625,-21.30126953125
0.2821044921875,-0.2783203125,0.950927734375,-15.869140625,-110.65673828125,-24.2919921875
0.301025390625,-0.26513671875,0.9705810546875,-16.90673828125,-126.46484375,-27.77099609375
0.284912109375,-0.229736328125,0.9698486328125,-15.13671875,-146.91162109375,-32.3486328125
0.27685546875,-0.218017578125,0.982177734375,-16.41845703125,-173.33984375,-37.9638671875
0.31298828125,-0.208984375,1.0235595703125,-18.61572265625,-205.2001953125,-43.39599609375
0.29150390625,-0.2064208984375,1.0323486328125,-23.01025390625,-248.35205078125,-61.21826171875
0.2576904296875,-0.22900390625,1.044189453125,-24.2919921875,-296.93603515625,-84.47265625
0.2867431640625,-0.2371826171875,1.0526123046875,-29.9072265625,-350.341796875,-109.43603515625
0.2691650390625,-0.279052734375,1.0975341796875,-35.70556640625,-414.4287109375,-132.6904296875
0.2677001953125,-0.225830078125,1.1131591796875,-49.49951171875,-469.23828125,-148.4375
0.2694091796875,-0.248779296875,1.15478515625,-57.80029296875,-493.22509765625,-147.03369140625
0.2510986328125,-0.250244140625,1.2236328125,-62.1337890625,-481.689453125,-157.16552734375
0.3009033203125,-0.3162841796875,1.306396484375,-70.6787109375,-440.4296875,-175.35400390625
0.2728271484375,-0.25146484375,1.35009765625,-70.73974609375,-397.0947265625,-184.63134765625
0.33056640625,-0.2779541015625,1.301513671875,-89.7216796875,-347.47314453125,-168.45703125
0.2440185546875,-0.33740234375,1.530029296875,-109.06982421875,-284.423828125,-125.732421875
0.2901611328125,-0.359375,1.7734375,-109.7412109375,-215.27099609375,-71.96044921875
0.2821044921875,-0.553955078125,1.8658447265625,-83.67919921875,-118.71337890625,-32.16552734375
0.324951171875,-0.593994140625,2.0860595703125,-55.7861328125,14.22119140625,-14.5263671875
0.2235107421875,-0.6016845703125,1.979248046875,-37.59765625,118.83544921875,-19.4091796875
0.120361328125,-0.8028564453125,2.1868896484375,33.50830078125,165.771484375,-20.8740234375
0.321533203125,-0.85205078125,2.4583740234375,78.2470703125,172.607421875,-13.12255859375
0.365966796875,-0.802978515625,2.453125,106.3232421875,174.62158203125,3.72314453125
0.6151123046875,-1.1171875,2.3309326171875,106.4453125,185.60791015625,26.85546875
0.926513671875,-1.0723876953125,3.6661376953125,84.716796875,206.54296875,51.3916015625
1.5406494140625,-1.0572509765625,3.14208984375,71.96044921875,232.60498046875,73.91357421875
1.3187255859375,-1.341796875,1.8382568359375,64.75830078125,258.6669921875,103.82080078125
1.2420654296875,-1.859375,1.0775146484375,62.255859375,279.4189453125,111.87744140625
1.2508544921875,-2.12939453125,0.8502197265625,64.0869140625,298.583984375,117.919921875
0.34423828125,-1.205322265625,0.892822265625,64.88037109375,298.828125,120.05615234375
-0.2677001953125,-0.634521484375,0.9676513671875,62.8662109375,295.10498046875,118.34716796875
1.0289306640625,-0.5269775390625,1.0235595703125,57.55615234375,289.73388671875,115.8447265625
0.205322265625,-0.5181884765625,1.0064697265625,35.2783203125,283.75244140625,112.73193359375
-0.764404296875,-0.6695556640625,0.9237060546875,34.5458984375,278.3203125,107.666015625
-1.16796875,-0.80810546875,0.79150390625,24.90234375,274.35302734375,100.5859375
-0.89794921875,-0.8853759765625,0.6673583984375,17.27294921875,273.98681640625,93.32275390625
-0.65966796875,-0.84423828125,0.6219482421875,14.7705078125,277.4658203125,87.890625
-0.411865234375,-0.785888671875,0.666748046875,17.27294921875,279.60205078125,84.8388671875
-0.2408447265625,-0.7186279296875,0.7606201171875,19.83642578125,276.18408203125,83.43505859375
-0.0643310546875,-0.62548828125,0.9017333984375,15.869140625,268.06640625,82.45849609375
0.0721435546875,-0.47607421875,1.0299072265625,1.03759765625,258.60595703125,82.1533203125
0.167236328125,-0.4273681640625,1.1922607421875,-17.2119140625,253.0517578125,82.45849609375
0.2886962890625,-0.487548828125,1.31787109375,-31.982421875,255.859375,82.33642578125
0.468017578125,-0.5672607421875,1.36865234375,-40.46630859375,261.77978515625,69.39697265625
0.547119140625,-0.5872802734375,1.3875732421875,-45.59326171875,262.39013671875,61.8896484375
0.657470703125,-0.48486328125,1.4473876953125,-51.69677734375,243.5302734375,55.419921875
0.776611328125,-0.34521484375,1.5638427734375,-59.38720703125,228.515625,45.7763671875
0.8240966796875,-0.305419921875,1.77783203125,-67.0166015625,204.04052734375,28.86962890625
0.9195556640625,-0.350830078125,1.9952392578125,-73.79150390625,171.32568359375,5.615234375
1.0343017578125,-0.437744140625,2.0543212890625,-86.669921875,134.1552734375,-14.7705078125
1.0843505859375,-0.4716796875,1.9212646484375,-88.2568359375,96.86279296875,-30.8837890625
1.0562744140625,-0.458251953125,1.693603515625,-90.6982421875,60.24169921875,-45.2880859375
1.02392578125,-0.4703369140625,1.1512451171875,-96.37451171875,18.5546875,-48.76708984375
1.0294189453125,-0.4677734375,0.6517333984375,-106.75048828125,-30.6396484375,-35.21728515625
1.1337890625,-0.402587890625,0.160888671875,-113.6474609375,-69.091796875,-41.748046875
1.3983154296875,-0.33056640625,-0.253173828125,-107.666015625,-134.765625,-46.9970703125
1.605712890625,-0.2816162109375,-0.5411376953125,-85.205078125,-164.61181640625,-60.6689453125
1.7432861328125,-0.1165771484375,-0.7044677734375,-53.89404296875,-151.42822265625,-72.69287109375
1.8818359375,0.1461181640625,-0.790283203125,-27.52685546875,-183.4716796875,-73.1201171875
2.3702392578125,0.3634033203125,-0.6710205078125,96.00830078125,-186.46240234375,-56.57958984375
2.4898681640625,0.463134765625,-0.240234375,175.84228515625,-135.498046875,-26.9775390625
2.6143798828125,0.4124755859375,0.423828125,140.56396484375,-114.19677734375,-29.35791015625
2.8955078125,0.1474609375,0.6812744140625,119.7509765625,-123.9013671875,-35.64453125
3.189697265625,-0.1453857421875,1.927734375,86.24267578125,-96.00830078125,-19.287109375
3.583740234375,-0.2989501953125,0.801513671875,76.84326171875,-66.7724609375,-7.50732421875
3.4117431640625,-2.5546875,0.8724365234375,66.10107421875,-45.71533203125,-10.25390625
2.8216552734375,-1.09130859375,2.01123046875,68.66455078125,-39.61181640625,-9.21630859375
2.487548828125,-0.685302734375,1.3438720703125,58.59375,-26.85546875,-7.9345703125
1.6832275390625,1.1068115234375,0.8267822265625,47.18017578125,-17.02880859375,-11.04736328125
0.1190185546875,1.3848876953125,1.14697265625,48.4619140625,-18.310546875,-8.056640625
0.3370361328125,0.5667724609375,1.567626953125,51.3916015625,-14.46533203125,-6.591796875
-0.4957275390625,-0.52734375,1.4324951171875,34.1796875,-12.5732421875,-7.32421875
0.0625,-1.2593994140625,1.1553955078125,22.0947265625,-12.8173828125,-6.89697265625
1.802734375,-0.54248046875,1.3822021484375,23.4375,-14.404296875,-7.14111328125
0.82275390625,0.3267822265625,1.0458984375,17.08984375,-15.869140625,-7.6904296875
0.2293701171875,-0.7659912109375,0.9354248046875,14.404296875,-17.51708984375,-8.6669921875
0.4371337890625,-0.5323486328125,1.0557861328125,12.51220703125,-19.22607421875,-9.1552734375
0.9066162109375,0.221923828125,0.9970703125,8.48388671875,-18.6767578125,-11.8408203125
0.8917236328125,-0.1710205078125,0.97265625,8.7890625,-15.68603515625,-13.00048828125
0.401611328125,-0.5740966796875,0.95068359375,8.72802734375,-14.22119140625,-13.18359375
0.5618896484375,-0.101806640625,0.958984375,8.1787109375,-13.12255859375,-12.8173828125
0.339111328125,-0.298095703125,0.95361328125,4.7607421875,-12.0849609375,-12.14599609375
0.2247314453125,-0.3206787109375,0.9510498046875,5.9814453125,-11.29150390625,-10.3759765625
0.2880859375,-0.1412353515625,0.9619140625,4.7607421875,-11.71875,-7.6904296875
0.3448486328125,-0.2540283203125,0.94189453125,6.9580078125,-11.71875,-6.9580078125
0.2899169921875,-0.1748046875,0.9454345703125,7.50732421875,-10.7421875,-7.38525390625
0.2357177734375,-0.1885986328125,0.946044921875,7.38525390625,-11.04736328125,-7.75146484375
0.2667236328125,-0.1680908203125,0.9451904296875,6.40869140625,-11.41357421875,-7.6904296875
0.2501220703125,-0.302978515625,0.9305419921875,4.8828125,-12.02392578125,-7.62939453125
0.2265625,-0.2757568359375,0.9498291015625,3.7841796875,-13.00048828125,-8.48388671875
0.3289794921875,-0.30517578125,0.950927734375,3.60107421875,-14.2822265625,-9.521484375
0.330322265625,-0.2550048828125,0.9466552734375,3.23486328125,-15.80810546875,-11.29150390625
0.3187255859375,-0.2255859375,0.9422607421875,1.953125,-18.00537109375,-13.3056640625
0.314453125,-0.2042236328125,0.946044921875,0.3662109375,-20.5078125,-14.892578125
0.3297119140625,-0.2000732421875,0.9476318359375,-1.220703125,-24.10888671875,-16.41845703125
0.3111572265625,-0.1925048828125,0.9490966796875,-3.23486328125,-27.28271484375,-18.06640625
0.2901611328125,-0.2093505859375,0.9500732421875,-3.84521484375,-31.31103515625,-19.04296875
0.3277587890625,-0.217529296875,0.943603515625,-3.84521484375,-37.4755859375,-20.20263671875
0.31005859375,-0.2060546875,0.9488525390625,-3.84521484375,-44.73876953125,-21.97265625
0.310302734375,-0.192626953125,0.9444580078125,-4.7607421875,-54.50439453125,-22.15576171875
0.30419921875,-0.200439453125,0.9404296875,-6.04248046875,-74.15771484375,-22.88818359375
0.2991943359375,-0.20556640625,0.9466552734375,-7.87353515625,-85.14404296875,-23.86474609375
0.312744140625,-0.2086181640625,0.947998046875,-10.07080078125,-98.876953125,-30.09033203125
0.3013916015625,-0.2489013671875,0.9522705078125,-11.29150390625,-116.39404296875,-35.15625
0.3087158203125,-0.254638671875,0.9749755859375,-17.76123046875,-160.7666015625,-40.83251953125
0.31201171875,-0.2381591796875,0.9827880859375,-21.728515625,-188.96484375,-54.50439453125
0.2891845703125,-0.2266845703125,0.9677734375,-25.45166015625,-269.04296875,-75.1953125
0.2861328125,-0.2247314453125,1.015625,-28.25927734375,-312.19482421875,-100.2197265625
0.293212890625,-0.197265625,1.04052734375,-31.3720703125,-369.0185546875,-155.8837890625
0.2745361328125,-0.2216796875,1.0699462890625,-29.84619140625,-430.6640625,-166.6259765625
0.26123046875,-0.2008056640625,1.0867919921875,-32.71484375,-492.7978515625,-161.43798828125
0.264404296875,-0.1668701171875,1.1856689453125,-35.70556640625,-475.15869140625,-182.18994140625
0.232421875,-0.1856689453125,1.2044677734375,-34.85107421875,-436.34033203125,-154.84619140625
0.2720947265625,-0.2027587890625,1.2969970703125,-33.447265625,-348.2666015625,-53.955078125
0.280029296875,-0.21875,1.3277587890625,-70.3125,-177.6123046875,-21.484375
0.2979736328125,-0.31005859375,1.3212890625,-65.24658203125,85.0830078125,-11.962890625
0.2847900390625,-0.326904296875,1.6815185546875,-43.02978515625,160.2783203125,-7.01904296875
0.2811279296875,-0.4608154296875,2.0098876953125,-2.13623046875,168.9453125,4.69970703125
0.24365234375,-0.3922119140625,2.0484619140625,71.47216796875,167.66357421875,22.03369140625
0.30517578125,-0.5814208984375,2.123779296875,52.1240234375,184.50927734375,41.6259765625
0.257080078125,-0.7657470703125,2.6463623046875,18.49365234375,211.24267578125,61.6455078125
0.1365966796875,-0.95068359375,2.6705322265625,1.15966796875,237.3046875,127.0751953125
0.486328125,-0.99658203125,3.8538818359375,4.21142578125,257.62939453125,133.72802734375
0.3707275390625,-0.99951171875,1.18408203125,15.380859375,277.52685546875,133.6669921875
0.98681640625,-1.2381591796875,0.8956298828125,24.5361328125,268.85986328125,128.662109375
1.4835205078125,-1.2606201171875,1.0523681640625,28.076171875,261.71875,122.4365234375
1.26416015625,-1.375,1.06103515625,26.67236328125,256.16455078125,117.67578125
1.2913818359375,-0.7669677734375,0.9691162109375,15.19775390625,253.47900390625,115.05126953125
0.69970703125,-0.8543701171875,0.8443603515625,2.25830078125,256.53076171875,109.375
0.9852294921875,-0.9505615234375,0.7227783203125,-6.2255859375,260.009765625,102.783203125
-1.1773681640625,-0.8951416015625,0.5504150390625,-11.1083984375,261.16943359375,79.28466796875
-0.9261474609375,-0.8150634765625,0.6329345703125,-10.1318359375,256.16455078125,73.54736328125
-0.480224609375,-0.74853515625,0.75,-5.37109375,248.53515625,68.4814453125
-0.2763671875,-0.706787109375,0.9073486328125,-12.0849609375,252.74658203125,66.2841796875
-0.2301025390625,-0.51025390625,1.0753173828125,-22.88818359375,250.67138671875,66.34521484375
-0.1292724609375,-0.2393798828125,1.280517578125,-32.2265625,245.91064453125,67.7490234375
-0.0152587890625,-0.239990234375,1.2939453125,-41.015625,241.76025390625,68.66455078125
0.214111328125,-0.304931640625,1.296142578125,-42.3583984375,232.7880859375,65.97900390625
0.3944091796875,-0.381103515625,1.3673095703125,-46.38671875,213.68408203125,58.4716796875
0.492431640625,-0.1737060546875,1.939208984375,-53.64990234375,186.58447265625,44.61669921875
0.598876953125,-0.08447265625,1.8031005859375,-62.01171875,157.470703125,19.1650390625
0.7027587890625,-0.0899658203125,1.6856689453125,-68.90869140625,125.6103515625,-36.31591796875
0.8551025390625,-0.1553955078125,1.5574951171875,-77.69775390625,92.1630859375,-54.87060546875
0.8956298828125,-0.3753662109375,1.289794921875,-85.02197265625,5.31005859375,-85.693359375
0.850341796875,-0.4412841796875,0.9259033203125,-84.47265625,-37.59765625,-118.10302734375
0.8125,-0.4654541015625,0.5391845703125,-67.626953125,-108.642578125,-138.73291015625
1.4468994140625,-0.4779052734375,0.1343994140625,-38.51318359375,-142.7001953125,-145.99609375
1.5330810546875,-0.3992919921875,-0.184814453125,7.8125,-123.10791015625,-117.85888671875
1.7125244140625,-0.12890625,-0.48583984375,25.57373046875,-151.9775390625,-45.654296875
1.936279296875,0.1529541015625,-0.690185546875,87.5244140625,-209.53369140625,-32.40966796875
2.1676025390625,0.3333740234375,-0.3717041015625,112.73193359375,-133.7890625,-28.80859375
2.2921142578125,0.394775390625,0.1380615234375,108.5205078125,-134.033203125,-31.43310546875
2.511474609375,0.48974609375,0.1695556640625,87.34130859375,-120.91064453125,-22.64404296875
2.8189697265625,0.701171875,2.121826171875,67.44384765625,-83.06884765625,-13.5498046875
3.2039794921875,0.478271484375,1.8648681640625,41.93115234375,-53.3447265625,-12.14599609375
3.598876953125,-0.684814453125,0.4322509765625,32.2265625,-48.15673828125,-7.99560546875
3.7218017578125,0.0079345703125,0.3619384765625,41.1376953125,-33.38623046875,-5.4931640625
2.72021484375,-0.8172607421875,1.0020751953125,48.76708984375,-19.4091796875,-6.40869140625
2.2291259765625,-1.09326171875,1.30908203125,44.43359375,-13.36669921875,-7.6904296875
-0.0963134765625,-0.3870849609375,1.691650390625,40.34423828125,-13.48876953125,-7.4462890625
0.22119140625,-0.386962890625,1.3721923828125,25.146484375,-15.9912109375,-7.75146484375
-0.857421875,-0.244384765625,1.1939697265625,18.49365234375,-17.88330078125,-7.8125
-0.6700439453125,-0.4725341796875,1.3515625,11.962890625,-19.53125,-6.16455078125
0.369873046875,-0.264404296875,0.96826171875,7.26318359375,-18.00537109375,-6.2255859375
0.2655029296875,-0.3013916015625,1.2572021484375,6.7138671875,-18.1884765625,-6.2255859375
0.637451171875,-0.2664794921875,0.9864501953125,7.26318359375,-17.51708984375,-6.04248046875
1.1580810546875,0.0478515625,0.9246826171875,7.01904296875,-16.845703125,-6.40869140625
1.0185546875,-0.3101806640625,0.91259765625,3.96728515625,-15.2587890625,-7.14111328125
0.2982177734375,-0.3582763671875,0.9564208984375,2.13623046875,-13.671875,-7.8125
0.6534423828125,-0.197021484375,1.003662109375,2.0751953125,-13.427734375,-8.72802734375
0.1695556640625,-0.3128662109375,0.9620361328125,1.8310546875,-12.5732421875,-9.21630859375
0.5728759765625,-0.2940673828125,0.9443359375,2.25830078125,-12.3291015625,-9.1552734375
0.3193359375,-0.2554931640625,0.9356689453125,2.62451171875,-12.02392578125,-8.30078125
0.258544921875,-0.155517578125,0.9283447265625,3.173828125,-11.71875,-7.4462890625
0.270751953125,-0.22314453125,0.92041015625,3.173828125,-11.16943359375,-7.14111328125
0.2919921875,-0.2734375,0.9285888671875,2.9296875,-10.80322265625,-6.77490234375
0.4166259765625,-0.2525634765625,0.92822265625,2.74658203125,-11.1083984375,-6.7138671875
0.3240966796875,-0.2835693359375,0.926025390625,3.0517578125,-10.986328125,-6.89697265625
0.33203125,-0.26953125,0.9229736328125,3.173828125,-11.474609375,-7.87353515625
0.3321533203125,-0.2762451171875,0.9195556640625,3.41796875,-11.5966796875,-9.3994140625
0.3671875,-0.27099609375,0.9193115234375,3.23486328125,-12.14599609375,-10.3759765625
0.33544921875,-0.2664794921875,0.9229736328125,2.685546875,-14.34326171875,-10.986328125
0.3331298828125,-0.2724609375,0.926513671875,2.44140625,-17.9443359375,-12.6953125
0.335205078125,-0.2640380859375,0.9208984375,2.685546875,-21.3623046875,-14.2822265625
0.3187255859375,-0.235595703125,0.919921875,3.0517578125,-33.38623046875,-15.80810546875
0.334228515625,-0.2476806640625,0.9180908203125,3.23486328125,-40.46630859375,-17.51708984375
0.325439453125,-0.2578125,0.915771484375,2.50244140625,-48.88916015625,-17.76123046875
0.3514404296875,-0.235595703125,0.9295654296875,1.64794921875,-58.04443359375,-17.15087890625
0.341552734375,-0.253173828125,0.9332275390625,-4.08935546875,-67.56591796875,-17.7001953125
0.3424072265625,-0.26025390625,0.9312744140625,-5.2490234375,-77.69775390625,-19.34814453125
0.3416748046875,-0.2650146484375,0.93017578125,-5.31005859375,-90.2099609375,-21.78955078125
0.339599609375,-0.26953125,0.952392578125,-5.79833984375,-105.28564453125,-26.4892578125
0.33642578125,-0.2491455078125,0.96337890625,-7.14111328125,-124.0234375,-32.77587890625
0.329833984375,-0.2484130859375,0.9622802734375,-10.25390625,-144.6533203125,-40.6494140625
0.3023681640625,-0.227294921875,0.979248046875,-13.73291015625,-172.66845703125,-50.1708984375
0.3214111328125,-0.258544921875,1.0003662109375,-15.13671875,-205.13916015625,-80.50537109375
0.3194580078125,-0.2646484375,1.0084228515625,-17.88330078125,-243.22509765625,-109.0087890625
0.319580078125,-0.2476806640625,1.052734375,-20.6298828125,-348.08349609375,-135.8642578125
0.2886962890625,-0.215576171875,1.0738525390625,-21.6064453125,-404.4189453125,-161.1328125
0.2890625,-0.191650390625,1.10693359375,-21.6064453125,-453.125,-170.10498046875
0.2962646484375,-0.2279052734375,1.1494140625,-26.79443359375,-474.365234375,-159.97314453125
0.302490234375,-0.2501220703125,1.1751708984375,-34.3017578125,-460.9375,-196.59423828125
0.3145751953125,-0.26025390625,1.2734375,-23.8037109375,-423.828125,-162.109375
0.298583984375,-0.305908203125,1.363525390625,-31.43310546875,-255.126953125,54.13818359375
0.2899169921875,-0.33056640625,1.30029296875,-53.89404296875,-186.279296875,53.1005859375
0.298095703125,-0.357421875,1.3935546875,-77.0263671875,140.2587890625,71.10595703125
0.2972412109375,-0.3394775390625,1.720703125,-85.51025390625,138.36669921875,97.2900390625
0.274169921875,-0.40283203125,1.761962890625,-6.4697265625,208.67919921875,101.62353515625
0.276611328125,-0.6541748046875,1.974365234375,57.67822265625,291.80908203125,105.65185546875
0.2991943359375,-0.7227783203125,2.05078125,61.8896484375,296.20361328125,108.21533203125
0.283203125,-0.8184814453125,1.93896484375,39.36767578125,294.0673828125,114.44091796875
0.275146484375,-0.768310546875,2.0244140625,47.05810546875,286.68212890625,119.68994140625
0.138671875,-0.8785400390625,1.36279296875,51.20849609375,259.58251953125,127.01416015625
0.3468017578125,-1.196533203125,1.078857421875,44.5556640625,254.638671875,125.8544921875
1.0487060546875,-1.4608154296875,1.0184326171875,37.2314453125,250.67138671875,119.9951171875
1.4923095703125,-1.9346923828125,0.702880859375,30.94482421875,246.9482421875,111.14501953125
1.2781982421875,-0.765380859375,0.633056640625,30.94482421875,241.943359375,102.9052734375
-0.185791015625,-0.5908203125,0.6124267578125,31.67724609375,236.87744140625,98.44970703125
-0.5831298828125,-0.66064453125,0.665771484375,12.63427734375,235.4736328125,97.7783203125
-1.0848388671875,-0.4569091796875,1.0264892578125,-2.8076171875,240.72265625,100.5859375
-0.487060546875,-0.4315185546875,1.115478515625,-19.22607421875,247.0703125,104.736328125
-0.0572509765625,-0.4012451171875,1.2802734375,-33.99658203125,250.3662109375,47.7294921875
0.406494140625,-0.4287109375,1.3651123046875,-42.78564453125,250.1220703125,22.0947265625
0.498046875,-0.6357421875,1.499755859375,-44.43359375,160.2783203125,-3.23486328125
0.5340576171875,-0.54736328125,1.7303466796875,-39.6728515625,138.0615234375,-22.705078125
0.6083984375,-0.3563232421875,1.9412841796875,-34.48486328125,111.572265625,-80.50537109375
0.8359375,-0.2779541015625,1.9876708984375,-33.447265625,80.322265625,-95.64208984375
0.8758544921875,-0.251953125,1.916259765625,-35.400390625,-100.2197265625,-101.50146484375
0.8978271484375,-0.3260498046875,1.768798828125,-45.41015625,-113.09814453125,-107.177734375
0.9017333984375,-0.4735107421875,1.4979248046875,-52.490234375,-89.78271484375,-91.73583984375
0.9542236328125,-0.6102294921875,-0.000732421875,-43.212890625,-105.52978515625,-72.6318359375
1.0909423828125,-0.6068115234375,-0.222900390625,55.0537109375,-149.2919921875,-48.9501953125
1.302490234375,-0.4716796875,-0.409912109375,84.228515625,-205.50537109375,-35.5224609375
1.4813232421875,-0.3299560546875,-0.4935302734375,96.00830078125,-216.1865234375,-41.3818359375
1.63134765625,0.2783203125,0.2718505859375,85.14404296875,-176.45263671875,-36.7431640625
1.87109375,0.6114501953125,1.890625,58.59375,-131.591796875,-23.92578125
2.0311279296875,0.4462890625,1.7176513671875,49.74365234375,-113.09814453125,-21.54541015625
2.6280517578125,0.2127685546875,0.5302734375,31.6162109375,-108.33740234375,-19.8974609375
2.9000244140625,-0.18115234375,0.354736328125,34.72900390625,-94.90966796875,-13.97705078125
3.0166015625,-0.797119140625,1.015380859375,34.1796875,-54.8095703125,-6.40869140625
2.865966796875,-0.980712890625,1.914306640625,29.052734375,-38.75732421875,-5.7373046875
0.310302734375,-0.5081787109375,1.7666015625,31.06689453125,-32.958984375,-4.5166015625
0.5289306640625,-0.427490234375,1.3455810546875,34.5458984375,-27.4658203125,-5.37109375
-0.62939453125,0.086669921875,1.165283203125,28.4423828125,-20.751953125,-6.2255859375
-0.894775390625,0.128662109375,1.2825927734375,28.076171875,-18.6767578125,-6.4697265625
-0.5528564453125,0.2174072265625,1.355712890625,24.0478515625,-12.6953125,-6.40869140625
0.6092529296875,-0.1903076171875,1.2890625,19.83642578125,-14.95361328125,-7.26318359375
1.5556640625,-0.6072998046875,1.13916015625,15.5029296875,-15.5029296875,-13.18359375
1.419921875,-0.4075927734375,1.0657958984375,14.5263671875,-15.44189453125,-11.71875
0.6497802734375,-0.0321044921875,1.035888671875,7.38525390625,-12.39013671875,-10.7421875
0.47021484375,-0.3460693359375,1.0057373046875,5.7373046875,-8.85009765625,-10.009765625
0.5943603515625,-0.2591552734375,0.864501953125,6.40869140625,-7.9345703125,-9.765625
0.763916015625,-0.2392578125,0.950927734375,7.080078125,-6.9580078125,-9.521484375
0.64697265625,-0.3267822265625,0.9365234375,8.72802734375,-6.53076171875,-8.97216796875
0.3841552734375,-0.3021240234375,0.9371337890625,7.01904296875,-6.9580078125,-8.9111328125
0.3668212890625,-0.238037109375,0.9407958984375,7.62939453125,-7.6904296875,-7.50732421875
0.414794921875,-0.21142578125,0.9246826171875,8.97216796875,-8.85009765625,-7.01904296875
0.326416015625,-0.2642822265625,0.942626953125,9.8876953125,-6.77490234375,-7.14111328125
