0.3038330078125,-0.159912109375,0.95751953125,-0.18310546875,-0.244140625,0.18310546875
0.3040771484375,-0.1588134765625,0.958251953125,-0.244140625,-0.18310546875,0.18310546875
0.30322265625,-0.158447265625,0.9573974609375,-0.244140625,-0.30517578125,0.1220703125
0.3028564453125,-0.1575927734375,0.9595947265625,-0.244140625,-0.3662109375,0.1220703125
0.3026123046875,-0.1573486328125,0.958740234375,-0.18310546875,-0.3662109375,0.1220703125
0.3026123046875,-0.1583251953125,0.956298828125,-0.18310546875,-0.3662109375,0.18310546875
0.3033447265625,-0.1578369140625,0.9583740234375,-0.244140625,-0.3662109375,0.18310546875
0.3031005859375,-0.1585693359375,0.959228515625,-0.244140625,-0.3662109375,0.18310546875
0.302490234375,-0.15966796875,0.95849609375,-0.18310546875,-0.30517578125,0.18310546875
0.3026123046875,-0.1588134765625,0.958740234375,-0.18310546875,-0.244140625,0.18310546875
0.3035888671875,-0.1583251953125,0.9583740234375,-0.18310546875,-0.1220703125,0.18310546875
0.3017578125,-0.1593017578125,0.9586181640625,-0.18310546875,-0.1220703125,0.244140625
0.3035888671875,-0.1600341796875,0.9586181640625,-0.1220703125,-0.1220703125,0.244140625
0.3056640625,-0.1585693359375,0.9576416015625,-0.1220703125,-0.1220703125,0.30517578125
0.302978515625,-0.1580810546875,0.95751953125,-0.06103515625,-0.1220703125,0.30517578125
0.3013916015625,-0.1595458984375,0.959716796875,-0.06103515625,-0.06103515625,0.244140625
0.3026123046875,-0.1591796875,0.9583740234375,-0.06103515625,0.0,0.30517578125
0.302734375,-0.158447265625,0.9581298828125,-0.06103515625,0.0,0.244140625
0.302978515625,-0.1590576171875,0.958740234375,-0.1220703125,-0.1220703125,0.244140625
0.30126953125,-0.158203125,0.9586181640625,-0.1220703125,-0.1220703125,0.30517578125
0.303466796875,-0.158447265625,0.9591064453125,-0.1220703125,-0.18310546875,0.244140625
0.303466796875,-0.158935546875,0.9588623046875,-0.1220703125,-0.18310546875,0.244140625
0.302978515625,-0.1585693359375,0.9583740234375,-0.1220703125,-0.1220703125,0.244140625
0.3035888671875,-0.1593017578125,0.9581298828125,-0.18310546875,-0.1220703125,0.30517578125
0.3033447265625,-0.1588134765625,0.95849609375,-0.18310546875,-0.1220703125,0.30517578125
0.3035888671875,-0.158203125,0.9583740234375,-0.18310546875,-0.1220703125,0.244140625
0.302490234375,-0.1585693359375,0.958740234375,-0.244140625,-0.1220703125,0.244140625
0.3033447265625,-0.15869140625,0.9576416015625,-0.244140625,-0.1220703125,0.244140625
0.3033447265625,-0.1580810546875,0.9583740234375,-0.244140625,-0.244140625,0.18310546875
0.303466796875,-0.1583251953125,0.958740234375,-0.30517578125,-0.244140625,0.06103515625
0.3031005859375,-0.15869140625,0.9580078125,-0.3662109375,-0.244140625,0.18310546875
0.3033447265625,-0.158203125,0.958740234375,-0.3662109375,-0.3662109375,0.18310546875
0.3031005859375,-0.158447265625,0.958984375,-0.30517578125,-0.48828125,-1.15966796875
0.30322265625,-0.1588134765625,0.959228515625,-0.30517578125,-0.42724609375,-3.35693359375
0.3028564453125,-0.15869140625,0.9588623046875,-0.244140625,-0.3662109375,-2.99072265625
0.3016357421875,-0.158447265625,0.9591064453125,-0.30517578125,0.244140625,-0.9765625
0.3006591796875,-0.1595458984375,0.95947265625,-0.18310546875,0.06103515625,1.28173828125
0.30126953125,-0.158935546875,0.959228515625,-0.1220703125,0.732421875,3.60107421875
0.303466796875,-0.158203125,0.9580078125,-2.3193359375,1.03759765625,6.34765625
0.30322265625,-0.15771484375,0.9581298828125,-7.6904296875,5.55419921875,7.4462890625
0.30224609375,-0.158935546875,0.9583740234375,-15.380859375,12.26806640625,4.39453125
0.3016357421875,-0.1593017578125,0.9583740234375,-18.49365234375,17.822265625,-0.06103515625
0.3018798828125,-0.1595458984375,0.958251953125,-25.69580078125,27.7099609375,-11.23046875
0.3021240234375,-0.159912109375,1.0067138671875,-36.80419921875,44.43359375,-6.65283203125
0.301025390625,-0.159912109375,1.0279541015625,-45.71533203125,67.44384765625,-2.74658203125
0.3013916015625,-0.1593017578125,1.0277099609375,-44.12841796875,94.970703125,-2.44140625
0.3023681640625,-0.15966796875,1.0126953125,-41.3818359375,81.97021484375,-1.0986328125
0.2999267578125,-0.1593017578125,1.01806640625,-25.0244140625,61.82861328125,-0.48828125
0.2994384765625,-0.16552734375,1.102294921875,25.2685546875,52.978515625,-0.244140625
0.300048828125,-0.1435546875,1.1826171875,12.5732421875,42.54150390625,0.48828125
0.3023681640625,-0.122802734375,1.196533203125,6.34765625,26.67236328125,2.3193359375
0.3021240234375,-0.1436767578125,1.27099609375,7.32421875,21.30126953125,-0.42724609375
0.31982421875,-0.144775390625,1.266845703125,9.033203125,15.68603515625,-2.9296875
0.3267822265625,-0.121826171875,0.9063720703125,8.72802734375,-6.34765625,-4.69970703125
0.3228759765625,-0.1243896484375,0.8099365234375,9.21630859375,-20.8740234375,-8.544921875
0.341796875,-0.119873046875,0.786865234375,8.97216796875,-35.46142578125,-16.41845703125
0.38916015625,-0.126953125,0.7781982421875,22.8271484375,-38.818359375,-19.22607421875
0.3988037109375,-0.218505859375,0.786865234375,31.55517578125,-34.97314453125,-16.7236328125
0.3929443359375,-0.2601318359375,0.87451171875,34.0576171875,-47.91259765625,-12.451171875
0.432373046875,-0.19873046875,0.885986328125,34.3017578125,-50.59814453125,-8.11767578125
0.5767822265625,-0.2333984375,0.875732421875,32.470703125,-45.34912109375,-5.126953125
0.6087646484375,-0.2449951171875,0.918701171875,34.423828125,-41.748046875,-2.62451171875
0.2178955078125,-0.2340087890625,0.9365234375,28.80859375,-38.2080078125,-0.48828125
0.0889892578125,-0.1788330078125,1.026123046875,31.25,-31.982421875,1.77001953125
0.1021728515625,-0.161376953125,1.0684814453125,33.3251953125,-23.86474609375,3.7841796875
0.037109375,-0.1622314453125,1.4896240234375,34.7900390625,-13.00048828125,6.591796875
0.011474609375,-0.1773681640625,1.522216796875,26.55029296875,0.30517578125,15.5029296875
0.052001953125,-0.24072265625,1.389404296875,11.962890625,14.6484375,13.73291015625
0.064208984375,-0.1436767578125,1.265869140625,0.06103515625,29.11376953125,5.79833984375
0.03759765625,0.000244140625,1.1572265625,-7.6904296875,64.63623046875,0.91552734375
0.0675048828125,-0.2796630859375,1.1202392578125,-11.77978515625,63.90380859375,-2.86865234375
0.0042724609375,-0.259765625,1.1502685546875,-13.73291015625,56.70166015625,-2.8076171875
0.05029296875,-0.2974853515625,1.16650390625,-8.30078125,53.1005859375,8.544921875
0.06884765625,-0.4412841796875,1.1697998046875,1.64794921875,49.98779296875,26.9775390625
-0.497802734375,-0.5206298828125,1.205810546875,3.96728515625,54.38232421875,27.64892578125
-0.4862060546875,-0.494873046875,1.2740478515625,2.685546875,72.1435546875,23.681640625
-0.544677734375,-0.390869140625,1.326904296875,-1.52587890625,69.27490234375,20.3857421875
-0.6556396484375,-0.316162109375,1.1612548828125,-15.625,64.75830078125,16.845703125
-0.789306640625,-0.286865234375,1.1097412109375,-26.91650390625,55.60302734375,12.63427734375
-0.876220703125,-0.2781982421875,1.10888671875,-9.09423828125,50.35400390625,8.4228515625
-0.9261474609375,-0.25537109375,1.128173828125,-2.9296875,44.921875,5.31005859375
-0.9384765625,-0.2049560546875,1.164794921875,5.9814453125,40.10009765625,3.23486328125
-0.913818359375,0.0057373046875,1.369140625,8.85009765625,37.109375,0.18310546875
-0.8834228515625,0.0731201171875,1.361083984375,10.25390625,37.7197265625,-3.662109375
-0.8289794921875,0.1356201171875,1.008544921875,10.986328125,39.794921875,-10.80322265625
-0.7432861328125,0.14208984375,0.992919921875,10.68115234375,39.61181640625,-13.3056640625
-0.3912353515625,0.12841796875,0.9266357421875,7.99560546875,34.66796875,-15.13671875
-0.2318115234375,0.05810546875,0.8873291015625,5.55419921875,17.27294921875,-16.29638671875
-0.09765625,-0.05322265625,0.863037109375,3.47900390625,8.60595703125,-17.76123046875
-0.0413818359375,-0.053466796875,0.8692626953125,2.01416015625,2.01416015625,-17.02880859375
0.0101318359375,-0.03125,0.9053955078125,-1.708984375,-3.23486328125,-15.380859375
0.189697265625,0.005859375,0.940185546875,-2.5634765625,-17.2119140625,-13.18359375
0.2843017578125,0.017333984375,0.921630859375,-1.8310546875,-21.97265625,-13.3056640625
0.298828125,0.017578125,0.8277587890625,-0.732421875,-26.9775390625,4.08935546875
0.3289794921875,0.0003662109375,0.7034912109375,4.39453125,-31.55517578125,3.96728515625
0.3719482421875,-0.01904296875,0.5728759765625,5.859375,-35.94970703125,14.34326171875
0.3870849609375,-0.037109375,0.6014404296875,4.57763671875,-63.04931640625,-13.61083984375
0.4039306640625,-0.0576171875,0.63427734375,3.35693359375,-59.5703125,-22.4609375
0.4228515625,-0.0673828125,0.650634765625,1.220703125,-65.5517578125,-10.986328125
0.4627685546875,-0.0667724609375,0.674072265625,19.775390625,-160.46142578125,10.8642578125
0.5152587890625,-0.0775146484375,0.6622314453125,-5.31005859375,-147.705078125,24.84130859375
0.542724609375,-0.1094970703125,0.6484375,-12.20703125,-102.84423828125,15.2587890625
0.53662109375,-0.131103515625,0.650634765625,-75.86669921875,-82.03125,-7.38525390625
0.5223388671875,-0.1414794921875,0.63818359375,-33.02001953125,-91.00341796875,-15.68603515625
0.5528564453125,-0.2078857421875,0.6640625,-18.4326171875,-92.71240234375,4.8828125
0.6053466796875,-0.2177734375,0.9298095703125,-3.0517578125,-83.49609375,14.70947265625
0.6683349609375,-0.2135009765625,0.9471435546875,0.6103515625,-69.2138671875,6.28662109375
0.716796875,-0.229248046875,0.953125,-7.080078125,-60.85205078125,3.35693359375
0.8470458984375,-0.35595703125,2.1173095703125,-13.85498046875,-53.03955078125,7.4462890625
0.8760986328125,-0.1578369140625,2.2838134765625,-18.4326171875,-44.189453125,8.30078125
0.899658203125,-0.08544921875,1.3970947265625,-8.97216796875,-42.1142578125,8.6669921875
0.9100341796875,0.1304931640625,0.9193115234375,1.5869140625,-37.65869140625,9.27734375
0.6939697265625,0.880615234375,1.0775146484375,-10.3759765625,-36.19384765625,8.544921875
0.179443359375,0.0325927734375,1.28515625,-19.1650390625,-40.83251953125,8.23974609375
-0.2646484375,-0.7183837890625,1.3118896484375,-15.0146484375,-33.99658203125,0.06103515625
-1.119873046875,-0.908203125,1.281005859375,-15.93017578125,-29.4189453125,-1.03759765625
-0.628662109375,-0.2054443359375,1.2984619140625,-17.27294921875,-25.08544921875,0.79345703125
1.0177001953125,0.588623046875,1.2164306640625,-16.11328125,-5.67626953125,0.732421875
1.1109619140625,0.6590576171875,1.13818359375,-8.544921875,-2.8076171875,-0.91552734375
0.543701171875,-0.2088623046875,1.0927734375,-5.18798828125,-1.8310546875,-1.3427734375
-0.0291748046875,-0.8531494140625,1.0023193359375,-1.28173828125,-0.54931640625,-1.77001953125
0.0921630859375,-0.3812255859375,0.9853515625,-3.35693359375,-1.89208984375,-1.77001953125
0.416015625,0.135498046875,1.01513671875,-9.033203125,-2.50244140625,-1.3427734375
0.531982421875,-0.099365234375,1.016357421875,-8.72802734375,-4.45556640625,-1.8310546875
0.4761962890625,-0.2955322265625,0.9879150390625,-6.103515625,-6.65283203125,-1.5869140625
0.4547119140625,-0.161865234375,0.9541015625,-5.126953125,-7.38525390625,-1.77001953125
0.379150390625,-0.1412353515625,0.94580078125,-3.7841796875,-11.77978515625,1.64794921875
0.2958984375,-0.1622314453125,0.9471435546875,-2.197265625,-9.82666015625,2.0751953125
0.29345703125,-0.1875,0.96337890625,-2.01416015625,-8.30078125,2.197265625
0.2159423828125,-0.1873779296875,0.9510498046875,0.6103515625,-13.00048828125,2.197265625
0.199462890625,-0.186767578125,0.9501953125,0.30517578125,-13.0615234375,-0.42724609375
0.2901611328125,-0.180419921875,0.957275390625,0.244140625,-14.83154296875,-2.25830078125
0.2723388671875,-0.177001953125,0.964111328125,-1.8310546875,-15.56396484375,-0.6103515625
0.2825927734375,-0.21044921875,0.96142578125,-2.62451171875,-19.04296875,2.74658203125
0.275146484375,-0.2064208984375,0.9478759765625,-3.7841796875,-20.8740234375,3.60107421875
0.2620849609375,-0.2059326171875,0.94580078125,-2.8076171875,-24.96337890625,-3.11279296875
0.2623291015625,-0.20166015625,0.9541015625,2.0751953125,-27.099609375,-10.1318359375
0.2724609375,-0.1912841796875,0.953125,3.5400390625,-43.45703125,-13.97705078125
0.26611328125,-0.182861328125,0.947509765625,1.15966796875,-52.1240234375,-16.17431640625
0.26171875,-0.204345703125,0.952880859375,-0.30517578125,-64.39208984375,-18.6767578125
0.2655029296875,-0.195556640625,0.9490966796875,-8.85009765625,-79.833984375,-21.484375
0.2767333984375,-0.193115234375,0.9285888671875,-12.0849609375,-104.18701171875,-20.3857421875
0.28125,-0.1844482421875,0.9290771484375,-12.63427734375,-131.65283203125,-20.01953125
0.2802734375,-0.1864013671875,0.955322265625,-14.22119140625,-166.9921875,-17.2119140625
0.2908935546875,-0.2000732421875,0.9742431640625,-13.0615234375,-203.369140625,-19.83642578125
0.2884521484375,-0.199462890625,1.0552978515625,-13.7939453125,-242.0654296875,-27.52685546875
0.2965087890625,-0.220703125,1.0799560546875,-16.41845703125,-257.32421875,-32.40966796875
0.2857666015625,-0.220703125,1.083251953125,-18.73779296875,-296.32568359375,-39.55078125
0.3013916015625,-0.176025390625,1.09521484375,-19.04296875,-332.94677734375,-61.1572265625
0.2940673828125,-0.1444091796875,1.165771484375,-8.30078125,-380.67626953125,-71.8994140625
0.2774658203125,-0.24658203125,1.1658935546875,-22.3388671875,-409.36279296875,-74.76806640625
0.26953125,-0.276611328125,1.1304931640625,-39.6728515625,-415.8935546875,-77.20947265625
0.2947998046875,-0.2666015625,1.2501220703125,-71.22802734375,-394.83642578125,-96.25244140625
0.285400390625,-0.2325439453125,1.2086181640625,-90.087890625,-365.05126953125,-92.71240234375
0.3348388671875,-0.2298583984375,1.1309814453125,-98.2666015625,-326.59912109375,-89.9658203125
0.36474609375,-0.23583984375,1.28955078125,-60.97412109375,-228.1494140625,-142.9443359375
0.3193359375,-0.230712890625,1.4107666015625,10.009765625,-80.01708984375,-132.080078125
0.30029296875,-0.236083984375,1.6251220703125,90.9423828125,20.8740234375,-112.73193359375
0.2679443359375,-0.1484375,1.9775390625,143.00537109375,102.6611328125,-88.8671875
0.2264404296875,-0.16357421875,2.2308349609375,179.50439453125,118.34716796875,-45.95947265625
0.29296875,-0.224853515625,2.2215576171875,47.8515625,135.43701171875,-28.74755859375
0.26806640625,-0.091552734375,2.08837890625,26.4892578125,157.89794921875,-4.82177734375
-0.5,-0.0220947265625,2.119384765625,40.1611328125,195.068359375,0.3662109375
-0.472412109375,-0.3427734375,3.080322265625,43.51806640625,209.228515625,2.01416015625
0.3939208984375,-0.6759033203125,3.9842529296875,41.3818359375,234.0087890625,1.5869140625
0.70263671875,-0.6041259765625,3.677001953125,20.08056640625,245.05615234375,2.8076171875
0.9222412109375,-0.6307373046875,1.2371826171875,7.6904296875,261.962890625,5.43212890625
0.803466796875,-0.6112060546875,1.1873779296875,-11.90185546875,266.4794921875,8.85009765625
0.5948486328125,0.113525390625,1.1728515625,-18.73779296875,269.1650390625,12.8173828125
0.5223388671875,0.5509033203125,1.15283203125,-26.06201171875,271.484375,37.7197265625
0.490234375,0.3570556640625,0.9573974609375,-28.3203125,274.10888671875,43.64013671875
0.448974609375,-0.489990234375,0.9117431640625,-30.09033203125,277.40478515625,47.42431640625
-0.08642578125,-0.5975341796875,1.000732421875,-34.3017578125,275.32958984375,47.7294921875
0.7384033203125,-0.6640625,1.0758056640625,-40.1611328125,273.25439453125,45.0439453125
1.2491455078125,-0.6787109375,1.1705322265625,-46.2646484375,272.27783203125,35.33935546875
-0.7958984375,-0.5762939453125,1.1871337890625,-48.33984375,271.78955078125,31.18896484375
-0.6678466796875,-0.5050048828125,1.2120361328125,-39.794921875,273.193359375,27.34375
-0.5810546875,-0.421142578125,1.2789306640625,-25.81787109375,280.6396484375,21.1181640625
-0.4896240234375,-0.256103515625,1.366455078125,-10.6201171875,286.19384765625,14.70947265625
-0.3682861328125,-0.159423828125,1.448486328125,3.47900390625,290.771484375,10.68115234375
-0.2738037109375,-0.13427734375,1.80712890625,20.20263671875,288.0859375,10.25390625
-0.1759033203125,-0.094482421875,1.9140625,18.1884765625,275.20751953125,15.625
0.01025390625,-0.0234375,2.0601806640625,4.94384765625,254.33349609375,33.99658203125
0.117431640625,0.049560546875,2.2135009765625,-10.6201171875,225.830078125,46.0205078125
0.1468505859375,0.095458984375,2.358154296875,-19.8974609375,191.0400390625,52.1240234375
0.1817626953125,0.13623046875,2.4766845703125,-22.64404296875,39.6728515625,55.6640625
0.222412109375,0.136962890625,2.390380859375,-22.03369140625,-20.751953125,56.5185546875
0.271240234375,0.1143798828125,2.1768798828125,-16.7236328125,-62.98828125,32.16552734375
0.322509765625,0.0948486328125,1.908203125,17.15087890625,-116.14990234375,-43.212890625
0.4267578125,0.083984375,1.6683349609375,0.18310546875,-94.54345703125,2.0751953125
0.484375,0.012939453125,1.45263671875,4.69970703125,-81.787109375,-16.6015625
0.5645751953125,0.036865234375,1.15869140625,2.62451171875,-186.279296875,6.103515625
0.6539306640625,0.1312255859375,0.7642822265625,13.36669921875,-224.91455078125,15.0146484375
0.766845703125,0.157470703125,-0.1785888671875,11.53564453125,-209.9609375,-12.51220703125
1.13916015625,0.0750732421875,-0.277587890625,-51.57470703125,-179.6875,-3.35693359375
1.3955078125,-0.021240234375,-0.1695556640625,-97.7783203125,-167.90771484375,18.12744140625
1.63232421875,-0.1220703125,0.05615234375,-102.5390625,-145.5078125,20.20263671875
1.7940673828125,-0.285400390625,1.2984619140625,-55.0537109375,-122.802734375,3.84521484375
1.9625244140625,-0.0072021484375,1.78662109375,-34.423828125,-105.224609375,8.7890625
2.177490234375,-0.2420654296875,-0.1488037109375,-30.2734375,-99.06005859375,9.3994140625
2.3992919921875,-0.2154541015625,2.173828125,-24.23095703125,-93.20068359375,4.82177734375
2.63232421875,-0.08837890625,1.9732666015625,-6.28662109375,-84.3505859375,5.79833984375
3.38427734375,0.0675048828125,1.8160400390625,-3.662109375,-80.13916015625,8.48388671875
2.9620361328125,0.5106201171875,1.591064453125,-11.23046875,-75.1953125,9.1552734375
2.6566162109375,0.51025390625,1.61669921875,-16.41845703125,-70.00732421875,7.9345703125
1.6695556640625,0.291015625,1.69580078125,-24.90234375,-64.8193359375,7.8125
0.24853515625,-0.0010986328125,1.5374755859375,-34.60693359375,-61.46240234375,9.09423828125
-1.442626953125,-0.6119384765625,1.318115234375,-42.236328125,-55.96923828125,6.28662109375
-0.947998046875,-0.143310546875,1.2259521484375,-44.73876953125,-52.06298828125,4.57763671875
1.016845703125,0.08251953125,1.1759033203125,-45.95947265625,-45.47119140625,2.50244140625
0.5721435546875,-0.5001220703125,1.1470947265625,-44.7998046875,-41.19873046875,0.8544921875
0.4996337890625,-0.6072998046875,1.120361328125,-42.05322265625,-32.8369140625,-0.8544921875
0.48486328125,-0.1533203125,1.0745849609375,-36.68212890625,-26.91650390625,-2.685546875
0.4730224609375,-0.1427001953125,1.0504150390625,-26.06201171875,-20.751953125,-4.638671875
0.523681640625,-0.1978759765625,1.038818359375,-13.85498046875,-14.46533203125,-5.37109375
0.541015625,-0.0350341796875,1.0318603515625,-6.89697265625,-12.451171875,-5.859375
0.383544921875,-0.017822265625,1.0108642578125,-1.15966796875,-11.3525390625,-6.9580078125
0.2830810546875,-0.132080078125,1.023681640625,3.7841796875,-9.33837890625,-6.103515625
0.2750244140625,-0.16650390625,1.0634765625,6.89697265625,-7.6904296875,-3.23486328125
0.244873046875,-0.1495361328125,1.041015625,7.26318359375,-7.6904296875,-3.84521484375
0.25244140625,-0.1724853515625,1.0064697265625,7.2021484375,-8.9111328125,-6.40869140625
0.24072265625,-0.211181640625,1.01416015625,5.43212890625,-11.8408203125,-8.72802734375
0.215087890625,-0.199462890625,0.9964599609375,4.150390625,-9.09423828125,-9.09423828125
0.2110595703125,-0.1932373046875,0.9764404296875,-1.89208984375,-9.521484375,-9.82666015625
0.2327880859375,-0.21923828125,0.972412109375,-5.7373046875,-9.09423828125,-10.986328125
0.240234375,-0.228515625,0.9566650390625,-2.62451171875,-11.23046875,-10.25390625
0.239990234375,-0.2332763671875,0.9561767578125,1.77001953125,-12.20703125,-7.99560546875
0.2467041015625,-0.2415771484375,0.955078125,4.57763671875,-10.498046875,-5.859375
0.264404296875,-0.22900390625,0.94482421875,4.21142578125,-9.21630859375,-3.5400390625
0.2769775390625,-0.2166748046875,0.972900390625,5.126953125,-8.9111328125,-0.9765625
0.2928466796875,-0.2193603515625,0.9808349609375,5.4931640625,-9.94873046875,0.54931640625
0.2935791015625,-0.208251953125,0.960205078125,5.859375,-11.71875,1.15966796875
0.272216796875,-0.2001953125,0.9493408203125,4.39453125,-13.36669921875,1.03759765625
0.2685546875,-0.19091796875,0.946533203125,3.35693359375,-14.16015625,0.30517578125
0.2640380859375,-0.1890869140625,0.949951171875,2.25830078125,-14.70947265625,-0.91552734375
0.2576904296875,-0.2071533203125,0.94970703125,2.74658203125,-15.80810546875,-3.35693359375
0.2529296875,-0.2244873046875,0.9544677734375,3.60107421875,-17.02880859375,-6.4697265625
0.2462158203125,-0.220703125,0.9605712890625,3.7841796875,-18.24951171875,-7.6904296875
0.27294921875,-0.2152099609375,0.961669921875,4.21142578125,-19.83642578125,-6.16455078125
0.27880859375,-0.206298828125,0.954833984375,4.8828125,-21.78955078125,-12.51220703125
0.2584228515625,-0.194091796875,0.9468994140625,5.06591796875,-23.98681640625,-14.2822265625
0.2510986328125,-0.1761474609375,0.9412841796875,5.06591796875,-26.611328125,-18.1884765625
0.25439453125,-0.15234375,0.947265625,4.21142578125,-60.85205078125,-22.88818359375
0.28173828125,-0.148681640625,0.9478759765625,3.173828125,-76.96533203125,-26.67236328125
0.3045654296875,-0.1536865234375,0.9488525390625,1.5869140625,-98.44970703125,-30.82275390625
0.304443359375,-0.1715087890625,0.9566650390625,-29.35791015625,-130.0048828125,-32.5927734375
0.2938232421875,-0.183349609375,0.9549560546875,-16.66259765625,-164.36767578125,-41.8701171875
0.2811279296875,-0.1873779296875,0.9674072265625,-14.58740234375,-199.03564453125,-57.373046875
0.2786865234375,-0.206298828125,0.9881591796875,-8.1787109375,-249.45068359375,-69.27490234375
0.283935546875,-0.2071533203125,1.0074462890625,-6.65283203125,-281.92138671875,-69.7021484375
0.29150390625,-0.208251953125,1.103271484375,-12.39013671875,-306.09130859375,-85.9375
0.2952880859375,-0.2310791015625,1.1168212890625,-8.7890625,-349.67041015625,-111.083984375
0.284912109375,-0.2188720703125,1.188720703125,1.0986328125,-386.29150390625,-130.79833984375
0.27197265625,-0.1793212890625,1.2071533203125,9.765625,-411.865234375,-152.52685546875
0.2606201171875,-0.13525390625,1.116943359375,-7.9345703125,-396.66748046875,-130.0048828125
0.2547607421875,-0.2147216796875,1.1273193359375,-41.50390625,-345.458984375,-83.06884765625
0.2568359375,-0.2069091796875,1.2398681640625,-82.1533203125,-329.77294921875,-72.93701171875
0.267333984375,-0.2144775390625,1.279541015625,-78.0029296875,-317.44384765625,-54.19921875
0.294921875,-0.2320556640625,1.3167724609375,-76.5380859375,-230.40771484375,-45.166015625
0.3021240234375,-0.22265625,1.4317626953125,-40.22216796875,-92.4072265625,-39.48974609375
0.29052734375,-0.2484130859375,1.8177490234375,93.3837890625,-7.9345703125,-34.3017578125
0.2523193359375,-0.322021484375,2.438720703125,239.1357421875,31.005859375,-30.6396484375
0.21875,-0.3336181640625,2.8170166015625,108.0322265625,60.302734375,-25.7568359375
0.20361328125,-0.3475341796875,2.6771240234375,46.69189453125,79.345703125,-20.1416015625
0.255859375,-0.077880859375,2.0391845703125,49.072265625,101.806640625,-15.31982421875
0.257568359375,-0.0079345703125,2.03076171875,51.81884765625,132.01904296875,-10.80322265625
-0.604248046875,-0.7515869140625,3.1795654296875,48.15673828125,164.0625,-7.4462890625
-0.4610595703125,-0.9974365234375,3.9556884765625,34.48486328125,190.24658203125,-5.06591796875
0.5638427734375,-0.615234375,3.3380126953125,19.22607421875,209.5947265625,3.662109375
0.9163818359375,-0.697509765625,2.228515625,1.953125,222.47314453125,8.60595703125
1.0025634765625,-1.00439453125,1.612060546875,-13.97705078125,230.95703125,15.31982421875
0.76123046875,-0.741455078125,1.374267578125,-23.62060546875,261.71875,22.27783203125
0.448974609375,-0.640869140625,1.280029296875,-29.78515625,265.44189453125,27.83203125
0.34765625,-0.8580322265625,1.32470703125,-34.36279296875,267.7001953125,31.55517578125
0.4970703125,-0.742431640625,1.330078125,-41.44287109375,270.81298828125,33.8134765625
0.726806640625,-0.587646484375,1.2283935546875,-42.3583984375,275.2685546875,35.58349609375
0.668212890625,-0.3992919921875,1.0816650390625,-42.54150390625,279.296875,37.109375
-0.225341796875,-0.264404296875,0.9537353515625,-41.56494140625,282.5927734375,39.00146484375
-1.0616455078125,-0.211181640625,0.896728515625,-40.22216796875,284.423828125,41.80908203125
-1.206787109375,-0.1962890625,1.169189453125,-39.0625,285.82763671875,45.47119140625
-1.0814208984375,-0.1973876953125,1.20703125,-37.04833984375,289.36767578125,48.828125
-0.91552734375,-0.19580078125,1.2572021484375,-34.11865234375,295.2880859375,51.513671875
-0.7337646484375,-0.1573486328125,1.3453369140625,-29.35791015625,301.94091796875,53.64990234375
-0.599365234375,-0.1004638671875,1.4483642578125,-23.49853515625,306.82373046875,53.16162109375
-0.507568359375,-0.00048828125,1.5548095703125,-17.4560546875,309.08203125,45.0439453125
-0.4161376953125,0.0177001953125,1.6640625,-11.962890625,309.9365234375,35.33935546875
-0.3275146484375,0.0556640625,1.7684326171875,-6.89697265625,313.232421875,27.9541015625
-0.2386474609375,0.1097412109375,1.905029296875,-2.50244140625,310.97412109375,27.28271484375
0.0494384765625,0.1683349609375,2.0863037109375,0.6103515625,295.0439453125,31.67724609375
0.085205078125,0.2142333984375,2.2593994140625,-4.0283203125,265.44189453125,35.0341796875
0.116455078125,0.2314453125,2.3782958984375,-15.07568359375,225.89111328125,36.0107421875
0.1590576171875,0.221435546875,2.4471435546875,-20.3857421875,182.67822265625,32.65380859375
0.2210693359375,0.2008056640625,2.50146484375,-18.1884765625,140.68603515625,31.43310546875
0.275634765625,0.1739501953125,2.548828125,-17.2119140625,97.0458984375,35.58349609375
0.31689453125,0.13525390625,2.5380859375,-17.88330078125,57.92236328125,42.6025390625
0.3546142578125,0.089599609375,2.3642578125,-13.97705078125,14.6484375,15.13671875
0.40380859375,0.0394287109375,2.0162353515625,-10.498046875,-35.7666015625,-43.3349609375
0.48095703125,-0.014404296875,1.53515625,-10.80322265625,-83.92333984375,-68.4814453125
0.5673828125,-0.0546875,0.9468994140625,-21.1181640625,-89.53857421875,-26.3671875
0.6424560546875,0.0870361328125,0.4329833984375,-19.1650390625,-113.09814453125,-3.11279296875
0.7169189453125,0.0316162109375,0.1348876953125,-3.662109375,-175.048828125,-16.2353515625
0.8338623046875,-0.16455078125,-0.0343017578125,46.44775390625,-256.16455078125,-9.6435546875
1.0343017578125,-0.2982177734375,-0.259033203125,11.29150390625,-271.42333984375,15.7470703125
1.339111328125,-0.3323974609375,-0.5157470703125,-7.9345703125,-227.35595703125,8.6669921875
2.0301513671875,-0.3658447265625,-0.5252685546875,-45.95947265625,-204.40673828125,6.77490234375
2.30029296875,-0.3687744140625,-0.2088623046875,-72.81494140625,-167.29736328125,30.45654296875
2.5732421875,-0.263427734375,1.1837158203125,-78.79638671875,-152.34375,6.9580078125
2.8560791015625,-0.0972900390625,0.8282470703125,-73.05908203125,-118.95751953125,3.5400390625
3.133544921875,-0.066650390625,-0.407958984375,-43.9453125,-101.98974609375,8.30078125
3.4305419921875,-0.223388671875,-0.2108154296875,-33.3251953125,-90.4541015625,10.009765625
3.72998046875,-0.3685302734375,1.689697265625,-14.5263671875,-89.111328125,8.60595703125
3.87646484375,0.0096435546875,2.3707275390625,-3.0517578125,-87.5244140625,7.2021484375
3.765380859375,0.615478515625,2.021240234375,-3.7841796875,-65.73486328125,5.9814453125
3.46826171875,0.5335693359375,1.688232421875,-5.9814453125,-52.1240234375,3.84521484375
3.1151123046875,0.45654296875,1.6602783203125,-7.99560546875,-47.18017578125,1.77001953125
0.8350830078125,0.195556640625,1.580322265625,-24.47509765625,-44.86083984375,2.197265625
-2.3377685546875,0.142333984375,1.43359375,-30.76171875,-39.61181640625,0.6103515625
-1.179931640625,-0.276123046875,1.3135986328125,-27.40478515625,-32.470703125,-0.8544921875
0.2781982421875,-0.306640625,1.2303466796875,-24.10888671875,-25.5126953125,-3.662109375
1.3258056640625,-0.038330078125,1.1273193359375,-21.728515625,-19.59228515625,-5.18798828125
0.9537353515625,-0.423583984375,1.049560546875,-17.63916015625,-17.51708984375,-6.53076171875
0.7286376953125,-0.49658203125,1.0113525390625,-12.8173828125,-15.31982421875,-8.23974609375
0.540283203125,0.0277099609375,1.0556640625,-11.962890625,-13.916015625,-10.31494140625
0.51953125,-0.15966796875,1.0648193359375,-9.82666015625,-11.53564453125,-11.90185546875
0.5611572265625,-0.2342529296875,1.075927734375,-7.87353515625,-10.986328125,-9.46044921875
0.407958984375,-0.10546875,1.080078125,-3.173828125,-10.19287109375,-10.1318359375
0.31884765625,-0.18017578125,1.0380859375,-0.42724609375,-11.90185546875,-10.19287109375
0.263671875,-0.19091796875,0.9974365234375,1.708984375,-14.34326171875,-7.99560546875
0.218505859375,-0.184814453125,0.9791259765625,3.72314453125,-10.1318359375,-5.18798828125
0.225341796875,-0.177734375,0.9619140625,-0.48828125,-10.43701171875,-3.41796875
0.2415771484375,-0.184326171875,0.962646484375,-3.47900390625,-7.32421875,-1.220703125
0.2369384765625,-0.1964111328125,0.9664306640625,2.685546875,-7.38525390625,1.8310546875
0.2581787109375,-0.21044921875,0.966064453125,2.62451171875,-8.6669921875,0.91552734375
0.265869140625,-0.2508544921875,0.964111328125,1.03759765625,-9.6435546875,0.9765625
0.251708984375,-0.2532958984375,0.9151611328125,0.9765625,-12.0849609375,0.30517578125
0.2449951171875,-0.2369384765625,0.95361328125,0.67138671875,-16.6015625,-1.89208984375
0.2476806640625,-0.2314453125,0.961669921875,0.54931640625,-18.310546875,-3.35693359375
0.2496337890625,-0.2237548828125,0.94873046875,2.13623046875,-20.44677734375,-4.57763671875
0.2430419921875,-0.2265625,0.9693603515625,4.82177734375,-21.97265625,-3.41796875
0.2708740234375,-0.239990234375,0.964599609375,6.65283203125,-26.06201171875,-2.13623046875
0.2755126953125,-0.2235107421875,0.9586181640625,8.36181640625,-29.84619140625,-2.44140625
0.2647705078125,-0.22216796875,0.9598388671875,8.36181640625,-34.7900390625,-5.859375
0.2578125,-0.1761474609375,0.9461669921875,8.1787109375,-39.61181640625,-13.0615234375
0.252197265625,-0.16015625,0.9453125,6.591796875,-48.4619140625,-13.3056640625
0.2786865234375,-0.1680908203125,0.94677734375,4.08935546875,-62.56103515625,-13.671875
0.293701171875,-0.1729736328125,0.941162109375,-1.220703125,-94.66552734375,-16.9677734375
0.3009033203125,-0.1708984375,0.9542236328125,-8.056640625,-136.77978515625,-16.6015625
0.3106689453125,-0.1993408203125,0.9759521484375,-11.71875,-176.20849609375,-24.2919921875
0.2818603515625,-0.2115478515625,0.9974365234375,-15.31982421875,-205.74951171875,-30.2734375
0.2767333984375,-0.21142578125,1.026611328125,-16.29638671875,-255.92041015625,-44.12841796875
0.2802734375,-0.22998046875,1.07421875,-15.9912109375,-283.69140625,-65.85693359375
0.26904296875,-0.227783203125,1.11572265625,-19.10400390625,-314.75830078125,-67.44384765625
0.280029296875,-0.2166748046875,1.1400146484375,-14.22119140625,-348.57177734375,-72.998046875
0.2799072265625,-0.197265625,1.14013671875,-1.0986328125,-408.26416015625,-98.57177734375
0.2540283203125,-0.166015625,1.19287109375,-9.33837890625,-464.78271484375,-120.66650390625
0.216796875,-0.1524658203125,1.164794921875,-30.33447265625,-473.08349609375,-109.68017578125
0.2193603515625,-0.1878662109375,1.165771484375,-64.453125,-440.97900390625,-123.4130859375
0.245361328125,-0.224365234375,1.20947265625,-94.17724609375,-380.0048828125,-100.9521484375
0.298583984375,-0.2161865234375,1.147705078125,-93.32275390625,-322.3876953125,-109.0087890625
0.333251953125,-0.1900634765625,1.31103515625,-75.439453125,-233.70361328125,-134.21630859375
0.314697265625,-0.1910400390625,1.599365234375,-19.6533203125,-80.62744140625,-130.79833984375
0.302978515625,-0.2464599609375,1.724609375,79.345703125,24.84130859375,-114.44091796875
0.28955078125,-0.2232666015625,2.1319580078125,188.65966796875,45.83740234375,-64.14794921875
0.1968994140625,-0.196533203125,2.6427001953125,142.02880859375,57.92236328125,-9.58251953125
0.2520751953125,-0.2830810546875,2.9134521484375,18.5546875,84.716796875,8.97216796875
0.3046875,-0.37109375,2.584228515625,-19.71435546875,131.40869140625,20.69091796875
-0.0531005859375,-0.1484375,2.4884033203125,0.48828125,185.9130859375,12.451171875
-0.7261962890625,-0.0936279296875,3.341552734375,28.3203125,207.275390625,-2.197265625
-0.3458251953125,-0.6607666015625,3.9576416015625,43.15185546875,225.64697265625,-4.638671875
0.433349609375,-0.856689453125,3.54150390625,21.54541015625,293.88427734375,-5.126953125
0.8409423828125,-0.647216796875,2.326904296875,5.2490234375,306.15234375,-3.84521484375
1.0244140625,-0.580810546875,1.44287109375,-10.7421875,310.72998046875,0.0
0.783447265625,0.0057373046875,1.3013916015625,-19.1650390625,313.65966796875,6.103515625
0.6881103515625,0.35595703125,1.105712890625,-20.6298828125,314.8193359375,13.85498046875
0.5322265625,0.014892578125,0.949462890625,-22.3388671875,313.17138671875,22.705078125
0.30224609375,-0.2913818359375,0.8900146484375,-23.86474609375,307.18994140625,36.2548828125
0.4202880859375,-0.603515625,0.8951416015625,-27.83203125,297.119140625,38.818359375
1.385498046875,-0.7655029296875,1.1614990234375,-32.40966796875,284.60693359375,36.07177734375
0.7564697265625,-0.75830078125,1.32763671875,-35.94970703125,277.4658203125,39.794921875
-0.8978271484375,-0.53857421875,1.383056640625,-39.12353515625,284.66796875,50.1708984375
-1.1917724609375,-0.3851318359375,1.420166015625,-38.63525390625,302.06298828125,58.10546875
-1.0465087890625,-0.24365234375,1.4442138671875,-18.310546875,304.6875,57.43408203125
-0.81640625,0.1014404296875,1.459716796875,-15.5029296875,306.640625,54.6875
-0.578125,0.1348876953125,1.4930419921875,-7.62939453125,307.861328125,58.2275390625
-0.48291015625,0.1239013671875,1.5728759765625,0.48828125,298.76708984375,65.673828125
-0.3525390625,0.1259765625,1.7293701171875,2.13623046875,277.03857421875,68.7255859375
0.205810546875,0.1280517578125,2.50244140625,-15.5029296875,245.17822265625,55.60302734375
0.2989501953125,0.1114501953125,2.8057861328125,-38.2080078125,205.38330078125,30.2734375
0.32958984375,0.08349609375,2.885498046875,-46.69189453125,161.62109375,12.0849609375
0.36669921875,0.0478515625,2.708984375,-34.3017578125,117.24853515625,10.6201171875
0.3985595703125,0.001220703125,2.385498046875,-7.568359375,71.10595703125,26.0009765625
0.4007568359375,-0.0423583984375,2.005859375,26.611328125,20.01953125,42.17529296875
0.3824462890625,-0.022216796875,1.751708984375,42.54150390625,-23.37646484375,51.6357421875
0.3861083984375,-0.2535400390625,1.5655517578125,25.634765625,-58.10546875,27.7099609375
0.4249267578125,-0.46240234375,1.261474609375,-3.7841796875,-100.4638671875,-27.03857421875
0.73291015625,-0.3538818359375,0.8193359375,-20.263671875,-121.39892578125,-78.4912109375
0.93408203125,0.02001953125,0.39794921875,-7.6904296875,-97.16796875,-65.85693359375
1.2933349609375,0.1495361328125,0.0430908203125,26.611328125,-84.9609375,6.04248046875
1.5179443359375,-0.0654296875,-0.4375,44.43359375,-123.10791015625,-18.798828125
1.7923583984375,-0.3499755859375,-0.8297119140625,26.9775390625,-217.041015625,16.7236328125
2.0186767578125,-0.5472412109375,-0.74658203125,10.25390625,-274.35302734375,26.42822265625
2.1976318359375,-0.490478515625,-0.240966796875,-13.97705078125,-266.357421875,15.625
2.4002685546875,-0.058837890625,0.2525634765625,-67.68798828125,-196.71630859375,1.953125
2.6182861328125,0.3934326171875,0.7091064453125,-84.5947265625,-183.89892578125,12.02392578125
2.8736572265625,0.3956298828125,1.624755859375,-126.0986328125,-167.05322265625,27.28271484375
3.164794921875,-0.00927734375,1.5072021484375,-71.2890625,-150.08544921875,19.6533203125
3.5882568359375,-0.4403076171875,0.0400390625,-45.0439453125,-133.544921875,6.2255859375
3.926513671875,-0.4415283203125,-0.553466796875,-34.48486328125,-119.384765625,6.4697265625
3.8612060546875,0.315185546875,0.5928955078125,-30.76171875,-103.1494140625,1.0986328125
3.5638427734375,0.551513671875,2.4539794921875,-14.70947265625,-95.39794921875,1.3427734375
3.172119140625,0.212890625,1.9708251953125,-1.03759765625,-89.17236328125,2.25830078125
2.6962890625,0.1856689453125,1.759521484375,-2.01416015625,-52.24609375,2.685546875
0.9586181640625,0.07763671875,1.7398681640625,-9.27734375,-39.12353515625,-0.42724609375
-1.00146484375,-0.0380859375,1.6885986328125,-3.90625,-18.49365234375,-0.42724609375
-2.1832275390625,0.75439453125,1.50146484375,-18.06640625,-16.66259765625,-0.54931640625
-2.0738525390625,-1.0091552734375,1.39404296875,-17.27294921875,-15.7470703125,-1.52587890625
-0.426513671875,-0.348876953125,1.4150390625,-18.6767578125,-12.75634765625,-3.173828125
0.9891357421875,0.2315673828125,1.3277587890625,-13.61083984375,-10.498046875,-5.859375
0.9588623046875,-0.14599609375,1.1463623046875,-8.85009765625,-9.033203125,-8.23974609375
0.68359375,-0.7398681640625,1.0845947265625,-9.765625,-9.33837890625,-11.1083984375
0.56787109375,-0.51025390625,1.0609130859375,-9.521484375,-9.58251953125,-14.404296875
0.6336669921875,0.072998046875,1.0531005859375,-8.30078125,-9.46044921875,-17.08984375
0.642578125,0.0399169921875,1.0355224609375,-5.55419921875,-8.4228515625,-19.1650390625
0.498779296875,-0.1849365234375,0.9647216796875,-2.99072265625,-6.4697265625,-15.93017578125
0.4296875,-0.1685791015625,0.9580078125,-1.28173828125,-5.859375,-10.3759765625
0.4180908203125,-0.164794921875,0.9564208984375,-0.244140625,-7.080078125,-7.32421875
0.347900390625,-0.176025390625,0.9609375,4.57763671875,-8.30078125,-5.18798828125
0.2744140625,-0.1922607421875,0.9627685546875,7.2021484375,-9.21630859375,-0.3662109375
0.27294921875,-0.2232666015625,0.96240234375,7.080078125,-5.06591796875,0.732421875
0.2906494140625,-0.2337646484375,0.96337890625,-1.3427734375,-7.14111328125,-0.48828125
0.28662109375,-0.23681640625,0.9559326171875,-6.04248046875,-9.46044921875,-0.30517578125
0.2574462890625,-0.2315673828125,0.939697265625,-2.86865234375,-10.498046875,-0.244140625
0.25439453125,-0.219970703125,0.9385986328125,-3.0517578125,-13.00048828125,-1.15966796875
0.250732421875,-0.2095947265625,0.93310546875,-1.46484375,-14.5263671875,-1.40380859375
0.2554931640625,-0.20556640625,0.9263916015625,2.13623046875,-16.2353515625,-1.28173828125
0.259521484375,-0.212158203125,0.9656982421875,5.79833984375,-18.85986328125,0.18310546875
0.256591796875,-0.236083984375,0.9761962890625,6.8359375,-20.44677734375,1.5869140625
0.257080078125,-0.225830078125,0.94970703125,7.01904296875,-23.5595703125,-6.28662109375
0.2586669921875,-0.197998046875,0.9517822265625,6.53076171875,-29.47998046875,-13.24462890625
0.26416015625,-0.1600341796875,0.9405517578125,5.67626953125,-45.5322265625,-12.75634765625
0.277587890625,-0.16015625,0.9451904296875,2.685546875,-60.48583984375,-11.8408203125
0.251953125,-0.15576171875,0.9539794921875,1.15966796875,-73.6083984375,-13.427734375
0.248291015625,-0.16162109375,0.9605712890625,-9.6435546875,-98.6328125,-19.8974609375
0.2730712890625,-0.1834716796875,0.9693603515625,-14.404296875,-134.70458984375,-22.03369140625
0.310302734375,-0.2076416015625,0.9761962890625,-18.310546875,-167.96875,-27.28271484375
0.3133544921875,-0.2213134765625,1.0009765625,-18.5546875,-195.86181640625,-57.7392578125
0.2830810546875,-0.2071533203125,1.0306396484375,-19.6533203125,-240.05126953125,-71.77734375
0.291259765625,-0.19775390625,1.0570068359375,-16.54052734375,-281.55517578125,-73.42529296875
0.2789306640625,-0.19775390625,1.13671875,-17.27294921875,-354.30908203125,-88.2568359375
0.28369140625,-0.18603515625,1.1456298828125,-14.6484375,-398.4375,-111.14501953125
0.2735595703125,-0.1700439453125,1.177978515625,-6.2255859375,-451.23291015625,-123.59619140625
0.2615966796875,-0.143310546875,1.180908203125,-29.72412109375,-461.60888671875,-114.6240234375
0.2437744140625,-0.1365966796875,1.1751708984375,-49.01123046875,-438.29345703125,-88.56201171875
0.2271728515625,-0.274658203125,1.1400146484375,-79.2236328125,-382.87353515625,-86.12060546875
0.235595703125,-0.23828125,1.1793212890625,-66.162109375,-339.111328125,-74.0966796875
0.2855224609375,-0.1737060546875,1.21435546875,-22.27783203125,61.70654296875,-57.67822265625
0.304443359375,-0.184814453125,1.56787109375,10.986328125,95.88623046875,-39.0625
0.290771484375,-0.2236328125,1.663330078125,77.7587890625,123.4130859375,-20.01953125
0.2733154296875,-0.2564697265625,2.101806640625,-12.87841796875,137.5732421875,-4.7607421875
0.217529296875,-0.3131103515625,2.7215576171875,-12.6953125,152.03857421875,6.2255859375
0.2392578125,-0.264404296875,2.8817138671875,8.36181640625,171.20361328125,14.22119140625
0.3043212890625,-0.3924560546875,2.5921630859375,24.7802734375,191.83349609375,17.76123046875
0.28759765625,-0.027587890625,2.1212158203125,34.423828125,212.46337890625,18.00537109375
0.1492919921875,-0.2215576171875,3.8834228515625,32.77587890625,231.75048828125,15.44189453125
-0.6077880859375,-0.981689453125,1.8907470703125,19.8974609375,248.1689453125,10.3759765625
0.3226318359375,-0.8564453125,1.416259765625,2.86865234375,262.14599609375,3.41796875
0.804443359375,-0.5299072265625,1.09814453125,-10.6201171875,273.681640625,-8.544921875
0.998779296875,-0.819580078125,0.9234619140625,-18.4326171875,282.8369140625,-8.9111328125
0.817626953125,-0.0242919921875,0.88330078125,-18.61572265625,291.19873046875,-5.615234375
0.6025390625,-0.506591796875,0.8851318359375,-15.68603515625,306.5185546875,0.42724609375
0.5107421875,-0.6612548828125,0.906494140625,-13.5498046875,310.85205078125,8.72802734375
0.1962890625,-0.6866455078125,0.947021484375,-14.09912109375,312.5,18.1884765625
0.9822998046875,-0.608642578125,0.996337890625,-20.69091796875,312.80517578125,27.28271484375
-1.2293701171875,-0.480224609375,1.048583984375,-21.05712890625,312.56103515625,36.07177734375
-1.162841796875,-0.3363037109375,1.0860595703125,-21.66748046875,310.85205078125,43.64013671875
-1.0296630859375,-0.2396240234375,1.1356201171875,-21.6064453125,306.70166015625,47.2412109375
-0.9278564453125,-0.180419921875,1.2237548828125,-22.4609375,301.513671875,42.41943359375
-0.7630615234375,-0.1365966796875,1.388671875,-23.98681640625,299.13330078125,40.0390625
-0.6021728515625,-0.1024169921875,1.4468994140625,-28.99169921875,300.1708984375,42.3583984375
-0.4656982421875,-0.050048828125,1.49169921875,-33.5693359375,314.697265625,43.39599609375
-0.3365478515625,0.0206298828125,1.539794921875,-32.3486328125,321.533203125,37.2314453125
-0.2142333984375,0.0889892578125,1.618896484375,-28.01513671875,323.2421875,29.72412109375
-0.098388671875,0.0540771484375,1.7303466796875,-17.9443359375,320.73974609375,27.83203125
0.0103759765625,-0.015869140625,1.8427734375,-10.19287109375,310.4248046875,31.005859375
0.1103515625,-0.0634765625,1.9769287109375,-4.33349609375,291.50390625,31.92138671875
0.1971435546875,-0.0806884765625,2.1881103515625,-14.5263671875,263.7939453125,21.42333984375
0.3140869140625,-0.07275390625,2.4710693359375,-33.99658203125,227.5390625,3.0517578125
0.3385009765625,-0.0665283203125,3.0218505859375,-46.20361328125,187.68310546875,-12.3291015625
0.3668212890625,-0.063720703125,2.962158203125,-47.2412109375,149.10888671875,-11.53564453125
0.4010009765625,-0.0439453125,2.61767578125,-41.44287109375,112.4267578125,24.84130859375
0.427490234375,-0.016357421875,2.1578369140625,-21.05712890625,75.37841796875,55.35888671875
0.448486328125,-0.008544921875,1.84423828125,-2.3193359375,24.7802734375,48.76708984375
0.478759765625,-0.169921875,1.6561279296875,-7.32421875,-65.00244140625,-0.54931640625
0.532958984375,-0.3389892578125,1.3326416015625,-25.20751953125,-109.4970703125,-47.05810546875
0.62548828125,-0.298828125,0.8389892578125,-27.89306640625,-92.6513671875,-30.82275390625
0.7520751953125,-0.0228271484375,0.4140625,16.845703125,-109.19189453125,8.7890625
1.2298583984375,0.1097412109375,0.214599609375,62.01171875,-169.5556640625,-19.4091796875
1.4727783203125,-0.015869140625,0.0345458984375,75.98876953125,-260.68115234375,-40.52734375
1.7159423828125,-0.1890869140625,-0.3388671875,31.25,-294.921875,-11.5966796875
1.95361328125,-0.31298828125,-0.535400390625,17.9443359375,-250.3662109375,26.30615234375
2.164306640625,-0.3232421875,0.118896484375,-8.72802734375,-236.02294921875,30.3955078125
2.4012451171875,-0.110595703125,0.704833984375,-48.03466796875,-203.55224609375,6.40869140625
2.6328125,0.204833984375,1.5126953125,-44.921875,-180.17578125,-9.1552734375
2.8497314453125,0.2745361328125,1.306884765625,-43.212890625,-162.841796875,21.97265625
3.1414794921875,0.0064697265625,-0.0714111328125,-41.6259765625,-148.62060546875,2.38037109375
3.533203125,-0.59130859375,-0.426025390625,-33.75244140625,-130.615234375,0.18310546875
3.87109375,-0.2550048828125,1.1663818359375,-26.67236328125,-77.5146484375,6.4697265625
3.97998046875,0.4024658203125,2.6324462890625,-28.6865234375,-75.0732421875,4.5166015625
3.781982421875,0.401611328125,2.098876953125,-29.35791015625,-74.76806640625,-0.30517578125
2.9918212890625,0.3609619140625,1.952392578125,0.732421875,-72.08251953125,2.01416015625
1.2109375,0.5753173828125,1.7139892578125,-9.033203125,-71.96044921875,7.01904296875
-1.0008544921875,0.595458984375,1.646240234375,-9.33837890625,-76.5380859375,10.986328125
-2.522705078125,0.849853515625,1.626953125,-5.7373046875,-78.55224609375,13.12255859375
-2.26171875,-0.1007080078125,1.6766357421875,-14.34326171875,-76.66015625,14.2822265625
-0.3087158203125,-1.039306640625,1.3221435546875,-26.4892578125,-74.951171875,14.2822265625
1.354736328125,-0.88134765625,1.263427734375,-33.75244140625,-73.3642578125,9.27734375
1.58447265625,0.050537109375,1.2186279296875,-37.53662109375,-67.44384765625,7.01904296875
0.5689697265625,0.5233154296875,1.1845703125,-42.48046875,-61.21826171875,3.7841796875
0.560546875,-0.0509033203125,1.1201171875,-47.36328125,-52.55126953125,0.18310546875
0.5069580078125,0.2308349609375,1.0386962890625,-47.42431640625,-43.88427734375,-1.220703125
0.47314453125,0.22265625,0.990478515625,-43.45703125,-35.2783203125,-1.953125
0.5068359375,-0.1947021484375,0.9642333984375,-39.6728515625,-25.20751953125,-5.06591796875
0.4774169921875,-0.1951904296875,0.936279296875,-32.5927734375,-16.90673828125,-6.40869140625
0.315185546875,0.0509033203125,0.9720458984375,-22.94921875,-11.16943359375,-7.9345703125
0.202392578125,0.0196533203125,1.042724609375,-13.73291015625,-10.92529296875,-9.1552734375
0.1676025390625,-0.168701171875,1.073486328125,-5.92041015625,-10.986328125,-11.04736328125
0.192138671875,-0.22021484375,1.08251953125,-1.220703125,-10.8642578125,-14.6484375
0.1771240234375,-0.1751708984375,1.070556640625,-1.89208984375,-10.55908203125,-16.05224609375
0.122314453125,-0.19482421875,1.066650390625,-2.01416015625,-8.97216796875,-17.76123046875
0.1290283203125,-0.2196044921875,1.06884765625,-1.46484375,-8.36181640625,-17.76123046875
0.142822265625,-0.1834716796875,1.0391845703125,-0.67138671875,-9.521484375,-15.93017578125
0.1396484375,-0.189208984375,0.9969482421875,0.1220703125,-9.3994140625,-13.427734375
0.168701171875,-0.2176513671875,0.9766845703125,4.2724609375,-10.009765625,-10.498046875
0.2047119140625,-0.2059326171875,0.9783935546875,5.67626953125,-10.07080078125,-4.150390625
0.2276611328125,-0.2110595703125,0.9788818359375,7.080078125,-10.55908203125,-1.708984375
0.2586669921875,-0.234130859375,0.9654541015625,7.8125,-11.71875,-2.50244140625
0.2559814453125,-0.2286376953125,0.9530029296875,7.26318359375,-13.85498046875,-4.0283203125
0.2535400390625,-0.198486328125,0.9468994140625,6.16455078125,-11.5966796875,-5.92041015625
0.267333984375,-0.2164306640625,0.94677734375,4.45556640625,-12.20703125,-7.080078125
0.284912109375,-0.22119140625,0.9542236328125,-8.11767578125,-15.2587890625,-6.28662109375
0.2703857421875,-0.2227783203125,0.956787109375,-3.5400390625,-21.54541015625,-1.46484375
0.2308349609375,-0.2283935546875,0.9599609375,-1.953125,-21.05712890625,2.38037109375
0.232666015625,-0.23291015625,0.9620361328125,-0.732421875,-21.17919921875,-4.5166015625
0.23779296875,-0.2342529296875,0.946533203125,-1.03759765625,-27.34375,-17.27294921875
0.2412109375,-0.2252197265625,0.9652099609375,0.06103515625,-36.865234375,-19.1650390625
0.239013671875,-0.201171875,0.96826171875,-1.953125,-52.978515625,-25.93994140625
0.244140625,-0.1689453125,0.953369140625,-8.11767578125,-101.86767578125,-32.53173828125
0.2454833984375,-0.1534423828125,0.96435546875,-13.61083984375,-162.29248046875,-42.29736328125
0.255126953125,-0.1507568359375,0.97216796875,-16.4794921875,-191.2841796875,-56.57958984375
0.263916015625,-0.1663818359375,0.97802734375,-14.95361328125,-224.2431640625,-77.0263671875
0.261962890625,-0.187744140625,0.975830078125,-7.2021484375,-291.1376953125,-75.3173828125
0.2581787109375,-0.207275390625,0.995849609375,-7.4462890625,-334.89990234375,-82.1533203125
0.2421875,-0.2230224609375,1.1087646484375,-2.9296875,-376.953125,-104.3701171875
0.2662353515625,-0.2138671875,1.1766357421875,-0.244140625,-422.4853515625,-125.67138671875
0.281005859375,-0.20703125,1.18212890625,-15.13671875,-442.44384765625,-98.93798828125
0.260009765625,-0.1531982421875,1.2044677734375,-28.13720703125,-430.908203125,-102.11181640625
0.2479248046875,-0.1478271484375,1.1142578125,-51.513671875,-384.765625,-78.61328125
0.2318115234375,-0.1763916015625,1.1494140625,-57.06787109375,-297.119140625,-83.43505859375
0.217041015625,-0.285400390625,1.2490234375,-20.8740234375,-185.60791015625,-86.5478515625
0.1993408203125,-0.2174072265625,1.4739990234375,9.27734375,-35.09521484375,-60.4248046875
0.2218017578125,-0.1904296875,1.607177734375,179.99267578125,28.50341796875,-44.677734375
0.29296875,-0.278564453125,1.949462890625,216.4306640625,45.654296875,-27.03857421875
0.3116455078125,-0.262451171875,2.5760498046875,73.2421875,87.46337890625,-11.90185546875
0.2816162109375,-0.32666015625,2.939208984375,-10.55908203125,109.2529296875,-2.197265625
0.1783447265625,-0.4666748046875,2.748291015625,-24.0478515625,138.61083984375,3.90625
0.2491455078125,-0.1787109375,2.7755126953125,13.97705078125,169.12841796875,6.34765625
0.2122802734375,-0.0863037109375,3.533447265625,7.26318359375,192.7490234375,2.62451171875
-0.476318359375,-0.760986328125,3.91943359375,-2.44140625,210.3271484375,-3.11279296875
-0.1094970703125,-1.0155029296875,2.9716796875,-15.80810546875,224.06005859375,-5.43212890625
0.544189453125,-0.661376953125,1.72900390625,-27.64892578125,248.046875,-4.45556640625
1.0601806640625,-0.6844482421875,1.1656494140625,-34.66796875,267.578125,-2.3193359375
0.9361572265625,-0.119873046875,1.131103515625,-37.65869140625,281.55517578125,0.42724609375
0.711181640625,0.122802734375,1.1260986328125,-36.2548828125,288.02490234375,3.35693359375
0.533203125,-0.166748046875,1.0682373046875,-35.82763671875,294.921875,7.01904296875
0.0272216796875,-0.5435791015625,0.951904296875,-31.6162109375,302.18505859375,11.41357421875
1.014404296875,-0.6134033203125,0.85888671875,-28.86962890625,309.14306640625,16.6015625
1.089599609375,-0.511474609375,0.8353271484375,-26.06201171875,314.51416015625,23.8037109375
-0.463623046875,-0.4224853515625,0.9248046875,-25.32958984375,317.87109375,31.73828125
-1.162353515625,-0.3236083984375,0.9844970703125,-25.81787109375,318.05419921875,33.447265625
-1.0335693359375,-0.2425537109375,1.2679443359375,-27.2216796875,315.12451171875,41.1376953125
-0.890869140625,-0.1636962890625,1.3931884765625,-27.52685546875,311.70654296875,46.630859375
-0.7398681640625,-0.0765380859375,1.5079345703125,-30.57861328125,327.392578125,45.5322265625
-0.6319580078125,0.0799560546875,1.607666015625,-32.89794921875,330.62744140625,43.15185546875
-0.5572509765625,0.1436767578125,1.7000732421875,-29.78515625,333.0078125,48.40087890625
-0.4700927734375,0.2069091796875,1.7890625,-5.9814453125,325.01220703125,59.4482421875
-0.3651123046875,0.2113037109375,1.8865966796875,-5.43212890625,303.40576171875,66.10107421875
