0.276611328125,-0.2086181640625,0.958251953125,-0.244140625,-0.42724609375,0.0
0.2774658203125,-0.208984375,0.957763671875,-0.244140625,-0.42724609375,0.06103515625
0.2777099609375,-0.2093505859375,0.9571533203125,-0.18310546875,-0.3662109375,0.06103515625
0.2772216796875,-0.20947265625,0.9586181640625,-0.1220703125,-0.42724609375,0.06103515625
0.27685546875,-0.20947265625,0.95849609375,-0.1220703125,-0.42724609375,0.06103515625
0.2769775390625,-0.209228515625,0.957275390625,-0.18310546875,-0.42724609375,0.06103515625
0.27734375,-0.2083740234375,0.9571533203125,-0.244140625,-0.42724609375,0.06103515625
0.2774658203125,-0.208740234375,0.9580078125,-0.244140625,-0.3662109375,0.1220703125
0.27734375,-0.208740234375,0.95849609375,-0.18310546875,-0.3662109375,0.1220703125
0.275634765625,-0.208984375,0.9588623046875,-0.18310546875,-0.3662109375,0.1220703125
0.27587890625,-0.20947265625,0.9586181640625,-0.1220703125,-0.3662109375,0.06103515625
0.27734375,-0.2086181640625,0.9578857421875,-0.18310546875,-0.3662109375,0.06103515625
0.2762451171875,-0.2083740234375,0.9580078125,-0.18310546875,-0.42724609375,0.06103515625
0.276123046875,-0.208740234375,0.9576416015625,-0.18310546875,-0.42724609375,0.06103515625
0.2769775390625,-0.20849609375,0.9581298828125,-0.244140625,-0.42724609375,0.06103515625
0.27734375,-0.208251953125,0.95751953125,-0.244140625,-0.3662109375,0.0
0.277587890625,-0.209228515625,0.95751953125,-0.244140625,-0.3662109375,0.06103515625
0.2772216796875,-0.208740234375,0.958984375,-0.30517578125,-0.30517578125,0.06103515625
0.2767333984375,-0.2088623046875,0.958740234375,-0.30517578125,-0.3662109375,0.1220703125
0.276611328125,-0.2080078125,0.95849609375,-0.30517578125,-0.3662109375,0.18310546875
0.2769775390625,-0.20849609375,0.957763671875,-0.18310546875,-0.42724609375,0.06103515625
0.276611328125,-0.20849609375,0.956787109375,-0.244140625,-0.42724609375,0.06103515625
0.276611328125,-0.207763671875,0.9573974609375,-0.18310546875,-0.30517578125,0.06103515625
0.2762451171875,-0.20849609375,0.95849609375,-0.244140625,-0.48828125,0.06103515625
0.276123046875,-0.2091064453125,0.957763671875,-0.244140625,-0.3662109375,0.06103515625
0.276123046875,-0.208984375,0.9580078125,-0.42724609375,-0.30517578125,0.06103515625
0.276611328125,-0.208251953125,0.95849609375,-0.30517578125,-0.3662109375,0.1220703125
0.2764892578125,-0.2080078125,0.9573974609375,-0.3662109375,-0.30517578125,0.1220703125
0.27685546875,-0.209228515625,0.9573974609375,-0.30517578125,-0.30517578125,0.06103515625
0.27685546875,-0.2078857421875,0.958251953125,-0.30517578125,-0.3662109375,0.06103515625
0.275634765625,-0.2083740234375,0.957275390625,-0.244140625,-0.3662109375,0.06103515625
0.2769775390625,-0.2066650390625,0.9560546875,-0.30517578125,-0.30517578125,0.06103515625
0.2760009765625,-0.2095947265625,0.956298828125,-0.30517578125,-0.3662109375,0.0
0.2755126953125,-0.2103271484375,0.957275390625,-0.3662109375,-0.42724609375,0.06103515625
0.2762451171875,-0.209716796875,0.9576416015625,-0.244140625,-0.42724609375,0.06103515625
0.2774658203125,-0.2105712890625,0.95703125,-0.244140625,-0.42724609375,0.06103515625
0.27685546875,-0.2083740234375,0.9571533203125,-0.18310546875,-0.3662109375,0.1220703125
0.2777099609375,-0.208740234375,0.9573974609375,-0.18310546875,-0.30517578125,0.0
0.2786865234375,-0.20849609375,0.9578857421875,-0.18310546875,-0.30517578125,0.06103515625
0.2777099609375,-0.208251953125,0.956787109375,-0.18310546875,-0.3662109375,0.06103515625
0.277099609375,-0.2086181640625,0.9560546875,-0.30517578125,-0.3662109375,0.06103515625
0.277099609375,-0.2081298828125,0.957275390625,-0.30517578125,-0.42724609375,0.06103515625
0.276123046875,-0.20849609375,0.9580078125,-0.244140625,-0.3662109375,0.06103515625
0.2757568359375,-0.209716796875,0.9581298828125,-0.244140625,-0.42724609375,0.06103515625
0.275634765625,-0.20849609375,0.95849609375,-0.244140625,-0.42724609375,0.06103515625
0.27587890625,-0.2073974609375,0.9578857421875,-0.244140625,-0.48828125,0.06103515625
0.2760009765625,-0.207763671875,0.9576416015625,-0.244140625,-0.48828125,0.0
0.2760009765625,-0.20849609375,0.9578857421875,-0.244140625,-0.42724609375,0.06103515625
0.2764892578125,-0.208251953125,0.9583740234375,-0.30517578125,-0.3662109375,0.06103515625
0.27685546875,-0.208984375,0.95849609375,-0.30517578125,-0.3662109375,0.06103515625
0.27734375,-0.20947265625,0.9581298828125,-0.244140625,-0.3662109375,0.06103515625
0.27685546875,-0.208740234375,0.9573974609375,-0.18310546875,-0.3662109375,-0.06103515625
0.2760009765625,-0.208251953125,0.957275390625,-0.18310546875,-0.3662109375,-0.06103515625
0.275634765625,-0.2086181640625,0.957275390625,-0.244140625,-0.3662109375,-0.06103515625
0.276123046875,-0.2095947265625,0.9561767578125,-0.244140625,-0.30517578125,0.0
0.2764892578125,-0.210205078125,0.958251953125,-0.244140625,-0.30517578125,0.0
0.2762451171875,-0.2095947265625,0.95751953125,-0.244140625,-0.3662109375,0.0
0.2774658203125,-0.209716796875,0.957763671875,-0.18310546875,-0.3662109375,0.0
0.278076171875,-0.209228515625,0.9588623046875,-0.244140625,-0.3662109375,0.06103515625
0.2772216796875,-0.2081298828125,0.958251953125,-0.244140625,-0.42724609375,0.0
0.2769775390625,-0.2073974609375,0.9571533203125,-0.244140625,-0.42724609375,0.06103515625
0.274658203125,-0.2099609375,0.95751953125,-0.244140625,-0.30517578125,0.0
0.2750244140625,-0.2098388671875,0.959228515625,-0.18310546875,-0.244140625,0.0
0.2767333984375,-0.209716796875,0.959228515625,-0.18310546875,-0.244140625,0.0
0.2777099609375,-0.208740234375,0.9586181640625,-0.1220703125,-0.244140625,0.06103515625
0.277587890625,-0.208740234375,0.958251953125,-0.18310546875,-0.244140625,0.06103515625
0.27783203125,-0.2083740234375,0.9581298828125,-0.244140625,-0.244140625,0.1220703125
0.2767333984375,-0.2088623046875,0.9576416015625,-0.244140625,-0.244140625,0.244140625
0.276611328125,-0.209228515625,0.959228515625,-0.18310546875,-0.244140625,0.3662109375
0.2767333984375,-0.2093505859375,0.9588623046875,-0.1220703125,-0.244140625,0.54931640625
0.27685546875,-0.2099609375,0.957763671875,-0.18310546875,-0.244140625,0.6103515625
0.277587890625,-0.2086181640625,0.9569091796875,-0.244140625,-0.244140625,0.67138671875
0.2783203125,-0.2081298828125,0.95703125,-0.18310546875,-0.30517578125,0.732421875
0.277587890625,-0.2083740234375,0.9576416015625,-0.1220703125,-0.42724609375,0.6103515625
0.27587890625,-0.208740234375,0.957275390625,-0.1220703125,-0.3662109375,0.48828125
0.2762451171875,-0.2095947265625,0.958251953125,-0.30517578125,-0.42724609375,0.42724609375
0.2764892578125,-0.208740234375,0.959228515625,-0.54931640625,-0.42724609375,0.3662109375
0.2764892578125,-0.2081298828125,0.9588623046875,-0.48828125,-0.3662109375,0.244140625
0.2767333984375,-0.20654296875,0.9561767578125,-0.42724609375,-0.244140625,0.18310546875
0.27734375,-0.2060546875,0.95751953125,-0.30517578125,-0.244140625,0.18310546875
0.27734375,-0.20654296875,0.9581298828125,-0.244140625,-0.18310546875,0.244140625
0.276611328125,-0.204833984375,0.95849609375,-0.1220703125,-0.06103515625,0.244140625
0.276611328125,-0.2091064453125,0.958984375,-0.1220703125,0.0,0.30517578125
0.2767333984375,-0.20751953125,0.957275390625,-0.244140625,-0.06103515625,0.3662109375
0.27490234375,-0.21044921875,0.9581298828125,-0.18310546875,-0.1220703125,0.42724609375
0.2762451171875,-0.2103271484375,0.9598388671875,-0.06103515625,-0.06103515625,0.42724609375
0.2769775390625,-0.2127685546875,0.959716796875,0.06103515625,-0.1220703125,0.3662109375
0.2783203125,-0.21240234375,0.9578857421875,0.06103515625,-0.18310546875,0.3662109375
0.278076171875,-0.2120361328125,0.9573974609375,-0.06103515625,-0.18310546875,0.30517578125
0.277099609375,-0.2108154296875,0.9578857421875,-0.1220703125,-0.30517578125,0.244140625
0.27734375,-0.2105712890625,0.957763671875,-0.1220703125,-0.30517578125,0.244140625
0.2784423828125,-0.21044921875,0.957763671875,-0.1220703125,-0.244140625,0.18310546875
0.2772216796875,-0.2099609375,0.9583740234375,-0.1220703125,-0.18310546875,0.18310546875
0.27685546875,-0.210693359375,0.95947265625,0.06103515625,-0.1220703125,0.1220703125
0.2769775390625,-0.209228515625,0.9593505859375,-0.06103515625,-0.1220703125,0.1220703125
0.2763671875,-0.2073974609375,0.9580078125,-0.06103515625,-0.1220703125,0.0
0.2767333984375,-0.207275390625,0.9573974609375,-0.06103515625,-0.1220703125,0.06103515625
0.27734375,-0.20703125,0.95751953125,0.0,-0.06103515625,0.18310546875
0.27587890625,-0.2081298828125,0.9586181640625,0.06103515625,-0.1220703125,0.06103515625
0.2750244140625,-0.210205078125,0.958740234375,0.1220703125,-0.06103515625,-0.18310546875
0.2745361328125,-0.210205078125,0.957763671875,0.18310546875,0.0,-0.06103515625
0.274658203125,-0.210205078125,0.957275390625,0.244140625,-0.06103515625,-0.06103515625
0.27587890625,-0.209716796875,0.9588623046875,0.244140625,0.0,-0.6103515625
0.276611328125,-0.2098388671875,0.9598388671875,0.30517578125,0.54931640625,-0.244140625
0.2762451171875,-0.2103271484375,0.9591064453125,0.67138671875,0.9765625,-0.54931640625
0.2755126953125,-0.2091064453125,0.9600830078125,1.3427734375,1.77001953125,-0.6103515625
0.2755126953125,-0.208984375,0.957275390625,1.0986328125,1.52587890625,-0.42724609375
0.2747802734375,-0.2103271484375,0.9595947265625,1.5869140625,1.5869140625,-0.18310546875
0.2755126953125,-0.2099609375,0.9603271484375,1.953125,1.28173828125,-0.48828125
0.27685546875,-0.2091064453125,0.9586181640625,1.8310546875,0.732421875,-0.244140625
0.274658203125,-0.2056884765625,0.9615478515625,2.197265625,0.48828125,-0.67138671875
0.2763671875,-0.2105712890625,0.9622802734375,1.8310546875,-0.18310546875,-0.732421875
0.2750244140625,-0.2132568359375,0.9581298828125,0.79345703125,-0.54931640625,-0.6103515625
0.2757568359375,-0.2034912109375,0.964111328125,1.28173828125,-0.30517578125,-1.0986328125
0.27734375,-0.2108154296875,0.9571533203125,0.79345703125,-0.67138671875,-1.0986328125
0.27587890625,-0.2049560546875,0.956787109375,0.6103515625,-0.48828125,-0.9765625
0.28125,-0.2044677734375,0.9644775390625,0.91552734375,0.42724609375,-1.0986328125
0.279296875,-0.209228515625,0.9613037109375,0.54931640625,0.42724609375,-0.9765625
0.275146484375,-0.210205078125,0.958251953125,0.3662109375,0.1220703125,-0.8544921875
0.273193359375,-0.207763671875,0.961669921875,1.64794921875,0.48828125,-0.8544921875
0.26904296875,-0.20458984375,0.958251953125,1.89208984375,0.0,-0.8544921875
0.271240234375,-0.2060546875,0.9608154296875,1.46484375,-0.54931640625,-0.6103515625
0.27587890625,-0.2078857421875,0.962158203125,1.5869140625,-0.67138671875,-0.67138671875
0.2725830078125,-0.207275390625,0.964599609375,1.40380859375,-0.42724609375,-0.67138671875
0.269775390625,-0.203369140625,0.959716796875,1.220703125,-0.732421875,-0.6103515625
0.274658203125,-0.203857421875,0.9610595703125,1.28173828125,-1.15966796875,-0.6103515625
0.26953125,-0.2037353515625,0.9625244140625,0.91552734375,-1.03759765625,-0.67138671875
0.2725830078125,-0.198974609375,0.9609375,0.9765625,-0.67138671875,-0.732421875
0.2772216796875,-0.200927734375,0.9591064453125,0.48828125,-0.18310546875,-0.79345703125
0.27685546875,-0.2030029296875,0.957275390625,0.67138671875,0.79345703125,-0.91552734375
0.26904296875,-0.19580078125,0.9600830078125,0.54931640625,2.3193359375,-0.91552734375
0.272216796875,-0.1961669921875,0.9608154296875,1.46484375,1.89208984375,-1.03759765625
0.2735595703125,-0.1998291015625,0.96044921875,2.62451171875,2.44140625,-0.79345703125
0.2684326171875,-0.1962890625,0.96142578125,3.96728515625,2.38037109375,-0.8544921875
0.26806640625,-0.193603515625,0.9609375,4.33349609375,1.953125,-0.91552734375
0.2681884765625,-0.1983642578125,0.9654541015625,5.0048828125,2.685546875,-1.15966796875
0.271484375,-0.1973876953125,0.9708251953125,4.69970703125,3.7841796875,-0.91552734375
0.26953125,-0.1973876953125,0.9654541015625,4.57763671875,5.31005859375,-1.28173828125
0.2686767578125,-0.2000732421875,0.9625244140625,5.0048828125,6.65283203125,-1.5869140625
0.27294921875,-0.1983642578125,0.9632568359375,5.0048828125,8.1787109375,-1.5869140625
0.2755126953125,-0.20068359375,0.9583740234375,7.14111328125,9.27734375,-2.0751953125
0.2783203125,-0.19677734375,0.9722900390625,7.75146484375,10.07080078125,-2.13623046875
0.281005859375,-0.1961669921875,0.965576171875,8.30078125,11.3525390625,-2.13623046875
0.277587890625,-0.19091796875,0.969482421875,9.033203125,17.15087890625,-2.44140625
0.2713623046875,-0.1956787109375,0.978759765625,9.521484375,20.56884765625,-2.685546875
0.2730712890625,-0.1962890625,0.9713134765625,11.41357421875,29.1748046875,-3.2958984375
0.26904296875,-0.189453125,0.9747314453125,14.95361328125,32.5927734375,-4.45556640625
0.279296875,-0.1898193359375,0.978271484375,16.54052734375,35.46142578125,-6.9580078125
0.27587890625,-0.181884765625,0.983154296875,21.8505859375,36.07177734375,-8.60595703125
0.2769775390625,-0.177490234375,0.9967041015625,22.94921875,36.92626953125,4.150390625
0.28515625,-0.1807861328125,1.0068359375,23.193359375,36.68212890625,12.3291015625
0.26708984375,-0.1790771484375,1.007080078125,22.88818359375,34.60693359375,27.9541015625
0.2684326171875,-0.17822265625,1.02880859375,22.39990234375,20.263671875,35.33935546875
0.261962890625,-0.18359375,1.0289306640625,20.99609375,15.2587890625,36.9873046875
0.2625732421875,-0.1724853515625,1.0184326171875,18.49365234375,5.7373046875,48.4619140625
0.266845703125,-0.1612548828125,1.0137939453125,32.40966796875,-9.09423828125,54.5654296875
0.2763671875,-0.1683349609375,1.018310546875,44.37255859375,-9.3994140625,60.791015625
0.2841796875,-0.1910400390625,1.0235595703125,46.875,-5.859375,60.546875
0.2666015625,-0.1871337890625,1.0404052734375,30.57861328125,-4.39453125,58.28857421875
0.263427734375,-0.1561279296875,1.0771484375,21.66748046875,1.220703125,55.96923828125
0.253662109375,-0.1636962890625,1.1099853515625,9.8876953125,3.41796875,53.03955078125
0.230712890625,-0.200439453125,1.040283203125,6.16455078125,7.38525390625,49.25537109375
0.215087890625,-0.5108642578125,1.02587890625,3.23486328125,12.0849609375,45.41015625
0.197509765625,-0.4815673828125,1.0401611328125,0.06103515625,15.869140625,42.1142578125
0.1151123046875,-0.26513671875,1.059326171875,-2.86865234375,18.00537109375,39.61181640625
-0.0411376953125,-0.23828125,1.0355224609375,-5.18798828125,20.81298828125,37.41455078125
-0.0755615234375,-0.303466796875,1.0068359375,-6.65283203125,23.62060546875,35.2783203125
-0.16015625,-0.439453125,0.9976806640625,-6.103515625,26.2451171875,33.69140625
-0.264404296875,-0.4217529296875,1.01611328125,-3.41796875,28.4423828125,32.8369140625
-0.2908935546875,-0.2840576171875,1.0465087890625,-0.48828125,29.78515625,32.5927734375
-0.3968505859375,-0.2037353515625,1.0645751953125,1.52587890625,30.1513671875,33.0810546875
-0.4205322265625,-0.1572265625,1.075927734375,2.62451171875,29.84619140625,34.0576171875
-0.4151611328125,-0.1456298828125,1.1041259765625,3.5400390625,29.6630859375,35.46142578125
-0.40966796875,-0.141845703125,1.1334228515625,3.7841796875,29.052734375,37.2314453125
-0.384521484375,-0.1412353515625,1.142822265625,4.45556640625,28.076171875,39.4287109375
-0.35595703125,-0.145263671875,1.1337890625,5.0048828125,27.64892578125,41.015625
-0.3504638671875,-0.152099609375,1.1171875,4.33349609375,27.40478515625,42.17529296875
-0.3372802734375,-0.16162109375,1.0989990234375,2.50244140625,26.7333984375,42.78564453125
-0.3028564453125,-0.1761474609375,1.0858154296875,1.03759765625,26.18408203125,42.29736328125
-0.2763671875,-0.1956787109375,1.080810546875,0.67138671875,26.85546875,40.8935546875
-0.25634765625,-0.2147216796875,1.0693359375,0.48828125,31.982421875,37.78076171875
-0.24365234375,-0.2347412109375,1.06396484375,-1.15966796875,39.794921875,28.6865234375
-0.22998046875,-0.24951171875,1.0799560546875,-3.0517578125,48.095703125,15.93017578125
-0.2235107421875,-0.258544921875,1.1085205078125,-3.35693359375,55.17578125,8.97216796875
-0.21337890625,-0.2685546875,1.132568359375,-1.46484375,58.59375,2.62451171875
-0.197021484375,-0.2833251953125,1.14599609375,0.91552734375,57.373046875,-2.99072265625
-0.1865234375,-0.29736328125,1.1654052734375,4.150390625,51.69677734375,-7.75146484375
-0.1734619140625,-0.29541015625,1.1961669921875,-0.1220703125,42.8466796875,-11.53564453125
-0.1436767578125,-0.2767333984375,1.234619140625,-8.056640625,43.3349609375,-14.7705078125
-0.1080322265625,-0.25341796875,1.24853515625,-10.80322265625,48.40087890625,-16.6015625
-0.072265625,-0.2391357421875,1.2288818359375,-10.68115234375,46.5087890625,-9.33837890625
-0.025146484375,-0.2357177734375,1.10107421875,-14.892578125,39.48974609375,-6.2255859375
0.0374755859375,-0.2286376953125,0.970947265625,-21.17919921875,34.60693359375,-2.25830078125
0.1064453125,-0.2030029296875,0.9642333984375,-23.62060546875,38.330078125,1.46484375
0.16455078125,-0.104736328125,0.9420166015625,-21.728515625,40.771484375,4.150390625
0.2030029296875,-0.0699462890625,0.875244140625,-19.10400390625,43.88427734375,5.31005859375
0.2288818359375,-0.0792236328125,0.8660888671875,-23.3154296875,44.25048828125,6.16455078125
0.267333984375,-0.0926513671875,0.904052734375,-18.85986328125,41.6259765625,7.4462890625
0.28662109375,-0.0963134765625,0.9039306640625,-9.6435546875,35.15625,8.48388671875
0.2938232421875,-0.1087646484375,0.856689453125,-0.91552734375,24.84130859375,10.3759765625
0.316650390625,-0.129638671875,0.8270263671875,4.94384765625,15.93017578125,11.77978515625
0.3564453125,-0.14990234375,0.8729248046875,9.09423828125,11.53564453125,12.5732421875
0.370361328125,-0.1505126953125,0.860595703125,11.04736328125,6.16455078125,12.63427734375
0.36328125,-0.0433349609375,0.7960205078125,12.451171875,-2.50244140625,11.29150390625
0.36572265625,-0.11083984375,0.754638671875,12.87841796875,-12.0849609375,19.8974609375
0.3802490234375,-0.1207275390625,0.7564697265625,13.916015625,-20.08056640625,44.677734375
0.4200439453125,-0.06640625,0.7843017578125,15.13671875,-27.099609375,42.78564453125
0.4564208984375,0.00390625,0.7952880859375,16.17431640625,-41.44287109375,37.7197265625
0.45361328125,0.0545654296875,0.7833251953125,15.7470703125,-50.47607421875,25.146484375
0.412353515625,0.0794677734375,0.768798828125,11.71875,-43.3349609375,2.01416015625
0.388916015625,0.0809326171875,0.739501953125,22.8271484375,-46.5087890625,-18.1884765625
0.400146484375,0.071044921875,0.708984375,61.8896484375,-53.77197265625,-32.53173828125
0.41650390625,0.0611572265625,0.7203369140625,44.00634765625,-62.01171875,-25.81787109375
0.4420166015625,0.059326171875,0.7713623046875,15.93017578125,-66.162109375,-2.3193359375
0.45654296875,0.0689697265625,0.781494140625,14.0380859375,-66.34521484375,20.20263671875
0.4495849609375,0.0826416015625,0.8128662109375,-0.732421875,-60.302734375,25.81787109375
0.4403076171875,-0.0252685546875,0.9317626953125,-4.08935546875,-59.63134765625,10.25390625
0.4405517578125,-0.3038330078125,1.0836181640625,-7.26318359375,-64.94140625,-15.869140625
0.44970703125,-0.0543212890625,1.0775146484375,-13.85498046875,-63.78173828125,-26.2451171875
0.369384765625,0.513427734375,0.999755859375,-15.07568359375,-56.82373046875,-18.12744140625
0.2193603515625,0.4056396484375,1.0670166015625,-10.7421875,-55.0537109375,-7.38525390625
0.2388916015625,0.647705078125,1.2720947265625,0.30517578125,-57.43408203125,-6.34765625
0.0692138671875,0.816650390625,1.4576416015625,-1.0986328125,-54.01611328125,-9.46044921875
-0.3466796875,0.6300048828125,1.4144287109375,-6.65283203125,-41.80908203125,-9.09423828125
-0.7371826171875,0.199951171875,1.20654296875,-14.2822265625,-34.423828125,-4.638671875
-0.40673828125,-0.5069580078125,1.1077880859375,-20.263671875,-38.39111328125,-0.30517578125
0.0284423828125,-1.009765625,1.1644287109375,-24.7802734375,-50.72021484375,1.15966796875
0.2869873046875,-0.865478515625,1.2159423828125,-26.9775390625,-56.21337890625,3.41796875
0.3021240234375,-0.151611328125,1.1927490234375,-29.23583984375,-54.99267578125,5.9814453125
0.1339111328125,0.569091796875,1.1744384765625,-32.16552734375,-57.0068359375,4.08935546875
0.0152587890625,0.696533203125,1.170654296875,-35.0341796875,-59.5703125,4.150390625
0.052001953125,0.2017822265625,1.1376953125,-32.89794921875,-57.31201171875,3.84521484375
0.127685546875,-0.3843994140625,1.09033203125,-30.57861328125,-43.8232421875,2.99072265625
0.1820068359375,-0.478515625,1.0595703125,-27.587890625,-42.3583984375,2.74658203125
0.175537109375,-0.1693115234375,1.043212890625,-23.62060546875,-38.330078125,2.0751953125
0.1920166015625,-0.0103759765625,1.04736328125,-8.60595703125,-31.6162109375,1.5869140625
0.2698974609375,-0.17333984375,1.0653076171875,-6.16455078125,-21.484375,0.79345703125
0.2421875,-0.3153076171875,1.0858154296875,-2.9296875,-11.53564453125,0.67138671875
0.1539306640625,-0.2501220703125,1.0782470703125,-0.54931640625,-5.7373046875,1.15966796875
0.1468505859375,-0.14892578125,1.036865234375,0.732421875,-2.86865234375,0.91552734375
0.1629638671875,-0.1390380859375,1.0291748046875,0.42724609375,0.54931640625,0.91552734375
0.1427001953125,-0.1556396484375,1.0308837890625,-1.5869140625,2.8076171875,0.8544921875
0.137451171875,-0.137939453125,1.0318603515625,-4.8828125,0.67138671875,0.79345703125
0.1474609375,-0.15478515625,1.037841796875,-7.62939453125,-1.77001953125,0.91552734375
0.1658935546875,-0.162353515625,1.0230712890625,-8.9111328125,-5.859375,0.91552734375
0.1683349609375,-0.163330078125,1.001708984375,-10.07080078125,-9.58251953125,0.06103515625
0.18408203125,-0.1724853515625,1.0040283203125,-10.009765625,-12.75634765625,-1.8310546875
0.1953125,-0.17431640625,1.010009765625,-9.8876953125,-17.2119140625,-0.9765625
0.21337890625,-0.160400390625,0.9993896484375,-9.21630859375,-22.15576171875,-0.244140625
0.22802734375,-0.15234375,0.9788818359375,-8.36181640625,-30.8837890625,-0.6103515625
0.2215576171875,-0.1566162109375,0.9677734375,-7.568359375,-16.4794921875,-1.03759765625
0.196533203125,-0.1483154296875,0.9649658203125,-7.01904296875,-6.16455078125,-1.953125
0.197021484375,-0.1480712890625,0.973876953125,-1.03759765625,-5.43212890625,-2.44140625
0.21728515625,-0.150390625,0.9747314453125,-3.41796875,-9.1552734375,-1.708984375
0.2059326171875,-0.155517578125,0.96484375,-10.8642578125,-7.568359375,-1.28173828125
0.1705322265625,-0.1624755859375,0.951416015625,-13.36669921875,-5.92041015625,-0.6103515625
0.1644287109375,-0.170654296875,1.0341796875,-9.94873046875,-14.70947265625,-0.54931640625
0.1607666015625,-0.170654296875,0.9825439453125,-7.26318359375,-16.41845703125,-1.3427734375
0.1700439453125,-0.1583251953125,0.95947265625,-8.4228515625,-16.9677734375,-2.3193359375
0.1766357421875,-0.169677734375,1.0079345703125,-9.82666015625,-19.1650390625,-3.0517578125
0.1732177734375,-0.181396484375,0.986328125,-14.892578125,-22.52197265625,-2.01416015625
0.171875,-0.1590576171875,0.9351806640625,-18.1884765625,-24.59716796875,-2.44140625
0.2286376953125,-0.1597900390625,0.9376220703125,-20.32470703125,-25.634765625,-4.0283203125
0.254150390625,-0.1920166015625,0.9676513671875,-19.95849609375,-22.03369140625,-6.103515625
0.2215576171875,-0.18994140625,0.941162109375,-18.1884765625,-18.00537109375,-7.62939453125
0.21142578125,-0.1861572265625,0.9404296875,-15.56396484375,-16.90673828125,-8.85009765625
0.20849609375,-0.1905517578125,0.9552001953125,-7.50732421875,-16.4794921875,-11.3525390625
0.2000732421875,-0.1839599609375,0.969970703125,-5.55419921875,-16.845703125,-14.83154296875
0.1884765625,-0.183837890625,0.9759521484375,-3.35693359375,-18.49365234375,-17.9443359375
0.185791015625,-0.190185546875,0.9736328125,-1.0986328125,-20.20263671875,-23.01025390625
0.2025146484375,-0.20654296875,0.9774169921875,-0.3662109375,-20.99609375,-24.7802734375
0.2010498046875,-0.209228515625,0.9781494140625,-0.48828125,-21.05712890625,-39.306640625
0.1962890625,-0.208984375,0.9622802734375,-1.46484375,-26.85546875,-53.16162109375
0.204345703125,-0.2310791015625,0.96435546875,-2.9296875,-34.66796875,-59.9365234375
0.220458984375,-0.2362060546875,0.970947265625,-4.69970703125,-50.84228515625,-68.9697265625
0.234130859375,-0.2364501953125,0.980224609375,-14.46533203125,-78.369140625,-80.99365234375
0.26611328125,-0.2330322265625,0.9853515625,-18.310546875,-100.830078125,-96.13037109375
0.2642822265625,-0.2225341796875,0.98291015625,-27.28271484375,-185.72998046875,-112.3046875
0.240966796875,-0.2235107421875,0.9830322265625,-24.96337890625,-225.64697265625,-123.046875
0.2381591796875,-0.24169921875,1.0479736328125,-24.5361328125,-245.05615234375,-127.197265625
0.2471923828125,-0.26123046875,1.073974609375,-27.52685546875,-261.1083984375,-132.2021484375
0.250732421875,-0.2496337890625,1.1046142578125,-31.43310546875,-276.55029296875,-130.18798828125
0.261474609375,-0.2186279296875,1.1317138671875,-30.21240234375,-272.216796875,-78.79638671875
0.2701416015625,-0.2230224609375,1.1387939453125,-32.77587890625,-248.22998046875,-68.78662109375
0.2642822265625,-0.2630615234375,1.24169921875,-35.09521484375,-214.111328125,-59.5703125
0.288818359375,-0.2550048828125,1.1988525390625,-26.67236328125,-90.087890625,-55.84716796875
0.271240234375,-0.2769775390625,1.20654296875,-5.615234375,-22.76611328125,-44.00634765625
0.216552734375,-0.406982421875,1.432373046875,13.916015625,12.39013671875,-39.1845703125
0.18408203125,-0.4776611328125,1.755615234375,102.60009765625,45.22705078125,-34.11865234375
0.173095703125,-0.4517822265625,1.9013671875,82.58056640625,82.03125,-29.47998046875
0.221435546875,-0.3663330078125,1.8834228515625,48.27880859375,108.88671875,-27.64892578125
0.3614501953125,-0.519775390625,1.884033203125,44.98291015625,126.220703125,-28.13720703125
0.2705078125,-0.76953125,2.541015625,59.26513671875,139.892578125,-28.9306640625
0.239013671875,-0.69482421875,2.58056640625,61.767578125,150.57373046875,-29.052734375
0.3826904296875,-0.6334228515625,2.1971435546875,52.001953125,156.92138671875,-28.076171875
0.4451904296875,-0.887939453125,1.8106689453125,34.97314453125,161.56005859375,-27.64892578125
0.275146484375,-0.6649169921875,1.4759521484375,15.68603515625,167.48046875,-29.11376953125
0.211669921875,-0.840576171875,1.0736083984375,-0.8544921875,172.4853515625,-30.1513671875
-0.4708251953125,-1.0145263671875,0.7763671875,-10.25390625,178.40576171875,-30.57861328125
-0.6241455078125,-0.918212890625,0.6744384765625,-12.26806640625,187.31689453125,-29.35791015625
-0.8380126953125,-0.6646728515625,0.6806640625,-13.00048828125,194.091796875,-25.5126953125
-1.03173828125,-0.4208984375,0.749267578125,-17.2119140625,195.61767578125,-20.08056640625
-1.041015625,-0.26806640625,0.859619140625,-21.728515625,194.9462890625,-13.97705078125
-0.9979248046875,-0.210693359375,0.987060546875,-28.3203125,194.3359375,-7.99560546875
-0.9271240234375,-0.228759765625,1.099853515625,-34.1796875,196.35009765625,-0.18310546875
-0.7889404296875,-0.2705078125,1.217041015625,-39.61181640625,197.81494140625,9.94873046875
-0.637939453125,-0.2772216796875,1.3018798828125,-46.81396484375,195.61767578125,21.6064453125
-0.5057373046875,-0.230712890625,1.2945556640625,-55.72509765625,190.12451171875,33.75244140625
-0.4136962890625,-0.1571044921875,1.2337646484375,-66.5283203125,182.861328125,44.37255859375
-0.3399658203125,-0.110107421875,1.1883544921875,-75.98876953125,174.01123046875,53.03955078125
-0.284912109375,-0.085205078125,1.2061767578125,-83.3740234375,163.9404296875,60.05859375
-0.2177734375,-0.076904296875,1.2552490234375,-86.181640625,154.296875,72.1435546875
-0.12548828125,-0.08203125,1.3096923828125,-85.205078125,148.49853515625,76.47705078125
-0.0567626953125,-0.0736083984375,1.3548583984375,-82.275390625,144.22607421875,82.6416015625
-0.0301513671875,-0.0523681640625,1.355712890625,-77.7587890625,151.611328125,71.71630859375
-0.0113525390625,-0.0362548828125,1.3363037109375,-71.71630859375,158.0810546875,73.54736328125
0.019775390625,-0.0484619140625,1.3271484375,-62.01171875,135.009765625,79.89501953125
0.0479736328125,-0.086669921875,1.3228759765625,-56.396484375,93.20068359375,70.9228515625
0.0601806640625,-0.119873046875,1.36083984375,-62.5,140.56396484375,62.07275390625
0.0565185546875,-0.1241455078125,1.5068359375,-61.1572265625,204.40673828125,53.52783203125
0.0355224609375,-0.109130859375,1.73681640625,-27.099609375,196.77734375,46.630859375
0.0186767578125,-0.0811767578125,1.9200439453125,-32.53173828125,163.57421875,45.654296875
0.0169677734375,-0.0640869140625,1.908935546875,-60.302734375,149.71923828125,32.77587890625
0.0198974609375,-0.0699462890625,2.132568359375,-55.60302734375,151.7333984375,33.14208984375
0.0361328125,-0.017333984375,1.899169921875,-43.02978515625,150.390625,37.78076171875
0.085205078125,0.04736328125,1.427734375,-27.40478515625,46.630859375,36.56005859375
0.153076171875,-0.025634765625,1.6982421875,-7.8125,-8.1787109375,32.5927734375
0.2470703125,-0.0672607421875,2.0286865234375,5.43212890625,-34.48486328125,28.3203125
0.32373046875,0.1080322265625,1.9609375,-8.7890625,-63.4765625,20.08056640625
0.4014892578125,0.1856689453125,1.5712890625,-13.18359375,-109.55810546875,-59.38720703125
0.5716552734375,0.15478515625,1.16357421875,-4.7607421875,-94.54345703125,-42.90771484375
0.7646484375,0.134033203125,0.9219970703125,8.97216796875,-62.68310546875,-22.5830078125
0.8106689453125,0.0494384765625,0.179931640625,38.14697265625,-183.77685546875,-28.25927734375
0.8206787109375,-0.0513916015625,0.1170654296875,49.98779296875,-184.63134765625,-25.390625
0.972900390625,-0.1026611328125,0.2640380859375,48.27880859375,-167.78564453125,-3.60107421875
1.15673828125,0.147705078125,0.2611083984375,14.404296875,-167.78564453125,6.9580078125
1.310791015625,-0.024658203125,0.3992919921875,-15.44189453125,-178.40576171875,13.24462890625
1.5084228515625,-0.134521484375,1.0970458984375,-3.662109375,-171.81396484375,5.37109375
2.1513671875,-0.1878662109375,1.491455078125,3.47900390625,-158.14208984375,1.5869140625
2.01416015625,-0.0565185546875,0.5662841796875,10.19287109375,-132.2021484375,3.60107421875
1.8648681640625,0.093505859375,0.96484375,4.2724609375,-106.93359375,1.46484375
1.7083740234375,0.2835693359375,1.6998291015625,12.451171875,-91.796875,-2.3193359375
1.46337890625,0.5966796875,1.94970703125,3.0517578125,-84.16748046875,-5.18798828125
0.6416015625,0.0626220703125,1.8408203125,-10.31494140625,-70.1904296875,-6.16455078125
-0.841796875,-0.3280029296875,1.7947998046875,-18.06640625,-45.34912109375,-4.638671875
-1.4361572265625,-0.332275390625,1.7708740234375,-13.61083984375,-26.4892578125,-1.77001953125
0.5592041015625,-0.4180908203125,1.5936279296875,2.01416015625,-28.9306640625,0.6103515625
0.7001953125,-0.4910888671875,1.4517822265625,7.9345703125,-37.841796875,2.86865234375
0.345703125,-0.29736328125,1.411865234375,5.859375,-40.10009765625,3.60107421875
0.2608642578125,0.03662109375,1.396240234375,4.150390625,-35.15625,3.5400390625
0.4095458984375,0.112060546875,1.3275146484375,1.15966796875,-32.3486328125,2.86865234375
0.4906005859375,-0.088134765625,1.2093505859375,-6.53076171875,-34.66796875,2.01416015625
0.449951171875,-0.3565673828125,1.1849365234375,-16.11328125,-41.9921875,-0.30517578125
0.271240234375,-0.4246826171875,1.2271728515625,-22.94921875,-48.64501953125,-2.13623046875
0.19775390625,-0.272216796875,1.208984375,-24.2919921875,-46.875,-4.82177734375
0.2613525390625,-0.151123046875,1.132080078125,-22.4609375,-39.61181640625,-6.7138671875
0.3226318359375,-0.146484375,1.0543212890625,-19.53125,-31.18896484375,-8.6669921875
0.3070068359375,-0.1513671875,1.0615234375,-15.07568359375,-21.97265625,-10.92529296875
0.2005615234375,-0.12451171875,1.0859375,-11.65771484375,-17.27294921875,-9.70458984375
0.1240234375,-0.11181640625,1.04736328125,-5.9814453125,-13.48876953125,-7.080078125
0.1197509765625,-0.120849609375,1.011474609375,0.3662109375,-16.845703125,-4.8828125
0.120361328125,-0.1356201171875,0.9957275390625,5.43212890625,-25.0244140625,-3.41796875
0.1005859375,-0.1500244140625,0.9591064453125,6.8359375,-31.06689453125,-3.173828125
0.090576171875,-0.16357421875,0.957275390625,0.42724609375,-34.85107421875,-4.150390625
0.085205078125,-0.175537109375,0.963134765625,-11.23046875,-39.00146484375,-3.90625
0.064453125,-0.19189453125,0.9483642578125,-15.93017578125,-43.0908203125,-3.72314453125
0.0625,-0.2149658203125,0.9432373046875,-18.37158203125,-44.677734375,-3.90625
0.0946044921875,-0.2308349609375,0.971923828125,-19.83642578125,-42.41943359375,-5.9814453125
0.109619140625,-0.2274169921875,1.010009765625,-19.287109375,-39.85595703125,-2.44140625
0.1153564453125,-0.206787109375,0.9974365234375,-16.357421875,-38.39111328125,-0.3662109375
0.1240234375,-0.1846923828125,0.9984130859375,-11.53564453125,-39.48974609375,-1.8310546875
0.114990234375,-0.178466796875,0.9892578125,-7.6904296875,-23.8037109375,-5.37109375
0.10986328125,-0.196533203125,0.996337890625,-5.37109375,-26.9775390625,-6.89697265625
0.093505859375,-0.1944580078125,1.0157470703125,2.8076171875,-31.06689453125,-6.8359375
0.119873046875,-0.19970703125,1.0164794921875,-17.76123046875,-26.79443359375,-5.67626953125
0.112548828125,-0.1993408203125,0.997802734375,-22.03369140625,-21.42333984375,-2.5634765625
0.1170654296875,-0.202392578125,1.0281982421875,-14.404296875,-22.76611328125,-3.35693359375
0.138916015625,-0.2098388671875,0.993408203125,-8.48388671875,-27.7099609375,-4.7607421875
0.1492919921875,-0.210693359375,0.9107666015625,-6.9580078125,-20.81298828125,-6.04248046875
0.1658935546875,-0.2178955078125,0.9715576171875,-5.37109375,-20.01953125,-6.89697265625
0.1744384765625,-0.2108154296875,0.9737548828125,-4.08935546875,-21.05712890625,-8.11767578125
0.1768798828125,-0.189697265625,0.935302734375,-8.60595703125,-21.54541015625,-9.521484375
0.1875,-0.2174072265625,0.958251953125,-6.16455078125,-20.56884765625,-11.04736328125
0.1971435546875,-0.2435302734375,1.01416015625,-2.9296875,-19.71435546875,-13.0615234375
0.1954345703125,-0.2408447265625,1.0130615234375,-0.18310546875,-20.263671875,-16.29638671875
0.1844482421875,-0.2242431640625,0.9588623046875,1.708984375,-21.30126953125,-19.1650390625
0.19189453125,-0.2071533203125,0.9757080078125,3.11279296875,-22.39990234375,-22.52197265625
0.2047119140625,-0.2081298828125,0.97607421875,4.2724609375,-23.98681640625,-24.47509765625
0.2127685546875,-0.2403564453125,0.9677734375,4.5166015625,-26.55029296875,-24.96337890625
0.212646484375,-0.24658203125,0.9605712890625,3.0517578125,-30.517578125,-28.99169921875
0.2274169921875,-0.251953125,0.962158203125,1.0986328125,-36.31591796875,-35.09521484375
0.25830078125,-0.251220703125,0.9749755859375,-1.52587890625,-44.43359375,-39.794921875
0.251220703125,-0.2392578125,0.992431640625,-3.72314453125,-55.84716796875,-45.8984375
0.2508544921875,-0.235595703125,1.0074462890625,-5.43212890625,-71.47216796875,-53.28369140625
0.2562255859375,-0.242431640625,1.0120849609375,-8.4228515625,-86.36474609375,-52.91748046875
0.2572021484375,-0.2471923828125,1.0274658203125,-12.5732421875,-101.74560546875,-54.0771484375
0.2574462890625,-0.256591796875,1.0411376953125,-13.18359375,-121.76513671875,-65.12451171875
0.2706298828125,-0.2611083984375,1.047119140625,-12.20703125,-160.58349609375,-81.97021484375
0.278564453125,-0.2532958984375,1.07080078125,-11.1083984375,-206.23779296875,-99.7314453125
0.28857421875,-0.2392578125,1.091552734375,-9.09423828125,-243.65234375,-109.43603515625
0.3023681640625,-0.21728515625,1.1033935546875,-7.50732421875,-269.8974609375,-131.04248046875
0.289794921875,-0.219970703125,1.095458984375,-11.29150390625,-295.654296875,-137.02392578125
0.2796630859375,-0.2447509765625,1.0966796875,-13.916015625,-331.4208984375,-134.82666015625
0.2857666015625,-0.2528076171875,1.171630859375,-12.939453125,-355.89599609375,-118.95751953125
0.302734375,-0.242919921875,1.2708740234375,-15.44189453125,-332.03125,-89.29443359375
0.2630615234375,-0.2493896484375,1.24755859375,-33.38623046875,-282.89794921875,-53.77197265625
0.2269287109375,-0.238525390625,1.25439453125,-46.9970703125,-239.07470703125,-62.07275390625
0.2393798828125,-0.2215576171875,1.352783203125,-36.0107421875,-196.2890625,-57.92236328125
0.2259521484375,-0.3187255859375,1.4451904296875,10.92529296875,-113.22021484375,-58.28857421875
0.0953369140625,-0.438720703125,1.8182373046875,79.833984375,-31.67724609375,-54.13818359375
-0.0087890625,-0.4249267578125,2.13720703125,161.865234375,22.39990234375,-45.7763671875
0.2166748046875,-0.2657470703125,2.180908203125,228.45458984375,66.89453125,3.60107421875
0.24072265625,-0.486328125,2.2335205078125,132.87353515625,91.6748046875,19.775390625
-0.04296875,-0.93212890625,2.1024169921875,41.8701171875,108.09326171875,31.982421875
0.1746826171875,-0.8653564453125,2.1358642578125,10.6201171875,164.4287109375,38.4521484375
0.59521484375,-0.7645263671875,3.0946044921875,3.0517578125,180.2978515625,39.36767578125
0.540283203125,-0.9810791015625,3.6937255859375,1.03759765625,195.556640625,37.59765625
0.3341064453125,-1.0721435546875,2.7960205078125,6.34765625,208.55712890625,24.7802734375
0.358642578125,-0.7359619140625,1.7144775390625,5.126953125,216.552734375,20.263671875
0.2685546875,-0.596923828125,1.237548828125,3.2958984375,221.61865234375,17.63916015625
0.0208740234375,-0.61328125,1.0531005859375,-4.33349609375,227.294921875,16.4794921875
-0.186767578125,-0.5596923828125,0.9569091796875,-13.61083984375,228.8818359375,17.63916015625
-0.095947265625,-0.6607666015625,0.90869140625,-20.08056640625,232.60498046875,19.8974609375
-0.492431640625,-0.6871337890625,0.90234375,-17.88330078125,238.6474609375,23.86474609375
-1.151611328125,-0.6640625,0.9017333984375,-13.427734375,243.7744140625,27.9541015625
-1.1285400390625,-0.57080078125,0.8883056640625,-16.29638671875,243.408203125,32.71484375
-1.020751953125,-0.4591064453125,0.9014892578125,-27.099609375,235.41259765625,38.51318359375
-0.66943359375,-0.336669921875,1.2001953125,-42.05322265625,222.16796875,44.3115234375
-0.56640625,-0.21142578125,1.2745361328125,-54.3212890625,209.41162109375,50.84228515625
-0.42822265625,-0.11474609375,1.315185546875,-62.8662109375,196.6552734375,57.4951171875
-0.310546875,-0.1021728515625,1.322509765625,-69.7021484375,188.4765625,63.3544921875
-0.2249755859375,-0.0849609375,1.3184814453125,-69.88525390625,186.1572265625,62.1337890625
-0.1474609375,-0.0277099609375,1.3134765625,-62.3779296875,189.39208984375,61.34033203125
0.06298828125,0.019775390625,1.2734375,-54.0771484375,205.322265625,63.1103515625
0.11669921875,0.0167236328125,1.214111328125,-44.921875,213.2568359375,63.5986328125
0.166015625,-0.0313720703125,1.248779296875,-31.494140625,219.66552734375,66.2841796875
0.207763671875,-0.086669921875,1.4183349609375,-11.65771484375,221.5576171875,68.66455078125
0.2298583984375,-0.1282958984375,1.6707763671875,-13.427734375,221.6796875,71.59423828125
0.227294921875,-0.1617431640625,1.9569091796875,-18.85986328125,230.224609375,74.70703125
0.208251953125,-0.1971435546875,2.199462890625,-23.8037109375,229.79736328125,75.74462890625
0.199462890625,-0.240234375,2.34912109375,-23.98681640625,213.07373046875,71.6552734375
0.2198486328125,-0.2835693359375,2.310791015625,-41.015625,185.302734375,57.92236328125
0.254638671875,-0.3048095703125,2.247314453125,-56.82373046875,154.9072265625,37.41455078125
0.3046875,-0.1881103515625,2.218505859375,-58.10546875,123.6572265625,22.0947265625
0.3837890625,-0.1258544921875,2.0638427734375,-48.03466796875,94.23828125,17.578125
0.472900390625,-0.1456298828125,1.7755126953125,-35.33935546875,70.3125,20.8740234375
0.6256103515625,-0.2220458984375,1.581787109375,-25.57373046875,44.49462890625,27.89306640625
0.7371826171875,-0.154541015625,1.427001953125,-26.123046875,6.65283203125,40.71044921875
0.870849609375,0.045654296875,1.22998046875,-39.00146484375,-32.8369140625,11.53564453125
1.0006103515625,0.1087646484375,0.98828125,-50.72021484375,-59.38720703125,-22.94921875
1.1832275390625,0.001953125,0.6810302734375,-44.5556640625,-57.2509765625,-23.681640625
1.3623046875,-0.12451171875,0.381591796875,-26.2451171875,-41.44287109375,-42.66357421875
1.511474609375,-0.1500244140625,0.199951171875,-4.0283203125,-82.82470703125,-40.46630859375
1.658203125,-0.01025390625,0.091552734375,37.9638671875,-171.32568359375,-16.05224609375
1.810791015625,0.26416015625,0.0006103515625,10.498046875,-161.43798828125,9.3994140625
2.0345458984375,0.44091796875,-0.00537109375,6.77490234375,-187.3779296875,26.123046875
2.300048828125,0.307373046875,0.142822265625,-1.8310546875,-202.45361328125,17.2119140625
2.532958984375,0.013671875,1.3514404296875,-3.35693359375,-192.81005859375,0.732421875
2.710693359375,-0.193603515625,1.4385986328125,1.220703125,-154.35791015625,4.69970703125
2.7501220703125,-0.2559814453125,0.767333984375,6.9580078125,-117.12646484375,0.67138671875
2.5767822265625,-0.0345458984375,1.335693359375,11.53564453125,-107.5439453125,-3.96728515625
2.3438720703125,0.0972900390625,1.85888671875,-3.96728515625,-94.42138671875,-2.62451171875
2.1632080078125,0.2305908203125,2.0341796875,-14.95361328125,-62.5,3.41796875
-0.4268798828125,0.2655029296875,2.124755859375,-13.36669921875,-59.326171875,7.87353515625
-1.39501953125,0.1810302734375,1.910400390625,12.75634765625,-59.14306640625,10.009765625
-1.691650390625,-0.2373046875,1.538330078125,25.57373046875,-59.326171875,11.53564453125
0.233642578125,-0.69580078125,1.4891357421875,18.06640625,-64.94140625,11.65771484375
0.135009765625,-0.6329345703125,1.488525390625,5.79833984375,-76.2939453125,10.009765625
0.3829345703125,-0.0831298828125,1.3692626953125,-10.986328125,-89.78271484375,6.89697265625
0.5145263671875,0.2208251953125,1.2950439453125,-29.78515625,-99.91455078125,3.72314453125
0.5211181640625,0.068115234375,1.2218017578125,-45.7763671875,-96.74072265625,1.52587890625
0.4832763671875,-0.533935546875,1.128173828125,-55.35888671875,-70.00732421875,-2.86865234375
0.2745361328125,-0.068359375,1.0494384765625,-59.63134765625,-45.166015625,-5.615234375
0.1435546875,-0.0238037109375,1.021728515625,-59.5703125,-33.0810546875,-6.4697265625
0.2752685546875,-0.153076171875,1.0052490234375,-48.4619140625,-20.81298828125,-7.50732421875
0.2396240234375,-0.1995849609375,0.9556884765625,-28.38134765625,-7.01904296875,-7.01904296875
0.138671875,-0.1148681640625,0.9693603515625,-10.19287109375,-1.953125,-5.79833984375
0.1043701171875,-0.099853515625,1.1602783203125,-1.8310546875,-16.41845703125,-6.4697265625
0.1016845703125,-0.1768798828125,1.348876953125,1.15966796875,-22.8271484375,-7.01904296875
0.0958251953125,-0.203857421875,1.2742919921875,1.46484375,-42.41943359375,-8.4228515625
0.0714111328125,-0.1922607421875,1.076416015625,-8.6669921875,-48.64501953125,-8.7890625
0.0650634765625,-0.2344970703125,0.9735107421875,-14.7705078125,-50.78125,-12.75634765625
0.0897216796875,-0.2900390625,0.9498291015625,-19.4091796875,-47.2412109375,-10.55908203125
0.196044921875,-0.2574462890625,0.9541015625,-16.9677734375,-43.45703125,-12.51220703125
0.3515625,-0.2183837890625,0.916748046875,-12.75634765625,-35.58349609375,-10.92529296875
0.3077392578125,-0.2325439453125,0.916015625,-7.01904296875,-33.38623046875,-5.55419921875
0.179443359375,-0.236083984375,0.981201171875,-1.220703125,-31.25,-0.30517578125
0.1817626953125,-0.2449951171875,0.9874267578125,6.53076171875,-31.8603515625,2.44140625
0.193603515625,-0.2484130859375,0.985107421875,10.25390625,-24.4140625,1.89208984375
0.15234375,-0.2496337890625,0.9835205078125,10.25390625,-21.54541015625,0.3662109375
0.1259765625,-0.255126953125,0.988525390625,11.962890625,-25.0244140625,-0.54931640625
0.1256103515625,-0.2664794921875,0.946533203125,-0.1220703125,-26.0009765625,-1.28173828125
0.15380859375,-0.2718505859375,0.960205078125,-15.13671875,-17.76123046875,-2.38037109375
0.1580810546875,-0.2591552734375,0.9947509765625,-18.12744140625,-10.6201171875,-2.38037109375
0.183349609375,-0.281982421875,0.997314453125,-13.0615234375,-12.02392578125,-2.38037109375
0.2005615234375,-0.2877197265625,0.935546875,-6.8359375,-17.51708984375,-2.5634765625
0.217041015625,-0.219482421875,0.9410400390625,-4.08935546875,-18.24951171875,-3.41796875
0.22021484375,-0.1964111328125,0.9761962890625,-2.0751953125,-16.9677734375,-4.7607421875
0.242431640625,-0.1778564453125,0.9661865234375,-1.15966796875,-17.822265625,-5.06591796875
0.2225341796875,-0.2000732421875,0.9351806640625,-2.685546875,-20.263671875,-7.75146484375
0.268310546875,-0.2403564453125,0.9405517578125,-4.8828125,-23.5595703125,-8.544921875
0.294189453125,-0.26904296875,0.9700927734375,-5.37109375,-27.52685546875,-17.27294921875
0.2760009765625,-0.2626953125,0.97314453125,-3.96728515625,-34.1796875,-23.13232421875
0.25927734375,-0.2425537109375,0.9554443359375,-2.685546875,-41.80908203125,-28.99169921875
0.2908935546875,-0.2520751953125,0.9539794921875,-4.7607421875,-61.8896484375,-34.66796875
0.3182373046875,-0.256591796875,0.98193359375,-7.99560546875,-74.76806640625,-39.12353515625
0.2882080078125,-0.2520751953125,0.9998779296875,-11.23046875,-89.53857421875,-40.0390625
0.2568359375,-0.251220703125,1.0067138671875,-14.892578125,-104.67529296875,-35.82763671875
0.2684326171875,-0.2574462890625,1.0201416015625,-18.798828125,-119.62890625,-41.68701171875
0.2978515625,-0.267822265625,1.0264892578125,-17.02880859375,-144.53125,-50.10986328125
0.300537109375,-0.24609375,1.0250244140625,-15.31982421875,-192.56591796875,-72.08251953125
0.3067626953125,-0.2464599609375,1.037353515625,-15.31982421875,-238.34228515625,-80.9326171875
0.3125,-0.2572021484375,1.0721435546875,-15.380859375,-270.263671875,-90.2099609375
0.3013916015625,-0.244140625,1.068359375,-13.0615234375,-306.94580078125,-98.876953125
0.2911376953125,-0.2850341796875,1.06494140625,-18.12744140625,-344.54345703125,-95.27587890625
0.2965087890625,-0.2867431640625,1.0791015625,-18.61572265625,-377.86865234375,-73.486328125
0.2994384765625,-0.292724609375,1.23388671875,-26.7333984375,-359.2529296875,-65.91796875
0.2989501953125,-0.2894287109375,1.3179931640625,-36.07177734375,-306.82373046875,-75.0732421875
0.2303466796875,-0.3004150390625,1.227294921875,-45.5322265625,-266.66259765625,-100.89111328125
0.2667236328125,-0.2406005859375,1.3309326171875,-21.54541015625,-191.5283203125,-126.3427734375
0.3013916015625,-0.2735595703125,1.4375,21.1181640625,-27.77099609375,-134.46044921875
0.2239990234375,-0.3349609375,1.7364501953125,70.6787109375,0.54931640625,-124.1455078125
-0.15283203125,-0.33203125,2.2227783203125,159.0576171875,39.55078125,-102.4169921875
-0.016357421875,-0.265380859375,2.4412841796875,164.55078125,72.69287109375,-77.94189453125
0.1705322265625,-0.27294921875,2.4132080078125,44.98291015625,93.68896484375,-50.10986328125
0.0712890625,-0.64892578125,2.0867919921875,-10.68115234375,114.31884765625,-22.52197265625
0.17431640625,-0.8238525390625,2.76318359375,-14.7705078125,147.0947265625,0.42724609375
0.4544677734375,-0.72216796875,3.8375244140625,-1.46484375,180.5419921875,14.5263671875
0.763427734375,-0.883544921875,3.53759765625,-0.8544921875,208.80126953125,18.4326171875
0.542236328125,-0.2667236328125,2.307861328125,-1.220703125,229.3701171875,11.53564453125
0.29638671875,0.398681640625,1.53515625,-2.13623046875,244.56787109375,5.37109375
0.0791015625,0.1884765625,1.428466796875,-11.04736328125,253.5400390625,-2.25830078125
-0.67578125,-0.0618896484375,1.322265625,-19.10400390625,262.8173828125,-7.01904296875
-0.2476806640625,-0.5203857421875,1.349609375,-27.587890625,261.29150390625,-8.60595703125
-0.0775146484375,-0.794189453125,1.330322265625,-34.11865234375,257.14111328125,-8.23974609375
-1.2825927734375,-0.8297119140625,1.220703125,-40.34423828125,253.0517578125,-4.2724609375
-1.5413818359375,-0.9005126953125,1.1094970703125,-39.6728515625,251.8310546875,-0.18310546875
-1.444580078125,-0.824462890625,1.0491943359375,-32.53173828125,252.8076171875,3.84521484375
-1.347412109375,-0.6949462890625,1.035888671875,-24.71923828125,257.4462890625,8.85009765625
-1.10546875,-0.589599609375,1.1285400390625,-21.91162109375,257.9345703125,13.671875
-0.92578125,-0.429931640625,1.21240234375,-27.4658203125,251.8310546875,19.95849609375
-0.77587890625,-0.239501953125,1.2987060546875,-39.55078125,244.5068359375,29.11376953125
-0.579345703125,0.024169921875,1.376708984375,-51.94091796875,238.525390625,38.63525390625
-0.384521484375,0.056396484375,1.4407958984375,-60.6689453125,230.1025390625,49.01123046875
-0.2208251953125,0.0548095703125,1.477783203125,-63.90380859375,221.86279296875,65.7958984375
0.046875,0.0892333984375,1.5106201171875,-59.75341796875,213.9892578125,62.6220703125
0.1097412109375,0.1568603515625,1.5458984375,-45.654296875,214.111328125,62.744140625
0.14208984375,0.2252197265625,1.5550537109375,-28.80859375,209.5947265625,75.68359375
0.17431640625,0.2679443359375,1.5592041015625,-16.357421875,119.93408203125,77.81982421875
0.21875,0.2637939453125,1.6112060546875,-10.1318359375,189.88037109375,75.37841796875
0.26220703125,0.23486328125,1.7076416015625,-1.46484375,305.17578125,80.078125
0.28955078125,0.1806640625,1.838623046875,48.03466796875,321.533203125,83.67919921875
0.28515625,0.0859375,1.9942626953125,43.02978515625,252.197265625,82.3974609375
0.2620849609375,-0.03173828125,2.089111328125,-10.498046875,191.0400390625,75.1953125
0.25146484375,-0.130859375,2.7119140625,-37.17041015625,158.5693359375,61.8896484375
0.2469482421875,-0.1893310546875,2.7022705078125,-35.46142578125,144.95849609375,44.677734375
0.2469482421875,-0.22705078125,1.8035888671875,-32.53173828125,125.48828125,31.6162109375
0.28076171875,-0.322265625,1.6806640625,-21.484375,101.98974609375,26.4892578125
0.3624267578125,-0.339599609375,1.9881591796875,1.28173828125,80.56640625,30.8837890625
0.4844970703125,-0.1190185546875,1.9998779296875,20.6298828125,56.33544921875,47.42431640625
0.5614013671875,0.0869140625,1.6719970703125,23.74267578125,27.099609375,50.59814453125
0.845703125,0.0711669921875,1.2607421875,4.5166015625,0.3662109375,43.9453125
1.211669921875,-0.0313720703125,0.898193359375,-23.193359375,-26.18408203125,32.16552734375
1.25830078125,-0.136962890625,0.651123046875,-39.9169921875,-42.90771484375,-1.28173828125
1.205810546875,-0.2562255859375,0.5113525390625,-43.02978515625,-76.47705078125,-18.310546875
1.330078125,-0.3218994140625,0.417724609375,-19.1650390625,-44.00634765625,-18.06640625
1.596923828125,-0.2529296875,0.236328125,-7.99560546875,-95.703125,-11.71875
1.874755859375,-0.042724609375,0.0233154296875,-12.39013671875,-164.24560546875,-25.57373046875
2.1243896484375,0.1319580078125,-0.04150390625,12.0849609375,-207.6416015625,-48.64501953125
2.3131103515625,0.09912109375,0.3790283203125,-6.89697265625,-209.1064453125,-45.0439453125
2.51953125,-0.1036376953125,0.45263671875,-12.3291015625,-190.7958984375,-12.75634765625
2.697021484375,-0.328857421875,1.22998046875,-25.390625,-191.162109375,-10.68115234375
2.7298583984375,-0.5516357421875,1.6881103515625,-30.3955078125,-192.56591796875,-24.59716796875
2.62646484375,-0.376220703125,0.83740234375,-26.4892578125,-178.3447265625,-16.845703125
2.4498291015625,-0.3526611328125,0.136474609375,-27.77099609375,-139.46533203125,4.5166015625
2.0247802734375,-0.0472412109375,0.1734619140625,-18.798828125,-131.8359375,13.916015625
1.8612060546875,0.5155029296875,1.013671875,-19.287109375,-151.0009765625,5.18798828125
-0.02734375,0.451171875,2.0462646484375,-4.5166015625,-132.26318359375,1.52587890625
-1.1507568359375,0.4129638671875,2.271728515625,-5.0048828125,-88.31787109375,3.2958984375
-1.644287109375,0.4410400390625,2.0726318359375,-3.47900390625,-60.97412109375,1.0986328125
-0.84765625,0.4072265625,1.9334716796875,0.48828125,-66.2841796875,-3.90625
-0.02734375,0.048095703125,1.7039794921875,-7.01904296875,-77.81982421875,-4.94384765625
0.4847412109375,-0.6011962890625,1.610107421875,-17.7001953125,-83.251953125,3.41796875
0.4049072265625,-0.7762451171875,1.4886474609375,-18.06640625,-89.78271484375,11.3525390625
0.4342041015625,0.1688232421875,1.2938232421875,-7.99560546875,-98.876953125,14.404296875
0.5277099609375,0.030029296875,1.2349853515625,-7.32421875,-103.02734375,12.20703125
0.4188232421875,-0.465087890625,1.250732421875,-20.32470703125,-105.46875,5.859375
0.3828125,-0.5743408203125,1.2127685546875,-35.58349609375,-104.736328125,2.3193359375
0.2320556640625,-0.162109375,1.1358642578125,-48.27880859375,-83.80126953125,0.9765625
0.1846923828125,0.0858154296875,1.0478515625,-59.26513671875,-42.724609375,0.3662109375
0.282958984375,-0.1798095703125,1.030517578125,-63.65966796875,-33.935546875,-0.54931640625
0.2508544921875,-0.3839111328125,1.0445556640625,-48.9501953125,-31.005859375,-2.3193359375
0.1009521484375,-0.20703125,1.05224609375,-18.73779296875,-29.541015625,-2.9296875
0.0572509765625,-0.0633544921875,1.0882568359375,-12.3291015625,-25.87890625,-4.150390625
0.12158203125,-0.1182861328125,1.1630859375,-8.4228515625,-23.92578125,-3.72314453125
0.2357177734375,-0.1363525390625,1.2850341796875,-5.9814453125,-23.62060546875,-3.173828125
0.2418212890625,-0.1075439453125,0.96875,-7.6904296875,-19.4091796875,-4.0283203125
0.138427734375,-0.127197265625,0.9217529296875,-19.04296875,-14.5263671875,-6.2255859375
0.1175537109375,-0.166748046875,0.905029296875,-19.34814453125,-14.2822265625,-11.23046875
0.1563720703125,-0.2177734375,0.9293212890625,-18.310546875,-17.88330078125,-13.24462890625
0.19775390625,-0.23046875,0.9598388671875,-16.6015625,-22.39990234375,-13.671875
0.2862548828125,-0.27392578125,1.00244140625,-13.671875,-22.76611328125,-12.39013671875
0.1885986328125,-0.2686767578125,0.990966796875,-8.6669921875,-22.27783203125,-9.94873046875
0.1695556640625,-0.2484130859375,0.9886474609375,-1.5869140625,-21.78955078125,-6.9580078125
0.1795654296875,-0.2275390625,0.989013671875,9.521484375,-19.22607421875,-3.72314453125
0.192138671875,-0.245361328125,0.9801025390625,13.61083984375,-16.05224609375,-3.0517578125
0.2056884765625,-0.24560546875,0.9674072265625,16.41845703125,-12.939453125,-2.5634765625
0.219482421875,-0.25048828125,0.953369140625,15.07568359375,-15.625,-2.01416015625
0.2186279296875,-0.256591796875,0.938232421875,9.765625,-17.7001953125,-1.953125
0.2513427734375,-0.2713623046875,0.9327392578125,7.75146484375,-16.78466796875,-3.60107421875
0.2679443359375,-0.2855224609375,0.9495849609375,4.8828125,-14.34326171875,-5.92041015625
0.2415771484375,-0.2762451171875,0.9776611328125,2.685546875,-13.0615234375,-8.60595703125
0.2166748046875,-0.2799072265625,0.9793701171875,0.18310546875,-13.5498046875,-9.33837890625
0.21337890625,-0.249267578125,0.9837646484375,-1.5869140625,-13.00048828125,-9.46044921875
0.239501953125,-0.188232421875,0.979736328125,-2.9296875,-10.68115234375,-9.33837890625
0.24267578125,-0.175537109375,0.956787109375,-4.2724609375,-11.65771484375,-10.19287109375
0.2589111328125,-0.18017578125,0.94091796875,-5.06591796875,-14.6484375,-11.04736328125
0.281494140625,-0.18408203125,0.9449462890625,-6.591796875,-19.04296875,-13.48876953125
0.2943115234375,-0.2059326171875,0.94970703125,-6.89697265625,-24.96337890625,-17.7001953125
0.2835693359375,-0.2188720703125,0.9437255859375,-7.26318359375,-30.94482421875,-22.39990234375
0.262939453125,-0.2266845703125,0.9407958984375,-7.75146484375,-37.53662109375,-41.015625
0.25732421875,-0.236328125,0.958984375,-8.97216796875,-45.41015625,-47.05810546875
0.27685546875,-0.25537109375,0.9755859375,-10.92529296875,-57.18994140625,-46.2646484375
0.2987060546875,-0.26123046875,1.0030517578125,-12.87841796875,-108.2763671875,-53.40576171875
0.2880859375,-0.247314453125,1.028076171875,-15.7470703125,-128.84521484375,-66.83349609375
0.2728271484375,-0.2354736328125,1.0352783203125,-16.29638671875,-178.03955078125,-84.89990234375
0.2861328125,-0.2181396484375,1.032958984375,-17.15087890625,-229.736328125,-96.6796875
0.296875,-0.21630859375,1.03271484375,-15.07568359375,-268.85986328125,-98.08349609375
0.2923583984375,-0.22314453125,1.0511474609375,-13.12255859375,-303.40576171875,-110.53466796875
0.2882080078125,-0.2364501953125,1.07373046875,-15.07568359375,-336.36474609375,-111.81640625
0.29345703125,-0.2569580078125,1.0946044921875,-13.5498046875,-361.572265625,-100.7080078125
0.298095703125,-0.267333984375,1.18408203125,-7.99560546875,-372.86376953125,-78.4912109375
0.284912109375,-0.26513671875,1.28466796875,-9.033203125,-328.55224609375,-43.88427734375
0.2872314453125,-0.2783203125,1.2716064453125,-9.33837890625,-279.052734375,-60.24169921875
0.2628173828125,-0.26806640625,1.305908203125,5.126953125,-244.20166015625,-68.54248046875
0.239013671875,-0.3201904296875,1.3773193359375,33.0810546875,-126.64794921875,-78.67431640625
0.256103515625,-0.4564208984375,1.5343017578125,66.22314453125,-25.45166015625,-76.904296875
-0.0093994140625,-0.4349365234375,1.9835205078125,143.37158203125,16.845703125,-64.453125
0.0089111328125,-0.304443359375,2.470458984375,228.45458984375,54.74853515625,-44.0673828125
0.298583984375,-0.1763916015625,2.5008544921875,150.87890625,72.3876953125,-20.8740234375
-0.08251953125,-0.552978515625,2.212646484375,38.14697265625,82.33642578125,3.173828125
-0.0367431640625,-1.040283203125,2.093505859375,5.37109375,96.923828125,24.84130859375
0.281494140625,-0.7861328125,3.0311279296875,10.68115234375,120.30029296875,40.4052734375
0.5545654296875,-0.683837890625,3.9349365234375,15.2587890625,145.6298828125,49.560546875
0.85302734375,-0.8988037109375,3.093994140625,20.3857421875,166.8701171875,52.24609375
0.480712890625,-0.45703125,1.736328125,25.634765625,185.4248046875,49.6826171875
0.3038330078125,-0.1568603515625,1.1326904296875,23.98681640625,203.43017578125,44.921875
0.2393798828125,-0.323974609375,1.03125,20.08056640625,217.46826171875,38.87939453125
-0.3428955078125,-0.479736328125,1.0301513671875,16.9677734375,226.50146484375,32.71484375
0.0833740234375,-0.71923828125,1.083251953125,13.97705078125,232.421875,26.611328125
-0.1904296875,-0.8004150390625,1.0731201171875,9.1552734375,235.83984375,20.81298828125
-1.408447265625,-0.8358154296875,1.004638671875,7.87353515625,238.037109375,21.3623046875
-1.4091796875,-0.835693359375,0.9580078125,10.68115234375,238.34228515625,26.55029296875
-1.3182373046875,-0.7659912109375,0.9715576171875,15.2587890625,238.34228515625,34.3017578125
-1.189453125,-0.6893310546875,0.9869384765625,19.04296875,242.61474609375,42.1142578125
-1.0185546875,-0.5877685546875,0.998046875,18.49365234375,249.1455078125,48.33984375
-0.88671875,-0.4862060546875,1.0399169921875,11.962890625,252.86865234375,54.87060546875
-0.7579345703125,-0.416748046875,1.100830078125,-2.50244140625,250.0,56.5185546875
-0.59375,-0.3623046875,1.1588134765625,-21.78955078125,242.3095703125,58.04443359375
-0.4111328125,-0.322509765625,1.20947265625,-39.6728515625,223.9990234375,58.77685546875
-0.26708984375,-0.30078125,1.25048828125,-50.72021484375,218.26171875,57.55615234375
-0.1593017578125,-0.2869873046875,1.283203125,-58.4716796875,213.9892578125,53.16162109375
-0.062744140625,-0.2828369140625,1.3294677734375,-63.90380859375,213.5009765625,50.23193359375
0.005859375,-0.2694091796875,1.4080810546875,-54.62646484375,215.75927734375,39.85595703125
0.0653076171875,-0.255615234375,1.45556640625,-39.00146484375,223.388671875,37.109375
0.1365966796875,-0.2734375,1.427734375,-19.34814453125,208.6181640625,34.60693359375
0.2005615234375,-0.32421875,1.4923095703125,-5.615234375,216.24755859375,33.14208984375
0.2445068359375,-0.3631591796875,1.70361328125,-3.60107421875,242.67578125,36.376953125
0.2584228515625,-0.338623046875,1.981689453125,-2.197265625,253.0517578125,42.8466796875
0.2655029296875,-0.291015625,2.2061767578125,1.708984375,239.990234375,49.1943359375
0.2633056640625,-0.334716796875,2.2774658203125,-22.15576171875,222.65625,47.79052734375
0.2628173828125,-0.3890380859375,2.246337890625,-44.3115234375,199.40185546875,33.87451171875
0.3134765625,-0.401123046875,2.267822265625,-73.73046875,165.71044921875,15.13671875
0.3739013671875,-0.34619140625,2.2005615234375,-89.9658203125,128.90625,0.91552734375
0.44482421875,-0.1697998046875,2.079345703125,-79.833984375,98.69384765625,-2.0751953125
0.529052734375,-0.2073974609375,2.0059814453125,-54.8095703125,70.1904296875,5.37109375
0.5794677734375,-0.2567138671875,1.8587646484375,-33.447265625,35.33935546875,17.39501953125
0.69140625,-0.2255859375,1.6214599609375,-25.81787109375,-3.173828125,26.18408203125
0.7730712890625,-0.0146484375,1.34521484375,-28.80859375,-31.92138671875,43.3349609375
0.9217529296875,0.20068359375,0.989013671875,-31.494140625,-47.7294921875,52.30712890625
1.1038818359375,0.038818359375,0.634033203125,-22.4609375,-59.9365234375,15.93017578125
1.2869873046875,-0.241943359375,0.3486328125,-5.31005859375,-86.12060546875,-16.54052734375
1.443603515625,-0.279541015625,0.1165771484375,11.65771484375,-57.7392578125,-20.99609375
1.632080078125,-0.0228271484375,-0.041015625,17.88330078125,-46.5087890625,-15.869140625
1.8800048828125,0.2813720703125,-0.06494140625,39.48974609375,-115.3564453125,-13.427734375
2.1544189453125,0.410400390625,0.0496826171875,64.02587890625,-199.40185546875,-40.83251953125
2.5128173828125,0.302001953125,0.239990234375,35.64453125,-247.9248046875,-44.98291015625
2.8460693359375,0.0555419921875,0.39306640625,27.7099609375,-226.4404296875,-7.080078125
3.025390625,-0.160888671875,0.7100830078125,10.19287109375,-191.95556640625,24.2919921875
3.0216064453125,-0.2425537109375,1.2861328125,-19.10400390625,-196.6552734375,17.63916015625
2.879638671875,-0.290283203125,1.2835693359375,-19.04296875,-191.58935546875,-6.9580078125
2.6807861328125,-0.3131103515625,0.4598388671875,-26.79443359375,-172.607421875,-12.6953125
2.4642333984375,0.1402587890625,-0.068359375,-12.8173828125,-181.0302734375,6.103515625
2.13525390625,0.5589599609375,0.35009765625,1.220703125,-169.12841796875,18.1884765625
0.901611328125,0.7115478515625,1.6954345703125,8.6669921875,-135.19287109375,5.18798828125
-0.5130615234375,0.9111328125,2.672607421875,29.47998046875,-107.0556640625,-5.55419921875
-1.73828125,0.8570556640625,2.4273681640625,22.39990234375,-91.796875,-2.8076171875
-1.975341796875,0.7069091796875,2.048095703125,-0.67138671875,-88.5009765625,-2.86865234375
-0.6710205078125,0.192138671875,1.927490234375,-6.9580078125,-82.82470703125,-2.13623046875
0.51953125,-0.7449951171875,1.6788330078125,5.92041015625,-75.439453125,-4.57763671875
0.801513671875,-1.1953125,1.3433837890625,12.63427734375,-81.9091796875,9.1552734375
0.5760498046875,-0.6397705078125,1.2744140625,3.72314453125,-104.00390625,19.47021484375
0.5941162109375,0.30029296875,1.48876953125,-9.521484375,-118.22509765625,18.24951171875
0.583984375,0.533447265625,1.5965576171875,-27.52685546875,-125.48828125,17.7001953125
0.485107421875,-0.0726318359375,1.34765625,-52.734375,-129.0283203125,12.3291015625
0.3853759765625,-0.6478271484375,1.09912109375,-77.20947265625,-125.0,6.28662109375
0.2806396484375,-0.4146728515625,1.11767578125,-88.9892578125,-119.5068359375,0.3662109375
0.0726318359375,0.0924072265625,1.0972900390625,-90.39306640625,-94.6044921875,-5.7373046875
0.099365234375,0.0111083984375,1.04638671875,-83.984375,-66.650390625,-6.89697265625
0.3594970703125,-0.2352294921875,1.0802001953125,-66.34521484375,-45.166015625,-7.32421875
0.2767333984375,-0.1397705078125,1.087890625,-38.87939453125,-7.87353515625,-7.62939453125
0.1339111328125,0.0341796875,1.15478515625,-18.5546875,-1.46484375,-7.87353515625
0.2589111328125,-0.057373046875,1.173095703125,-2.74658203125,-0.9765625,-6.8359375
0.2745361328125,-0.2437744140625,1.189697265625,9.58251953125,-4.2724609375,-6.16455078125
0.1402587890625,-0.1844482421875,1.19677734375,13.00048828125,-6.7138671875,-5.7373046875
0.1400146484375,-0.1717529296875,1.048583984375,8.056640625,-7.32421875,-6.4697265625
0.1092529296875,-0.28515625,0.9449462890625,3.662109375,-7.8125,-7.8125
0.16650390625,-0.2921142578125,0.9102783203125,-1.5869140625,-10.986328125,-9.94873046875
0.2420654296875,-0.279541015625,0.925537109375,-9.27734375,-14.09912109375,-12.3291015625
0.241943359375,-0.294189453125,0.95263671875,-12.39013671875,-16.66259765625,-14.34326171875
0.325927734375,-0.317626953125,0.9783935546875,-12.0849609375,-18.12744140625,-15.2587890625
0.31298828125,-0.2703857421875,0.9857177734375,-8.6669921875,-17.7001953125,-8.60595703125
0.2677001953125,-0.2630615234375,0.9627685546875,-2.0751953125,-17.578125,-8.1787109375
0.2652587890625,-0.25048828125,0.9818115234375,5.31005859375,-17.7001953125,-5.0048828125
0.225341796875,-0.2406005859375,0.99365234375,12.02392578125,-12.14599609375,-4.150390625
0.2159423828125,-0.2254638671875,0.9779052734375,17.02880859375,-10.55908203125,-3.41796875
0.22509765625,-0.2200927734375,0.9610595703125,18.61572265625,-9.27734375,-4.150390625
0.2447509765625,-0.236572265625,0.9482421875,6.34765625,-11.77978515625,-4.08935546875
0.239013671875,-0.2547607421875,0.944091796875,4.57763671875,-13.12255859375,-4.7607421875
0.2520751953125,-0.2708740234375,0.94677734375,2.50244140625,-12.20703125,-6.4697265625
0.2506103515625,-0.27490234375,0.9552001953125,0.79345703125,-10.7421875,-8.544921875
0.2401123046875,-0.2685546875,0.946533203125,-1.77001953125,-11.474609375,-9.82666015625
0.2430419921875,-0.259033203125,0.9498291015625,-2.685546875,-13.48876953125,-9.8876953125
0.253662109375,-0.2479248046875,0.9566650390625,-4.2724609375,-13.73291015625,-8.7890625
0.25439453125,-0.1864013671875,0.9593505859375,-7.080078125,-12.20703125,-6.7138671875
0.256103515625,-0.188232421875,0.9403076171875,-9.8876953125,-13.24462890625,-11.16943359375
0.2801513671875,-0.202880859375,0.93359375,-10.43701171875,-18.6767578125,-15.44189453125
0.2913818359375,-0.2103271484375,0.9384765625,-8.97216796875,-26.55029296875,-23.13232421875
0.2744140625,-0.2293701171875,0.9434814453125,-6.8359375,-44.921875,-29.541015625
0.27197265625,-0.243896484375,0.9481201171875,-6.04248046875,-55.23681640625,-35.400390625
0.2642822265625,-0.237548828125,0.956298828125,-7.32421875,-69.3359375,-42.17529296875
0.2738037109375,-0.245361328125,0.972412109375,-15.13671875,-88.56201171875,-46.9970703125
0.2891845703125,-0.260986328125,1.00146484375,-18.73779296875,-110.3515625,-45.47119140625
0.287353515625,-0.2587890625,1.03662109375,-19.83642578125,-130.43212890625,-48.33984375
0.2747802734375,-0.2381591796875,1.060791015625,-18.49365234375,-159.48486328125,-69.7021484375
0.27392578125,-0.218505859375,1.0606689453125,-17.39501953125,-212.82958984375,-106.75048828125
0.283447265625,-0.19189453125,1.076171875,-18.00537109375,-264.0380859375,-115.1123046875
0.290283203125,-0.19384765625,1.1009521484375,-13.61083984375,-305.60302734375,-117.0654296875
0.291259765625,-0.2603759765625,1.1033935546875,-10.55908203125,-335.14404296875,-120.54443359375
0.282470703125,-0.262451171875,1.104248046875,-17.39501953125,-383.36181640625,-128.90625
0.277099609375,-0.2899169921875,1.126953125,-23.01025390625,-413.63525390625,-121.76513671875
0.2772216796875,-0.281005859375,1.2576904296875,-26.55029296875,-393.9208984375,-79.77294921875
0.2198486328125,-0.26806640625,1.3385009765625,-32.1044921875,-339.78271484375,-67.5048828125
0.2325439453125,-0.2752685546875,1.3048095703125,-33.935546875,-289.1845703125,-81.97021484375
0.2584228515625,-0.2257080078125,1.34423828125,-30.6396484375,-221.61865234375,-79.40673828125
0.2816162109375,-0.261474609375,1.41162109375,-11.16943359375,-97.16796875,-76.5380859375
0.1895751953125,-0.4063720703125,1.7738037109375,52.734375,-25.87890625,-51.26953125
-0.1268310546875,-0.4287109375,2.292724609375,168.02978515625,28.076171875,-32.1044921875
0.013916015625,-0.3966064453125,2.538330078125,213.19580078125,62.92724609375,-12.3291015625
0.175537109375,-0.394287109375,2.4918212890625,69.3359375,100.341796875,7.2021484375
-0.3006591796875,-0.70556640625,2.156005859375,5.4931640625,117.0654296875,23.86474609375
0.0950927734375,-0.8826904296875,2.5311279296875,-14.09912109375,138.85498046875,34.7900390625
0.7847900390625,-0.73876953125,3.5672607421875,13.97705078125,160.70556640625,38.63525390625
0.7501220703125,-0.898193359375,3.8681640625,16.29638671875,179.931640625,36.2548828125
0.564697265625,-0.8258056640625,2.828369140625,16.6015625,197.509765625,31.8603515625
0.4158935546875,-0.40869140625,1.5880126953125,11.16943359375,211.36474609375,24.84130859375
0.4429931640625,-0.3792724609375,1.0145263671875,4.39453125,222.96142578125,16.4794921875
-0.1170654296875,-0.5528564453125,0.885986328125,-2.38037109375,235.90087890625,8.544921875
0.1929931640625,-0.7064208984375,0.9117431640625,-7.62939453125,243.95751953125,2.01416015625
0.679443359375,-0.824462890625,0.9034423828125,-12.63427734375,247.13134765625,-1.64794921875
-0.6627197265625,-0.7591552734375,0.8841552734375,-17.9443359375,249.57275390625,0.42724609375
-1.4373779296875,-0.714599609375,0.8927001953125,-20.44677734375,255.2490234375,2.44140625
-1.1307373046875,-0.62353515625,0.9322509765625,-18.798828125,252.99072265625,8.4228515625
-1.063720703125,-0.5294189453125,0.9697265625,-12.20703125,258.11767578125,16.845703125
-0.9139404296875,-0.413330078125,1.004638671875,-7.14111328125,266.6015625,22.39990234375
-0.806396484375,-0.2833251953125,1.052978515625,-1.52587890625,275.20751953125,27.64892578125
-0.6871337890625,-0.1627197265625,1.11767578125,-6.4697265625,280.57861328125,32.04345703125
-0.5478515625,-0.0809326171875,1.1590576171875,-19.6533203125,275.81787109375,37.29248046875
-0.403564453125,-0.044677734375,1.25244140625,-36.7431640625,266.9677734375,41.44287109375
-0.2691650390625,-0.043701171875,1.36376953125,-53.7109375,262.14599609375,42.8466796875
-0.164794921875,-0.041748046875,1.4151611328125,-64.63623046875,261.3525390625,45.5322265625
-0.092529296875,-0.05126953125,1.4659423828125,-70.00732421875,255.79833984375,45.10498046875
-0.0325927734375,-0.0181884765625,1.52099609375,-63.8427734375,249.81689453125,17.08984375
0.0274658203125,0.0546875,1.599365234375,-47.05810546875,255.18798828125,24.10888671875
0.0628662109375,0.093017578125,1.6517333984375,-24.23095703125,167.1142578125,43.8232421875
0.0938720703125,0.138427734375,1.6767578125,-2.86865234375,128.72314453125,45.10498046875
0.140869140625,0.1585693359375,1.79638671875,5.43212890625,278.01513671875,60.48583984375
0.1722412109375,0.1583251953125,2.0233154296875,41.1376953125,398.92578125,83.984375
0.19677734375,0.1417236328125,2.261474609375,75.25634765625,358.5205078125,104.4921875
0.2008056640625,0.0845947265625,2.468505859375,22.94921875,268.798828125,104.91943359375
0.2076416015625,-0.0155029296875,2.77001953125,-41.56494140625,208.92333984375,79.65087890625
0.2440185546875,-0.1243896484375,3.136962890625,-70.61767578125,165.6494140625,39.73388671875
0.2926025390625,-0.1280517578125,2.5963134765625,-91.12548828125,131.40869140625,10.3759765625
0.3397216796875,0.0118408203125,1.752685546875,-88.7451171875,102.294921875,5.67626953125
0.4080810546875,-0.201904296875,1.984130859375,-57.9833984375,66.0400390625,18.61572265625
0.5523681640625,-0.3890380859375,2.3758544921875,-12.5732421875,11.5966796875,37.78076171875
0.7335205078125,-0.1436767578125,2.0823974609375,9.09423828125,-45.2880859375,52.67333984375
0.908935546875,-0.021484375,1.4735107421875,-2.38037109375,-81.1767578125,55.11474609375
1.294189453125,-0.000244140625,0.8504638671875,-32.2265625,-84.41162109375,15.380859375
1.6947021484375,-0.13232421875,0.3524169921875,-43.51806640625,-72.021484375,-30.21240234375
1.7650146484375,-0.3775634765625,0.0648193359375,-34.36279296875,-29.11376953125,-42.54150390625
1.803955078125,-0.48193359375,-0.2037353515625,-15.44189453125,-1.220703125,-14.892578125
2.048583984375,-0.238037109375,-0.4554443359375,6.9580078125,-66.10107421875,-4.150390625
2.3636474609375,0.2845458984375,-0.5247802734375,9.6435546875,-164.306640625,-35.94970703125
2.686767578125,0.65771484375,-0.3201904296875,-12.0849609375,-227.11181640625,-66.650390625
3.0823974609375,0.5762939453125,0.1199951171875,-1.3427734375,-222.65625,-57.06787109375
3.513671875,0.0908203125,0.5875244140625,-5.43212890625,-183.4716796875,-6.04248046875
3.7523193359375,-0.4007568359375,1.402587890625,-24.71923828125,-196.044921875,20.3857421875
3.6546630859375,-0.6546630859375,1.553466796875,-11.962890625,-214.78271484375,7.9345703125
3.3060302734375,-0.4222412109375,0.6357421875,-21.6064453125,-207.94677734375,-28.99169921875
2.881591796875,-0.0325927734375,0.03369140625,-17.9443359375,-189.0869140625,-8.36181640625
2.5159912109375,0.0540771484375,0.26416015625,-7.87353515625,-164.1845703125,2.86865234375
1.375,0.18310546875,1.281494140625,-4.57763671875,-155.21240234375,-10.25390625
-0.34375,0.4481201171875,2.10302734375,9.46044921875,-157.04345703125,-12.20703125
-1.7686767578125,0.451171875,2.22216796875,16.29638671875,-137.75634765625,2.13623046875
-1.9427490234375,0.67724609375,2.093505859375,15.56396484375,-108.94775390625,4.08935546875
-0.8204345703125,0.87939453125,1.95361328125,31.73828125,-99.30419921875,10.43701171875
0.2574462890625,0.1888427734375,1.8121337890625,22.76611328125,-118.1640625,11.65771484375
0.8031005859375,-0.93505859375,1.6651611328125,-16.4794921875,-118.71337890625,10.3759765625
0.5399169921875,-1.39306640625,1.7213134765625,-37.109375,-117.24853515625,4.2724609375
0.3466796875,-0.590576171875,1.7041015625,-42.96875,-108.5205078125,0.67138671875
0.4576416015625,0.4647216796875,1.2972412109375,-59.6923828125,-95.21484375,-1.15966796875
0.4503173828125,-0.4412841796875,1.0784912109375,-69.82421875,-77.69775390625,-1.89208984375
0.5191650390625,-0.7982177734375,1.1751708984375,-68.2373046875,-62.56103515625,-2.5634765625
0.470947265625,-0.1181640625,1.0704345703125,-54.6875,-47.4853515625,-2.8076171875
0.250732421875,0.2396240234375,1.0538330078125,-36.68212890625,-35.2783203125,-2.62451171875
0.491455078125,-0.2012939453125,1.115234375,-25.390625,-28.3203125,-3.72314453125
0.5101318359375,-0.0670166015625,1.1458740234375,-15.80810546875,-25.69580078125,-5.43212890625
0.2510986328125,-0.0711669921875,1.185302734375,-7.8125,-21.42333984375,-6.16455078125
0.1688232421875,-0.20849609375,1.176025390625,-3.47900390625,-16.17431640625,-6.4697265625
0.1767578125,-0.19287109375,1.0802001953125,-1.52587890625,-12.63427734375,-6.9580078125
0.1409912109375,-0.1680908203125,1.01904296875,-2.13623046875,-10.1318359375,-6.65283203125
0.2149658203125,-0.191162109375,0.9710693359375,-3.2958984375,-9.3994140625,-6.4697265625
0.234130859375,-0.2208251953125,0.951416015625,-2.99072265625,-9.521484375,-5.859375
0.2666015625,-0.2530517578125,0.9498291015625,-3.96728515625,-8.4228515625,-5.31005859375
0.31298828125,-0.2606201171875,0.9461669921875,-5.126953125,-7.38525390625,-5.55419921875
0.3253173828125,-0.2554931640625,0.940185546875,-7.9345703125,-6.2255859375,-6.65283203125
0.302734375,-0.2515869140625,0.935546875,-10.07080078125,-5.7373046875,-8.1787109375
0.2730712890625,-0.2532958984375,0.9381103515625,-11.77978515625,-5.92041015625,-9.70458984375
0.25537109375,-0.2650146484375,0.947509765625,-13.36669921875,-5.859375,-10.6201171875
0.255615234375,-0.258544921875,0.9644775390625,-12.20703125,-5.79833984375,-10.07080078125
0.2681884765625,-0.2415771484375,0.967041015625,-8.056640625,-6.65283203125,-8.7890625
0.2655029296875,-0.232421875,0.958251953125,-2.5634765625,-8.36181640625,-7.2021484375
0.2635498046875,-0.2261962890625,0.9600830078125,2.25830078125,-9.033203125,-5.859375
0.2681884765625,-0.22265625,0.9573974609375,6.4697265625,-9.521484375,-4.638671875
0.26513671875,-0.220703125,0.9498291015625,9.94873046875,-10.1318359375,-3.96728515625
0.287353515625,-0.22412109375,0.9442138671875,11.71875,-10.68115234375,-3.0517578125
0.30224609375,-0.235107421875,0.943603515625,11.8408203125,-11.53564453125,-2.8076171875
0.2921142578125,-0.2481689453125,0.9505615234375,10.68115234375,-12.20703125,-6.8359375
0.2974853515625,-0.2567138671875,0.9539794921875,8.85009765625,-12.0849609375,-7.01904296875
0.2989501953125,-0.2591552734375,0.946533203125,6.591796875,-11.90185546875,-5.9814453125
0.29248046875,-0.255126953125,0.94140625,4.2724609375,-11.8408203125,-6.34765625
0.2860107421875,-0.23583984375,0.9434814453125,-1.52587890625,-13.12255859375,-8.97216796875
0.28369140625,-0.217529296875,0.9473876953125,-4.57763671875,-15.9912109375,-22.15576171875
0.2835693359375,-0.21142578125,0.947265625,-5.92041015625,-22.216796875,-26.18408203125
0.285888671875,-0.2091064453125,0.943115234375,-4.94384765625,-30.8837890625,-34.912109375
0.2930908203125,-0.208984375,0.9468994140625,-5.43212890625,-54.13818359375,-33.14208984375
0.2991943359375,-0.20947265625,0.9615478515625,-7.4462890625,-68.78662109375,-34.85107421875
0.3048095703125,-0.2177734375,0.9891357421875,-10.1318359375,-105.89599609375,-37.29248046875
0.3038330078125,-0.2249755859375,1.00341796875,-13.48876953125,-144.22607421875,-44.0673828125
0.299072265625,-0.2342529296875,1.021484375,-11.53564453125,-190.36865234375,-66.10107421875
0.3011474609375,-0.2384033203125,1.0283203125,-9.94873046875,-224.853515625,-93.32275390625
0.3070068359375,-0.2076416015625,1.042724609375,-11.3525390625,-256.8359375,-100.28076171875
0.2955322265625,-0.2015380859375,1.060791015625,-8.30078125,-292.78564453125,-97.96142578125
0.3067626953125,-0.2208251953125,1.056884765625,-18.00537109375,-331.4208984375,-97.71728515625
0.3021240234375,-0.243408203125,1.1253662109375,-17.27294921875,-386.29150390625,-115.90576171875
0.2960205078125,-0.2672119140625,1.2498779296875,-22.8271484375,-430.23681640625,-116.39404296875
0.295166015625,-0.23388671875,1.2406005859375,-34.3017578125,-421.69189453125,-72.998046875
0.25537109375,-0.2376708984375,1.1663818359375,-39.97802734375,-371.76513671875,-76.72119140625
0.2742919921875,-0.242919921875,1.2974853515625,-47.79052734375,-298.583984375,-93.26171875
0.27392578125,-0.2471923828125,1.373291015625,-47.18017578125,-210.26611328125,-94.29931640625
0.1201171875,-0.33837890625,1.37744140625,-30.70068359375,-98.5107421875,-85.51025390625
0.015625,-0.426025390625,1.7442626953125,56.884765625,-22.0947265625,-66.22314453125
0.1737060546875,-0.4154052734375,2.2467041015625,195.86181640625,40.71044921875,-36.2548828125
0.2603759765625,-0.353271484375,2.45263671875,212.95166015625,72.57080078125,24.169921875
-0.0648193359375,-0.229248046875,2.486328125,64.3310546875,96.00830078125,49.072265625
-0.365478515625,-0.513427734375,2.3134765625,-7.99560546875,109.4970703125,66.71142578125
0.107666015625,-0.79931640625,2.530517578125,-28.9306640625,150.5126953125,75.98876953125
0.8350830078125,-0.822998046875,3.4647216796875,-13.36669921875,170.71533203125,76.0498046875
0.819091796875,-1.02197265625,3.9073486328125,-4.69970703125,187.744140625,70.556640625
0.4268798828125,-0.6883544921875,2.92236328125,8.30078125,202.5146484375,61.767578125
0.4442138671875,-0.0511474609375,1.7030029296875,5.2490234375,216.1865234375,48.33984375
0.6748046875,-0.135986328125,1.305908203125,1.220703125,229.79736328125,30.2734375
0.0830078125,-0.50732421875,1.11279296875,-1.52587890625,241.63818359375,9.46044921875
0.4481201171875,-0.8055419921875,0.882080078125,-3.662109375,252.50244140625,-11.16943359375
0.87451171875,-1.0478515625,0.795654296875,-2.62451171875,259.58251953125,-29.60205078125
-0.6202392578125,-1.064697265625,0.7462158203125,-0.732421875,262.451171875,-38.4521484375
-1.4063720703125,-0.868408203125,0.7718505859375,2.13623046875,263.671875,-40.10009765625
-1.1944580078125,-0.645751953125,0.845458984375,6.28662109375,262.3291015625,-35.64453125
-1.137451171875,-0.4830322265625,0.9234619140625,10.55908203125,264.22119140625,-25.32958984375
-0.9219970703125,-0.3470458984375,1.003662109375,15.07568359375,269.53125,-16.66259765625
-0.8310546875,-0.23046875,1.0682373046875,19.10400390625,278.74755859375,-9.6435546875
-0.6998291015625,-0.1265869140625,1.1082763671875,12.8173828125,286.7431640625,4.39453125
-0.560546875,-0.0340576171875,1.1368408203125,-3.0517578125,282.28759765625,11.29150390625
-0.43408203125,0.0570068359375,1.181640625,-23.193359375,267.15087890625,15.93017578125
-0.3150634765625,0.1478271484375,1.24560546875,-42.8466796875,240.478515625,31.67724609375
-0.1788330078125,0.2034912109375,1.320068359375,-54.6875,231.26220703125,12.451171875
-0.0274658203125,0.19580078125,1.40185546875,-61.34033203125,228.515625,9.033203125
0.0797119140625,0.16845703125,1.4749755859375,-28.74755859375,197.93701171875,53.40576171875
0.126708984375,0.1622314453125,1.5625,-8.544921875,99.7314453125,68.05419921875
0.1639404296875,0.14794921875,1.5987548828125,8.30078125,192.3828125,80.26123046875
0.2025146484375,0.1236572265625,1.5521240234375,19.53125,300.6591796875,79.1015625
0.2197265625,0.0848388671875,1.984375,80.56640625,222.5341796875,61.4013671875
0.2376708984375,0.0595703125,2.34912109375,50.4150390625,173.9501953125,30.09033203125
0.2611083984375,0.0706787109375,2.5177001953125,-78.4912109375,156.18896484375,2.62451171875
0.264892578125,-0.151611328125,3.123779296875,-73.66943359375,143.310546875,-14.46533203125
0.2618408203125,-0.2398681640625,3.03076171875,-58.77685546875,122.314453125,-13.916015625
0.2572021484375,-0.1951904296875,1.932861328125,-33.935546875,85.26611328125,-3.60107421875
0.391845703125,-0.294189453125,2.32666015625,-15.869140625,33.8134765625,1.3427734375
0.47607421875,-0.33740234375,1.8182373046875,-22.03369140625,-15.380859375,1.0986328125
0.620849609375,-0.0179443359375,1.2205810546875,-38.2080078125,-43.212890625,2.62451171875
0.6678466796875,-0.03662109375,0.7098388671875,-49.25537109375,-49.37744140625,-14.95361328125
0.982666015625,-0.1728515625,0.433837890625,-40.8935546875,-71.533203125,-42.54150390625
1.484375,-0.2510986328125,0.213623046875,-19.287109375,-25.81787109375,-26.0009765625
1.587158203125,-0.170166015625,-0.04052734375,-0.18310546875,5.43212890625,0.8544921875
1.8790283203125,0.14697265625,-0.25439453125,16.357421875,-82.1533203125,5.2490234375
2.193359375,0.514892578125,-0.34130859375,25.0244140625,-207.8857421875,-56.15234375
2.5570068359375,0.60546875,-0.1993408203125,15.56396484375,-276.91650390625,-30.3955078125
2.94287109375,0.36669921875,-0.0235595703125,13.5498046875,-235.2294921875,12.6953125
3.2947998046875,-0.0048828125,0.334716796875,7.87353515625,-193.2373046875,21.42333984375
3.428955078125,-0.27978515625,1.3045654296875,-1.28173828125,-195.98388671875,2.44140625
3.299560546875,-0.3404541015625,1.50048828125,-14.0380859375,-184.6923828125,-9.3994140625
3.0596923828125,-0.2313232421875,0.4686279296875,-3.173828125,-171.9970703125,14.2822265625
2.7987060546875,-0.152099609375,-0.1409912109375,-4.57763671875,-153.564453125,14.6484375
2.5728759765625,-0.208251953125,0.39599609375,-4.45556640625,-176.025390625,1.15966796875
1.513671875,-0.0855712890625,1.867431640625,5.0048828125,-175.78125,-3.5400390625
-0.17626953125,0.1280517578125,2.4676513671875,8.9111328125,-132.080078125,-5.79833984375
-1.9315185546875,0.42138671875,2.05419921875,24.23095703125,-94.29931640625,0.30517578125
-2.3819580078125,0.8516845703125,1.76220703125,32.5927734375,-98.7548828125,1.28173828125
