0.33349609375,-0.164794921875,0.9464111328125,-0.3662109375,-0.244140625,0.244140625
0.333251953125,-0.1651611328125,0.946533203125,-0.3662109375,-0.18310546875,0.244140625
0.333251953125,-0.164794921875,0.946044921875,-0.3662109375,-0.18310546875,0.244140625
0.333251953125,-0.1640625,0.946044921875,-0.3662109375,-0.18310546875,0.244140625
0.3333740234375,-0.1644287109375,0.9462890625,-0.30517578125,-0.244140625,0.244140625
0.33349609375,-0.16455078125,0.9466552734375,-0.3662109375,-0.244140625,0.18310546875
0.3338623046875,-0.1640625,0.9461669921875,-0.30517578125,-0.18310546875,0.1220703125
0.3328857421875,-0.164306640625,0.9462890625,-0.3662109375,-0.18310546875,0.18310546875
0.33251953125,-0.1651611328125,0.9462890625,-0.30517578125,-0.18310546875,0.18310546875
0.3328857421875,-0.1640625,0.94580078125,-0.30517578125,-0.1220703125,0.1220703125
0.3333740234375,-0.1639404296875,0.9461669921875,-0.30517578125,-0.1220703125,0.18310546875
0.3330078125,-0.16455078125,0.9468994140625,-0.30517578125,-0.06103515625,0.244140625
0.3319091796875,-0.1641845703125,0.9466552734375,-0.3662109375,-0.06103515625,0.244140625
0.332275390625,-0.1649169921875,0.9453125,-0.42724609375,-0.06103515625,0.244140625
0.331787109375,-0.16455078125,0.9456787109375,-0.42724609375,-0.06103515625,0.244140625
0.3306884765625,-0.164794921875,0.9461669921875,-0.3662109375,-0.1220703125,0.244140625
0.3314208984375,-0.1654052734375,0.94580078125,-0.48828125,-0.244140625,0.18310546875
0.3319091796875,-0.16552734375,0.946044921875,-0.48828125,-0.244140625,0.18310546875
0.3323974609375,-0.165283203125,0.94677734375,-0.48828125,-0.30517578125,0.18310546875
0.3326416015625,-0.1650390625,0.9471435546875,-0.54931640625,-0.30517578125,0.18310546875
0.332275390625,-0.164794921875,0.947021484375,-0.48828125,-0.30517578125,0.1220703125
0.331787109375,-0.1644287109375,0.946533203125,-0.48828125,-0.3662109375,0.1220703125
0.33154296875,-0.1644287109375,0.9462890625,-0.42724609375,-0.3662109375,0.1220703125
0.3316650390625,-0.16455078125,0.9466552734375,-0.42724609375,-0.3662109375,0.1220703125
0.3326416015625,-0.1646728515625,0.9464111328125,-0.42724609375,-0.3662109375,0.06103515625
0.3326416015625,-0.1650390625,0.9459228515625,-0.48828125,-0.42724609375,0.06103515625
0.332763671875,-0.1661376953125,0.946044921875,-0.42724609375,-0.54931640625,0.06103515625
0.3326416015625,-0.166015625,0.9464111328125,-0.3662109375,-0.54931640625,0.06103515625
0.33203125,-0.16552734375,0.9464111328125,-0.3662109375,-0.54931640625,0.06103515625
0.3309326171875,-0.16650390625,0.9461669921875,-0.3662109375,-0.54931640625,0.06103515625
0.329833984375,-0.1669921875,0.9459228515625,-0.3662109375,-0.6103515625,0.1220703125
0.33056640625,-0.1669921875,0.9464111328125,-0.30517578125,-0.54931640625,0.06103515625
0.3319091796875,-0.1668701171875,0.9462890625,-0.30517578125,-0.48828125,0.0
0.331298828125,-0.1669921875,0.9461669921875,-0.244140625,-0.42724609375,0.0
0.3306884765625,-0.16650390625,0.946533203125,-0.244140625,-0.42724609375,-0.06103515625
0.330322265625,-0.165771484375,0.9464111328125,-0.1220703125,-0.42724609375,0.0
0.33056640625,-0.166015625,0.9456787109375,-0.06103515625,-0.3662109375,0.06103515625
0.331298828125,-0.1658935546875,0.946044921875,0.0,-0.30517578125,0.06103515625
0.331787109375,-0.165771484375,0.946533203125,0.06103515625,-0.3662109375,0.1220703125
0.3310546875,-0.165283203125,0.9462890625,0.06103515625,-0.3662109375,0.06103515625
0.330322265625,-0.164794921875,0.9462890625,0.0,-0.42724609375,0.06103515625
0.33251953125,-0.16552734375,0.945556640625,-0.06103515625,-0.42724609375,0.06103515625
0.332763671875,-0.16650390625,0.94580078125,-0.1220703125,-0.42724609375,0.1220703125
0.3323974609375,-0.16650390625,0.9462890625,-0.244140625,-0.3662109375,0.06103515625
0.332763671875,-0.16552734375,0.9462890625,-0.30517578125,-0.42724609375,0.0
0.33251953125,-0.1650390625,0.9461669921875,-0.30517578125,-0.3662109375,0.0
0.331787109375,-0.1654052734375,0.946044921875,-0.30517578125,-0.3662109375,0.06103515625
0.3321533203125,-0.1649169921875,0.9456787109375,-0.3662109375,-0.30517578125,0.0
0.3314208984375,-0.1650390625,0.9459228515625,-0.3662109375,-0.30517578125,0.0
0.3316650390625,-0.1651611328125,0.9466552734375,-0.42724609375,-0.3662109375,0.06103515625
0.3328857421875,-0.1639404296875,0.9456787109375,-0.3662109375,-0.3662109375,0.06103515625
0.33251953125,-0.1658935546875,0.94677734375,-0.48828125,-0.42724609375,0.06103515625
0.3326416015625,-0.1644287109375,0.945556640625,-0.42724609375,-0.42724609375,0.1220703125
0.33203125,-0.165283203125,0.9461669921875,-0.3662109375,-0.42724609375,0.1220703125
0.3323974609375,-0.1646728515625,0.9468994140625,-0.42724609375,-0.3662109375,0.1220703125
0.331787109375,-0.16455078125,0.9459228515625,-0.42724609375,-0.18310546875,0.1220703125
0.3328857421875,-0.166259765625,0.94775390625,-0.42724609375,-0.1220703125,0.1220703125
0.3321533203125,-0.1656494140625,0.947998046875,-0.3662109375,-0.1220703125,0.1220703125
0.330810546875,-0.165283203125,0.9459228515625,-0.30517578125,-0.1220703125,0.1220703125
0.331298828125,-0.1654052734375,0.9466552734375,-0.3662109375,-0.18310546875,0.18310546875
0.3311767578125,-0.166259765625,0.9466552734375,-0.3662109375,-0.18310546875,0.244140625
0.3331298828125,-0.1650390625,0.9461669921875,-0.42724609375,-0.244140625,0.18310546875
0.331787109375,-0.1654052734375,0.9459228515625,-0.48828125,-0.30517578125,0.30517578125
0.3319091796875,-0.1663818359375,0.94580078125,-0.42724609375,-0.30517578125,0.30517578125
0.3333740234375,-0.1656494140625,0.945556640625,-0.54931640625,-0.30517578125,0.30517578125
0.3323974609375,-0.1651611328125,0.9456787109375,-0.6103515625,-0.3662109375,-1.40380859375
0.332763671875,-0.1666259765625,0.9462890625,-0.6103515625,-0.42724609375,-1.708984375
0.33203125,-0.166015625,0.9459228515625,-0.732421875,0.9765625,3.72314453125
0.3323974609375,-0.166015625,0.9476318359375,-0.732421875,0.91552734375,5.37109375
0.331787109375,-0.165283203125,0.94775390625,-0.732421875,2.3193359375,7.2021484375
0.3319091796875,-0.1650390625,0.944580078125,-2.74658203125,3.41796875,8.6669921875
0.331787109375,-0.1658935546875,0.946533203125,-11.16943359375,6.7138671875,9.09423828125
0.331787109375,-0.1658935546875,0.948486328125,-23.01025390625,15.869140625,8.23974609375
0.3316650390625,-0.1658935546875,0.9473876953125,-28.50341796875,26.91650390625,8.1787109375
0.3321533203125,-0.1658935546875,0.982421875,-35.0341796875,44.86083984375,8.11767578125
0.3326416015625,-0.1654052734375,1.0050048828125,-33.75244140625,55.6640625,3.662109375
0.3321533203125,-0.16650390625,0.9716796875,-33.87451171875,57.12890625,-2.25830078125
0.3314208984375,-0.166748046875,1.0340576171875,-26.0009765625,58.349609375,-2.9296875
0.33154296875,-0.1624755859375,1.105712890625,-18.5546875,52.42919921875,-2.25830078125
0.3330078125,-0.1473388671875,1.12841796875,-14.83154296875,47.54638671875,-2.5634765625
0.3330078125,-0.1439208984375,1.1982421875,10.31494140625,41.68701171875,-2.74658203125
0.3468017578125,-0.15087890625,1.2322998046875,22.705078125,35.33935546875,-3.173828125
0.33984375,-0.1690673828125,1.064697265625,27.52685546875,29.35791015625,-2.44140625
0.340576171875,-0.18994140625,0.9423828125,28.99169921875,15.44189453125,-2.38037109375
0.3775634765625,-0.2283935546875,0.8494873046875,27.77099609375,9.94873046875,-3.7841796875
0.432373046875,-0.2359619140625,0.8055419921875,25.20751953125,4.39453125,-5.06591796875
0.453369140625,-0.1981201171875,0.812255859375,22.94921875,-3.90625,-5.2490234375
0.4869384765625,-0.2449951171875,0.8092041015625,23.74267578125,-6.89697265625,-4.2724609375
0.5316162109375,-0.2662353515625,0.8350830078125,25.390625,-15.2587890625,-3.60107421875
0.4598388671875,-0.26513671875,0.8780517578125,30.6396484375,-19.8974609375,-4.8828125
0.35009765625,-0.305908203125,0.8790283203125,33.447265625,-24.84130859375,-5.4931640625
0.2613525390625,-0.2677001953125,0.8802490234375,34.48486328125,-23.193359375,-13.61083984375
0.152099609375,-0.204833984375,0.876708984375,32.71484375,-24.96337890625,-25.5126953125
0.15380859375,-0.1573486328125,0.8997802734375,30.3955078125,-22.52197265625,-34.66796875
0.1558837890625,-0.1798095703125,0.9122314453125,30.70068359375,-25.634765625,-32.40966796875
0.154052734375,-0.1817626953125,0.9505615234375,27.4658203125,-21.42333984375,-27.16064453125
0.150146484375,-0.1693115234375,0.9755859375,31.55517578125,-14.6484375,-20.69091796875
0.13720703125,-0.153076171875,1.1048583984375,31.1279296875,-9.3994140625,-9.82666015625
0.12548828125,-0.1734619140625,1.1439208984375,2.44140625,-7.080078125,-4.7607421875
0.1259765625,-0.247314453125,1.2568359375,2.685546875,-8.056640625,1.52587890625
0.1376953125,-0.2611083984375,1.446044921875,10.009765625,-5.06591796875,17.63916015625
0.1395263671875,-0.1754150390625,1.480224609375,15.13671875,2.01416015625,26.3671875
0.125,-0.0733642578125,1.4384765625,6.04248046875,28.74755859375,33.99658203125
0.1217041015625,-0.063232421875,1.3385009765625,-5.0048828125,43.45703125,40.0390625
0.19287109375,-0.113037109375,1.1842041015625,-11.90185546875,56.09130859375,44.0673828125
0.2042236328125,0.02001953125,1.04443359375,-17.2119140625,64.39208984375,46.08154296875
-0.122802734375,-0.2093505859375,0.998291015625,-19.04296875,68.42041015625,43.02978515625
-0.387939453125,-0.4600830078125,1.0406494140625,-19.71435546875,70.3125,39.0625
-0.3612060546875,-0.5435791015625,1.1436767578125,-19.8974609375,70.3125,33.38623046875
-0.4256591796875,-0.474853515625,1.38916015625,-18.98193359375,66.7724609375,27.2216796875
-0.54296875,-0.3858642578125,1.410400390625,-16.05224609375,62.8662109375,21.17919921875
-0.6429443359375,-0.3240966796875,1.34716796875,-6.2255859375,59.814453125,14.892578125
-0.718017578125,-0.3216552734375,1.249755859375,1.28173828125,61.21826171875,8.48388671875
-0.7745361328125,-0.27490234375,1.1640625,5.9814453125,65.185546875,2.8076171875
-0.7872314453125,-0.2274169921875,1.1141357421875,8.11767578125,68.603515625,-2.685546875
-0.7520751953125,-0.1568603515625,1.1300048828125,10.55908203125,70.25146484375,-2.74658203125
-0.6004638671875,-0.0811767578125,1.162353515625,12.20703125,69.76318359375,-1.40380859375
-0.5308837890625,-0.008056640625,1.1861572265625,12.0849609375,66.58935546875,0.732421875
-0.471435546875,0.05712890625,1.222900390625,10.986328125,62.68310546875,2.9296875
-0.4158935546875,0.1229248046875,1.2738037109375,9.27734375,60.6689453125,5.31005859375
-0.3504638671875,0.1304931640625,1.3126220703125,9.46044921875,60.72998046875,5.4931640625
-0.268798828125,0.15185546875,1.3223876953125,11.23046875,64.51416015625,6.4697265625
-0.1285400390625,0.1778564453125,1.28466796875,14.404296875,66.58935546875,15.625
-0.0645751953125,0.19091796875,1.1185302734375,19.287109375,69.39697265625,19.287109375
-0.006103515625,0.181396484375,1.0482177734375,28.3203125,60.24169921875,22.5830078125
0.0684814453125,0.1513671875,1.020751953125,29.052734375,47.18017578125,25.634765625
0.166748046875,0.1187744140625,1.036865234375,25.146484375,32.77587890625,28.25927734375
0.2445068359375,0.0533447265625,1.0634765625,15.0146484375,19.287109375,29.78515625
0.2869873046875,0.0098876953125,1.0601806640625,16.78466796875,8.11767578125,31.005859375
0.310791015625,-0.02880859375,1.03515625,19.53125,0.18310546875,30.21240234375
0.3270263671875,-0.05712890625,0.9844970703125,22.27783203125,-5.55419921875,27.587890625
0.34033203125,-0.0745849609375,0.738525390625,24.90234375,-9.521484375,-3.72314453125
0.37939453125,-0.0767822265625,0.4609375,26.123046875,-19.10400390625,-6.8359375
0.4432373046875,-0.05712890625,0.417724609375,23.4375,-58.53271484375,-25.57373046875
0.5032958984375,-0.0455322265625,0.4324951171875,21.54541015625,-51.33056640625,-27.89306640625
0.5906982421875,-0.101318359375,0.482421875,22.5830078125,-41.56494140625,-20.3857421875
0.629638671875,-0.165283203125,0.562255859375,-47.42431640625,-49.74365234375,-7.87353515625
0.6591796875,-0.1676025390625,0.6756591796875,-5.79833984375,-66.46728515625,0.48828125
0.623291015625,-0.1632080078125,0.603271484375,-10.07080078125,-80.62744140625,-1.77001953125
0.572998046875,-0.1658935546875,0.428466796875,-22.0947265625,-89.7216796875,-8.9111328125
0.6036376953125,-0.1650390625,0.463623046875,-27.83203125,-102.35595703125,-15.07568359375
0.659912109375,-0.1513671875,1.1248779296875,-31.1279296875,-112.12158203125,-13.85498046875
0.734375,-0.171875,1.3131103515625,-49.62158203125,-105.8349609375,-2.44140625
0.826171875,-0.0682373046875,0.8927001953125,-63.1103515625,-93.505859375,5.31005859375
0.9866943359375,-0.029296875,0.60009765625,-69.9462890625,-85.02197265625,-6.591796875
0.986572265625,-0.5111083984375,0.80224609375,-60.36376953125,-78.2470703125,7.568359375
0.9246826171875,-0.076171875,1.0682373046875,-45.654296875,-67.44384765625,6.65283203125
0.7342529296875,-0.159912109375,1.1773681640625,-35.64453125,-20.01953125,6.103515625
0.0562744140625,-0.2039794921875,1.3275146484375,-31.982421875,-20.81298828125,6.89697265625
-0.57958984375,-0.1087646484375,1.524169921875,-35.2783203125,-23.25439453125,7.6904296875
-0.5394287109375,0.0428466796875,1.50732421875,-10.80322265625,-28.4423828125,7.38525390625
-0.2760009765625,0.182373046875,1.351318359375,-11.5966796875,-34.97314453125,9.46044921875
-0.0205078125,0.1810302734375,1.303955078125,-11.474609375,-44.921875,8.6669921875
0.0546875,-0.1162109375,1.1683349609375,-8.97216796875,-37.59765625,7.99560546875
0.101318359375,-0.4188232421875,1.02392578125,-8.23974609375,-31.982421875,7.6904296875
0.277587890625,-0.4266357421875,1.0052490234375,-16.9677734375,-30.76171875,5.31005859375
0.4295654296875,-0.1697998046875,0.9559326171875,-22.03369140625,-32.28759765625,4.33349609375
0.4434814453125,0.171630859375,0.9144287109375,-17.02880859375,-22.76611328125,3.90625
0.391357421875,-0.16845703125,0.9287109375,-15.31982421875,-19.287109375,3.41796875
0.33056640625,-0.1014404296875,1.0029296875,-14.95361328125,-22.64404296875,2.50244140625
0.2457275390625,-0.115478515625,0.9937744140625,-13.7939453125,-23.74267578125,1.52587890625
0.223876953125,-0.1605224609375,0.957763671875,-9.70458984375,-20.01953125,1.46484375
0.20849609375,-0.169677734375,0.90478515625,-7.50732421875,-15.31982421875,0.67138671875
0.179931640625,-0.164306640625,0.908935546875,-1.40380859375,-13.18359375,-0.06103515625
0.142578125,-0.1959228515625,1.0498046875,-0.6103515625,-12.39013671875,-0.79345703125
0.1534423828125,-0.191162109375,0.9559326171875,1.220703125,-13.0615234375,-2.13623046875
0.235595703125,-0.18994140625,0.9228515625,2.5634765625,-12.451171875,-1.708984375
0.262451171875,-0.1865234375,0.9993896484375,3.47900390625,-10.498046875,-1.64794921875
0.2540283203125,-0.19287109375,1.0390625,3.72314453125,-10.43701171875,-0.54931640625
0.217041015625,-0.208251953125,1.0084228515625,4.08935546875,-10.80322265625,-0.244140625
0.2086181640625,-0.2313232421875,0.9722900390625,4.39453125,-10.7421875,-0.67138671875
0.326416015625,-0.195068359375,0.96240234375,3.35693359375,-11.474609375,-1.64794921875
0.257080078125,-0.1771240234375,0.961181640625,2.44140625,-11.962890625,-3.60107421875
0.2100830078125,-0.190673828125,0.9637451171875,0.30517578125,-12.39013671875,-0.18310546875
0.300048828125,-0.208740234375,0.9493408203125,-0.54931640625,-13.85498046875,2.3193359375
0.336181640625,-0.208251953125,0.948486328125,0.18310546875,-29.23583984375,3.173828125
0.3336181640625,-0.20849609375,0.94873046875,1.89208984375,-33.26416015625,4.638671875
0.294921875,-0.2080078125,0.9500732421875,2.74658203125,-36.43798828125,3.11279296875
0.2772216796875,-0.1993408203125,0.946533203125,3.173828125,-38.87939453125,-3.35693359375
0.2845458984375,-0.184814453125,0.94677734375,1.03759765625,-42.90771484375,-10.07080078125
0.30615234375,-0.1739501953125,0.9384765625,0.6103515625,-58.2275390625,-16.2353515625
0.313232421875,-0.1741943359375,0.934326171875,-0.67138671875,-73.974609375,-19.71435546875
0.307373046875,-0.1900634765625,0.9488525390625,-3.60107421875,-101.86767578125,-21.66748046875
0.3084716796875,-0.1905517578125,0.9605712890625,-12.6953125,-120.849609375,-17.333984375
0.3338623046875,-0.1973876953125,0.98828125,-7.8125,-146.78955078125,-16.41845703125
0.3218994140625,-0.2091064453125,1.015869140625,-9.033203125,-178.16162109375,-23.62060546875
0.31884765625,-0.149169921875,1.04248046875,-2.685546875,-215.087890625,-41.19873046875
0.302734375,-0.1624755859375,1.09130859375,-1.03759765625,-283.99658203125,-48.7060546875
0.297607421875,-0.15576171875,1.11962890625,3.5400390625,-323.8525390625,-52.91748046875
0.3040771484375,-0.1514892578125,1.1131591796875,11.41357421875,-374.32861328125,-69.39697265625
0.2850341796875,-0.1859130859375,1.1119384765625,3.47900390625,-398.193359375,-81.97021484375
0.2926025390625,-0.2410888671875,1.1292724609375,-23.49853515625,-397.94921875,-98.69384765625
0.30859375,-0.253662109375,1.1527099609375,-47.30224609375,-369.44580078125,-103.759765625
0.3270263671875,-0.206787109375,1.150634765625,-55.72509765625,-334.41162109375,-114.501953125
0.373046875,-0.2291259765625,1.2569580078125,-59.2041015625,-290.52734375,-90.576171875
0.3636474609375,-0.1461181640625,1.2783203125,-49.62158203125,-219.90966796875,-78.857421875
0.291259765625,-0.1773681640625,1.5770263671875,-13.3056640625,-102.11181640625,-103.69873046875
0.2867431640625,-0.3111572265625,1.99365234375,78.91845703125,14.09912109375,-106.689453125
0.131591796875,-0.2496337890625,2.30029296875,145.69091796875,50.96435546875,-103.02734375
-0.3675537109375,-0.1605224609375,2.34228515625,177.06298828125,58.28857421875,-49.072265625
-0.1778564453125,-0.1036376953125,2.2464599609375,46.142578125,71.22802734375,-28.62548828125
0.3773193359375,-0.381103515625,2.2772216796875,3.96728515625,128.173828125,-11.41357421875
0.74658203125,-0.65625,2.889404296875,5.4931640625,147.216796875,1.40380859375
0.936767578125,-0.5543212890625,3.6514892578125,15.7470703125,163.87939453125,9.521484375
0.8807373046875,-0.64599609375,3.38818359375,14.2822265625,179.26025390625,14.34326171875
0.822509765625,-0.7618408203125,2.1307373046875,9.765625,193.7255859375,16.66259765625
0.6744384765625,-0.39599609375,1.1790771484375,3.47900390625,208.251953125,17.39501953125
0.709228515625,0.006591796875,1.0382080078125,-5.79833984375,222.35107421875,16.845703125
0.6668701171875,0.0775146484375,0.9716796875,-15.2587890625,235.29052734375,15.625
0.4949951171875,-0.1368408203125,0.9105224609375,-22.76611328125,246.09375,14.58740234375
1.1029052734375,-0.4056396484375,0.8458251953125,-27.9541015625,255.31005859375,14.46533203125
0.7828369140625,-0.5048828125,0.826171875,-31.43310546875,263.48876953125,15.31982421875
-0.4981689453125,-0.642822265625,0.846435546875,-35.21728515625,270.3857421875,17.15087890625
-0.904296875,-0.5826416015625,0.8778076171875,-39.61181640625,277.16064453125,19.95849609375
-0.7861328125,-0.4676513671875,0.9283447265625,-43.5791015625,284.0576171875,24.47509765625
-0.6170654296875,-0.348388671875,1.001220703125,-46.630859375,289.12353515625,35.21728515625
-0.528076171875,-0.2593994140625,1.0716552734375,-48.52294921875,288.63525390625,39.0625
-0.46728515625,-0.197265625,1.1353759765625,-50.59814453125,268.24951171875,38.87939453125
-0.3870849609375,-0.1453857421875,1.2005615234375,-54.6875,253.72314453125,34.5458984375
-0.2821044921875,-0.09326171875,1.2789306640625,-58.65478515625,247.25341796875,30.6396484375
-0.1719970703125,-0.037353515625,1.3758544921875,-58.89892578125,246.4599609375,23.74267578125
-0.071044921875,0.0155029296875,1.4656982421875,-52.3681640625,248.6572265625,22.52197265625
0.0260009765625,0.048583984375,1.49169921875,-36.0107421875,250.9765625,27.89306640625
0.1142578125,0.0712890625,1.443359375,-26.123046875,249.51171875,34.1796875
0.1905517578125,0.0960693359375,1.39111328125,-17.578125,258.23974609375,41.32080078125
0.2606201171875,0.1199951171875,1.5159912109375,5.2490234375,260.7421875,55.2978515625
0.3309326171875,0.1292724609375,1.870361328125,12.39013671875,251.8310546875,62.01171875
0.4063720703125,0.121337890625,2.2493896484375,-6.65283203125,200.0732421875,55.23681640625
0.481689453125,0.1204833984375,2.422607421875,-24.10888671875,133.48388671875,44.12841796875
0.52392578125,0.1495361328125,2.2867431640625,-30.2734375,98.388671875,34.423828125
0.5111083984375,0.1456298828125,2.1912841796875,-4.57763671875,67.5048828125,31.79931640625
0.4755859375,0.111083984375,2.0589599609375,22.216796875,34.60693359375,35.5224609375
0.518310546875,0.0595703125,1.805419921875,25.08544921875,-26.67236328125,31.31103515625
0.6444091796875,-0.0509033203125,1.4744873046875,14.2822265625,-52.06298828125,12.939453125
0.8438720703125,-0.076416015625,0.7919921875,3.7841796875,-73.6083984375,-1.46484375
1.0283203125,0.1282958984375,0.1920166015625,11.71875,-91.49169921875,-51.94091796875
1.2498779296875,0.12548828125,-0.0123291015625,25.93994140625,-68.115234375,-25.634765625
1.38525390625,-0.017578125,-0.19775390625,34.24072265625,-105.52978515625,27.28271484375
1.7418212890625,-0.221923828125,-0.385009765625,11.77978515625,-146.728515625,47.7294921875
1.8209228515625,-0.105224609375,-0.2337646484375,13.5498046875,-171.93603515625,24.35302734375
1.8375244140625,0.09423828125,0.0753173828125,-12.20703125,-187.56103515625,-33.75244140625
2.03125,0.240478515625,0.1805419921875,-23.193359375,-192.56591796875,-25.32958984375
2.4095458984375,0.2042236328125,0.868408203125,-70.1904296875,-177.18505859375,16.05224609375
2.6456298828125,-0.12109375,1.81591796875,-80.26123046875,-156.6162109375,9.94873046875
2.84130859375,-0.1353759765625,0.5010986328125,-70.98388671875,-120.54443359375,0.9765625
2.858642578125,0.226806640625,0.31787109375,-80.13916015625,-110.107421875,6.103515625
2.5257568359375,0.3385009765625,0.7415771484375,-58.16650390625,-103.33251953125,19.47021484375
2.340087890625,-0.0230712890625,1.0931396484375,-23.13232421875,-96.6796875,21.30126953125
1.8917236328125,-0.245849609375,1.511962890625,-19.10400390625,-88.623046875,11.41357421875
0.4425048828125,-0.396484375,1.9825439453125,-15.56396484375,-80.4443359375,3.47900390625
-0.99609375,-0.25244140625,1.9490966796875,-7.568359375,-70.3125,3.84521484375
-1.1580810546875,0.1038818359375,1.5869140625,7.75146484375,-61.767578125,6.591796875
-0.2701416015625,0.757568359375,1.4599609375,13.36669921875,-58.4716796875,5.0048828125
0.3629150390625,0.1002197265625,1.36865234375,6.591796875,-57.9833984375,2.99072265625
0.4625244140625,-0.654296875,1.3067626953125,-6.9580078125,-56.94580078125,3.84521484375
0.30859375,-0.3004150390625,1.2735595703125,-18.12744140625,-58.41064453125,5.2490234375
0.8309326171875,0.1107177734375,1.22216796875,-23.8037109375,-61.279296875,5.06591796875
0.71630859375,-0.044189453125,1.176025390625,-30.57861328125,-61.767578125,3.0517578125
0.4427490234375,-0.474853515625,1.114013671875,-39.4287109375,-59.63134765625,3.90625
0.3587646484375,-0.55419921875,1.1007080078125,-46.32568359375,-59.50927734375,2.50244140625
0.31640625,-0.197509765625,1.1158447265625,-44.25048828125,-55.35888671875,-0.244140625
0.2772216796875,0.0924072265625,1.0621337890625,-37.4755859375,-48.828125,-1.953125
0.2965087890625,0.04736328125,1.0115966796875,-29.541015625,-42.8466796875,-3.0517578125
0.3135986328125,-0.120361328125,0.96875,-15.869140625,-24.23095703125,-3.35693359375
0.2486572265625,-0.1483154296875,0.9822998046875,-6.4697265625,-22.64404296875,-2.99072265625
0.2132568359375,-0.0802001953125,0.984130859375,-3.84521484375,-20.08056640625,-2.3193359375
0.2073974609375,-0.0906982421875,0.9796142578125,-0.67138671875,-17.333984375,-2.38037109375
0.233642578125,-0.208251953125,1.013671875,-1.8310546875,-14.892578125,-2.50244140625
0.2242431640625,-0.2181396484375,1.0299072265625,-1.8310546875,-13.48876953125,-2.86865234375
0.1812744140625,-0.2149658203125,1.0447998046875,-1.0986328125,-13.24462890625,-5.126953125
0.1837158203125,-0.2362060546875,0.984619140625,0.244140625,-13.48876953125,-6.8359375
0.2044677734375,-0.2606201171875,0.974609375,1.03759765625,-14.892578125,-8.4228515625
0.210693359375,-0.2464599609375,0.9752197265625,2.50244140625,-15.13671875,-9.46044921875
0.205322265625,-0.2120361328125,0.974609375,3.47900390625,-15.31982421875,-9.33837890625
0.23486328125,-0.2149658203125,0.970458984375,6.04248046875,-13.85498046875,-7.9345703125
0.2613525390625,-0.2054443359375,0.9638671875,6.77490234375,-13.36669921875,-6.591796875
0.2755126953125,-0.203125,0.9576416015625,6.53076171875,-13.0615234375,-4.94384765625
0.2716064453125,-0.2197265625,0.953369140625,6.53076171875,-13.18359375,-3.41796875
0.2720947265625,-0.2169189453125,0.9534912109375,6.7138671875,-13.24462890625,-2.5634765625
0.2884521484375,-0.213623046875,0.9547119140625,6.04248046875,-13.18359375,-2.197265625
0.3006591796875,-0.22216796875,0.9581298828125,5.0048828125,-14.09912109375,-1.708984375
0.297607421875,-0.2275390625,0.9556884765625,5.126953125,-16.357421875,-1.40380859375
0.2847900390625,-0.223388671875,0.9478759765625,3.47900390625,-17.63916015625,-1.40380859375
0.2821044921875,-0.2156982421875,0.9482421875,2.74658203125,-19.83642578125,-1.40380859375
0.27685546875,-0.2061767578125,0.94970703125,3.11279296875,-22.15576171875,-0.732421875
0.281982421875,-0.19384765625,0.94775390625,3.90625,-24.23095703125,2.62451171875
0.2861328125,-0.1834716796875,0.9486083984375,3.90625,-27.03857421875,5.18798828125
0.30322265625,-0.1710205078125,0.9417724609375,3.47900390625,-29.78515625,6.04248046875
0.325927734375,-0.1759033203125,0.940673828125,2.0751953125,-33.447265625,4.150390625
0.32568359375,-0.1773681640625,0.941162109375,1.89208984375,-38.14697265625,-6.4697265625
0.315673828125,-0.170654296875,0.9451904296875,0.54931640625,-43.8232421875,-8.36181640625
0.3211669921875,-0.183837890625,0.9478759765625,-2.25830078125,-60.11962890625,-14.70947265625
0.3267822265625,-0.1976318359375,0.953369140625,-4.94384765625,-73.6083984375,-18.98193359375
0.316162109375,-0.1995849609375,0.9609375,-8.056640625,-104.6142578125,-13.916015625
0.31787109375,-0.2010498046875,0.9722900390625,-10.986328125,-125.67138671875,-27.28271484375
0.318115234375,-0.2010498046875,0.9998779296875,-10.3759765625,-187.8662109375,-36.7431640625
0.3148193359375,-0.2005615234375,1.031005859375,-7.32421875,-299.8046875,-66.162109375
0.307373046875,-0.173095703125,1.0438232421875,-6.591796875,-339.35546875,-87.890625
0.301513671875,-0.1444091796875,1.0751953125,-6.65283203125,-377.99072265625,-92.041015625
0.301513671875,-0.15283203125,1.0780029296875,-21.66748046875,-348.32763671875,-83.80126953125
0.3028564453125,-0.1646728515625,1.110595703125,-32.04345703125,-309.50927734375,-98.32763671875
0.327392578125,-0.20556640625,1.0953369140625,-47.8515625,-285.09521484375,-88.80615234375
0.352294921875,-0.226806640625,1.12060546875,-20.01953125,-244.81201171875,-75.927734375
0.347900390625,-0.181396484375,1.376953125,18.4326171875,-133.23974609375,-108.21533203125
0.35205078125,-0.24365234375,1.424072265625,61.58447265625,-39.73388671875,-116.02783203125
0.3360595703125,-0.2275390625,2.397216796875,139.892578125,0.91552734375,-111.81640625
0.3297119140625,-0.1658935546875,2.5919189453125,165.771484375,18.98193359375,-102.84423828125
0.32080078125,-0.2742919921875,2.2493896484375,32.958984375,46.875,-89.05029296875
0.3070068359375,-0.0126953125,1.9649658203125,-22.216796875,72.44873046875,-71.2890625
-0.423095703125,-0.7772216796875,2.727783203125,-26.611328125,95.88623046875,-53.5888671875
0.427978515625,-0.7867431640625,3.638427734375,-12.6953125,120.4833984375,-37.78076171875
0.75830078125,-0.516845703125,3.555908203125,-8.36181640625,141.66259765625,-24.658203125
1.02294921875,-0.7095947265625,2.4913330078125,-12.63427734375,158.02001953125,-14.7705078125
0.897705078125,-0.360107421875,1.62841796875,-13.0615234375,172.9736328125,-7.75146484375
0.40576171875,0.2144775390625,1.4444580078125,-16.9677734375,188.1103515625,-2.9296875
0.1153564453125,0.20654296875,1.2801513671875,-22.0947265625,203.30810546875,1.77001953125
0.131591796875,-0.070068359375,1.133056640625,-26.42822265625,217.83447265625,7.99560546875
0.738525390625,-0.4215087890625,1.0418701171875,-31.67724609375,230.5908203125,23.8037109375
0.700439453125,-0.5596923828125,0.9527587890625,-38.51318359375,240.3564453125,31.25
-0.5107421875,-0.559326171875,0.8955078125,-44.73876953125,253.60107421875,37.17041015625
-1.0570068359375,-0.5718994140625,0.90966796875,-49.37744140625,259.82666015625,42.6025390625
-0.996826171875,-0.5911865234375,0.96142578125,-51.45263671875,265.19775390625,48.2177734375
-0.8739013671875,-0.555908203125,1.0128173828125,-46.38671875,269.34814453125,53.64990234375
-0.8251953125,-0.5028076171875,1.0643310546875,-45.83740234375,270.93505859375,60.36376953125
-0.7364501953125,-0.4344482421875,1.1134033203125,-48.2177734375,268.24951171875,57.67822265625
-0.6405029296875,-0.34521484375,1.1533203125,-50.537109375,251.3427734375,53.03955078125
-0.53466796875,-0.2557373046875,1.2652587890625,-50.72021484375,248.84033203125,46.38671875
-0.4061279296875,-0.1949462890625,1.339111328125,-48.27880859375,247.74169921875,37.353515625
-0.2705078125,-0.1815185546875,1.400390625,-33.203125,246.15478515625,25.634765625
-0.151123046875,-0.198486328125,1.4456787109375,-26.2451171875,242.5537109375,13.61083984375
-0.051513671875,-0.1556396484375,1.47216796875,-17.9443359375,235.83984375,3.0517578125
0.0404052734375,-0.07421875,1.49609375,-7.8125,230.04150390625,-5.67626953125
0.1114501953125,-0.0029296875,1.745361328125,2.38037109375,228.1494140625,-10.986328125
0.22314453125,0.0352783203125,1.9344482421875,11.90185546875,231.50634765625,-9.3994140625
0.29150390625,0.045654296875,2.0966796875,20.56884765625,236.81640625,1.0986328125
0.3524169921875,0.0496826171875,2.1551513671875,24.47509765625,237.548828125,19.22607421875
0.396484375,0.1761474609375,2.1201171875,16.05224609375,227.84423828125,40.52734375
0.4195556640625,0.1898193359375,2.0792236328125,-4.7607421875,207.3974609375,59.99755859375
0.4329833984375,0.17236328125,2.0751953125,-24.90234375,178.03955078125,71.10595703125
0.50537109375,0.15380859375,2.07861328125,-34.72900390625,141.54052734375,72.509765625
0.665771484375,0.1492919921875,2.05078125,-30.76171875,104.4921875,70.73974609375
0.78125,0.133056640625,1.93505859375,-15.0146484375,74.64599609375,68.42041015625
0.88134765625,0.102294921875,1.655029296875,6.89697265625,43.9453125,65.4296875
0.98193359375,0.113037109375,1.253662109375,21.728515625,13.73291015625,48.88916015625
1.099853515625,0.18017578125,0.845947265625,21.78955078125,-18.6767578125,46.69189453125
1.26611328125,0.2005615234375,0.4951171875,14.404296875,-60.85205078125,26.55029296875
1.4837646484375,0.093017578125,0.2159423828125,4.21142578125,-114.8681640625,3.0517578125
1.6954345703125,-0.0960693359375,-0.0084228515625,3.60107421875,-98.81591796875,-43.701171875
1.8779296875,-0.300537109375,-0.171630859375,3.35693359375,-94.54345703125,-50.537109375
1.9993896484375,-0.462890625,-0.357177734375,16.05224609375,-133.11767578125,-14.404296875
2.0697021484375,-0.47705078125,-0.48779296875,44.7998046875,-207.03125,3.0517578125
2.14453125,-0.265869140625,-0.4447021484375,45.71533203125,-257.14111328125,-24.59716796875
2.2542724609375,-0.007568359375,-0.5799560546875,0.42724609375,-203.2470703125,-22.64404296875
2.416748046875,0.07861328125,-0.22412109375,-16.2353515625,-192.32177734375,-0.30517578125
2.6434326171875,-0.0146484375,1.323486328125,-43.3349609375,-184.50927734375,13.7939453125
2.8787841796875,-0.0911865234375,1.9462890625,-85.44921875,-160.15625,10.19287109375
2.963623046875,0.0234375,0.822998046875,-72.75390625,-148.49853515625,4.57763671875
2.8287353515625,-0.0322265625,0.074951171875,-50.29296875,-136.962890625,8.97216796875
2.589111328125,0.143798828125,0.7340087890625,-47.18017578125,-126.3427734375,18.73779296875
2.268310546875,0.7110595703125,2.0762939453125,-27.7099609375,-109.80224609375,15.07568359375
2.0426025390625,0.59521484375,1.8236083984375,-16.11328125,-95.03173828125,5.2490234375
0.9388427734375,0.2886962890625,1.65234375,-3.47900390625,-80.87158203125,4.57763671875
-1.2496337890625,0.2803955078125,1.62060546875,4.5166015625,-70.37353515625,5.43212890625
-1.8883056640625,0.2408447265625,1.5599365234375,12.5732421875,-60.48583984375,3.662109375
-0.6390380859375,0.0272216796875,1.5562744140625,8.4228515625,-51.26953125,2.86865234375
0.6444091796875,-0.4482421875,1.56396484375,-0.8544921875,-46.38671875,5.37109375
1.3389892578125,-0.5902099609375,1.4764404296875,-6.28662109375,-46.5087890625,7.14111328125
0.5625,-0.314697265625,1.378662109375,-11.53564453125,-48.7060546875,8.23974609375
0.4080810546875,-0.0218505859375,1.3304443359375,-18.798828125,-49.86572265625,8.9111328125
0.5303955078125,-0.1253662109375,1.226806640625,-27.40478515625,-50.537109375,6.103515625
0.58251953125,-0.3961181640625,1.145263671875,-38.2080078125,-48.76708984375,3.96728515625
0.5479736328125,-0.346923828125,1.1309814453125,-45.166015625,-45.8984375,3.23486328125
0.5093994140625,-0.019287109375,1.119873046875,-49.9267578125,-43.27392578125,1.5869140625
0.483642578125,-0.0035400390625,1.061279296875,-48.15673828125,-37.65869140625,-2.74658203125
0.418701171875,-0.1600341796875,1.0201416015625,-44.921875,-29.9072265625,-3.173828125
0.373046875,-0.0948486328125,1.0078125,-40.8935546875,-21.240234375,-2.38037109375
0.3343505859375,0.0137939453125,0.9957275390625,-29.84619140625,-17.333984375,-0.9765625
0.288818359375,-0.0313720703125,0.999755859375,-15.5029296875,-14.46533203125,-0.67138671875
0.2860107421875,-0.112060546875,0.9876708984375,-1.8310546875,-14.09912109375,-1.64794921875
0.2626953125,-0.1424560546875,0.996826171875,2.99072265625,-12.5732421875,-2.38037109375
0.2384033203125,-0.1705322265625,1.0333251953125,1.708984375,-10.07080078125,-2.50244140625
0.2203369140625,-0.19287109375,1.0029296875,-1.953125,-8.1787109375,-3.173828125
0.21630859375,-0.1866455078125,0.98193359375,-1.89208984375,-6.7138671875,-4.33349609375
0.222900390625,-0.19091796875,0.96826171875,-1.46484375,-6.53076171875,-5.859375
0.2435302734375,-0.2266845703125,0.9541015625,-0.8544921875,-7.38525390625,-7.9345703125
0.251708984375,-0.242431640625,0.9605712890625,-0.48828125,-8.7890625,-10.1318359375
0.246337890625,-0.2362060546875,0.9720458984375,0.8544921875,-10.31494140625,-11.04736328125
0.2542724609375,-0.2261962890625,0.97314453125,2.197265625,-10.31494140625,-10.7421875
0.2625732421875,-0.2091064453125,0.9671630859375,3.173828125,-9.82666015625,-9.27734375
0.295166015625,-0.2059326171875,0.9588623046875,3.84521484375,-9.8876953125,-6.9580078125
0.2899169921875,-0.2149658203125,0.95068359375,5.0048828125,-10.55908203125,-4.0283203125
0.2861328125,-0.21435546875,0.9453125,5.2490234375,-12.39013671875,-1.64794921875
0.2890625,-0.213134765625,0.938720703125,4.150390625,-13.36669921875,-0.244140625
0.2972412109375,-0.21240234375,0.9405517578125,3.173828125,-15.0146484375,0.91552734375
0.2979736328125,-0.220947265625,0.9393310546875,2.50244140625,-17.76123046875,1.5869140625
0.2987060546875,-0.22412109375,0.9393310546875,0.8544921875,-19.47021484375,1.953125
0.293212890625,-0.2310791015625,0.951904296875,0.0,-20.99609375,2.25830078125
0.2818603515625,-0.2373046875,0.959228515625,-0.48828125,-22.3388671875,2.62451171875
0.26953125,-0.227783203125,0.95849609375,0.48828125,-23.62060546875,2.44140625
0.2628173828125,-0.210693359375,0.9552001953125,1.64794921875,-25.81787109375,3.96728515625
0.274658203125,-0.1812744140625,0.949462890625,2.13623046875,-28.3203125,2.13623046875
0.2984619140625,-0.160888671875,0.9423828125,2.50244140625,-30.76171875,-6.4697265625
0.301025390625,-0.1512451171875,0.94140625,2.01416015625,-55.96923828125,-7.75146484375
0.301025390625,-0.149658203125,0.939697265625,1.64794921875,-78.67431640625,-9.33837890625
0.310302734375,-0.159912109375,0.9417724609375,0.0,-95.5810546875,-9.70458984375
0.3170166015625,-0.17236328125,0.949951171875,-8.23974609375,-112.36572265625,-12.20703125
0.31591796875,-0.1895751953125,0.959228515625,-8.7890625,-130.55419921875,-15.44189453125
0.29931640625,-0.203125,0.9683837890625,-7.75146484375,-150.2685546875,-17.27294921875
0.2965087890625,-0.208740234375,0.98779296875,-4.0283203125,-180.35888671875,-17.88330078125
0.3035888671875,-0.1993408203125,1.092529296875,-4.0283203125,-203.18603515625,-38.14697265625
0.30615234375,-0.207275390625,1.049560546875,-6.8359375,-242.431640625,-54.3212890625
0.3011474609375,-0.2001953125,1.0604248046875,-4.57763671875,-334.716796875,-56.0302734375
0.283203125,-0.16064453125,1.0931396484375,5.31005859375,-378.35693359375,-62.744140625
0.2794189453125,-0.247314453125,1.07763671875,-1.220703125,-401.85546875,-78.9794921875
0.2940673828125,-0.197265625,1.106201171875,-41.9921875,-392.15087890625,-118.22509765625
0.30712890625,-0.2093505859375,1.077880859375,-58.59375,-313.8427734375,-101.01318359375
0.3350830078125,-0.21142578125,1.053955078125,-52.978515625,-121.64306640625,-135.55908203125
0.3648681640625,-0.2109375,1.1697998046875,-37.65869140625,-19.775390625,-139.09912109375
0.285888671875,-0.2269287109375,1.500244140625,112.060546875,23.98681640625,-131.65283203125
0.29345703125,-0.18359375,1.679931640625,147.705078125,41.259765625,-116.02783203125
0.32568359375,-0.2197265625,2.1041259765625,9.1552734375,57.18994140625,-35.5224609375
0.1844482421875,-0.2828369140625,2.4466552734375,-52.490234375,79.1015625,-11.23046875
-0.3790283203125,-0.3095703125,1.862548828125,-49.49951171875,154.4189453125,22.52197265625
-0.344482421875,-0.0972900390625,3.86474609375,-26.18408203125,175.35400390625,38.4521484375
0.21142578125,-0.21533203125,3.642578125,-8.60595703125,209.04541015625,39.9169921875
0.5911865234375,-0.6939697265625,2.5179443359375,0.67138671875,239.31884765625,38.4521484375
0.9654541015625,-0.7950439453125,1.583984375,-7.26318359375,259.765625,37.04833984375
0.97705078125,0.8048095703125,1.365234375,-26.79443359375,268.9208984375,36.0107421875
0.72216796875,0.5220947265625,1.275146484375,-32.77587890625,277.587890625,34.97314453125
0.2618408203125,0.046875,1.0911865234375,-35.33935546875,285.400390625,34.423828125
1.0509033203125,-0.447265625,0.99365234375,-33.14208984375,292.29736328125,35.400390625
0.9034423828125,-0.6494140625,0.9698486328125,-30.57861328125,298.095703125,41.93115234375
-0.513916015625,-0.7415771484375,1.0218505859375,-28.50341796875,301.025390625,48.33984375
-1.1336669921875,-0.6666259765625,1.2017822265625,-28.13720703125,295.95947265625,49.072265625
-0.999755859375,-0.5596923828125,1.27587890625,-29.78515625,277.52685546875,39.4287109375
-0.8369140625,-0.34375,1.353515625,-31.79931640625,271.78955078125,49.86572265625
-0.5692138671875,-0.2591552734375,1.423583984375,-29.84619140625,211.73095703125,52.978515625
-0.4639892578125,-0.061279296875,1.489013671875,-26.18408203125,173.03466796875,43.51806640625
-0.2158203125,-0.0247802734375,1.5379638671875,-16.6015625,133.30078125,29.35791015625
-0.081787109375,0.002685546875,1.5631103515625,-29.11376953125,93.75,21.42333984375
0.1932373046875,0.0384521484375,1.62451171875,8.544921875,57.0068359375,20.3857421875
0.25341796875,0.0831298828125,1.7640380859375,31.67724609375,18.12744140625,12.451171875
0.314453125,0.1068115234375,2.021240234375,37.4755859375,-20.5078125,-4.69970703125
0.37744140625,0.1011962890625,1.1689453125,19.71435546875,-68.17626953125,-29.84619140625
0.4361572265625,0.0823974609375,0.4522705078125,-1.46484375,-107.421875,-50.35400390625
0.4891357421875,0.0841064453125,0.109375,-3.41796875,-95.39794921875,11.41357421875
0.520263671875,0.0860595703125,-0.2015380859375,6.8359375,-240.1123046875,-25.08544921875
0.537109375,-0.196533203125,-0.529296875,43.212890625,-295.71533203125,11.1083984375
0.607666015625,-0.49951171875,-0.7005615234375,27.77099609375,-222.47314453125,7.50732421875
0.707763671875,-0.374267578125,-0.5650634765625,-42.54150390625,-142.578125,18.1884765625
2.315185546875,-0.0185546875,-0.6751708984375,-50.35400390625,-127.50244140625,20.1416015625
2.8265380859375,0.255615234375,1.3643798828125,-81.11572265625,-111.9384765625,14.34326171875
3.1392822265625,0.185302734375,2.067626953125,-14.46533203125,-93.8720703125,7.4462890625
3.480224609375,-0.0972900390625,-0.357177734375,-16.54052734375,-88.0126953125,7.14111328125
3.67724609375,-0.161376953125,0.934814453125,-13.12255859375,-72.509765625,6.40869140625
3.5699462890625,0.1641845703125,1.9222412109375,-8.85009765625,-68.603515625,5.2490234375
3.2799072265625,0.3895263671875,1.6646728515625,-15.2587890625,-61.4013671875,1.64794921875
2.8756103515625,-0.4285888671875,1.5018310546875,-29.72412109375,-54.99267578125,0.3662109375
0.65185546875,-0.153076171875,1.4949951171875,-37.78076171875,-28.86962890625,-0.30517578125
-1.880126953125,0.198974609375,1.4256591796875,-40.95458984375,-13.671875,-1.28173828125
-0.5604248046875,-0.00341796875,1.247802734375,-40.58837890625,-13.671875,-2.44140625
1.0584716796875,-0.17236328125,1.0989990234375,-30.94482421875,-13.0615234375,-4.2724609375
0.6837158203125,-0.4112548828125,1.08984375,-15.31982421875,-12.39013671875,-6.40869140625
0.63330078125,-0.2171630859375,1.0712890625,-12.14599609375,-12.14599609375,-8.1787109375
0.5504150390625,0.0089111328125,1.0338134765625,-7.9345703125,-11.53564453125,-8.72802734375
0.5177001953125,-0.137939453125,1.006591796875,-3.7841796875,-11.29150390625,-7.62939453125
0.4617919921875,-0.1043701171875,0.9708251953125,0.91552734375,-12.51220703125,-6.2255859375
0.31689453125,-0.1546630859375,0.945068359375,4.82177734375,-12.02392578125,-4.5166015625
0.2786865234375,-0.1793212890625,0.9384765625,8.11767578125,-13.36669921875,-2.38037109375
0.279541015625,-0.2257080078125,0.9384765625,4.82177734375,-15.07568359375,3.7841796875
0.260498046875,-0.2581787109375,0.947265625,8.30078125,-16.9677734375,5.92041015625
0.259521484375,-0.264892578125,0.943359375,7.87353515625,-23.86474609375,6.53076171875
0.2510986328125,-0.2723388671875,0.9320068359375,6.04248046875,-26.3671875,6.89697265625
0.28125,-0.2691650390625,0.9210205078125,5.18798828125,-29.9072265625,3.72314453125
0.26806640625,-0.259521484375,0.947998046875,6.04248046875,-34.11865234375,0.79345703125
0.273193359375,-0.2598876953125,0.9434814453125,5.31005859375,-48.4619140625,-5.859375
0.2747802734375,-0.260986328125,0.947021484375,4.0283203125,-71.83837890625,-4.21142578125
0.2789306640625,-0.23681640625,0.94580078125,2.0751953125,-191.10107421875,-18.06640625
0.282958984375,-0.180419921875,0.960693359375,-4.0283203125,-227.05078125,-43.212890625
0.286376953125,-0.1920166015625,0.9755859375,-7.87353515625,-323.974609375,-58.4716796875
0.26904296875,-0.1978759765625,0.9940185546875,-9.521484375,-378.0517578125,-66.58935546875
0.328857421875,-0.2005615234375,1.006591796875,-4.94384765625,-433.349609375,-90.14892578125
0.3140869140625,-0.1925048828125,1.0596923828125,-36.68212890625,-458.49609375,-107.5439453125
0.3018798828125,-0.1876220703125,1.0557861328125,-51.69677734375,-461.85302734375,-122.98583984375
0.3017578125,-0.204345703125,1.10400390625,-77.57568359375,-439.94140625,-143.12744140625
0.3028564453125,-0.20263671875,1.0458984375,-91.61376953125,-391.845703125,-132.4462890625
0.3045654296875,-0.251708984375,1.5411376953125,-100.64697265625,-343.68896484375,-62.5
0.308837890625,-0.1749267578125,1.6456298828125,-96.86279296875,-196.96044921875,-65.673828125
0.3306884765625,-0.18603515625,1.80419921875,-105.77392578125,-40.58837890625,-80.26123046875
0.39501953125,-0.1844482421875,2.11669921875,-17.578125,69.64111328125,-85.51025390625
0.33837890625,-0.387939453125,2.457275390625,150.7568359375,92.59033203125,-28.99169921875
-0.554443359375,-0.25244140625,2.5211181640625,129.0283203125,93.07861328125,-17.333984375
-0.425048828125,-0.036376953125,2.2677001953125,35.64453125,160.5224609375,0.18310546875
0.2777099609375,-0.4473876953125,2.4605712890625,48.52294921875,182.55615234375,6.34765625
0.6776123046875,-0.9228515625,3.4403076171875,51.57470703125,228.271484375,10.55908203125
1.0152587890625,-0.7073974609375,3.994384765625,14.09912109375,249.81689453125,13.916015625
0.838623046875,-0.6004638671875,3.3939208984375,7.87353515625,266.9677734375,14.2822265625
0.7261962890625,-0.6248779296875,2.01904296875,-0.67138671875,297.7294921875,15.7470703125
0.3759765625,-0.60546875,1.078369140625,-5.43212890625,303.64990234375,22.15576171875
0.3411865234375,-0.5784912109375,0.997802734375,-10.31494140625,308.41064453125,26.67236328125
0.82568359375,-0.5321044921875,1.064697265625,-12.451171875,317.93212890625,43.212890625
1.3443603515625,-0.4969482421875,1.154541015625,-11.474609375,320.80078125,43.45703125
1.7554931640625,-0.38525390625,1.1400146484375,-12.0849609375,281.494140625,28.9306640625
0.6534423828125,-0.4158935546875,1.0980224609375,-17.08984375,280.21240234375,25.69580078125
-0.7789306640625,-0.401123046875,1.119140625,-19.83642578125,303.955078125,21.91162109375
-1.0439453125,-0.270751953125,1.199951171875,-30.21240234375,299.1943359375,46.875
-0.468994140625,-0.2010498046875,1.3052978515625,-21.8505859375,286.43798828125,60.4248046875
-0.370849609375,-0.1563720703125,1.5069580078125,9.82666015625,199.0966796875,61.82861328125
-0.1427001953125,-0.0789794921875,1.5570068359375,-10.6201171875,154.35791015625,37.53662109375
-0.0467529296875,-0.0716552734375,1.88623046875,-33.447265625,116.0888671875,41.80908203125
0.0267333984375,-0.0526123046875,2.380859375,-19.83642578125,49.62158203125,48.4619140625
0.2255859375,-0.010986328125,2.176025390625,11.90185546875,-27.77099609375,71.8994140625
0.269775390625,-0.0028076171875,1.83642578125,29.78515625,-71.533203125,40.58837890625
0.3203125,0.046142578125,1.589111328125,-20.3857421875,-112.85400390625,-4.21142578125
0.4378662109375,0.0216064453125,0.4459228515625,-31.55517578125,-78.9794921875,-31.18896484375
0.47216796875,-0.205078125,0.0567626953125,-4.8828125,-100.64697265625,-43.76220703125
0.579345703125,0.011962890625,-0.115234375,50.537109375,-221.98486328125,-14.34326171875
0.79443359375,-0.00146484375,-0.672607421875,34.48486328125,-211.73095703125,12.87841796875
2.074951171875,-0.656005859375,-0.3631591796875,8.85009765625,-186.6455078125,16.54052734375
2.2530517578125,-0.721435546875,-0.219970703125,-53.77197265625,-165.22216796875,0.732421875
2.4136962890625,-0.3397216796875,0.8555908203125,-52.55126953125,-153.74755859375,10.7421875
2.8099365234375,0.2733154296875,1.982666015625,-42.66357421875,-143.61572265625,26.79443359375
2.966064453125,-0.4189453125,1.2735595703125,-30.517578125,-113.6474609375,4.33349609375
3.3062744140625,-0.58056640625,2.358154296875,-20.99609375,-98.20556640625,9.765625
3.6551513671875,-0.2047119140625,1.8170166015625,-24.84130859375,-93.68896484375,9.1552734375
3.0198974609375,0.3143310546875,1.8138427734375,-22.5830078125,-92.041015625,8.056640625
2.420654296875,0.3568115234375,1.604248046875,-6.16455078125,-90.63720703125,9.82666015625
1.128173828125,0.5518798828125,1.51806640625,-29.72412109375,-90.576171875,8.72802734375
-1.0850830078125,-0.240966796875,1.5682373046875,-26.3671875,-87.46337890625,8.11767578125
-2.38720703125,-0.9024658203125,1.57275390625,-30.94482421875,-80.810546875,10.55908203125
0.879150390625,-0.6905517578125,1.3145751953125,-31.92138671875,-63.96484375,5.92041015625
0.56494140625,0.0054931640625,1.12548828125,-26.0009765625,-20.56884765625,2.38037109375
0.5166015625,0.25,1.133056640625,-21.54541015625,-29.1748046875,0.30517578125
0.48046875,-0.2557373046875,1.0938720703125,-21.240234375,-25.146484375,-0.8544921875
0.452880859375,-0.33837890625,1.072021484375,-43.9453125,-25.146484375,-2.01416015625
0.511474609375,-0.261962890625,1.05322265625,-17.9443359375,-24.10888671875,0.67138671875
0.5015869140625,-0.1793212890625,1.06396484375,-11.962890625,-23.62060546875,1.40380859375
0.33642578125,-0.023681640625,0.968994140625,-7.99560546875,-12.87841796875,1.0986328125
0.1956787109375,-0.1451416015625,1.085205078125,-5.615234375,-7.26318359375,-8.60595703125
0.2581787109375,-0.255615234375,1.1556396484375,-6.4697265625,-3.5400390625,-10.1318359375
0.247802734375,-0.23046875,1.005859375,-15.07568359375,-7.01904296875,-11.962890625
0.2034912109375,-0.123291015625,1.005126953125,-17.15087890625,-5.92041015625,-14.16015625
0.22802734375,-0.16455078125,0.9783935546875,-16.41845703125,-5.92041015625,-13.97705078125
0.2579345703125,-0.249267578125,0.958984375,0.48828125,-3.84521484375,-11.90185546875
0.3270263671875,-0.219482421875,0.953369140625,2.5634765625,-4.150390625,-5.31005859375
0.2987060546875,-0.2337646484375,0.9564208984375,5.18798828125,-5.126953125,-4.21142578125
0.244873046875,-0.239501953125,0.9593505859375,7.080078125,-14.58740234375,-3.5400390625
0.286865234375,-0.2174072265625,0.952392578125,7.4462890625,-16.6015625,0.9765625
0.2796630859375,-0.2337646484375,0.9442138671875,8.23974609375,-20.6298828125,3.47900390625
0.270751953125,-0.2265625,0.9344482421875,-0.67138671875,-24.90234375,1.40380859375
0.2685546875,-0.235595703125,0.923828125,-2.0751953125,-28.80859375,-2.685546875
0.303466796875,-0.238037109375,0.9273681640625,-2.74658203125,-43.51806640625,-6.65283203125
0.2982177734375,-0.240966796875,0.93896484375,-7.26318359375,-58.837890625,-11.65771484375
0.2930908203125,-0.253662109375,0.94921875,-7.99560546875,-73.30322265625,-14.46533203125
