0.244384765625,-0.242431640625,0.961669921875,0.1220703125,-0.67138671875,-0.1220703125
0.2437744140625,-0.2420654296875,0.9613037109375,0.18310546875,-0.6103515625,-0.1220703125
0.243408203125,-0.2427978515625,0.960693359375,0.06103515625,-0.48828125,-0.1220703125
0.2432861328125,-0.2427978515625,0.9605712890625,-0.1220703125,-0.3662109375,-0.1220703125
0.244873046875,-0.2423095703125,0.9610595703125,-0.18310546875,-0.3662109375,-0.1220703125
0.24658203125,-0.2427978515625,0.9613037109375,-0.18310546875,-0.3662109375,-0.06103515625
0.24609375,-0.242919921875,0.9610595703125,-0.18310546875,-0.42724609375,-0.06103515625
0.2442626953125,-0.2418212890625,0.9605712890625,-0.18310546875,-0.48828125,-0.1220703125
0.2432861328125,-0.2415771484375,0.9598388671875,-0.244140625,-0.54931640625,-0.1220703125
0.244140625,-0.2420654296875,0.959228515625,-0.18310546875,-0.54931640625,-0.06103515625
0.24462890625,-0.2415771484375,0.958984375,-0.06103515625,-0.6103515625,0.06103515625
0.2449951171875,-0.2423095703125,0.959228515625,0.0,-0.732421875,0.1220703125
0.245361328125,-0.2437744140625,0.9598388671875,0.1220703125,-0.91552734375,-0.18310546875
0.2452392578125,-0.2430419921875,0.9598388671875,0.1220703125,-0.9765625,-0.54931640625
0.24560546875,-0.2421875,0.959716796875,-0.244140625,-1.0986328125,-0.79345703125
0.2451171875,-0.2420654296875,0.96044921875,-0.48828125,-1.220703125,-1.15966796875
0.2437744140625,-0.2418212890625,0.9627685546875,-0.18310546875,-1.46484375,-1.46484375
0.244140625,-0.241455078125,0.965087890625,0.48828125,-1.708984375,-1.64794921875
0.2447509765625,-0.2403564453125,0.966796875,1.15966796875,-1.46484375,-1.77001953125
0.2440185546875,-0.241455078125,0.961669921875,1.708984375,-1.15966796875,-1.77001953125
0.243896484375,-0.24365234375,0.9593505859375,1.953125,-1.220703125,-1.64794921875
0.244384765625,-0.243408203125,0.958740234375,2.197265625,-1.5869140625,-1.15966796875
0.2449951171875,-0.23828125,0.9573974609375,2.0751953125,-1.64794921875,-1.28173828125
0.2479248046875,-0.2447509765625,0.955078125,2.01416015625,-1.5869140625,-1.3427734375
0.250732421875,-0.2474365234375,0.9560546875,1.89208984375,-1.89208984375,-1.220703125
0.249755859375,-0.241943359375,0.9581298828125,1.3427734375,-2.01416015625,-1.15966796875
0.2464599609375,-0.24072265625,0.9598388671875,1.220703125,-2.25830078125,-1.3427734375
0.2430419921875,-0.2435302734375,0.9619140625,1.46484375,-2.44140625,-1.708984375
0.239990234375,-0.2437744140625,0.9610595703125,1.52587890625,-2.44140625,-1.953125
0.238037109375,-0.2423095703125,0.9586181640625,1.28173828125,-2.3193359375,-2.13623046875
0.238037109375,-0.2415771484375,0.9599609375,0.8544921875,-2.3193359375,-2.3193359375
0.240966796875,-0.2369384765625,0.9619140625,0.42724609375,-2.13623046875,-2.25830078125
0.2440185546875,-0.2315673828125,0.964111328125,0.1220703125,-1.8310546875,-2.197265625
0.2452392578125,-0.2359619140625,0.9649658203125,0.0,-1.03759765625,-2.25830078125
0.2447509765625,-0.2371826171875,0.965087890625,0.244140625,-0.30517578125,-2.25830078125
0.2452392578125,-0.2347412109375,0.9642333984375,0.48828125,0.732421875,-2.01416015625
0.2459716796875,-0.23486328125,0.9639892578125,0.54931640625,1.708984375,-1.5869140625
0.250732421875,-0.240234375,0.964599609375,0.732421875,1.953125,-1.15966796875
0.25,-0.2447509765625,0.962890625,1.03759765625,1.77001953125,-0.79345703125
0.253173828125,-0.2449951171875,0.9600830078125,1.15966796875,1.64794921875,-0.06103515625
0.254150390625,-0.2451171875,0.9593505859375,1.5869140625,2.685546875,2.0751953125
0.25390625,-0.245849609375,0.961181640625,2.0751953125,5.79833984375,4.45556640625
0.2547607421875,-0.2423095703125,0.9617919921875,2.13623046875,11.1083984375,6.103515625
0.2562255859375,-0.2410888671875,0.9613037109375,1.953125,15.07568359375,5.37109375
0.2569580078125,-0.2490234375,0.962890625,1.5869140625,16.11328125,-2.44140625
0.2569580078125,-0.2537841796875,0.964599609375,4.21142578125,8.48388671875,-2.3193359375
0.260986328125,-0.245361328125,0.971923828125,9.6435546875,8.72802734375,-4.2724609375
0.2642822265625,-0.232421875,0.99072265625,14.6484375,6.28662109375,-5.67626953125
0.2618408203125,-0.2259521484375,1.014404296875,17.9443359375,3.96728515625,-7.568359375
0.2603759765625,-0.2213134765625,1.0194091796875,21.54541015625,10.1318359375,-7.9345703125
0.257568359375,-0.2174072265625,0.9981689453125,18.24951171875,21.54541015625,-5.4931640625
0.251953125,-0.2349853515625,0.959228515625,11.8408203125,24.5361328125,-4.45556640625
0.2474365234375,-0.2679443359375,0.93212890625,10.6201171875,25.87890625,-4.94384765625
0.251220703125,-0.2938232421875,0.950927734375,13.36669921875,28.50341796875,-5.615234375
0.2763671875,-0.29931640625,0.9410400390625,21.484375,28.01513671875,-6.04248046875
0.313720703125,-0.26708984375,0.9798583984375,25.7568359375,32.16552734375,-6.7138671875
0.3306884765625,-0.1292724609375,1.084228515625,24.96337890625,41.6259765625,-0.42724609375
0.2904052734375,-0.1552734375,1.0858154296875,21.6064453125,39.85595703125,5.615234375
0.2249755859375,-0.2039794921875,0.996826171875,16.54052734375,32.2265625,9.82666015625
0.2069091796875,-0.191650390625,0.9744873046875,15.0146484375,25.634765625,8.97216796875
0.2177734375,-0.2012939453125,0.9671630859375,10.80322265625,26.06201171875,7.32421875
0.1915283203125,-0.2379150390625,0.9842529296875,3.11279296875,32.28759765625,14.892578125
0.20751953125,-0.2225341796875,1.076171875,3.23486328125,30.8837890625,23.25439453125
0.2718505859375,-0.1739501953125,1.103515625,-0.18310546875,19.22607421875,26.67236328125
0.3165283203125,-0.1478271484375,1.017822265625,-9.82666015625,17.822265625,23.8037109375
0.253173828125,-0.14892578125,0.9326171875,-25.0244140625,22.39990234375,23.3154296875
0.20751953125,-0.176513671875,0.911376953125,-25.5126953125,20.751953125,26.55029296875
0.199462890625,-0.20654296875,1.0203857421875,-20.93505859375,15.7470703125,23.62060546875
0.193115234375,-0.2220458984375,1.1441650390625,-22.52197265625,15.19775390625,15.31982421875
0.2532958984375,-0.1966552734375,1.0157470703125,-24.35302734375,19.71435546875,8.85009765625
0.3060302734375,-0.1678466796875,0.84619140625,-22.94921875,26.42822265625,7.26318359375
0.256591796875,-0.1966552734375,0.84912109375,-18.61572265625,28.62548828125,9.521484375
0.1689453125,-0.2720947265625,0.87353515625,-13.3056640625,22.94921875,11.77978515625
0.096435546875,-0.3453369140625,0.87451171875,-10.498046875,16.41845703125,10.1318359375
0.0665283203125,-0.307373046875,0.87744140625,-14.22119140625,14.83154296875,6.9580078125
0.1378173828125,-0.2135009765625,0.917724609375,-20.32470703125,12.0849609375,5.2490234375
0.163818359375,-0.204345703125,0.990234375,-20.32470703125,6.8359375,5.0048828125
0.1043701171875,-0.2406005859375,1.0850830078125,-17.333984375,-2.197265625,2.197265625
0.106689453125,-0.1962890625,1.105224609375,-15.5029296875,-18.9208984375,2.0751953125
0.12939453125,-0.022705078125,0.9947509765625,-14.16015625,-23.37646484375,2.62451171875
0.1298828125,0.123779296875,0.8798828125,-13.916015625,-26.18408203125,1.77001953125
0.1470947265625,0.07177734375,0.8623046875,-10.8642578125,-25.57373046875,1.15966796875
0.185791015625,-0.13525390625,0.93603515625,-9.033203125,-25.93994140625,0.30517578125
0.218505859375,-0.2686767578125,1.0205078125,-11.474609375,-27.34375,-0.3662109375
0.2099609375,-0.2308349609375,0.99072265625,-9.8876953125,-31.1279296875,-0.8544921875
0.1612548828125,-0.147705078125,0.9425048828125,-12.939453125,-37.65869140625,-1.40380859375
0.0914306640625,-0.132568359375,1.084716796875,-20.99609375,-42.48046875,-1.953125
0.0394287109375,-0.181884765625,1.0618896484375,-32.28759765625,-43.64013671875,-2.5634765625
0.0257568359375,-0.2159423828125,0.9962158203125,-40.0390625,-36.56005859375,-3.662109375
0.02392578125,-0.1842041015625,0.9581298828125,-44.3115234375,-17.9443359375,-3.0517578125
0.0274658203125,-0.2823486328125,0.9849853515625,-43.9453125,-6.28662109375,-3.0517578125
0.009521484375,-0.2916259765625,0.9945068359375,-40.283203125,-8.6669921875,-4.45556640625
0.0220947265625,-0.2564697265625,0.9451904296875,-31.6162109375,-6.65283203125,-5.0048828125
0.145263671875,-0.2198486328125,0.8717041015625,-20.44677734375,-5.37109375,-5.18798828125
0.1451416015625,-0.205322265625,0.85400390625,-12.8173828125,-6.2255859375,-5.0048828125
0.1219482421875,-0.2113037109375,0.968505859375,-9.94873046875,-10.92529296875,-4.5166015625
0.1080322265625,-0.2222900390625,1.132080078125,-12.63427734375,-18.4326171875,-5.7373046875
0.1336669921875,-0.22509765625,1.1043701171875,-14.58740234375,-26.79443359375,-7.080078125
0.1416015625,-0.24267578125,1.00439453125,-16.78466796875,-35.64453125,-10.07080078125
0.1131591796875,-0.2947998046875,0.9569091796875,-15.93017578125,-43.0908203125,-12.02392578125
0.09765625,-0.3414306640625,0.9271240234375,-13.85498046875,-45.71533203125,-12.63427734375
0.103759765625,-0.3409423828125,0.9588623046875,-8.72802734375,-42.6025390625,-12.26806640625
0.159423828125,-0.305908203125,0.94482421875,-4.150390625,-34.0576171875,-9.765625
0.26416015625,-0.2818603515625,0.90869140625,0.0,-27.83203125,-7.38525390625
0.2559814453125,-0.2757568359375,0.8717041015625,5.06591796875,-29.35791015625,-5.9814453125
0.1678466796875,-0.2725830078125,0.867431640625,9.521484375,-28.86962890625,-4.45556640625
0.153564453125,-0.28125,0.895263671875,9.09423828125,-24.10888671875,-3.47900390625
0.150634765625,-0.2906494140625,0.9283447265625,7.2021484375,-21.91162109375,-4.08935546875
0.1583251953125,-0.3284912109375,0.9730224609375,5.06591796875,-22.27783203125,-5.7373046875
0.14453125,-0.3001708984375,1.0245361328125,3.0517578125,-22.39990234375,-9.033203125
0.121337890625,-0.2969970703125,1.0211181640625,1.77001953125,-21.6064453125,-13.3056640625
0.1153564453125,-0.3499755859375,0.9827880859375,1.8310546875,-20.08056640625,-16.54052734375
0.0992431640625,-0.364501953125,0.944580078125,3.7841796875,-19.4091796875,-19.22607421875
0.1302490234375,-0.2821044921875,0.9227294921875,7.4462890625,-20.01953125,-20.20263671875
0.184326171875,-0.2261962890625,0.9388427734375,11.5966796875,-19.59228515625,-19.71435546875
0.2159423828125,-0.280517578125,0.950439453125,13.916015625,-18.12744140625,-18.798828125
0.26708984375,-0.32177734375,0.9327392578125,15.0146484375,-17.08984375,-18.00537109375
0.2694091796875,-0.3138427734375,0.9183349609375,16.66259765625,-16.845703125,-16.9677734375
0.2191162109375,-0.3173828125,0.92822265625,17.2119140625,-18.49365234375,-13.85498046875
0.2344970703125,-0.3330078125,0.9498291015625,16.54052734375,-27.099609375,-12.51220703125
0.2548828125,-0.33203125,0.96484375,14.6484375,-33.75244140625,-8.97216796875
0.242431640625,-0.318603515625,0.973876953125,12.26806640625,-51.8798828125,-9.09423828125
0.24072265625,-0.3126220703125,0.9810791015625,8.9111328125,-62.744140625,-15.44189453125
0.2296142578125,-0.313232421875,0.9915771484375,1.28173828125,-82.51953125,-16.78466796875
0.2059326171875,-0.3079833984375,1.0078125,-2.25830078125,-109.2529296875,-12.14599609375
0.2164306640625,-0.3004150390625,1.0223388671875,-6.591796875,-135.8642578125,-16.357421875
0.245849609375,-0.2923583984375,1.0328369140625,-8.48388671875,-153.6865234375,-21.728515625
0.2550048828125,-0.2825927734375,1.0380859375,-10.7421875,-163.818359375,-32.5927734375
0.28271484375,-0.266845703125,1.0494384765625,-10.3759765625,-178.89404296875,-72.93701171875
0.3028564453125,-0.246337890625,1.048828125,-6.28662109375,-238.037109375,-92.28515625
0.3079833984375,-0.238525390625,1.0250244140625,-7.6904296875,-287.04833984375,-97.59521484375
0.319091796875,-0.2305908203125,1.1099853515625,-9.33837890625,-328.857421875,-95.21484375
0.3046875,-0.2376708984375,1.1278076171875,-10.55908203125,-347.65625,-88.19580078125
0.32421875,-0.2647705078125,1.0302734375,-28.80859375,-347.96142578125,-91.9189453125
0.303955078125,-0.294189453125,1.03076171875,-45.7763671875,-334.1064453125,-54.5654296875
0.3077392578125,-0.2259521484375,1.1141357421875,-62.07275390625,-171.5087890625,-18.5546875
0.2789306640625,-0.2501220703125,1.318115234375,-82.51953125,-106.201171875,-40.58837890625
0.289306640625,-0.3153076171875,1.4364013671875,-85.51025390625,-23.49853515625,-23.74267578125
0.0714111328125,-0.3524169921875,1.5242919921875,-83.49609375,78.857421875,-33.447265625
0.089111328125,-0.4107666015625,1.5440673828125,123.9013671875,101.318359375,-31.06689453125
0.23779296875,-0.4527587890625,1.62255859375,210.205078125,106.3232421875,-27.64892578125
0.1209716796875,-0.294921875,1.8424072265625,132.9345703125,116.455078125,-20.20263671875
0.0755615234375,-0.2408447265625,1.820556640625,34.1796875,139.09912109375,-10.7421875
0.3880615234375,-0.3226318359375,2.26611328125,31.25,166.19873046875,-2.685546875
0.7415771484375,-0.4881591796875,3.31494140625,30.70068359375,191.22314453125,3.96728515625
0.6910400390625,-0.788818359375,2.0924072265625,27.64892578125,212.46337890625,11.3525390625
0.3416748046875,-0.7923583984375,0.8052978515625,28.3203125,241.69921875,14.34326171875
0.17138671875,-0.4278564453125,0.75830078125,31.25,253.7841796875,18.00537109375
0.364013671875,-0.54443359375,0.8756103515625,32.04345703125,262.20703125,19.95849609375
0.628173828125,-0.3563232421875,1.105712890625,31.1279296875,263.00048828125,20.1416015625
0.1640625,-0.3388671875,1.24365234375,23.37646484375,259.33837890625,18.798828125
0.7196044921875,-0.2762451171875,1.2200927734375,21.3623046875,258.11767578125,15.9912109375
-0.68359375,-0.313232421875,1.148681640625,22.0947265625,254.69970703125,13.3056640625
-1.06103515625,-0.3580322265625,1.10791015625,23.25439453125,244.68994140625,15.44189453125
-0.8310546875,-0.3818359375,1.1177978515625,26.0009765625,242.919921875,19.1650390625
-0.7352294921875,-0.3875732421875,1.0806884765625,25.7568359375,238.037109375,23.193359375
-0.5908203125,-0.3524169921875,1.0096435546875,21.728515625,232.11669921875,31.3720703125
-0.482421875,-0.3031005859375,0.9471435546875,13.61083984375,221.98486328125,32.8369140625
-0.3780517578125,-0.2662353515625,0.9388427734375,-0.91552734375,218.75,32.77587890625
-0.279541015625,-0.268798828125,1.056396484375,-13.427734375,213.56201171875,31.25
-0.1903076171875,-0.265380859375,1.173828125,-19.6533203125,208.251953125,29.11376953125
0.0235595703125,-0.2435302734375,1.2435302734375,-13.73291015625,183.9599609375,31.73828125
0.088134765625,-0.187744140625,1.32763671875,-7.2021484375,174.49951171875,49.9267578125
0.1163330078125,-0.118408203125,1.403076171875,-0.244140625,156.18896484375,38.330078125
0.140380859375,-0.037109375,1.58837890625,8.85009765625,32.53173828125,12.939453125
0.1668701171875,-0.00830078125,1.721435546875,9.765625,122.86376953125,51.20849609375
0.177490234375,-0.0537109375,1.832763671875,2.13623046875,326.47705078125,65.24658203125
0.1951904296875,-0.092041015625,1.9217529296875,9.3994140625,394.34814453125,118.7744140625
0.2080078125,-0.1190185546875,1.966796875,67.626953125,122.0703125,116.02783203125
0.1885986328125,-0.136474609375,1.9857177734375,28.9306640625,76.59912109375,58.16650390625
0.1802978515625,-0.1951904296875,2.6722412109375,-47.119140625,64.75830078125,34.85107421875
0.201904296875,-0.233154296875,2.8809814453125,-80.078125,70.12939453125,33.447265625
0.23974609375,-0.22265625,1.8907470703125,-21.42333984375,-1.0986328125,47.607421875
0.2874755859375,-0.339599609375,1.7401123046875,28.1982421875,-48.64501953125,65.85693359375
0.3194580078125,-0.4964599609375,2.289306640625,59.2041015625,-70.00732421875,81.6650390625
0.3463134765625,-0.535888671875,0.753662109375,25.81787109375,-76.23291015625,55.60302734375
0.5814208984375,-0.0970458984375,0.1507568359375,-22.15576171875,-52.79541015625,47.9736328125
0.63525390625,0.286376953125,-0.3121337890625,-16.66259765625,10.009765625,2.62451171875
1.0264892578125,-0.0303955078125,-0.4049072265625,-0.48828125,7.8125,-40.52734375
1.7642822265625,-0.815673828125,-0.375732421875,20.5078125,-76.72119140625,-24.23095703125
1.9658203125,-0.7027587890625,-0.201904296875,27.89306640625,-158.26416015625,5.31005859375
1.8209228515625,0.224609375,0.0111083984375,40.283203125,-174.1943359375,0.732421875
2.1116943359375,0.2413330078125,0.1875,50.72021484375,-159.3017578125,-60.05859375
2.473876953125,-0.463134765625,0.8131103515625,21.54541015625,-156.55517578125,-63.90380859375
3.189697265625,-0.625,1.619140625,-44.7998046875,-162.17041015625,-39.4287109375
3.214111328125,-0.6763916015625,1.45751953125,-75.439453125,-160.64453125,-6.591796875
2.5594482421875,-0.384521484375,0.567626953125,-65.61279296875,-147.705078125,7.99560546875
2.30322265625,0.080810546875,0.4383544921875,-77.1484375,-129.33349609375,-11.90185546875
1.93505859375,0.239013671875,1.16162109375,-75.0732421875,-133.7890625,-19.83642578125
1.17626953125,0.5419921875,1.64111328125,-67.93212890625,-143.1884765625,-5.67626953125
0.1395263671875,0.859130859375,1.595947265625,-46.44775390625,-115.234375,8.544921875
-1.5462646484375,0.5029296875,1.5909423828125,-1.03759765625,-67.68798828125,5.67626953125
-2.4090576171875,0.02880859375,1.6849365234375,2.38037109375,-44.7998046875,0.8544921875
-1.3626708984375,0.4005126953125,1.751220703125,6.7138671875,-50.29296875,4.21142578125
0.067626953125,0.580810546875,1.455322265625,-1.89208984375,-72.08251953125,5.55419921875
0.9571533203125,-0.2593994140625,1.495849609375,-19.53125,-76.66015625,4.82177734375
0.86767578125,-1.01123046875,1.44091796875,-32.470703125,-82.33642578125,6.2255859375
0.2071533203125,-1.1585693359375,1.1929931640625,-34.5458984375,-91.24755859375,9.6435546875
0.252197265625,0.1292724609375,1.152587890625,-31.73828125,-103.94287109375,10.31494140625
0.199951171875,0.288818359375,1.233642578125,-37.04833984375,-106.93359375,8.48388671875
0.23046875,-0.14697265625,1.242919921875,-46.630859375,-96.8017578125,-6.65283203125
0.326171875,-0.5240478515625,1.11474609375,-50.1708984375,-25.7568359375,-8.9111328125
0.3026123046875,-0.3353271484375,1.0164794921875,-52.67333984375,-16.7236328125,-9.1552734375
0.228271484375,0.005615234375,0.9976806640625,-52.42919921875,-11.23046875,-8.85009765625
0.1900634765625,-0.0079345703125,1.052001953125,-44.25048828125,-7.99560546875,-7.6904296875
0.239013671875,-0.1788330078125,1.0968017578125,-5.37109375,-7.62939453125,-6.89697265625
0.2158203125,-0.08642578125,1.1011962890625,-6.9580078125,-6.89697265625,-6.4697265625
0.140869140625,-0.087158203125,1.1072998046875,-9.09423828125,-7.9345703125,-7.6904296875
0.1429443359375,-0.143310546875,0.9737548828125,-13.7939453125,-7.8125,-8.9111328125
0.1114501953125,-0.1605224609375,0.97265625,-16.41845703125,-7.99560546875,-10.25390625
0.0885009765625,-0.1837158203125,0.9833984375,-18.61572265625,-8.4228515625,-11.23046875
0.1123046875,-0.2142333984375,0.9903564453125,-8.72802734375,-8.23974609375,-11.474609375
0.154296875,-0.236083984375,0.978271484375,-2.9296875,-7.32421875,-11.29150390625
0.1954345703125,-0.23046875,0.9776611328125,2.01416015625,-6.9580078125,-10.80322265625
0.23388671875,-0.23046875,0.9658203125,5.67626953125,-7.14111328125,-10.25390625
0.2406005859375,-0.20703125,0.961181640625,7.6904296875,-7.26318359375,-9.1552734375
0.2379150390625,-0.1968994140625,0.9598388671875,8.23974609375,-6.8359375,-7.62939453125
0.2459716796875,-0.21630859375,0.9569091796875,8.23974609375,-6.28662109375,-6.89697265625
0.2425537109375,-0.2403564453125,0.9541015625,7.75146484375,-6.103515625,-7.01904296875
0.24365234375,-0.2479248046875,0.9534912109375,7.50732421875,-5.92041015625,-6.9580078125
0.2508544921875,-0.2532958984375,0.9552001953125,6.89697265625,-5.55419921875,-7.38525390625
0.244384765625,-0.2552490234375,0.9580078125,5.2490234375,-5.4931640625,-8.056640625
0.2427978515625,-0.2442626953125,0.95849609375,3.11279296875,-6.4697265625,-9.33837890625
0.2431640625,-0.232177734375,0.954833984375,2.38037109375,-8.23974609375,-10.43701171875
0.243896484375,-0.2261962890625,0.9532470703125,0.244140625,-10.31494140625,-10.498046875
0.252197265625,-0.2232666015625,0.953369140625,-1.15966796875,-13.24462890625,-10.80322265625
0.2593994140625,-0.221435546875,0.94677734375,-2.3193359375,-15.0146484375,-11.474609375
0.2559814453125,-0.2144775390625,0.94384765625,-2.25830078125,-17.4560546875,-13.73291015625
0.255615234375,-0.2086181640625,0.9503173828125,-2.13623046875,-21.6064453125,-16.41845703125
0.261962890625,-0.213623046875,0.955810546875,-1.220703125,-26.7333984375,-19.53125
0.268798828125,-0.2113037109375,0.9578857421875,-1.46484375,-33.0810546875,-21.1181640625
0.265625,-0.2142333984375,0.9637451171875,-2.5634765625,-40.22216796875,-24.658203125
0.2568359375,-0.2244873046875,0.9688720703125,-3.35693359375,-52.24609375,-29.1748046875
0.252197265625,-0.228515625,0.991455078125,-5.615234375,-66.0400390625,-33.02001953125
0.253173828125,-0.237060546875,1.0159912109375,-9.521484375,-81.11572265625,-39.306640625
0.2490234375,-0.2353515625,1.0352783203125,-14.404296875,-98.69384765625,-46.08154296875
0.242919921875,-0.2308349609375,1.0467529296875,-15.869140625,-120.4833984375,-45.95947265625
0.2469482421875,-0.2193603515625,1.06005859375,-16.845703125,-160.09521484375,-49.98779296875
0.2603759765625,-0.2158203125,1.0634765625,-18.12744140625,-202.1484375,-58.2275390625
0.2701416015625,-0.220458984375,1.0728759765625,-20.69091796875,-226.9287109375,-75.1953125
0.269287109375,-0.22900390625,1.0931396484375,-20.69091796875,-239.013671875,-119.20166015625
0.27001953125,-0.2344970703125,1.109619140625,-19.47021484375,-357.11669921875,-132.38525390625
0.2650146484375,-0.2186279296875,1.121826171875,-17.7001953125,-392.4560546875,-132.8125
0.2703857421875,-0.223876953125,1.1512451171875,-14.34326171875,-328.369140625,-73.73046875
0.303955078125,-0.23876953125,1.19775390625,-5.4931640625,-220.64208984375,-25.390625
0.2822265625,-0.239990234375,1.1876220703125,-26.123046875,-187.8662109375,-83.984375
0.2188720703125,-0.2509765625,1.18603515625,-27.77099609375,-103.94287109375,-67.5048828125
0.2127685546875,-0.234130859375,1.255615234375,11.41357421875,-14.2822265625,-55.0537109375
0.238525390625,-0.2447509765625,1.864013671875,170.22705078125,45.22705078125,-45.8984375
0.2532958984375,-0.3212890625,2.2904052734375,273.193359375,87.09716796875,-27.587890625
0.1519775390625,-0.4193115234375,2.2669677734375,158.14208984375,112.60986328125,-12.3291015625
0.1390380859375,-0.500244140625,2.0655517578125,37.29248046875,119.2626953125,12.451171875
0.16162109375,-0.38818359375,2.5667724609375,-19.04296875,147.88818359375,20.6298828125
-0.142578125,-0.8837890625,3.59326171875,-39.36767578125,158.63037109375,25.57373046875
-0.186767578125,-0.697021484375,3.4727783203125,-29.9072265625,168.3349609375,26.611328125
0.7572021484375,-0.7645263671875,2.2955322265625,-16.845703125,179.62646484375,30.94482421875
0.59619140625,-0.526611328125,1.4454345703125,1.28173828125,210.63232421875,34.48486328125
0.5062255859375,-0.320556640625,1.1259765625,-3.2958984375,220.703125,41.50390625
0.3861083984375,-0.43896484375,0.84521484375,-13.48876953125,242.49267578125,44.86083984375
0.107666015625,-0.463134765625,0.5709228515625,-22.15576171875,251.953125,50.78125
0.9517822265625,-0.7662353515625,0.567138671875,-24.4140625,270.751953125,51.6357421875
0.3367919921875,-0.8778076171875,0.6070556640625,-19.10400390625,261.41357421875,53.466796875
-0.729736328125,-0.792724609375,0.6834716796875,-11.41357421875,262.14599609375,62.744140625
-0.851806640625,-0.5040283203125,1.0296630859375,-8.7890625,272.5830078125,65.12451171875
-0.8392333984375,-0.324951171875,1.1348876953125,-14.09912109375,270.01953125,66.10107421875
-0.843505859375,-0.225830078125,1.2939453125,-20.263671875,265.07568359375,65.91796875
-0.6593017578125,-0.1927490234375,1.3338623046875,-20.56884765625,257.8125,62.6220703125
-0.575439453125,-0.2353515625,1.3880615234375,-28.4423828125,248.4130859375,57.0068359375
-0.475830078125,-0.23388671875,1.4659423828125,-33.38623046875,242.00439453125,56.884765625
-0.390380859375,-0.18115234375,1.4801025390625,-36.80419921875,230.95703125,51.08642578125
-0.1925048828125,-0.16064453125,1.510009765625,-37.109375,230.52978515625,38.26904296875
-0.119140625,-0.102783203125,1.5908203125,-30.029296875,239.013671875,34.1796875
0.031494140625,-0.115478515625,1.6343994140625,-17.7001953125,147.52197265625,-13.3056640625
0.0816650390625,-0.0709228515625,1.6697998046875,-0.48828125,91.61376953125,-22.4609375
0.1663818359375,-0.035400390625,1.7451171875,26.06201171875,237.3046875,-7.9345703125
0.2017822265625,-0.0750732421875,1.8634033203125,22.8271484375,362.6708984375,8.30078125
0.2625732421875,-0.0684814453125,2.0635986328125,51.025390625,269.71435546875,39.85595703125
0.295166015625,-0.0645751953125,2.3289794921875,84.47265625,193.2373046875,64.8193359375
0.313720703125,-0.096435546875,2.622802734375,10.986328125,138.97705078125,72.44873046875
0.3453369140625,-0.174560546875,3.0340576171875,-107.0556640625,98.08349609375,63.78173828125
0.3670654296875,-0.279052734375,2.5745849609375,-114.501953125,65.85693359375,46.38671875
0.4041748046875,-0.18896484375,1.570556640625,-99.54833984375,43.39599609375,38.330078125
0.46484375,0.0040283203125,2.1551513671875,-59.26513671875,15.7470703125,45.654296875
0.52490234375,-0.2877197265625,1.835693359375,-7.14111328125,-21.240234375,63.1103515625
0.688232421875,-0.3687744140625,1.233642578125,25.146484375,-50.1708984375,75.1953125
0.7938232421875,0.30517578125,0.6630859375,22.3388671875,-63.65966796875,89.90478515625
0.889404296875,0.1116943359375,0.17529296875,-4.150390625,-45.8984375,59.75341796875
1.385986328125,-0.01806640625,-0.152587890625,-19.4091796875,20.44677734375,-21.240234375
1.8609619140625,-0.3104248046875,-0.3760986328125,-9.8876953125,29.47998046875,-99.30419921875
1.80029296875,-0.5654296875,-0.4766845703125,16.90673828125,-46.20361328125,-104.98046875
1.9088134765625,-0.5157470703125,-0.3681640625,65.3076171875,-149.4140625,-38.87939453125
2.1405029296875,-0.1072998046875,-0.1021728515625,61.21826171875,-195.98388671875,15.380859375
2.4473876953125,0.304443359375,0.2637939453125,16.6015625,-204.77294921875,0.8544921875
2.80419921875,0.36962890625,0.944091796875,32.77587890625,-193.17626953125,-22.64404296875
3.1998291015625,0.0772705078125,1.562255859375,15.68603515625,-187.07275390625,-18.5546875
3.438232421875,-0.25830078125,1.3409423828125,-21.484375,-186.4013671875,0.244140625
3.3353271484375,-0.326171875,0.3629150390625,-32.1044921875,-184.02099609375,19.287109375
3.0140380859375,0.4066162109375,-0.187744140625,-40.52734375,-178.03955078125,25.390625
2.6524658203125,1.029052734375,0.1905517578125,-42.17529296875,-168.51806640625,0.8544921875
2.267822265625,0.8486328125,0.9544677734375,-35.0341796875,-160.7666015625,-4.150390625
0.7080078125,0.5758056640625,1.6561279296875,-38.26904296875,-165.8935546875,-0.732421875
-1.008544921875,0.1741943359375,1.9256591796875,-33.02001953125,-146.3623046875,-3.41796875
-1.9249267578125,-0.37939453125,2.0673828125,-31.18896484375,-98.388671875,-2.44140625
-2.0626220703125,-0.3807373046875,2.2237548828125,-33.63037109375,-53.5888671875,-2.5634765625
-0.7510986328125,0.19287109375,2.047607421875,-27.4658203125,-50.9033203125,-1.40380859375
0.5050048828125,0.2850341796875,1.6680908203125,7.87353515625,-69.9462890625,2.197265625
0.5631103515625,-0.1634521484375,1.31591796875,-19.8974609375,-78.0029296875,3.60107421875
0.12353515625,-0.6114501953125,1.3656005859375,-52.42919921875,-70.49560546875,1.953125
0.2950439453125,-0.576171875,1.4781494140625,-57.80029296875,-67.3828125,3.7841796875
0.5819091796875,-0.0733642578125,1.03466796875,-49.072265625,-54.6875,6.103515625
0.5086669921875,0.2568359375,1.0189208984375,-41.259765625,-40.71044921875,5.18798828125
0.456298828125,-0.3697509765625,1.25830078125,-35.33935546875,-25.87890625,3.173828125
0.4266357421875,-0.2235107421875,1.252685546875,-30.94482421875,-13.48876953125,1.708984375
0.2889404296875,0.053955078125,1.0897216796875,-28.564453125,-7.26318359375,-0.3662109375
0.14404296875,-0.051025390625,1.0919189453125,-25.69580078125,-5.79833984375,-2.99072265625
0.439453125,-0.2242431640625,1.2178955078125,-23.193359375,-6.40869140625,-5.43212890625
0.28564453125,-0.248046875,1.199462890625,-20.01953125,-9.033203125,-6.28662109375
0.1607666015625,-0.1929931640625,1.0567626953125,-15.07568359375,-11.04736328125,-6.103515625
0.1898193359375,-0.2144775390625,0.9737548828125,-11.53564453125,-12.5732421875,-5.79833984375
0.1915283203125,-0.1812744140625,0.9476318359375,-11.1083984375,-15.13671875,-5.67626953125
0.1719970703125,-0.2198486328125,0.91552734375,-12.451171875,-18.5546875,-4.2724609375
0.1806640625,-0.2525634765625,0.88330078125,-14.5263671875,-22.216796875,-3.47900390625
0.2520751953125,-0.244384765625,0.874755859375,-16.6015625,-23.86474609375,-3.41796875
0.2984619140625,-0.272705078125,0.8822021484375,-17.9443359375,-24.35302734375,-4.5166015625
0.255859375,-0.304931640625,0.9017333984375,-18.12744140625,-24.10888671875,-5.79833984375
0.2261962890625,-0.2923583984375,0.9332275390625,-16.54052734375,-22.27783203125,-6.34765625
0.21826171875,-0.2855224609375,0.97021484375,-14.0380859375,-20.751953125,-7.87353515625
0.1761474609375,-0.3031005859375,0.9873046875,-9.521484375,-18.9208984375,-8.72802734375
0.1328125,-0.312744140625,0.9912109375,-3.35693359375,-16.05224609375,-8.1787109375
0.1214599609375,-0.3009033203125,0.9935302734375,2.9296875,-14.95361328125,-6.65283203125
0.134033203125,-0.2796630859375,0.9775390625,9.3994140625,-15.07568359375,-4.82177734375
0.1571044921875,-0.2703857421875,0.9654541015625,12.5732421875,-15.2587890625,-2.99072265625
0.17578125,-0.2733154296875,0.955322265625,12.20703125,-14.0380859375,-1.5869140625
0.1953125,-0.29248046875,0.938720703125,10.6201171875,-12.14599609375,-0.79345703125
0.20703125,-0.3148193359375,0.9383544921875,8.60595703125,-11.04736328125,-1.28173828125
0.216552734375,-0.3206787109375,0.9488525390625,6.16455078125,-12.5732421875,-2.01416015625
0.2379150390625,-0.329833984375,0.95947265625,3.2958984375,-13.24462890625,-2.01416015625
0.23583984375,-0.3338623046875,0.965576171875,0.244140625,-13.97705078125,-2.44140625
0.23828125,-0.3004150390625,0.9588623046875,-2.25830078125,-15.07568359375,-3.173828125
0.2452392578125,-0.263916015625,0.9512939453125,-3.2958984375,-17.15087890625,-3.0517578125
0.23388671875,-0.25439453125,0.9447021484375,-2.197265625,-18.00537109375,-2.62451171875
0.230224609375,-0.2568359375,0.93896484375,-0.54931640625,-19.10400390625,-4.33349609375
0.2357177734375,-0.2613525390625,0.93505859375,0.3662109375,-20.01953125,-7.568359375
0.24755859375,-0.2620849609375,0.929443359375,1.8310546875,-21.17919921875,-9.27734375
0.2569580078125,-0.263427734375,0.9400634765625,3.2958984375,-23.37646484375,-9.033203125
0.2647705078125,-0.2796630859375,0.9354248046875,4.94384765625,-27.7099609375,-9.46044921875
0.271484375,-0.297607421875,0.94384765625,3.84521484375,-34.85107421875,-7.26318359375
0.268798828125,-0.2955322265625,0.957275390625,0.54931640625,-42.724609375,-5.18798828125
0.2615966796875,-0.2811279296875,0.9632568359375,-3.72314453125,-52.1240234375,-10.80322265625
0.2366943359375,-0.2845458984375,0.9776611328125,-8.97216796875,-67.32177734375,-18.6767578125
0.2469482421875,-0.2889404296875,0.9876708984375,-13.48876953125,-86.5478515625,-23.01025390625
0.25341796875,-0.27880859375,1.0064697265625,-16.29638671875,-106.0791015625,-23.13232421875
0.2442626953125,-0.2833251953125,1.0263671875,-21.240234375,-136.3525390625,-5.79833984375
0.245361328125,-0.2967529296875,1.0328369140625,-25.390625,-163.6962890625,-11.29150390625
0.283935546875,-0.303466796875,1.038330078125,-28.25927734375,-201.2939453125,-22.3388671875
0.293212890625,-0.268310546875,1.05615234375,-29.9072265625,-224.42626953125,-28.99169921875
0.29736328125,-0.25048828125,1.0892333984375,-28.13720703125,-271.66748046875,-34.97314453125
0.3133544921875,-0.263671875,1.107421875,-23.681640625,-338.07373046875,-59.50927734375
0.30126953125,-0.2371826171875,1.083251953125,-26.67236328125,-407.53173828125,-84.89990234375
0.281005859375,-0.258056640625,1.032470703125,-35.888671875,-441.40625,-86.97509765625
0.2991943359375,-0.3231201171875,1.22509765625,-48.76708984375,-441.5283203125,-100.2197265625
0.3011474609375,-0.3271484375,1.1107177734375,-88.37890625,-408.38623046875,-121.27685546875
0.2672119140625,-0.2906494140625,1.22509765625,-144.287109375,-258.9111328125,-94.54345703125
0.2293701171875,-0.269775390625,1.322509765625,-177.67333984375,-52.42919921875,-80.50537109375
0.234130859375,-0.1356201171875,1.49365234375,-181.396484375,93.26171875,-95.39794921875
0.2493896484375,-0.292724609375,1.750244140625,-173.27880859375,131.40869140625,-84.47265625
0.269287109375,-0.2774658203125,1.8587646484375,-4.69970703125,149.0478515625,-81.23779296875
-0.3968505859375,-0.1663818359375,1.7564697265625,57.55615234375,182.12890625,-79.52880859375
-0.094970703125,-0.1695556640625,1.77587890625,-20.44677734375,205.2001953125,-72.8759765625
0.0902099609375,-0.541748046875,2.3017578125,-52.67333984375,209.9609375,-63.5986328125
0.53125,-0.5477294921875,3.4951171875,-21.1181640625,215.2099609375,-53.8330078125
0.93798828125,-0.4398193359375,3.4505615234375,-1.0986328125,227.72216796875,-35.400390625
0.8907470703125,-0.7930908203125,2.2828369140625,16.78466796875,246.09375,-24.59716796875
0.4068603515625,-0.373291015625,1.3818359375,30.33447265625,256.53076171875,-1.8310546875
0.067626953125,-0.2359619140625,0.9349365234375,32.1044921875,265.07568359375,8.056640625
0.3651123046875,-0.58642578125,0.6595458984375,29.541015625,267.63916015625,15.0146484375
0.67431640625,-0.3082275390625,0.5521240234375,33.8134765625,268.98193359375,18.73779296875
0.239990234375,-0.4442138671875,0.56787109375,37.78076171875,274.4140625,21.728515625
0.3428955078125,-0.4796142578125,0.6572265625,38.02490234375,284.48486328125,24.7802734375
-1.1256103515625,-0.38671875,0.8663330078125,39.0625,275.45166015625,23.86474609375
-0.9627685546875,-0.29736328125,0.9560546875,39.0625,273.98681640625,34.11865234375
-0.6611328125,-0.30615234375,1.025634765625,37.65869140625,287.109375,46.81396484375
-0.735107421875,-0.3436279296875,1.0753173828125,33.5693359375,294.3115234375,55.0537109375
-0.703857421875,-0.4248046875,1.133056640625,30.21240234375,288.818359375,62.56103515625
-0.5616455078125,-0.4334716796875,1.230224609375,28.62548828125,279.47998046875,69.76318359375
-0.4503173828125,-0.3671875,1.3846435546875,15.9912109375,266.54052734375,71.10595703125
-0.3111572265625,-0.31884765625,1.541015625,-1.220703125,259.58251953125,68.54248046875
-0.2330322265625,-0.2811279296875,1.611083984375,-18.12744140625,269.4091796875,74.0966796875
-0.136962890625,-0.2515869140625,1.6513671875,-28.1982421875,290.10009765625,55.17578125
-0.080322265625,-0.21044921875,1.721435546875,-29.296875,141.9677734375,24.35302734375
-0.029296875,-0.215087890625,1.784423828125,-18.798828125,165.83251953125,46.08154296875
0.0465087890625,-0.1695556640625,1.8980712890625,-4.57763671875,325.25634765625,59.814453125
0.091552734375,-0.0693359375,2.150146484375,8.23974609375,413.0859375,41.3818359375
0.113525390625,-0.04443359375,2.4945068359375,74.27978515625,347.71728515625,48.76708984375
0.1661376953125,-0.050048828125,2.7674560546875,76.72119140625,242.61474609375,73.1201171875
0.2034912109375,-0.062255859375,3.1588134765625,11.5966796875,164.85595703125,88.19580078125
0.2294921875,-0.121826171875,3.228515625,-20.56884765625,122.13134765625,84.1064453125
0.263916015625,-0.18994140625,2.3988037109375,-16.90673828125,103.6376953125,62.92724609375
0.3167724609375,-0.2713623046875,1.6007080078125,-43.64013671875,81.54296875,36.68212890625
0.4100341796875,-0.4237060546875,1.6536865234375,-51.57470703125,43.212890625,28.50341796875
0.538818359375,-0.7481689453125,1.8673095703125,-28.38134765625,-6.2255859375,37.841796875
0.69091796875,-0.788818359375,1.558349609375,1.15966796875,-46.44775390625,55.6640625
0.7955322265625,-0.330078125,1.0179443359375,2.50244140625,-64.63623046875,68.359375
1.1173095703125,-0.19091796875,0.5013427734375,-16.54052734375,-72.44873046875,77.08740234375
1.6846923828125,-0.2606201171875,0.070556640625,-36.4990234375,-66.650390625,56.5185546875
2.05078125,-0.3624267578125,-0.288330078125,-37.4755859375,-0.732421875,11.53564453125
2.000244140625,-0.677001953125,-0.6234130859375,-12.6953125,38.14697265625,-52.42919921875
1.929931640625,-0.79638671875,-0.730224609375,19.95849609375,1.0986328125,-65.0634765625
2.14501953125,-0.4884033203125,-0.4901123046875,53.40576171875,-95.21484375,-10.92529296875
2.4163818359375,-0.007080078125,-0.0870361328125,43.45703125,-152.77099609375,26.79443359375
2.765380859375,0.224853515625,0.284423828125,7.50732421875,-183.77685546875,8.72802734375
3.2205810546875,0.0662841796875,0.8017578125,23.0712890625,-184.50927734375,-24.84130859375
3.606201171875,-0.3883056640625,1.5396728515625,10.55908203125,-166.259765625,-45.95947265625
3.6915283203125,-0.7802734375,1.707275390625,-13.97705078125,-177.001953125,-8.6669921875
3.4261474609375,-0.8795166015625,0.8349609375,-33.14208984375,-181.57958984375,13.5498046875
3.0479736328125,-0.1461181640625,0.057861328125,-48.095703125,-179.13818359375,-10.55908203125
2.6925048828125,0.3902587890625,0.188720703125,-63.29345703125,-163.63525390625,-13.97705078125
2.30810546875,0.1727294921875,0.722900390625,-72.57080078125,-166.80908203125,0.54931640625
0.861572265625,0.307861328125,1.42822265625,-69.15283203125,-161.62109375,1.953125
-0.835693359375,0.3602294921875,1.877197265625,-57.2509765625,-142.27294921875,-13.36669921875
-1.7591552734375,-0.1202392578125,1.8836669921875,-37.65869140625,-125.9765625,-19.83642578125
-1.9029541015625,-0.0057373046875,2.0535888671875,-25.93994140625,-127.5634765625,-13.73291015625
-0.8963623046875,0.7066650390625,1.8193359375,-7.62939453125,-130.615234375,-10.07080078125
0.2947998046875,0.8057861328125,1.427490234375,2.86865234375,-124.57275390625,-2.62451171875
0.634521484375,0.2120361328125,1.35009765625,-10.07080078125,-119.32373046875,1.0986328125
0.2923583984375,-1.056640625,1.3671875,-24.0478515625,-113.09814453125,-0.48828125
0.2200927734375,-0.53759765625,1.332763671875,-32.53173828125,-97.22900390625,-1.03759765625
0.3587646484375,0.07470703125,1.2005615234375,-36.0107421875,-71.83837890625,-3.60107421875
0.3067626953125,-0.5042724609375,1.091796875,-44.73876953125,-55.419921875,-3.5400390625
0.3350830078125,-0.7584228515625,1.1427001953125,-47.05810546875,-43.45703125,-3.173828125
0.278564453125,-0.2733154296875,1.1837158203125,-45.5322265625,-33.75244140625,-3.173828125
0.16162109375,0.1099853515625,1.2027587890625,-30.33447265625,-27.03857421875,-3.35693359375
0.2095947265625,-0.1031494140625,1.224853515625,-20.32470703125,-24.4140625,-3.662109375
0.317138671875,-0.2882080078125,1.271240234375,-15.625,-21.240234375,-3.47900390625
0.2371826171875,-0.195068359375,1.2149658203125,-11.962890625,-17.27294921875,-3.23486328125
0.1241455078125,-0.150146484375,1.093017578125,-9.70458984375,-14.70947265625,-3.23486328125
0.1678466796875,-0.181640625,1.0455322265625,-7.4462890625,-12.63427734375,-2.99072265625
0.2327880859375,-0.2000732421875,1.015869140625,-6.89697265625,-10.6201171875,-2.50244140625
0.17333984375,-0.22412109375,0.9945068359375,-7.38525390625,-9.765625,-2.3193359375
0.217041015625,-0.2281494140625,0.9764404296875,-6.7138671875,-8.4228515625,-2.0751953125
0.3123779296875,-0.23486328125,0.9727783203125,-7.4462890625,-7.26318359375,-2.25830078125
0.2901611328125,-0.2440185546875,0.971923828125,-9.765625,-8.1787109375,-2.197265625
0.273193359375,-0.2420654296875,0.9698486328125,-12.02392578125,-10.43701171875,-2.685546875
0.274658203125,-0.2515869140625,0.9637451171875,-14.58740234375,-11.16943359375,-4.33349609375
0.2711181640625,-0.2525634765625,0.9578857421875,-17.333984375,-10.009765625,-6.16455078125
0.2471923828125,-0.2552490234375,0.957763671875,-17.9443359375,-8.6669921875,-8.056640625
0.22705078125,-0.257080078125,0.955322265625,-15.625,-8.60595703125,-10.19287109375
0.23974609375,-0.247314453125,0.954833984375,-11.3525390625,-9.82666015625,-11.90185546875
0.259765625,-0.2454833984375,0.958740234375,-5.9814453125,-10.1318359375,-11.77978515625
0.2568359375,-0.25,0.94970703125,-0.9765625,-8.4228515625,-9.58251953125
0.2510986328125,-0.2464599609375,0.9337158203125,2.8076171875,-7.6904296875,-6.53076171875
0.2532958984375,-0.25390625,0.9232177734375,5.0048828125,-8.4228515625,-4.150390625
0.252685546875,-0.2667236328125,0.923583984375,5.37109375,-10.19287109375,-0.54931640625
0.256103515625,-0.2769775390625,0.9254150390625,5.92041015625,-9.58251953125,-1.708984375
0.2537841796875,-0.2838134765625,0.923095703125,5.9814453125,-8.6669921875,-3.96728515625
0.24951171875,-0.282470703125,0.9365234375,4.69970703125,-8.30078125,-5.859375
0.250244140625,-0.2830810546875,0.9566650390625,3.2958984375,-8.48388671875,-7.9345703125
0.2496337890625,-0.2889404296875,0.9705810546875,0.30517578125,-11.5966796875,-8.48388671875
0.2506103515625,-0.288330078125,0.9771728515625,0.18310546875,-12.6953125,-8.6669921875
0.2471923828125,-0.275390625,0.9654541015625,0.732421875,-14.404296875,-8.9111328125
0.2320556640625,-0.2435302734375,0.9326171875,1.52587890625,-18.73779296875,-10.31494140625
0.217529296875,-0.2073974609375,0.9256591796875,3.2958984375,-25.5126953125,-15.80810546875
0.25439453125,-0.209716796875,0.9287109375,3.72314453125,-42.05322265625,-32.2265625
0.294189453125,-0.22802734375,0.9400634765625,2.9296875,-88.134765625,-34.72900390625
0.2928466796875,-0.27294921875,0.947265625,0.67138671875,-106.5673828125,-30.09033203125
0.2899169921875,-0.27783203125,0.96630859375,-3.60107421875,-162.2314453125,-28.564453125
0.2840576171875,-0.2813720703125,0.9910888671875,-13.73291015625,-198.05908203125,-46.56982421875
0.2750244140625,-0.2774658203125,1.0257568359375,-14.7705078125,-226.9287109375,-75.1953125
0.27099609375,-0.275146484375,1.045654296875,-16.357421875,-251.708984375,-105.46875
0.2684326171875,-0.258544921875,1.053955078125,-15.93017578125,-366.3330078125,-111.99951171875
0.2747802734375,-0.2357177734375,1.0946044921875,-15.56396484375,-415.8935546875,-114.74609375
0.2841796875,-0.2237548828125,1.0936279296875,-4.21142578125,-423.828125,-127.86865234375
0.294677734375,-0.2344970703125,1.1978759765625,-6.8359375,-402.83203125,-146.484375
0.2816162109375,-0.2845458984375,1.16748046875,-46.9970703125,-358.0322265625,-124.45068359375
0.2608642578125,-0.242431640625,1.238525390625,-59.50927734375,-276.2451171875,-79.4677734375
0.2626953125,-0.2247314453125,1.284423828125,-56.396484375,-159.0576171875,-66.2841796875
0.2845458984375,-0.2052001953125,1.5811767578125,-83.31298828125,-74.8291015625,-68.78662109375
0.255615234375,-0.27197265625,2.02001953125,-44.12841796875,21.17919921875,-59.6923828125
0.2911376953125,-0.42529296875,2.0416259765625,57.9833984375,69.15283203125,-46.7529296875
0.0010986328125,-0.5411376953125,2.0140380859375,185.97412109375,84.28955078125,-33.63037109375
0.072021484375,-0.3076171875,2.03271484375,147.39990234375,116.14990234375,-25.7568359375
-0.3126220703125,-0.6754150390625,1.9478759765625,25.20751953125,142.822265625,-22.3388671875
0.151123046875,-0.6697998046875,2.7799072265625,-4.2724609375,148.25439453125,-14.6484375
0.903564453125,-0.6190185546875,3.794677734375,-10.986328125,151.42822265625,-1.89208984375
0.791015625,-0.7471923828125,3.7791748046875,17.4560546875,178.5888671875,1.953125
0.375732421875,-0.7503662109375,2.7425537109375,35.2783203125,188.29345703125,6.16455078125
0.3856201171875,-0.5965576171875,1.5738525390625,41.56494140625,199.40185546875,12.51220703125
0.7767333984375,-0.6387939453125,1.0540771484375,36.4990234375,211.5478515625,20.01953125
0.8094482421875,-0.7608642578125,0.743408203125,5.126953125,222.35107421875,33.3251953125
0.05126953125,-0.68212890625,0.57373046875,-5.4931640625,239.56298828125,37.17041015625
0.9066162109375,-0.7449951171875,0.4886474609375,-10.6201171875,247.37548828125,37.04833984375
1.0413818359375,-0.7935791015625,0.473876953125,-12.51220703125,267.08984375,38.6962890625
-0.7884521484375,-0.6788330078125,0.655517578125,-10.25390625,281.18896484375,39.306640625
-1.06884765625,-0.4705810546875,0.7982177734375,0.9765625,275.20751953125,41.56494140625
-0.819091796875,-0.3486328125,0.9227294921875,3.72314453125,281.31103515625,52.55126953125
-0.8021240234375,-0.2755126953125,1.0042724609375,4.33349609375,296.7529296875,60.6689453125
-0.8267822265625,-0.3057861328125,1.1103515625,-2.685546875,300.9033203125,65.5517578125
-0.711669921875,-0.3541259765625,1.154541015625,-3.47900390625,296.9970703125,69.15283203125
-0.6123046875,-0.391845703125,1.2987060546875,-3.11279296875,285.09521484375,72.32666015625
-0.47314453125,-0.402099609375,1.4456787109375,-14.5263671875,268.49365234375,73.6083984375
-0.3922119140625,-0.3060302734375,1.619140625,-23.681640625,264.09912109375,71.71630859375
-0.3223876953125,-0.2447509765625,1.677490234375,-31.6162109375,278.6865234375,70.12939453125
-0.261962890625,-0.1785888671875,1.7261962890625,-38.14697265625,306.57958984375,71.22802734375
-0.12451171875,-0.1680908203125,1.7978515625,-37.41455078125,217.71240234375,34.97314453125
-0.072509765625,-0.1981201171875,1.8397216796875,-23.5595703125,165.10009765625,38.14697265625
0.0323486328125,-0.1727294921875,1.8970947265625,-11.71875,281.92138671875,58.59375
0.0556640625,-0.104248046875,2.0263671875,-5.31005859375,404.052734375,43.9453125
0.10400390625,-0.092041015625,2.303955078125,35.82763671875,381.53076171875,45.654296875
0.1910400390625,-0.0806884765625,2.669189453125,84.65576171875,286.19384765625,60.6689453125
0.2373046875,-0.0833740234375,3.0546875,31.31103515625,194.7021484375,67.93212890625
0.2802734375,-0.119384765625,3.45458984375,-40.0390625,137.20703125,56.2744140625
0.328125,-0.159912109375,3.0516357421875,-73.8525390625,106.99462890625,28.9306640625
0.3575439453125,-0.1917724609375,1.9169921875,-102.4169921875,69.091796875,-1.03759765625
0.4122314453125,-0.2054443359375,1.556396484375,-93.32275390625,15.2587890625,-7.01904296875
0.53369140625,-0.6038818359375,1.756591796875,-54.99267578125,-32.470703125,7.9345703125
0.674560546875,-0.8363037109375,1.6317138671875,-12.0849609375,-62.8662109375,27.9541015625
0.7662353515625,-0.38525390625,1.276123046875,9.94873046875,-75.13427734375,47.2412109375
0.9150390625,0.0018310546875,0.8072509765625,7.4462890625,-73.486328125,62.6220703125
1.424560546875,0.1324462890625,0.2958984375,-4.8828125,-25.634765625,4.21142578125
1.97314453125,-0.0732421875,-0.19873046875,-6.40869140625,25.634765625,-52.8564453125
2.06298828125,-0.4429931640625,-0.6341552734375,9.70458984375,-14.70947265625,-66.2841796875
1.9903564453125,-0.4840087890625,-0.7501220703125,33.5693359375,-115.966796875,-15.19775390625
2.146728515625,-0.182373046875,-0.5301513671875,74.21875,-182.12890625,19.95849609375
2.4827880859375,0.22802734375,-0.2015380859375,31.3720703125,-212.34130859375,2.01416015625
2.9368896484375,0.4656982421875,0.2498779296875,23.86474609375,-197.69287109375,-30.09033203125
3.43896484375,0.324462890625,1.2509765625,25.08544921875,-181.70166015625,-33.203125
3.8099365234375,-0.1256103515625,1.6361083984375,2.197265625,-195.3125,-10.80322265625
3.93505859375,-0.52099609375,0.8165283203125,-21.3623046875,-202.392578125,23.01025390625
3.7127685546875,-0.529052734375,0.1988525390625,-33.02001953125,-191.7724609375,8.9111328125
3.2947998046875,0.026123046875,0.261962890625,-49.560546875,-156.06689453125,-16.41845703125
2.83447265625,0.38671875,1.0208740234375,-54.13818359375,-154.72412109375,-12.5732421875
1.53125,0.2274169921875,1.9110107421875,-56.57958984375,-161.865234375,2.685546875
-0.3199462890625,0.2747802734375,2.079345703125,-43.88427734375,-151.30615234375,-2.01416015625
-1.9141845703125,0.217041015625,1.888671875,-22.88818359375,-128.23486328125,-15.31982421875
-2.2646484375,0.35302734375,1.950927734375,-20.32470703125,-116.5771484375,-16.2353515625
-0.8927001953125,0.785888671875,1.9039306640625,-12.451171875,-119.873046875,-12.02392578125
0.5252685546875,0.569091796875,1.589111328125,-1.40380859375,-113.1591796875,-4.39453125
0.8260498046875,-0.2694091796875,1.5755615234375,-6.591796875,-87.21923828125,4.5166015625
0.4339599609375,-1.052734375,1.6005859375,-21.6064453125,-79.2236328125,5.55419921875
0.38720703125,-0.9703369140625,1.5506591796875,-26.42822265625,-92.83447265625,7.4462890625
0.4287109375,0.4613037109375,1.3604736328125,-31.25,-99.7314453125,4.0283203125
0.307861328125,0.1072998046875,1.1591796875,-58.53271484375,-85.8154296875,1.46484375
0.37646484375,-0.572998046875,1.114501953125,-72.20458984375,-62.31689453125,-0.30517578125
0.3896484375,-0.5057373046875,1.056884765625,-60.72998046875,-44.43359375,-0.6103515625
0.242919921875,0.0374755859375,0.984130859375,-50.10986328125,-38.2080078125,-1.52587890625
0.2264404296875,0.0858154296875,1.1375732421875,-35.09521484375,-37.59765625,-2.01416015625
0.37109375,-0.206298828125,1.2547607421875,-22.27783203125,-31.982421875,-1.220703125
0.3218994140625,-0.2265625,1.194091796875,-12.8173828125,-22.39990234375,-3.23486328125
0.10400390625,-0.1058349609375,1.1370849609375,-7.50732421875,-14.16015625,-5.0048828125
0.1226806640625,-0.1845703125,1.081787109375,-8.30078125,-12.87841796875,-4.82177734375
0.25732421875,-0.2718505859375,1.052001953125,-13.73291015625,-12.451171875,-4.94384765625
0.2127685546875,-0.2646484375,1.0523681640625,-17.15087890625,-12.02392578125,-4.21142578125
0.1427001953125,-0.2535400390625,1.0306396484375,-17.2119140625,-13.24462890625,-4.21142578125
0.1661376953125,-0.246826171875,0.987060546875,-14.892578125,-15.5029296875,-4.08935546875
0.2076416015625,-0.2484130859375,0.9345703125,-12.87841796875,-15.7470703125,-4.7607421875
0.2535400390625,-0.23779296875,0.92724609375,-14.22119140625,-14.7705078125,-6.7138671875
0.2740478515625,-0.2230224609375,0.9459228515625,-14.7705078125,-14.7705078125,-8.97216796875
0.253173828125,-0.2479248046875,0.95361328125,-13.5498046875,-15.56396484375,-12.20703125
0.2335205078125,-0.2734375,0.9561767578125,-10.6201171875,-15.44189453125,-9.46044921875
0.220703125,-0.286376953125,0.9588623046875,-5.79833984375,-11.90185546875,-7.080078125
0.237060546875,-0.29638671875,0.9637451171875,0.244140625,-11.04736328125,-5.43212890625
0.2388916015625,-0.2979736328125,0.9559326171875,6.77490234375,-10.55908203125,-4.08935546875
0.202392578125,-0.266845703125,0.9461669921875,13.916015625,-10.009765625,-3.173828125
0.2352294921875,-0.273681640625,0.9434814453125,9.94873046875,-8.85009765625,-2.3193359375
0.2437744140625,-0.2838134765625,0.939697265625,7.9345703125,-7.99560546875,-1.5869140625
0.2431640625,-0.288818359375,0.952392578125,5.55419921875,-7.568359375,-1.5869140625
0.23681640625,-0.293701171875,0.962890625,3.11279296875,-8.11767578125,-1.46484375
0.2462158203125,-0.3038330078125,0.9541015625,1.5869140625,-8.60595703125,-3.11279296875
0.2647705078125,-0.30810546875,0.9461669921875,1.5869140625,-9.58251953125,-9.27734375
0.2562255859375,-0.263671875,0.9375,0.79345703125,-10.6201171875,-10.1318359375
0.2388916015625,-0.2337646484375,0.93359375,-0.06103515625,-12.14599609375,-9.1552734375
0.2425537109375,-0.2314453125,0.934814453125,-0.67138671875,-15.2587890625,-8.11767578125
0.2652587890625,-0.23974609375,0.9354248046875,0.3662109375,-20.69091796875,-7.38525390625
0.3138427734375,-0.24755859375,0.933349609375,3.662109375,-27.16064453125,-9.21630859375
0.2974853515625,-0.26123046875,0.933837890625,5.615234375,-33.99658203125,-13.61083984375
0.28857421875,-0.2628173828125,0.9364013671875,5.92041015625,-41.56494140625,-18.61572265625
0.2911376953125,-0.2603759765625,0.94189453125,4.2724609375,-53.1005859375,-22.216796875
0.292236328125,-0.2608642578125,0.973388671875,-0.30517578125,-67.81005859375,-25.57373046875
0.2935791015625,-0.270263671875,1.0013427734375,-6.04248046875,-86.7919921875,-29.1748046875
0.28662109375,-0.2952880859375,1.018798828125,-12.26806640625,-106.75048828125,-31.67724609375
0.284423828125,-0.31396484375,1.0245361328125,-13.7939453125,-125.0,-24.169921875
0.2760009765625,-0.2515869140625,1.0301513671875,-14.404296875,-153.99169921875,-20.8740234375
0.263916015625,-0.2247314453125,1.0360107421875,-14.22119140625,-182.67822265625,-25.57373046875
0.2947998046875,-0.2161865234375,1.060791015625,-16.6015625,-197.6318359375,-38.0859375
0.2874755859375,-0.23046875,1.082275390625,-18.98193359375,-212.70751953125,-62.1337890625
0.276611328125,-0.2642822265625,1.0902099609375,-20.81298828125,-248.59619140625,-86.73095703125
0.2623291015625,-0.28271484375,1.0892333984375,-14.83154296875,-302.91748046875,-94.3603515625
0.2781982421875,-0.2796630859375,1.1009521484375,-11.5966796875,-367.24853515625,-103.69873046875
0.2952880859375,-0.271484375,1.1802978515625,-8.4228515625,-425.537109375,-113.22021484375
0.2703857421875,-0.255126953125,1.1483154296875,-12.3291015625,-444.76318359375,-124.08447265625
0.250244140625,-0.250732421875,1.074951171875,-38.9404296875,-431.15234375,-147.4609375
0.243896484375,-0.2052001953125,1.23583984375,-70.9228515625,-388.61083984375,-131.103515625
0.247314453125,-0.16357421875,1.331298828125,-91.73583984375,-316.2841796875,-98.32763671875
0.27490234375,-0.201171875,1.315673828125,-93.75,-196.044921875,-69.7021484375
0.169677734375,-0.3046875,1.5579833984375,-120.4833984375,-83.0078125,-85.87646484375
-0.0675048828125,-0.392333984375,1.9981689453125,-85.87646484375,-0.30517578125,-78.61328125
-0.14501953125,-0.4385986328125,2.133544921875,18.98193359375,63.4765625,-52.3681640625
-0.0606689453125,-0.2938232421875,2.046630859375,131.04248046875,90.6982421875,-32.16552734375
-0.170166015625,-0.2603759765625,2.0184326171875,115.29541015625,122.25341796875,-21.1181640625
0.0625,-0.6646728515625,1.97265625,29.84619140625,159.24072265625,-11.962890625
0.6314697265625,-0.632080078125,2.6917724609375,-14.7705078125,191.5283203125,-4.638671875
0.892333984375,-0.54736328125,3.7100830078125,-6.591796875,176.1474609375,3.35693359375
0.78515625,-0.718017578125,3.90673828125,18.9208984375,183.59375,5.4931640625
0.337646484375,-0.6826171875,3.0885009765625,38.57421875,199.951171875,4.94384765625
0.360107421875,-0.3995361328125,1.9927978515625,50.35400390625,198.6083984375,4.08935546875
0.7728271484375,-0.5982666015625,1.35595703125,61.70654296875,212.95166015625,5.31005859375
0.737548828125,-0.859130859375,0.82373046875,51.1474609375,222.0458984375,7.6904296875
-0.08837890625,-0.6978759765625,0.5513916015625,31.43310546875,233.70361328125,15.80810546875
0.89599609375,-0.846923828125,0.4642333984375,16.41845703125,258.97216796875,17.15087890625
1.1572265625,-0.9420166015625,0.434326171875,4.45556640625,269.6533203125,15.9912109375
-0.7327880859375,-0.8367919921875,0.4906005859375,-2.01416015625,278.1982421875,13.7939453125
-1.0499267578125,-0.610595703125,0.6328125,-3.72314453125,287.9638671875,15.80810546875
-0.7752685546875,-0.385986328125,0.803466796875,10.55908203125,292.66357421875,15.31982421875
-0.732421875,-0.210693359375,0.9122314453125,16.7236328125,285.5224609375,23.98681640625
-0.8564453125,-0.15869140625,1.056640625,20.3857421875,298.03466796875,36.07177734375
-0.8060302734375,-0.1636962890625,1.291259765625,16.357421875,309.02099609375,43.9453125
-0.5921630859375,-0.190185546875,1.3292236328125,3.96728515625,306.640625,78.30810546875
-0.525390625,-0.237548828125,1.3369140625,-1.28173828125,292.05322265625,51.45263671875
-0.455078125,-0.2601318359375,1.337158203125,-10.25390625,155.94482421875,33.02001953125
-0.3505859375,-0.247802734375,1.4320068359375,-22.94921875,211.24267578125,64.88037109375
-0.2938232421875,-0.2200927734375,1.5086669921875,-36.0107421875,366.69921875,70.068359375
-0.2132568359375,-0.1763916015625,1.563720703125,-2.44140625,423.7060546875,56.82373046875
-0.0465087890625,-0.131103515625,1.66796875,78.30810546875,344.3603515625,59.5703125
0.0162353515625,-0.1136474609375,1.693359375,70.86181640625,245.7275390625,67.93212890625
0.0625,-0.0806884765625,3.4385986328125,-8.85009765625,168.701171875,62.3779296875
0.095703125,-0.0401611328125,3.5369873046875,-46.7529296875,127.685546875,43.45703125
0.0989990234375,-0.049560546875,2.48828125,-57.55615234375,100.15869140625,17.76123046875
0.1536865234375,-0.0545654296875,1.6434326171875,-65.73486328125,58.89892578125,1.8310546875
0.2288818359375,-0.4317626953125,1.6552734375,-47.119140625,-3.84521484375,9.58251953125
0.258056640625,-0.6707763671875,1.8099365234375,-19.1650390625,-58.28857421875,33.38623046875
0.2894287109375,-0.5430908203125,1.5916748046875,-0.1220703125,-81.9091796875,58.10546875
0.800537109375,-0.1181640625,1.100830078125,-2.44140625,-79.77294921875,66.58935546875
1.1092529296875,0.064208984375,0.55126953125,-16.41845703125,-65.673828125,60.97412109375
1.736083984375,-0.0615234375,0.0701904296875,-30.70068359375,-9.033203125,13.73291015625
2.020751953125,-0.3153076171875,-0.4176025390625,-23.49853515625,38.75732421875,-51.7578125
1.985107421875,-0.488037109375,-0.7733154296875,3.96728515625,-9.21630859375,-62.6220703125
2.0181884765625,-0.3544921875,-0.7630615234375,38.818359375,-120.9716796875,-3.96728515625
2.320068359375,-0.066162109375,-0.434326171875,60.9130859375,-189.02587890625,37.65869140625
2.6937255859375,0.155029296875,-0.003173828125,18.00537109375,-200.927734375,10.92529296875
3.14111328125,0.200927734375,0.523681640625,23.74267578125,-176.7578125,-30.45654296875
3.619384765625,-0.0511474609375,1.3929443359375,10.009765625,-170.47119140625,-42.05322265625
3.9241943359375,-0.496826171875,1.6326904296875,-21.97265625,-189.8193359375,-24.35302734375
3.8583984375,-0.80615234375,0.7359619140625,-26.79443359375,-197.81494140625,13.12255859375
3.5401611328125,-0.525390625,-0.0516357421875,-36.68212890625,-193.42041015625,29.23583984375
3.1727294921875,0.1336669921875,0.1829833984375,-54.99267578125,-183.41064453125,-3.72314453125
2.7576904296875,0.274658203125,1.189208984375,-56.7626953125,-165.0390625,-3.60107421875
1.3863525390625,0.1842041015625,1.9390869140625,-58.65478515625,-148.49853515625,-19.47021484375
-0.5517578125,0.2440185546875,2.0106201171875,-51.8798828125,-142.63916015625,-26.30615234375
-1.9605712890625,-0.051513671875,1.90869140625,-38.75732421875,-141.17431640625,-14.34326171875
-2.2369384765625,0.1328125,1.951416015625,-9.21630859375,-132.080078125,1.15966796875
-1.0079345703125,0.9949951171875,1.8455810546875,-10.92529296875,-122.0703125,-1.3427734375
0.5123291015625,0.964599609375,1.6744384765625,-30.029296875,-110.77880859375,-2.197265625
0.978759765625,-0.05810546875,1.5474853515625,-43.27392578125,-104.18701171875,-2.62451171875
0.515869140625,-1.0948486328125,1.3106689453125,-50.35400390625,-88.92822265625,-3.5400390625
0.29541015625,-1.228759765625,1.1033935546875,-56.94580078125,-69.76318359375,-2.9296875
0.349609375,-0.3338623046875,1.0906982421875,-60.791015625,-41.50390625,-3.84521484375
0.2718505859375,-0.7222900390625,1.168212890625,-56.5185546875,-33.3251953125,-5.615234375
0.2830810546875,-0.052490234375,1.171630859375,-39.12353515625,-27.4658203125,-6.103515625
0.3922119140625,0.1568603515625,1.16845703125,-22.8271484375,-22.4609375,-6.53076171875
0.3045654296875,-0.199462890625,1.226318359375,-11.90185546875,-17.4560546875,-6.89697265625
0.30419921875,-0.3680419921875,1.2515869140625,-7.2021484375,-15.380859375,-7.75146484375
0.1158447265625,-0.1904296875,1.1695556640625,-2.38037109375,-14.22119140625,-8.36181640625
0.1397705078125,-0.1180419921875,1.0615234375,-4.33349609375,-12.5732421875,-8.72802734375
0.239990234375,-0.23974609375,1.0074462890625,-5.4931640625,-10.55908203125,-8.1787109375
0.2230224609375,-0.291748046875,0.9515380859375,-5.55419921875,-9.6435546875,-7.01904296875
0.2236328125,-0.2666015625,0.9422607421875,-5.67626953125,-11.90185546875,-6.40869140625
0.239013671875,-0.242919921875,0.9488525390625,-7.32421875,-12.39013671875,-6.04248046875
0.26904296875,-0.2587890625,0.953857421875,-10.43701171875,-10.68115234375,-6.9580078125
0.2991943359375,-0.2630615234375,0.9530029296875,-12.5732421875,-8.85009765625,-8.9111328125
0.29638671875,-0.279052734375,0.9476318359375,-13.24462890625,-7.38525390625,-10.92529296875
0.2679443359375,-0.27783203125,0.9451904296875,-12.20703125,-6.40869140625,-12.26806640625
0.2227783203125,-0.2772216796875,0.9510498046875,-8.60595703125,-6.16455078125,-11.04736328125
0.237060546875,-0.2828369140625,0.962646484375,-3.35693359375,-6.04248046875,-9.09423828125
0.2418212890625,-0.26318359375,0.9578857421875,1.708984375,-6.53076171875,-7.62939453125
0.2451171875,-0.250732421875,0.9437255859375,6.53076171875,-7.32421875,-6.4697265625
0.253662109375,-0.251953125,0.93408203125,9.70458984375,-7.8125,-5.18798828125
0.2568359375,-0.254150390625,0.9364013671875,10.31494140625,-7.8125,-4.94384765625
0.2607421875,-0.2666015625,0.9385986328125,9.58251953125,-8.36181640625,-5.43212890625
0.27099609375,-0.281982421875,0.9398193359375,8.30078125,-8.48388671875,-5.4931640625
0.26025390625,-0.284912109375,0.9486083984375,6.7138671875,-7.38525390625,-5.79833984375
0.2843017578125,-0.2872314453125,0.953125,5.06591796875,-6.89697265625,-7.2021484375
0.2904052734375,-0.2823486328125,0.9495849609375,3.90625,-7.2021484375,-9.82666015625
0.270263671875,-0.270751953125,0.9444580078125,2.44140625,-8.9111328125,-11.8408203125
0.2674560546875,-0.23779296875,0.9390869140625,1.0986328125,-11.5966796875,-11.1083984375
0.26953125,-0.2335205078125,0.93701171875,-0.18310546875,-15.31982421875,-9.6435546875
0.272705078125,-0.2374267578125,0.9368896484375,-1.46484375,-21.54541015625,-10.3759765625
0.2908935546875,-0.23681640625,0.93701171875,-1.953125,-30.76171875,-12.0849609375
0.29052734375,-0.2442626953125,0.94384765625,-1.3427734375,-40.22216796875,-16.90673828125
0.2857666015625,-0.25390625,0.95703125,-0.91552734375,-50.6591796875,-23.01025390625
0.2928466796875,-0.251220703125,0.968505859375,-3.11279296875,-62.8662109375,-25.0244140625
0.3017578125,-0.2576904296875,0.9798583984375,-6.04248046875,-75.1953125,-26.79443359375
0.2913818359375,-0.26513671875,0.997802734375,-11.53564453125,-91.552734375,-28.3203125
0.2891845703125,-0.275146484375,1.02197265625,-17.02880859375,-110.90087890625,-30.76171875
0.3023681640625,-0.2830810546875,1.0382080078125,-16.7236328125,-139.22119140625,-31.55517578125
0.295654296875,-0.2598876953125,1.0498046875,-16.78466796875,-176.94091796875,-47.18017578125
0.279541015625,-0.2174072265625,1.0504150390625,-16.357421875,-208.43505859375,-63.29345703125
0.27587890625,-0.2081298828125,1.053955078125,-16.29638671875,-220.64208984375,-91.61376953125
0.29150390625,-0.2354736328125,1.0654296875,-15.07568359375,-250.67138671875,-121.52099609375
0.2896728515625,-0.260498046875,1.0804443359375,-14.2822265625,-310.60791015625,-132.01904296875
0.2640380859375,-0.2728271484375,1.1005859375,-3.35693359375,-384.21630859375,-126.0986328125
0.2845458984375,-0.2581787109375,1.166015625,1.77001953125,-416.50390625,-122.86376953125
0.283447265625,-0.239990234375,1.159912109375,-2.8076171875,-411.865234375,-156.25
0.2264404296875,-0.2408447265625,1.1632080078125,-23.0712890625,-395.08056640625,-167.41943359375
0.2464599609375,-0.25634765625,1.2685546875,-39.61181640625,-358.58154296875,-143.310546875
0.283935546875,-0.2528076171875,1.346923828125,-49.1943359375,-270.99609375,-85.205078125
0.2911376953125,-0.2845458984375,1.447021484375,-65.12451171875,-170.0439453125,-83.06884765625
0.23876953125,-0.3387451171875,1.6629638671875,-85.87646484375,-73.974609375,-56.57958984375
0.09912109375,-0.4697265625,2.007080078125,-18.73779296875,84.16748046875,-29.052734375
0.148681640625,-0.5977783203125,2.1429443359375,100.40283203125,111.9384765625,-8.30078125
-0.2220458984375,-0.447998046875,2.084228515625,213.5009765625,144.53125,3.47900390625
-0.080078125,-0.3353271484375,1.9439697265625,136.3525390625,156.06689453125,12.02392578125
0.2457275390625,-0.5191650390625,1.944091796875,-22.0947265625,159.5458984375,14.58740234375
0.7154541015625,-0.7281494140625,2.903564453125,-22.03369140625,176.45263671875,15.869140625
0.9119873046875,-0.8836669921875,3.8675537109375,5.37109375,188.65966796875,13.00048828125
0.5693359375,-0.742431640625,2.77978515625,20.8740234375,198.8525390625,7.50732421875
0.311279296875,-0.6920166015625,1.6676025390625,26.85546875,210.9375,4.39453125
0.52392578125,-0.7073974609375,1.1998291015625,17.2119140625,222.10693359375,4.69970703125
0.7828369140625,-0.730712890625,0.8349609375,0.0,233.0322265625,7.75146484375
0.664306640625,-0.9654541015625,0.556640625,-13.48876953125,244.07958984375,12.02392578125
0.033935546875,-1.0003662109375,0.4744873046875,-22.39990234375,254.0283203125,16.54052734375
0.69189453125,-0.955810546875,0.5242919921875,-28.13720703125,269.71435546875,14.892578125
-0.9061279296875,-0.7021484375,0.622802734375,-30.57861328125,277.34375,13.18359375
-1.1331787109375,-0.427734375,0.7587890625,-27.64892578125,287.78076171875,12.8173828125
-0.9122314453125,-0.2137451171875,0.888427734375,-21.66748046875,287.90283203125,12.39013671875
-0.8944091796875,-0.084716796875,0.989501953125,-17.76123046875,279.4189453125,32.65380859375
-0.8248291015625,-0.0626220703125,1.10888671875,-18.00537109375,296.9970703125,41.50390625
-0.6717529296875,-0.093994140625,1.1995849609375,-23.193359375,289.6728515625,46.2646484375
-0.5537109375,-0.1307373046875,1.2828369140625,-30.517578125,272.5830078125,48.40087890625
-0.4423828125,-0.16455078125,1.3114013671875,-34.24072265625,253.11279296875,47.119140625
-0.356689453125,-0.1871337890625,1.3533935546875,-54.19921875,272.03369140625,48.76708984375
-0.3072509765625,-0.1695556640625,1.49609375,-62.92724609375,290.58837890625,64.5751953125
-0.2591552734375,-0.0491943359375,1.564453125,-64.27001953125,266.41845703125,36.31591796875
-0.1793212890625,0.0162353515625,1.5863037109375,-56.2744140625,116.27197265625,32.53173828125
-0.0889892578125,0.066162109375,1.6009521484375,-33.75244140625,196.83837890625,82.51953125
0.0419921875,0.0809326171875,1.6728515625,-35.33935546875,378.96728515625,88.623046875
0.1033935546875,0.053955078125,1.879150390625,-24.5361328125,419.0673828125,79.7119140625
0.1483154296875,0.0760498046875,2.2396240234375,56.45751953125,317.68798828125,85.3271484375
0.1510009765625,0.0767822265625,2.807373046875,33.02001953125,211.60888671875,89.599609375
0.1817626953125,0.0789794921875,3.3135986328125,-38.26904296875,140.68603515625,78.369140625
0.2445068359375,0.0484619140625,3.3555908203125,-49.74365234375,110.595703125,58.77685546875
0.2618408203125,-0.0091552734375,2.1932373046875,-44.189453125,92.59033203125,36.865234375
0.3006591796875,-0.1282958984375,1.638671875,-54.62646484375,60.1806640625,55.84716796875
0.35791015625,-0.372314453125,1.8365478515625,-42.90771484375,-61.21826171875,72.265625
0.4610595703125,-0.58984375,1.8583984375,-18.5546875,-75.927734375,85.44921875
0.7781982421875,-0.4312744140625,1.5333251953125,-5.4931640625,-79.28466796875,87.890625
0.7364501953125,-0.26513671875,1.057373046875,-7.62939453125,-21.30126953125,40.6494140625
1.0208740234375,-0.16259765625,0.5306396484375,-9.46044921875,24.23095703125,-31.25
1.66064453125,-0.09228515625,0.0106201171875,8.48388671875,-20.263671875,-47.18017578125
1.904541015625,-0.222900390625,-0.4168701171875,26.85546875,-120.361328125,2.99072265625
1.797607421875,-0.3411865234375,-0.29150390625,35.15625,-176.8798828125,32.77587890625
1.807861328125,-0.1693115234375,0.0550537109375,6.40869140625,-210.14404296875,13.12255859375
2.16845703125,0.10205078125,0.5615234375,23.13232421875,-199.0966796875,-24.84130859375
2.643798828125,0.1826171875,1.44580078125,22.5830078125,-190.185546875,-8.6669921875
3.130859375,-0.40380859375,1.707763671875,7.01904296875,-201.66015625,19.775390625
3.5450439453125,-0.5567626953125,0.806396484375,-7.32421875,-197.3876953125,26.2451171875
3.7708740234375,-0.2578125,0.0848388671875,-22.39990234375,-192.5048828125,7.568359375
3.1436767578125,0.0543212890625,0.2088623046875,-47.4853515625,-181.15234375,-12.39013671875
2.748779296875,0.09375,0.818359375,-51.26953125,-180.35888671875,-6.4697265625
1.3477783203125,0.2979736328125,1.6783447265625,-54.62646484375,-192.0166015625,5.9814453125
-0.63232421875,0.4737548828125,2.02734375,-49.560546875,-184.99755859375,-0.06103515625
-1.96533203125,0.1627197265625,2.0113525390625,-47.36328125,-161.0107421875,-7.50732421875
-2.1240234375,0.3511962890625,1.8504638671875,-42.6025390625,-147.0947265625,-13.671875
-0.890869140625,0.9168701171875,1.64453125,-23.681640625,-139.2822265625,-5.55419921875
0.5306396484375,-0.0308837890625,1.546142578125,1.03759765625,-124.93896484375,-0.91552734375
0.8741455078125,-0.8067626953125,1.489501953125,8.056640625,-111.99951171875,-6.65283203125
0.43994140625,-0.7747802734375,1.54833984375,-0.30517578125,-84.16748046875,-3.7841796875
0.4576416015625,-0.0443115234375,1.5592041015625,-11.77978515625,-63.78173828125,-3.2958984375
0.3292236328125,0.370849609375,1.3409423828125,-21.6064453125,-48.33984375,-2.9296875
0.3360595703125,-0.056396484375,1.101318359375,-35.33935546875,-38.02490234375,-1.77001953125
0.381591796875,-0.73583984375,1.122802734375,-46.81396484375,-32.5927734375,-2.5634765625
0.34521484375,-0.6728515625,1.2509765625,-40.0390625,-29.296875,-3.173828125
0.244384765625,-0.1070556640625,1.302490234375,-37.17041015625,-25.69580078125,-4.45556640625
0.2161865234375,0.0035400390625,1.24853515625,-33.38623046875,-20.6298828125,-5.55419921875
0.4119873046875,-0.250732421875,1.1585693359375,-28.80859375,-16.54052734375,-5.92041015625
0.387451171875,-0.302978515625,1.0784912109375,-25.7568359375,-14.22119140625,-6.7138671875
0.1181640625,-0.1502685546875,1.0440673828125,-22.39990234375,-13.48876953125,-7.9345703125
0.1353759765625,-0.1910400390625,1.0020751953125,-18.49365234375,-13.48876953125,-8.60595703125
0.310546875,-0.220458984375,0.983642578125,-16.17431640625,-12.63427734375,-8.85009765625
0.3463134765625,-0.1846923828125,0.9686279296875,-14.09912109375,-9.70458984375,-8.23974609375
0.3248291015625,-0.2171630859375,0.9464111328125,-11.23046875,-10.43701171875,-7.4462890625
0.308837890625,-0.2318115234375,0.9404296875,-9.033203125,-11.8408203125,-6.65283203125
0.2998046875,-0.227783203125,0.9522705078125,-8.36181640625,-12.51220703125,-7.2021484375
0.265625,-0.2579345703125,0.9561767578125,-11.29150390625,-12.63427734375,-8.23974609375
0.2493896484375,-0.274658203125,0.9561767578125,-13.0615234375,-11.474609375,-8.9111328125
0.2445068359375,-0.284423828125,0.947998046875,-13.85498046875,-8.6669921875,-9.58251953125
0.242919921875,-0.3067626953125,0.956298828125,-12.75634765625,-6.2255859375,-10.498046875
0.2366943359375,-0.3094482421875,0.96337890625,-9.1552734375,-5.37109375,-10.07080078125
0.2274169921875,-0.29150390625,0.9613037109375,-5.31005859375,-6.16455078125,-8.544921875
0.2305908203125,-0.277099609375,0.9510498046875,-1.28173828125,-6.65283203125,-6.53076171875
0.238037109375,-0.255126953125,0.9407958984375,1.5869140625,-7.14111328125,-4.45556640625
0.2445068359375,-0.256591796875,0.935302734375,3.173828125,-8.056640625,-3.173828125
0.2530517578125,-0.26123046875,0.9324951171875,4.45556640625,-9.27734375,-2.74658203125
0.2607421875,-0.273193359375,0.9368896484375,3.90625,-10.3759765625,-2.13623046875
0.26416015625,-0.2860107421875,0.941650390625,2.62451171875,-10.3759765625,-2.62451171875
0.270263671875,-0.2940673828125,0.9415283203125,1.3427734375,-10.92529296875,-2.38037109375
0.2733154296875,-0.28515625,0.9410400390625,0.9765625,-11.23046875,-2.44140625
0.2645263671875,-0.2696533203125,0.9434814453125,0.91552734375,-11.71875,-3.173828125
0.2762451171875,-0.2669677734375,0.9482421875,0.6103515625,-14.58740234375,-2.8076171875
0.2850341796875,-0.255126953125,0.9425048828125,0.732421875,-17.333984375,-0.91552734375
0.272705078125,-0.245849609375,0.9349365234375,0.3662109375,-21.42333984375,-0.732421875
0.2708740234375,-0.2435302734375,0.9263916015625,0.1220703125,-27.52685546875,-3.35693359375
0.2774658203125,-0.250732421875,0.9234619140625,1.28173828125,-35.58349609375,-6.89697265625
0.281982421875,-0.267822265625,0.9302978515625,1.953125,-44.3115234375,-12.75634765625
0.284912109375,-0.26318359375,0.939453125,0.67138671875,-55.5419921875,-17.2119140625
0.290771484375,-0.271728515625,0.96533203125,-2.5634765625,-68.05419921875,-20.1416015625
0.28271484375,-0.2850341796875,0.983642578125,-7.62939453125,-83.80126953125,-23.92578125
0.2803955078125,-0.281982421875,1.00537109375,-13.12255859375,-102.11181640625,-27.89306640625
0.287353515625,-0.2957763671875,1.0255126953125,-16.17431640625,-119.93408203125,-25.2685546875
0.284423828125,-0.274169921875,1.03662109375,-17.9443359375,-146.1181640625,-18.12744140625
0.2916259765625,-0.2457275390625,1.0421142578125,-18.1884765625,-178.22265625,-19.53125
0.3074951171875,-0.218017578125,1.056640625,-20.1416015625,-196.4111328125,-30.517578125
0.2967529296875,-0.2340087890625,1.06103515625,-22.39990234375,-205.9326171875,-49.6826171875
0.287109375,-0.2630615234375,1.080078125,-25.45166015625,-233.94775390625,-91.6748046875
0.2611083984375,-0.282958984375,1.0897216796875,-20.56884765625,-369.873046875,-100.341796875
0.250244140625,-0.2952880859375,1.0833740234375,-15.9912109375,-442.87109375,-120.78857421875
0.276123046875,-0.28955078125,1.180419921875,-8.30078125,-456.97021484375,-146.78955078125
0.28173828125,-0.2646484375,1.182861328125,-8.11767578125,-409.97314453125,-134.70458984375
0.2633056640625,-0.261474609375,1.099365234375,-78.30810546875,-327.57568359375,-106.0791015625
0.2576904296875,-0.2530517578125,1.2216796875,-104.3701171875,-173.2177734375,-71.044921875
0.24755859375,-0.2100830078125,1.34130859375,-117.67578125,1.953125,-80.2001953125
0.24072265625,-0.2034912109375,1.581787109375,-96.98486328125,80.01708984375,-92.28515625
0.2342529296875,-0.283203125,2.0384521484375,12.3291015625,137.14599609375,-72.20458984375
-0.0220947265625,-0.3946533203125,2.06298828125,130.06591796875,155.8837890625,-51.3916015625
-0.229736328125,-0.43896484375,2.0599365234375,126.8310546875,179.74853515625,-48.03466796875
-0.162109375,-0.24365234375,2.1622314453125,17.76123046875,192.19970703125,-36.80419921875
-0.2037353515625,-0.5467529296875,2.9537353515625,-22.39990234375,181.94580078125,-20.93505859375
0.03759765625,-0.6175537109375,3.854736328125,-11.53564453125,197.6318359375,-7.568359375
0.94775390625,-0.753662109375,3.865478515625,15.93017578125,215.27099609375,3.60107421875
0.77587890625,-0.7806396484375,2.889892578125,39.36767578125,230.5908203125,11.1083984375
0.224853515625,-0.2740478515625,1.5921630859375,57.67822265625,245.42236328125,26.67236328125
0.69970703125,-0.4207763671875,0.937255859375,47.91259765625,260.31494140625,31.6162109375
0.84423828125,-0.841064453125,0.620849609375,30.2734375,265.2587890625,32.8369140625
-0.4022216796875,-0.687744140625,0.44140625,16.54052734375,270.99609375,29.4189453125
0.29296875,-0.7969970703125,0.4676513671875,9.94873046875,277.89306640625,21.6064453125
1.0753173828125,-0.8692626953125,0.6717529296875,10.1318359375,283.02001953125,15.625
-0.8599853515625,-0.8138427734375,0.8515625,11.04736328125,285.400390625,7.87353515625
-1.4779052734375,-0.5672607421875,0.9515380859375,10.31494140625,266.41845703125,8.30078125
-1.0693359375,-0.41455078125,1.0479736328125,11.5966796875,274.2919921875,17.39501953125
-0.9801025390625,-0.37060546875,1.0902099609375,12.20703125,284.24072265625,29.47998046875
-0.9561767578125,-0.38720703125,1.1427001953125,9.33837890625,287.41455078125,39.73388671875
-0.725341796875,-0.432861328125,1.2054443359375,14.09912109375,286.4990234375,48.27880859375
-0.5789794921875,-0.361083984375,1.2633056640625,9.521484375,283.87451171875,54.19921875
-0.462890625,-0.2381591796875,1.434326171875,-4.69970703125,275.93994140625,58.837890625
-0.3560791015625,-0.11376953125,1.4903564453125,-22.94921875,275.390625,60.24169921875
-0.176025390625,-0.0374755859375,1.4423828125,-36.07177734375,296.875,71.044921875
-0.0816650390625,0.014892578125,1.51806640625,-40.22216796875,280.94482421875,20.56884765625
0.0068359375,0.0146484375,1.6124267578125,-36.2548828125,184.87548828125,47.42431640625
0.07861328125,-0.0042724609375,1.75830078125,-25.57373046875,340.8203125,53.8330078125
0.130615234375,0.0257568359375,1.946044921875,1.40380859375,343.8720703125,75.68359375
0.135986328125,0.06591796875,2.1861572265625,6.34765625,105.224609375,55.2978515625
0.1754150390625,0.0823974609375,2.440185546875,69.4580078125,79.40673828125,26.85546875
0.21240234375,0.0592041015625,2.778076171875,-22.76611328125,53.40576171875,15.07568359375
0.1905517578125,0.0050048828125,3.2862548828125,-43.701171875,12.63427734375,28.6865234375
0.196044921875,-0.0701904296875,2.03857421875,-0.244140625,-34.85107421875,49.8046875
0.240966796875,-0.14404296875,1.3861083984375,12.451171875,-69.3359375,49.8046875
0.303955078125,-0.21533203125,2.0257568359375,7.99560546875,-98.2666015625,-4.5166015625
0.3656005859375,-0.3682861328125,0.51953125,-2.74658203125,2.8076171875,-61.767578125
0.4429931640625,-0.2208251953125,0.081298828125,-8.11767578125,1.220703125,-92.1630859375
0.6893310546875,0.244140625,-0.27685546875,3.0517578125,-102.47802734375,-42.05322265625
0.7886962890625,-0.3048095703125,-0.5797119140625,25.32958984375,-203.0029296875,18.12744140625
1.793701171875,-0.39306640625,-0.5623779296875,39.4287109375,-221.6796875,18.1884765625
2.0576171875,-0.0782470703125,-0.197265625,20.751953125,-183.16650390625,-18.85986328125
1.9698486328125,0.073486328125,-0.22021484375,-9.1552734375,-180.6640625,-40.22216796875
3.3033447265625,-0.01220703125,1.8128662109375,-13.73291015625,-198.18115234375,-37.353515625
3.650634765625,-0.2919921875,0.93896484375,-25.45166015625,-194.4580078125,-3.84521484375
3.8548583984375,-0.586669921875,0.12060546875,-37.7197265625,-192.3828125,3.11279296875
3.8135986328125,-0.1380615234375,0.1519775390625,-41.68701171875,-157.53173828125,6.04248046875
3.470703125,0.11572265625,1.283447265625,-45.7763671875,-123.96240234375,-6.8359375
3.1453857421875,0.3477783203125,2.2537841796875,-51.69677734375,-105.46875,-13.7939453125
2.525390625,-0.1376953125,2.2099609375,-60.1806640625,-108.21533203125,-4.2724609375
-1.3336181640625,-0.634033203125,1.9608154296875,-21.17919921875,-116.2109375,-2.74658203125
-2.44091796875,-0.3712158203125,1.8692626953125,-33.3251953125,-105.712890625,-0.91552734375
-1.516845703125,0.3367919921875,1.7139892578125,-53.3447265625,-100.5859375,0.3662109375
-0.044677734375,0.829345703125,1.3660888671875,-66.650390625,-96.74072265625,-3.0517578125
0.9617919921875,0.3653564453125,1.254638671875,-67.07763671875,-85.14404296875,-3.72314453125
0.7840576171875,-0.5938720703125,1.17041015625,-60.85205078125,-68.603515625,-1.708984375
0.3277587890625,-0.8270263671875,1.1077880859375,-52.490234375,-51.7578125,-1.220703125
0.292236328125,-0.7659912109375,1.17578125,-43.701171875,-39.6728515625,-1.8310546875
0.2691650390625,-0.2650146484375,1.1732177734375,-28.3203125,-37.29248046875,-2.8076171875
0.3468017578125,0.0667724609375,1.162109375,-12.6953125,-33.14208984375,-2.685546875
0.36279296875,-0.1702880859375,1.1385498046875,-3.72314453125,-25.93994140625,-2.74658203125
0.51953125,-0.226318359375,1.172607421875,-0.1220703125,-18.49365234375,-2.99072265625
0.2972412109375,-0.1837158203125,1.15087890625,2.38037109375,-13.48876953125,-2.25830078125
0.1016845703125,-0.2386474609375,1.0897216796875,1.220703125,-11.53564453125,-2.197265625
0.2138671875,-0.2470703125,1.0439453125,-2.25830078125,-11.962890625,-2.50244140625
0.1766357421875,-0.2486572265625,1.0120849609375,-6.591796875,-11.29150390625,-3.5400390625
0.1561279296875,-0.27197265625,0.9852294921875,-8.6669921875,-10.986328125,-4.150390625
0.1988525390625,-0.2626953125,0.9581298828125,-10.25390625,-11.90185546875,-4.2724609375
0.2315673828125,-0.239990234375,0.9608154296875,-11.474609375,-13.48876953125,-6.591796875
0.2613525390625,-0.236572265625,0.96240234375,-13.24462890625,-16.29638671875,-8.72802734375
0.287353515625,-0.2486572265625,0.95751953125,-13.85498046875,-15.380859375,-10.8642578125
0.258056640625,-0.2581787109375,0.9534912109375,-14.0380859375,-15.2587890625,-13.12255859375
0.2266845703125,-0.267333984375,0.94873046875,-13.916015625,-15.56396484375,-14.46533203125
0.235595703125,-0.274169921875,0.947021484375,-8.4228515625,-15.31982421875,-13.85498046875
0.24560546875,-0.2713623046875,0.9547119140625,-3.90625,-13.61083984375,-9.33837890625
0.246826171875,-0.2703857421875,0.96533203125,0.79345703125,-9.521484375,-7.38525390625
0.2481689453125,-0.2821044921875,0.951171875,4.8828125,-9.8876953125,-4.638671875
0.2415771484375,-0.2841796875,0.94091796875,7.01904296875,-9.6435546875,-2.62451171875
0.2353515625,-0.266845703125,0.9327392578125,8.23974609375,-10.25390625,-2.0751953125
0.236572265625,-0.26318359375,0.9222412109375,6.591796875,-10.68115234375,-2.99072265625
0.23193359375,-0.2822265625,0.9210205078125,4.69970703125,-10.6201171875,-4.2724609375
0.2354736328125,-0.292236328125,0.9383544921875,2.0751953125,-9.3994140625,-5.67626953125
0.237548828125,-0.3065185546875,0.963134765625,1.28173828125,-7.87353515625,-8.30078125
0.2481689453125,-0.30712890625,0.9615478515625,2.3193359375,-7.50732421875,-11.3525390625
0.248291015625,-0.298583984375,0.9544677734375,4.0283203125,-8.23974609375,-14.5263671875
0.2388916015625,-0.2734375,0.94873046875,6.04248046875,-9.09423828125,-15.5029296875
0.2330322265625,-0.232666015625,0.9378662109375,6.4697265625,-9.46044921875,-15.380859375
0.256103515625,-0.221923828125,0.9229736328125,5.615234375,-11.71875,-14.58740234375
0.2967529296875,-0.221923828125,0.9185791015625,4.638671875,-17.2119140625,-13.7939453125
0.2841796875,-0.243896484375,0.9202880859375,4.08935546875,-24.84130859375,-13.24462890625
0.281494140625,-0.2696533203125,0.9278564453125,3.60107421875,-33.02001953125,-15.68603515625
0.2901611328125,-0.288818359375,0.9403076171875,2.50244140625,-40.8935546875,-20.44677734375
0.2825927734375,-0.2880859375,0.950439453125,0.6103515625,-52.55126953125,-25.69580078125
0.2783203125,-0.2879638671875,0.970458984375,-2.01416015625,-67.32177734375,-28.9306640625
0.2845458984375,-0.3006591796875,0.9971923828125,-6.40869140625,-85.63232421875,-31.31103515625
0.2879638671875,-0.3037109375,1.0294189453125,-12.02392578125,-134.8876953125,-25.81787109375
0.280029296875,-0.288818359375,1.0516357421875,-14.0380859375,-179.26025390625,-23.98681640625
0.2734375,-0.2607421875,1.0565185546875,-13.427734375,-208.984375,-31.67724609375
0.27587890625,-0.2305908203125,1.0699462890625,-12.75634765625,-220.27587890625,-52.55126953125
0.2919921875,-0.21728515625,1.082763671875,-12.87841796875,-240.41748046875,-92.7734375
