0.30224609375,-0.099609375,0.972900390625,-8.48388671875,-0.9765625,0.48828125
0.317138671875,-0.098876953125,0.96826171875,-7.6904296875,-0.3662109375,0.06103515625
0.333740234375,-0.107666015625,0.9632568359375,-7.2021484375,0.9765625,-0.48828125
0.3525390625,-0.12353515625,0.953369140625,-6.77490234375,1.15966796875,-0.8544921875
0.3424072265625,-0.14013671875,0.9560546875,-4.94384765625,1.15966796875,-0.8544921875
0.3189697265625,-0.1558837890625,0.9610595703125,-3.90625,1.15966796875,-0.48828125
0.311279296875,-0.1474609375,0.9608154296875,-3.23486328125,1.28173828125,0.42724609375
0.3133544921875,-0.1461181640625,0.9595947265625,-2.5634765625,1.220703125,0.91552734375
0.31982421875,-0.15087890625,0.9580078125,-1.89208984375,0.9765625,1.3427734375
0.3228759765625,-0.1536865234375,0.956787109375,-1.5869140625,0.18310546875,1.64794921875
0.3206787109375,-0.1502685546875,0.959716796875,-1.708984375,0.1220703125,2.01416015625
0.320556640625,-0.1492919921875,0.958740234375,-1.52587890625,-0.06103515625,2.50244140625
0.3193359375,-0.1510009765625,0.957275390625,-1.40380859375,-0.06103515625,1.77001953125
0.3184814453125,-0.152587890625,0.9578857421875,-1.220703125,-0.06103515625,1.40380859375
0.319580078125,-0.154296875,0.9580078125,-1.15966796875,0.06103515625,0.79345703125
0.3194580078125,-0.154541015625,0.958984375,-0.8544921875,-0.18310546875,0.30517578125
0.3201904296875,-0.1561279296875,0.960205078125,-0.48828125,-0.06103515625,-0.1220703125
0.3167724609375,-0.154541015625,0.9599609375,1.708984375,0.244140625,-0.48828125
0.311767578125,-0.144775390625,0.9613037109375,1.953125,0.18310546875,-0.67138671875
0.3104248046875,-0.1380615234375,0.95849609375,1.64794921875,-0.244140625,-0.732421875
0.312255859375,-0.139892578125,0.9561767578125,1.52587890625,-1.15966796875,-0.54931640625
0.312744140625,-0.14111328125,0.955078125,1.708984375,-1.953125,-0.244140625
0.3111572265625,-0.140625,0.9541015625,1.953125,-2.44140625,-0.1220703125
0.3135986328125,-0.143798828125,0.9541015625,1.52587890625,-2.25830078125,0.0
0.31298828125,-0.14697265625,0.955322265625,0.54931640625,-1.708984375,0.1220703125
0.308837890625,-0.15185546875,0.957275390625,-1.5869140625,-1.953125,0.1220703125
0.30908203125,-0.157470703125,0.957763671875,-3.35693359375,-2.01416015625,-0.06103515625
0.3121337890625,-0.1539306640625,0.9583740234375,-3.5400390625,-1.77001953125,-0.244140625
0.310546875,-0.1578369140625,0.9583740234375,-3.60107421875,-1.5869140625,-0.3662109375
0.3043212890625,-0.159912109375,0.95556640625,-2.8076171875,-1.40380859375,-0.42724609375
0.304931640625,-0.1573486328125,0.95556640625,-1.46484375,-1.15966796875,-0.42724609375
0.3052978515625,-0.1529541015625,0.954833984375,-0.6103515625,-0.91552734375,-0.48828125
0.3045654296875,-0.152099609375,0.9549560546875,0.18310546875,-1.220703125,-0.48828125
0.3031005859375,-0.1485595703125,0.954833984375,0.79345703125,-1.46484375,-0.48828125
0.3004150390625,-0.151611328125,0.955078125,1.953125,-1.40380859375,-0.42724609375
0.3018798828125,-0.1490478515625,0.9571533203125,2.0751953125,-1.03759765625,-0.42724609375
0.305908203125,-0.148681640625,0.957275390625,2.25830078125,-0.48828125,-0.42724609375
0.3128662109375,-0.149169921875,0.9564208984375,2.197265625,-0.06103515625,-0.42724609375
0.3115234375,-0.15234375,0.9566650390625,2.13623046875,0.06103515625,-0.42724609375
0.31201171875,-0.15283203125,0.955322265625,1.953125,0.1220703125,-0.244140625
0.3123779296875,-0.154541015625,0.9559326171875,1.89208984375,0.18310546875,-0.18310546875
0.3150634765625,-0.1553955078125,0.9564208984375,1.708984375,0.30517578125,-0.244140625
0.3153076171875,-0.1539306640625,0.95654296875,1.5869140625,0.48828125,-0.6103515625
0.315673828125,-0.1475830078125,0.9560546875,1.5869140625,0.48828125,-1.3427734375
0.316650390625,-0.1497802734375,0.956298828125,1.28173828125,0.54931640625,-1.8310546875
0.31494140625,-0.1500244140625,0.9560546875,1.220703125,0.91552734375,-1.89208984375
0.313720703125,-0.149169921875,0.956298828125,1.0986328125,1.3427734375,-1.52587890625
0.314453125,-0.147705078125,0.95556640625,0.732421875,2.13623046875,-0.42724609375
0.316650390625,-0.147705078125,0.9554443359375,1.15966796875,2.44140625,0.18310546875
0.317138671875,-0.147216796875,0.955810546875,0.6103515625,2.685546875,0.54931640625
0.3177490234375,-0.146484375,0.955810546875,-0.732421875,2.0751953125,0.9765625
0.318359375,-0.1470947265625,0.9566650390625,-1.89208984375,1.708984375,0.9765625
0.3167724609375,-0.1451416015625,0.9599609375,-3.60107421875,2.38037109375,1.03759765625
0.3154296875,-0.144775390625,0.9664306640625,-6.28662109375,3.47900390625,1.46484375
0.3154296875,-0.144287109375,0.9652099609375,-8.1787109375,4.2724609375,1.953125
0.3155517578125,-0.14208984375,0.961181640625,-8.36181640625,4.7607421875,2.25830078125
0.3160400390625,-0.14697265625,0.9593505859375,-7.62939453125,7.14111328125,1.46484375
0.3153076171875,-0.150390625,0.9537353515625,-7.32421875,11.23046875,-1.15966796875
0.31689453125,-0.1456298828125,0.95263671875,-10.1318359375,17.578125,-2.3193359375
0.321044921875,-0.1458740234375,0.9808349609375,-10.43701171875,25.81787109375,-4.638671875
0.323974609375,-0.1417236328125,0.98291015625,-6.77490234375,33.99658203125,-7.080078125
0.3199462890625,-0.138427734375,0.9686279296875,-0.3662109375,37.41455078125,-7.99560546875
0.3140869140625,-0.1368408203125,0.9654541015625,3.84521484375,44.0673828125,-8.60595703125
0.30615234375,-0.1448974609375,0.969970703125,3.84521484375,49.6826171875,-9.21630859375
0.306884765625,-0.158203125,1.0108642578125,2.685546875,53.955078125,-9.033203125
0.32275390625,-0.166259765625,1.0521240234375,6.40869140625,59.26513671875,-8.48388671875
0.3360595703125,-0.1600341796875,1.08154296875,6.2255859375,61.03515625,-7.32421875
0.3280029296875,-0.151123046875,1.1038818359375,9.58251953125,59.87548828125,-5.67626953125
0.3199462890625,-0.153076171875,1.07080078125,12.0849609375,56.15234375,-2.99072265625
0.3193359375,-0.16748046875,1.029296875,10.80322265625,51.7578125,2.3193359375
0.3441162109375,-0.1654052734375,1.06787109375,9.09423828125,46.69189453125,3.47900390625
0.367919921875,-0.1575927734375,1.056884765625,7.75146484375,35.46142578125,4.150390625
0.3770751953125,-0.1522216796875,1.05712890625,7.62939453125,20.6298828125,5.06591796875
0.384765625,-0.1334228515625,1.05126953125,9.1552734375,15.9912109375,6.103515625
0.364501953125,-0.12744140625,0.9661865234375,12.26806640625,12.451171875,5.9814453125
0.3564453125,-0.1654052734375,0.9454345703125,13.97705078125,8.48388671875,4.150390625
0.3826904296875,-0.202392578125,0.9100341796875,16.17431640625,2.86865234375,3.60107421875
0.3646240234375,-0.1865234375,0.887451171875,19.22607421875,-5.43212890625,3.72314453125
0.35400390625,-0.161865234375,0.888916015625,22.03369140625,-12.39013671875,3.662109375
0.348876953125,-0.1666259765625,0.8885498046875,26.55029296875,-14.892578125,37.90283203125
0.2852783203125,-0.17626953125,0.910400390625,33.75244140625,-17.76123046875,46.81396484375
0.2130126953125,-0.1787109375,0.9205322265625,38.02490234375,-22.27783203125,64.208984375
0.1868896484375,-0.1546630859375,0.918701171875,41.19873046875,-54.931640625,70.3125
0.1441650390625,-0.149169921875,0.8857421875,43.64013671875,-47.9736328125,65.61279296875
0.1195068359375,-0.1474609375,0.8834228515625,36.43798828125,-45.47119140625,59.63134765625
0.092529296875,-0.1605224609375,0.924072265625,21.78955078125,-28.076171875,20.44677734375
0.099365234375,-0.1602783203125,0.9403076171875,25.20751953125,-14.22119140625,9.21630859375
0.0994873046875,-0.1395263671875,1.010009765625,3.7841796875,3.72314453125,-20.20263671875
0.0997314453125,-0.098388671875,1.0194091796875,-15.625,74.89013671875,-17.578125
0.0782470703125,-0.1083984375,1.03515625,-28.38134765625,78.9794921875,-12.20703125
0.0565185546875,-0.1788330078125,1.4569091796875,-21.78955078125,72.93701171875,-4.33349609375
0.0845947265625,-0.205078125,1.2769775390625,-14.5263671875,77.5146484375,5.126953125
0.09228515625,-0.1424560546875,1.0804443359375,6.7138671875,81.54296875,14.6484375
0.099609375,-0.5244140625,1.1387939453125,6.591796875,84.53369140625,23.0712890625
0.08544921875,-0.580810546875,1.2005615234375,3.47900390625,86.42578125,29.9072265625
0.0867919921875,-0.59814453125,1.2867431640625,-3.2958984375,86.48681640625,35.0341796875
-0.3575439453125,-0.1483154296875,1.3597412109375,-9.82666015625,84.228515625,40.95458984375
-0.5985107421875,-0.004150390625,1.3515625,-11.71875,80.26123046875,41.07666015625
-0.9686279296875,0.048583984375,1.1181640625,-8.36181640625,75.25634765625,38.63525390625
-1.1268310546875,0.2882080078125,1.3533935546875,-2.74658203125,53.03955078125,36.2548828125
-1.1063232421875,0.2425537109375,1.3056640625,1.220703125,45.5322265625,33.63037109375
-1.0347900390625,0.0556640625,1.2237548828125,2.99072265625,36.9873046875,29.96826171875
-0.4576416015625,-0.1240234375,1.150634765625,7.01904296875,36.62109375,21.42333984375
-0.3079833984375,-0.0986328125,1.1090087890625,16.9677734375,38.0859375,16.357421875
-0.0052490234375,-0.0555419921875,1.0767822265625,18.1884765625,38.02490234375,10.986328125
0.2904052734375,-0.0462646484375,1.024658203125,15.80810546875,29.1748046875,5.4931640625
0.3067626953125,-0.08349609375,0.9464111328125,10.43701171875,21.3623046875,-0.18310546875
0.3262939453125,-0.1240234375,0.773193359375,2.197265625,14.6484375,-10.92529296875
0.33984375,-0.1185302734375,0.7962646484375,1.64794921875,10.07080078125,-15.80810546875
0.3544921875,-0.0640869140625,0.8848876953125,2.50244140625,7.75146484375,-20.44677734375
0.3721923828125,-0.0205078125,0.9091796875,3.23486328125,11.65771484375,-23.98681640625
0.3956298828125,-0.0513916015625,0.9075927734375,3.60107421875,14.95361328125,-27.28271484375
0.4190673828125,-0.0357666015625,0.84912109375,-0.06103515625,17.822265625,-30.57861328125
0.437744140625,0.015869140625,0.759765625,-4.45556640625,18.00537109375,-35.2783203125
0.4525146484375,0.067138671875,0.6998291015625,-8.48388671875,14.46533203125,-41.1376953125
0.4801025390625,0.104736328125,0.745361328125,-10.07080078125,9.3994140625,-47.607421875
0.478271484375,0.117431640625,0.796630859375,-9.8876953125,3.96728515625,-58.837890625
0.4481201171875,0.092529296875,0.8548583984375,-6.40869140625,-1.46484375,-22.3388671875
0.3800048828125,0.0811767578125,0.935302734375,0.8544921875,-9.3994140625,-11.5966796875
0.2847900390625,0.079345703125,0.9315185546875,7.62939453125,-31.43310546875,-3.0517578125
0.1390380859375,0.083984375,0.88671875,13.85498046875,-75.37841796875,-1.46484375
0.11865234375,0.0946044921875,0.8011474609375,12.02392578125,-60.05859375,-3.84521484375
0.1129150390625,0.08544921875,0.7138671875,78.125,-68.84765625,-7.75146484375
0.1307373046875,0.064453125,0.6888427734375,44.7998046875,-94.05517578125,-18.12744140625
0.188720703125,0.0330810546875,0.699951171875,2.38037109375,-108.642578125,-20.08056640625
0.23193359375,0.005615234375,0.69091796875,-11.41357421875,-109.68017578125,-6.103515625
0.279541015625,-0.013427734375,0.62939453125,-55.908203125,-105.04150390625,12.14599609375
0.3255615234375,-0.0384521484375,0.20654296875,-71.59423828125,-97.65625,13.18359375
0.392333984375,-0.0733642578125,0.832275390625,-62.31689453125,-87.40234375,2.9296875
0.507568359375,-0.1031494140625,1.5338134765625,-57.18994140625,-80.078125,-0.244140625
0.65234375,-0.2586669921875,0.874755859375,-51.3916015625,-70.49560546875,4.8828125
0.7816162109375,-0.563232421875,0.79345703125,-43.45703125,-67.68798828125,10.3759765625
0.844482421875,0.0618896484375,1.1640625,-34.72900390625,-67.56591796875,11.474609375
0.728759765625,-0.11279296875,1.4627685546875,-32.16552734375,-65.4296875,7.14111328125
0.62646484375,0.3192138671875,1.50390625,-25.93994140625,-58.9599609375,4.638671875
-0.2003173828125,0.6402587890625,1.55224609375,-13.48876953125,-51.6357421875,5.18798828125
-0.543212890625,0.575439453125,1.5645751953125,-0.8544921875,-42.90771484375,5.43212890625
-0.32177734375,0.308837890625,1.4031982421875,1.8310546875,-36.07177734375,2.8076171875
0.1116943359375,-0.1549072265625,1.166748046875,0.8544921875,-32.89794921875,3.0517578125
0.4246826171875,-0.6075439453125,1.0589599609375,-3.173828125,-29.541015625,3.47900390625
0.5103759765625,-0.6092529296875,1.0130615234375,-4.94384765625,-27.03857421875,2.99072265625
0.458251953125,0.060791015625,1.087158203125,-4.5166015625,-27.9541015625,3.23486328125
0.3558349609375,0.0648193359375,1.153076171875,-7.50732421875,-30.8837890625,2.8076171875
0.2818603515625,-0.2000732421875,1.2117919921875,-6.89697265625,-33.14208984375,2.0751953125
0.217529296875,-0.4381103515625,1.2252197265625,-5.615234375,-33.38623046875,1.40380859375
0.1502685546875,-0.372802734375,1.13330078125,-4.0283203125,-31.67724609375,0.79345703125
0.124267578125,-0.105712890625,1.0992431640625,-0.8544921875,-27.89306640625,0.54931640625
0.18359375,0.0384521484375,1.083984375,0.1220703125,-26.79443359375,-0.06103515625
0.2625732421875,-0.019287109375,1.0567626953125,-1.28173828125,-24.658203125,0.3662109375
0.3128662109375,-0.1112060546875,1.0321044921875,-3.11279296875,-22.8271484375,1.52587890625
0.3099365234375,-0.0955810546875,1.0279541015625,-4.5166015625,-21.8505859375,1.220703125
0.2493896484375,-0.0802001953125,1.0386962890625,-6.2255859375,-20.8740234375,1.5869140625
0.21435546875,-0.134765625,1.015380859375,-11.29150390625,-22.39990234375,2.197265625
0.212890625,-0.137451171875,0.9918212890625,-10.3759765625,-23.74267578125,2.50244140625
0.185546875,-0.130126953125,0.9508056640625,-11.41357421875,-24.5361328125,3.72314453125
0.1754150390625,-0.1414794921875,0.9544677734375,-10.19287109375,-26.18408203125,3.72314453125
0.1724853515625,-0.137939453125,0.9898681640625,-10.68115234375,-28.4423828125,2.62451171875
0.1920166015625,-0.1279296875,0.9981689453125,-11.71875,-31.06689453125,0.244140625
0.202880859375,-0.1319580078125,1.03173828125,-12.51220703125,-32.8369140625,-0.6103515625
0.2110595703125,-0.132568359375,0.99609375,-13.12255859375,-32.5927734375,-1.708984375
0.190185546875,-0.1234130859375,0.971435546875,-13.916015625,-32.40966796875,-1.89208984375
0.1795654296875,-0.1322021484375,0.97802734375,-14.58740234375,-29.4189453125,-2.9296875
0.21435546875,-0.14599609375,0.9666748046875,-13.73291015625,-22.3388671875,-3.23486328125
0.227783203125,-0.1484375,0.967529296875,-10.68115234375,-20.6298828125,-3.41796875
0.2354736328125,-0.145263671875,0.973388671875,-5.31005859375,-20.5078125,-2.685546875
0.2318115234375,-0.150634765625,0.978271484375,-3.7841796875,-20.81298828125,-2.01416015625
0.2000732421875,-0.146484375,0.988037109375,-3.84521484375,-21.3623046875,-1.28173828125
0.214599609375,-0.1524658203125,0.99072265625,-2.44140625,-20.44677734375,-0.6103515625
0.23388671875,-0.162841796875,0.9918212890625,-1.89208984375,-19.775390625,-0.79345703125
0.2152099609375,-0.1549072265625,0.9873046875,-2.0751953125,-18.310546875,-2.50244140625
0.2098388671875,-0.154541015625,0.9822998046875,-2.9296875,-17.15087890625,-4.33349609375
0.2264404296875,-0.17578125,0.97021484375,-3.41796875,-16.6015625,-6.103515625
0.2476806640625,-0.181884765625,0.96728515625,-3.47900390625,-17.578125,-4.94384765625
0.2613525390625,-0.181396484375,0.968505859375,-2.3193359375,-19.83642578125,-0.9765625
0.2554931640625,-0.171875,0.9755859375,-1.3427734375,-22.3388671875,-0.48828125
0.255615234375,-0.1683349609375,0.9796142578125,2.25830078125,-26.611328125,-1.953125
0.2967529296875,-0.1754150390625,0.97119140625,2.74658203125,-32.470703125,-3.47900390625
0.28271484375,-0.15576171875,0.962158203125,3.173828125,-34.5458984375,-6.4697265625
0.2681884765625,-0.1422119140625,0.9599609375,-1.8310546875,-38.26904296875,-12.20703125
0.263671875,-0.15185546875,0.951904296875,-4.45556640625,-43.45703125,-15.31982421875
0.28466796875,-0.1546630859375,0.9515380859375,-8.9111328125,-52.42919921875,-9.27734375
0.3017578125,-0.1644287109375,0.9473876953125,-12.939453125,-83.49609375,-2.197265625
0.3199462890625,-0.177978515625,0.94384765625,-18.9208984375,-104.3701171875,-26.42822265625
0.3353271484375,-0.1942138671875,0.9627685546875,-21.05712890625,-140.5029296875,-49.01123046875
0.32177734375,-0.189697265625,0.9765625,-23.74267578125,-219.6044921875,-62.3779296875
0.2918701171875,-0.1934814453125,1.0328369140625,-24.59716796875,-282.89794921875,-80.62744140625
0.2847900390625,-0.13916015625,1.0628662109375,-37.2314453125,-325.25634765625,-131.53076171875
0.3209228515625,-0.1282958984375,1.0694580078125,-25.08544921875,-359.2529296875,-126.8310546875
0.2724609375,-0.141357421875,1.0889892578125,-39.55078125,-382.6904296875,-126.52587890625
0.3004150390625,-0.1536865234375,1.1385498046875,-64.14794921875,-356.62841796875,-111.14501953125
0.26806640625,-0.1629638671875,1.189453125,-97.59521484375,-313.96484375,-93.6279296875
0.3597412109375,-0.208251953125,1.1905517578125,-38.39111328125,-255.859375,-96.74072265625
0.352294921875,-0.17333984375,1.10302734375,0.48828125,-179.99267578125,-85.44921875
0.333984375,-0.195068359375,1.25244140625,18.9208984375,-96.37451171875,-71.044921875
0.323486328125,-0.1165771484375,1.2843017578125,122.13134765625,28.38134765625,-51.8798828125
0.3162841796875,-0.2135009765625,1.533447265625,116.39404296875,44.7998046875,-31.8603515625
0.41064453125,-0.4326171875,2.14990234375,26.611328125,52.490234375,18.12744140625
0.290283203125,-0.2667236328125,2.4605712890625,44.86083984375,67.44384765625,29.23583984375
-0.320068359375,-0.0982666015625,2.0848388671875,49.8046875,89.2333984375,35.21728515625
0.1053466796875,-0.5186767578125,2.374267578125,48.828125,178.89404296875,36.56005859375
0.514892578125,-0.682373046875,3.2802734375,38.87939453125,207.275390625,34.5458984375
0.75146484375,-0.4617919921875,3.696533203125,-6.4697265625,227.60009765625,30.94482421875
0.963134765625,-0.5765380859375,1.2325439453125,-14.70947265625,241.14990234375,26.30615234375
0.87353515625,-0.5452880859375,1.03857421875,-18.12744140625,251.0986328125,21.240234375
0.4007568359375,-0.3475341796875,0.8624267578125,-18.73779296875,259.46044921875,16.90673828125
0.0364990234375,-0.6148681640625,0.8475341796875,-18.98193359375,265.44189453125,13.0615234375
0.08935546875,-0.6590576171875,0.9283447265625,-17.822265625,268.9208984375,9.3994140625
1.10888671875,-0.599853515625,1.2584228515625,-15.7470703125,271.240234375,7.50732421875
-0.8389892578125,-0.5333251953125,1.200927734375,-13.7939453125,273.86474609375,8.48388671875
-0.85595703125,-0.45361328125,1.0732421875,-13.00048828125,275.93994140625,10.3759765625
-0.847900390625,-0.310546875,0.9906005859375,-14.5263671875,277.34375,10.986328125
-0.7564697265625,-0.2513427734375,0.9912109375,-18.6767578125,276.9775390625,9.6435546875
-0.6397705078125,-0.1629638671875,1.034423828125,-21.30126953125,274.47509765625,6.34765625
-0.2418212890625,-0.0662841796875,1.085205078125,-20.6298828125,267.39501953125,5.615234375
-0.1685791015625,0.00244140625,1.1173095703125,-17.822265625,253.60107421875,4.45556640625
-0.10107421875,0.0264892578125,1.158447265625,-16.9677734375,225.09765625,1.28173828125
-0.01708984375,0.030517578125,1.2208251953125,-20.32470703125,221.13037109375,-12.0849609375
0.0748291015625,0.0498046875,1.28857421875,-14.404296875,221.0693359375,-15.80810546875
0.15771484375,0.09423828125,1.3624267578125,0.18310546875,225.15869140625,-13.5498046875
0.2236328125,0.1416015625,1.429443359375,12.39013671875,230.28564453125,-4.0283203125
0.26416015625,0.1593017578125,1.47119140625,25.634765625,231.38427734375,8.97216796875
0.3084716796875,0.1363525390625,1.464599609375,18.24951171875,227.9052734375,25.5126953125
0.3516845703125,0.1083984375,1.427001953125,14.16015625,212.646484375,45.2880859375
0.3814697265625,0.111328125,1.74267578125,4.08935546875,193.78662109375,87.40234375
0.416748046875,0.14794921875,2.0550537109375,-10.07080078125,177.1240234375,101.318359375
0.43359375,0.19873046875,2.2349853515625,-20.99609375,160.15625,97.59521484375
0.4364013671875,0.1630859375,2.2064208984375,-24.90234375,105.28564453125,87.82958984375
0.440185546875,0.0799560546875,2.095703125,-17.63916015625,71.47216796875,77.45361328125
0.428955078125,0.060791015625,1.9703369140625,22.216796875,17.9443359375,60.546875
0.5965576171875,0.24560546875,1.6702880859375,31.31103515625,-0.79345703125,34.0576171875
0.7362060546875,0.197021484375,1.25390625,1.220703125,-19.10400390625,13.5498046875
0.8336181640625,0.0745849609375,1.0594482421875,-19.59228515625,-42.17529296875,-16.357421875
0.958984375,-0.0257568359375,1.059326171875,-30.09033203125,-91.36962890625,-62.1337890625
1.25830078125,-0.0233154296875,0.912841796875,-25.69580078125,-93.505859375,-74.462890625
1.38720703125,-0.007080078125,0.1966552734375,-42.90771484375,-67.44384765625,-33.75244140625
1.4730224609375,-0.1204833984375,-0.1229248046875,-15.19775390625,-98.93798828125,-4.45556640625
1.5611572265625,-0.3096923828125,-0.2216796875,10.8642578125,-139.58740234375,-14.892578125
1.7393798828125,-0.4517822265625,-0.068359375,-43.3349609375,-195.068359375,-8.9111328125
1.999267578125,-0.21533203125,0.0355224609375,-63.78173828125,-200.13427734375,6.77490234375
2.22119140625,0.051513671875,-0.035400390625,-76.416015625,-180.96923828125,21.3623046875
2.353759765625,0.3369140625,-0.0816650390625,-88.68408203125,-171.0205078125,21.05712890625
2.5213623046875,0.2591552734375,0.995849609375,-75.50048828125,-160.09521484375,11.71875
2.5313720703125,0.3968505859375,1.832763671875,-44.43359375,-148.0712890625,6.77490234375
2.426025390625,0.3536376953125,1.0819091796875,-30.517578125,-145.1416015625,13.916015625
2.203369140625,0.0631103515625,0.4444580078125,-27.03857421875,-142.76123046875,19.47021484375
1.98828125,0.546142578125,0.5955810546875,-22.94921875,-137.02392578125,14.5263671875
1.4908447265625,0.6083984375,1.2440185546875,-16.29638671875,-124.93896484375,7.2021484375
0.884765625,-0.040283203125,2.1402587890625,-10.07080078125,-111.38916015625,9.09423828125
-0.5958251953125,-0.1116943359375,1.8021240234375,2.01416015625,-100.40283203125,8.7890625
-1.607421875,-0.0196533203125,1.6337890625,-1.953125,-90.27099609375,6.65283203125
-1.034423828125,-0.2596435546875,1.472412109375,-10.68115234375,-81.48193359375,7.568359375
-0.228759765625,-0.5361328125,1.3472900390625,-20.81298828125,-76.23291015625,9.94873046875
0.636474609375,-0.5718994140625,1.3880615234375,-22.88818359375,-72.998046875,8.97216796875
0.744384765625,-0.28955078125,1.4771728515625,-23.98681640625,-61.46240234375,6.53076171875
0.5469970703125,0.060546875,1.4658203125,-27.2216796875,-51.3916015625,4.7607421875
0.297119140625,0.1243896484375,1.35498046875,-29.9072265625,-50.1708984375,2.74658203125
0.34326171875,-0.22216796875,1.2999267578125,-29.35791015625,-47.18017578125,1.64794921875
0.3555908203125,-0.4459228515625,1.2276611328125,-29.1748046875,-41.56494140625,1.28173828125
0.310302734375,-0.2191162109375,1.1473388671875,-27.03857421875,-36.7431640625,0.48828125
0.4488525390625,0.031494140625,1.137451171875,-23.92578125,-30.029296875,-0.244140625
0.5360107421875,-0.0380859375,1.1695556640625,-19.71435546875,-24.7802734375,-0.91552734375
0.4613037109375,-0.165283203125,1.148681640625,-13.61083984375,-21.3623046875,-1.708984375
0.4119873046875,-0.0767822265625,1.0794677734375,-9.21630859375,-17.63916015625,-2.3193359375
0.3536376953125,-0.0177001953125,1.038330078125,-6.65283203125,-14.404296875,-2.44140625
0.2646484375,-0.08349609375,1.043701171875,-5.859375,-12.0849609375,-3.2958984375
0.2601318359375,-0.1239013671875,1.037353515625,-3.84521484375,-10.986328125,-4.33349609375
0.29638671875,-0.1148681640625,1.03369140625,-1.8310546875,-10.009765625,-5.126953125
0.301025390625,-0.136962890625,1.0264892578125,-1.77001953125,-9.1552734375,-5.859375
0.2357177734375,-0.1492919921875,0.9964599609375,-2.44140625,-7.87353515625,-6.7138671875
0.2105712890625,-0.1602783203125,0.978759765625,-2.13623046875,-7.38525390625,-7.14111328125
0.2637939453125,-0.185302734375,0.9747314453125,-1.28173828125,-8.48388671875,-6.7138671875
0.27197265625,-0.1868896484375,0.9742431640625,0.18310546875,-9.33837890625,-5.859375
0.2540283203125,-0.1807861328125,0.96533203125,1.3427734375,-9.82666015625,-5.37109375
0.2720947265625,-0.1910400390625,0.9639892578125,2.3193359375,-10.31494140625,-3.0517578125
0.2735595703125,-0.2039794921875,0.9632568359375,2.99072265625,-10.986328125,-1.89208984375
0.2659912109375,-0.20166015625,0.9669189453125,2.99072265625,-10.6201171875,-0.42724609375
0.2705078125,-0.1937255859375,0.9678955078125,1.708984375,-13.48876953125,0.06103515625
0.27587890625,-0.1890869140625,0.969970703125,0.8544921875,-14.09912109375,-0.79345703125
0.2745361328125,-0.193603515625,0.9681396484375,-1.28173828125,-14.70947265625,1.15966796875
0.27001953125,-0.1942138671875,0.9659423828125,-2.3193359375,-15.68603515625,2.0751953125
0.26953125,-0.19140625,0.9609375,-2.99072265625,-17.08984375,1.52587890625
0.269287109375,-0.1871337890625,0.957763671875,-2.44140625,-19.83642578125,0.30517578125
0.276123046875,-0.183837890625,0.9593505859375,-0.732421875,-22.216796875,0.48828125
0.2747802734375,-0.17822265625,0.9566650390625,0.9765625,-25.45166015625,2.50244140625
0.2740478515625,-0.1640625,0.9581298828125,1.28173828125,-27.83203125,2.685546875
0.2789306640625,-0.1544189453125,0.9537353515625,1.46484375,-29.96826171875,1.77001953125
0.28076171875,-0.161376953125,0.9512939453125,1.3427734375,-33.8134765625,-7.87353515625
0.2818603515625,-0.154052734375,0.9456787109375,1.3427734375,-39.794921875,-11.29150390625
0.2930908203125,-0.1495361328125,0.9423828125,-2.3193359375,-46.08154296875,-12.02392578125
0.2955322265625,-0.1561279296875,0.9464111328125,-5.859375,-64.0869140625,-17.4560546875
0.290283203125,-0.1771240234375,0.9591064453125,-9.765625,-74.951171875,-16.4794921875
0.3023681640625,-0.187255859375,0.9635009765625,-12.26806640625,-87.40234375,-40.58837890625
0.2940673828125,-0.16845703125,0.9716796875,-12.63427734375,-127.50244140625,-47.2412109375
0.288818359375,-0.1778564453125,0.9840087890625,-14.2822265625,-262.75634765625,-51.6357421875
0.2886962890625,-0.189697265625,1.0106201171875,-10.7421875,-342.95654296875,-74.76806640625
0.3035888671875,-0.189208984375,1.0396728515625,-6.40869140625,-380.37109375,-90.39306640625
0.2822265625,-0.1514892578125,1.0618896484375,-43.15185546875,-390.56396484375,-80.38330078125
0.28759765625,-0.1287841796875,1.0784912109375,-71.8994140625,-377.86865234375,-76.5380859375
0.308349609375,-0.1480712890625,1.0718994140625,-70.61767578125,-343.8720703125,-78.125
0.3209228515625,-0.1756591796875,1.0799560546875,-55.35888671875,-310.546875,-86.0595703125
0.3287353515625,-0.232177734375,1.139404296875,-8.85009765625,-251.708984375,-109.31396484375
0.3475341796875,-0.1790771484375,1.162841796875,60.4248046875,-132.99560546875,-117.5537109375
0.3258056640625,-0.18603515625,1.367431640625,145.20263671875,-34.423828125,-113.8916015625
0.3203125,-0.2080078125,1.7706298828125,174.01123046875,26.91650390625,-104.6142578125
0.3306884765625,-0.2559814453125,2.2794189453125,57.4951171875,39.55078125,-88.623046875
0.309814453125,-0.28076171875,2.519775390625,-5.4931640625,59.38720703125,-45.22705078125
0.3031005859375,-0.005615234375,2.3560791015625,-27.099609375,82.1533203125,-26.67236328125
-0.14013671875,-0.4937744140625,1.94677734375,-0.8544921875,97.0458984375,-3.41796875
0.4864501953125,-0.81298828125,2.555419921875,17.9443359375,145.6298828125,2.3193359375
0.970703125,-0.5623779296875,3.6453857421875,30.2734375,170.7763671875,6.34765625
0.9010009765625,-0.607666015625,3.840576171875,35.09521484375,214.35546875,-0.3662109375
0.7952880859375,-0.3731689453125,2.823974609375,24.5361328125,227.783203125,-5.0048828125
0.537109375,0.352783203125,1.6290283203125,-2.9296875,237.1826171875,-9.033203125
0.3677978515625,0.40625,1.2374267578125,-11.1083984375,253.5400390625,-11.1083984375
0.0369873046875,0.040771484375,1.083251953125,-15.31982421875,256.89697265625,-12.20703125
0.5059814453125,-0.2908935546875,1.0072021484375,-31.43310546875,259.70458984375,-13.12255859375
1.1676025390625,-0.5294189453125,1.102783203125,-33.3251953125,262.75634765625,-13.12255859375
-0.0198974609375,-0.6326904296875,1.0675048828125,-33.75244140625,266.05224609375,-13.0615234375
-0.9906005859375,-0.677978515625,0.96337890625,-32.16552734375,268.1884765625,-13.12255859375
-0.9703369140625,-0.5810546875,0.9237060546875,-30.70068359375,267.27294921875,-14.7705078125
-0.8958740234375,-0.4466552734375,0.9185791015625,-31.494140625,260.55908203125,-17.7001953125
-0.8359375,-0.2554931640625,1.053466796875,-33.26416015625,239.6240234375,-20.44677734375
-0.5626220703125,-0.218505859375,1.1611328125,-37.109375,234.0087890625,-20.44677734375
-0.4503173828125,-0.1500244140625,1.26025390625,-32.77587890625,230.95703125,-18.12744140625
-0.274658203125,0.1529541015625,1.35791015625,-20.08056640625,231.5673828125,-13.5498046875
-0.18212890625,0.172119140625,1.430908203125,-9.70458984375,236.51123046875,-6.34765625
-0.071044921875,0.1773681640625,1.464599609375,-4.21142578125,243.83544921875,3.60107421875
0.150390625,0.1942138671875,1.4571533203125,-2.62451171875,250.3662109375,15.7470703125
0.2012939453125,0.229736328125,1.414794921875,-5.0048828125,255.06591796875,25.390625
0.232421875,0.2642822265625,1.5428466796875,-5.4931640625,259.21630859375,32.5927734375
0.26708984375,0.28857421875,1.798095703125,-2.44140625,262.939453125,40.46630859375
0.31396484375,0.3037109375,2.050048828125,-3.173828125,263.85498046875,48.4619140625
0.3536376953125,0.301025390625,2.2342529296875,-14.16015625,257.32421875,54.0771484375
0.3653564453125,0.2474365234375,2.3201904296875,-31.005859375,242.00439453125,51.513671875
0.3563232421875,0.1915283203125,2.31494140625,-39.12353515625,218.07861328125,41.748046875
0.4307861328125,0.18505859375,2.29345703125,-34.11865234375,185.97412109375,29.72412109375
0.5447998046875,0.2060546875,2.275390625,-23.193359375,152.64892578125,25.93994140625
0.641357421875,0.195556640625,2.16650390625,-8.056640625,122.4365234375,28.9306640625
0.735595703125,0.088134765625,1.9622802734375,2.3193359375,88.134765625,35.0341796875
0.847412109375,-0.0654296875,1.7554931640625,-0.3662109375,42.78564453125,39.00146484375
0.9451904296875,-0.1064453125,1.5523681640625,-13.18359375,-5.615234375,34.48486328125
1.023193359375,0.0272216796875,1.2935791015625,-20.69091796875,-35.0341796875,52.18505859375
1.1392822265625,0.1185302734375,0.9442138671875,-12.0849609375,-57.0068359375,31.6162109375
1.31005859375,0.032958984375,0.56640625,-1.0986328125,-81.23779296875,13.3056640625
1.496826171875,-0.0792236328125,0.2926025390625,8.48388671875,-99.2431640625,13.427734375
1.6798095703125,-0.146240234375,0.085205078125,2.197265625,-91.552734375,13.97705078125
1.85302734375,-0.1585693359375,-0.1617431640625,15.19775390625,-125.06103515625,2.50244140625
2.0382080078125,-0.0325927734375,-0.288818359375,-5.2490234375,-171.875,-33.69140625
2.20703125,0.1787109375,-0.2630615234375,-27.89306640625,-208.43505859375,-41.93115234375
2.3663330078125,0.2626953125,-0.0408935546875,-71.10595703125,-209.8388671875,-15.19775390625
2.607666015625,0.1270751953125,0.38623046875,-104.79736328125,-201.66015625,19.04296875
2.8660888671875,-0.0645751953125,0.4239501953125,-96.0693359375,-195.1904296875,17.333984375
2.952880859375,-0.14599609375,0.955078125,-89.05029296875,-186.6455078125,-8.11767578125
2.8370361328125,-0.0953369140625,0.9638671875,-61.1572265625,-174.74365234375,0.91552734375
2.662109375,-0.0699462890625,0.28662109375,-42.29736328125,-167.96875,18.98193359375
2.4779052734375,-0.168701171875,0.121826171875,-34.1796875,-164.24560546875,12.87841796875
2.2271728515625,0.493408203125,0.7813720703125,-29.96826171875,-139.0380859375,-0.18310546875
1.6563720703125,0.492919921875,1.7454833984375,-28.01513671875,-121.76513671875,1.46484375
0.609375,0.6304931640625,2.0675048828125,-2.8076171875,-111.02294921875,9.09423828125
-1.6162109375,0.623779296875,1.951171875,15.13671875,-102.60009765625,7.14111328125
-1.42333984375,0.6983642578125,1.7916259765625,7.62939453125,-90.8203125,5.92041015625
-0.5240478515625,0.4681396484375,1.6292724609375,-7.2021484375,-83.984375,10.31494140625
0.5562744140625,-0.41748046875,1.517333984375,-15.68603515625,-80.87158203125,12.20703125
0.8736572265625,-0.9984130859375,1.4892578125,-19.34814453125,-81.84814453125,12.3291015625
0.5205078125,-0.6199951171875,1.669921875,-28.076171875,-78.06396484375,9.70458984375
0.42724609375,0.2120361328125,1.547607421875,-37.29248046875,-71.47216796875,3.96728515625
0.513427734375,0.4622802734375,1.3111572265625,-41.80908203125,-65.673828125,1.708984375
0.4893798828125,-0.7261962890625,1.2677001953125,-42.96875,-59.814453125,-0.79345703125
0.408203125,-0.4622802734375,1.234130859375,-41.3818359375,-55.35888671875,-1.64794921875
0.3282470703125,0.1614990234375,1.1727294921875,-38.2080078125,-46.32568359375,-2.38037109375
0.544189453125,0.1297607421875,1.1192626953125,-35.09521484375,-35.94970703125,-2.44140625
0.5960693359375,-0.1925048828125,1.0645751953125,-24.47509765625,-25.7568359375,-2.9296875
0.435546875,-0.159423828125,1.0550537109375,-12.3291015625,-18.85986328125,-2.8076171875
0.3021240234375,-0.00244140625,1.0743408203125,-4.5166015625,-15.19775390625,-4.94384765625
0.331787109375,-0.0799560546875,1.0521240234375,-2.01416015625,-13.5498046875,-6.2255859375
0.3104248046875,-0.18310546875,1.014892578125,-2.99072265625,-12.5732421875,-8.36181640625
0.2333984375,-0.1627197265625,1.0301513671875,-3.662109375,-11.04736328125,-8.85009765625
0.2191162109375,-0.1424560546875,1.070556640625,-2.99072265625,-9.94873046875,-9.27734375
0.2440185546875,-0.1497802734375,1.072265625,-2.3193359375,-7.50732421875,-8.6669921875
0.2432861328125,-0.166259765625,1.03271484375,-1.8310546875,-7.9345703125,-7.568359375
0.22509765625,-0.170654296875,0.9857177734375,0.8544921875,-8.11767578125,-6.65283203125
0.2388916015625,-0.168701171875,0.9630126953125,2.3193359375,-8.544921875,-5.859375
0.2572021484375,-0.1829833984375,0.958251953125,2.9296875,-9.27734375,-5.37109375
0.2569580078125,-0.18408203125,0.9576416015625,2.9296875,-10.31494140625,-4.638671875
0.2830810546875,-0.1885986328125,0.95556640625,2.197265625,-11.04736328125,-3.2958984375
0.3038330078125,-0.1993408203125,0.9642333984375,1.5869140625,-12.20703125,-1.8310546875
0.2742919921875,-0.2003173828125,0.9722900390625,1.220703125,-13.7939453125,-1.28173828125
0.256103515625,-0.19970703125,0.971435546875,1.3427734375,-13.3056640625,-1.3427734375
0.2620849609375,-0.195068359375,0.9681396484375,2.44140625,-13.12255859375,-1.5869140625
0.2646484375,-0.1856689453125,0.9595947265625,2.9296875,-13.85498046875,-2.8076171875
0.263427734375,-0.1781005859375,0.9617919921875,2.01416015625,-16.7236328125,-4.57763671875
0.26806640625,-0.1636962890625,0.9610595703125,2.0751953125,-18.85986328125,-5.4931640625
0.2802734375,-0.154296875,0.956787109375,3.60107421875,-21.30126953125,-3.5400390625
0.2762451171875,-0.1448974609375,0.95703125,3.90625,-24.169921875,-1.52587890625
0.2967529296875,-0.1522216796875,0.9522705078125,3.7841796875,-26.91650390625,-1.64794921875
0.2841796875,-0.1600341796875,0.95263671875,3.84521484375,-30.2734375,-5.31005859375
0.284423828125,-0.161376953125,0.9515380859375,2.74658203125,-35.15625,-10.6201171875
0.2896728515625,-0.1646728515625,0.9500732421875,0.732421875,-40.46630859375,-13.5498046875
0.2890625,-0.1492919921875,0.958251953125,-2.74658203125,-48.76708984375,-15.2587890625
0.2806396484375,-0.146484375,0.9605712890625,-6.34765625,-59.6923828125,-16.9677734375
0.2982177734375,-0.1630859375,0.96533203125,-9.1552734375,-69.88525390625,-18.12744140625
0.30078125,-0.1680908203125,0.9710693359375,-9.8876953125,-82.94677734375,-19.10400390625
0.3016357421875,-0.1768798828125,0.982177734375,-10.1318359375,-97.10693359375,-18.49365234375
0.2974853515625,-0.1875,1.002685546875,-10.3759765625,-114.68505859375,-21.30126953125
0.2861328125,-0.1810302734375,1.032958984375,-9.3994140625,-141.54052734375,-25.81787109375
0.2835693359375,-0.15234375,1.0628662109375,-7.38525390625,-174.31640625,-47.2412109375
0.283203125,-0.1224365234375,1.0836181640625,-3.96728515625,-218.3837890625,-60.4248046875
0.29248046875,-0.121337890625,1.095947265625,-3.11279296875,-261.29150390625,-56.884765625
0.3087158203125,-0.15283203125,1.0799560546875,-7.75146484375,-321.96044921875,-65.49072265625
0.32275390625,-0.19873046875,1.078857421875,5.2490234375,-360.53466796875,-85.5712890625
0.333740234375,-0.20703125,1.091552734375,-11.1083984375,-385.31494140625,-88.31787109375
0.3150634765625,-0.17041015625,1.1141357421875,-30.33447265625,-389.58740234375,-86.36474609375
0.281005859375,-0.1546630859375,1.1446533203125,-41.68701171875,-365.1123046875,-95.88623046875
0.312255859375,-0.155029296875,1.093017578125,-18.6767578125,-291.3818359375,-102.23388671875
0.319580078125,-0.1517333984375,1.1851806640625,21.30126953125,-33.3251953125,-88.07373046875
0.302001953125,-0.17431640625,1.1746826171875,78.4912109375,19.47021484375,-67.5048828125
0.313232421875,-0.2310791015625,1.16455078125,57.67822265625,30.82275390625,-15.7470703125
0.256591796875,-0.2989501953125,1.442138671875,-29.11376953125,54.3212890625,23.5595703125
0.1878662109375,-0.282958984375,1.9041748046875,-45.47119140625,67.87109375,34.11865234375
0.314453125,-0.271484375,2.4468994140625,-18.310546875,105.40771484375,38.330078125
0.3905029296875,-0.064697265625,2.5875244140625,7.8125,153.564453125,38.87939453125
-0.53466796875,-0.107421875,1.928466796875,25.81787109375,173.40087890625,36.19384765625
-0.4627685546875,-0.72998046875,3.7451171875,1.77001953125,191.5283203125,30.029296875
0.803466796875,-0.8795166015625,2.582763671875,-15.869140625,208.43505859375,22.88818359375
0.9228515625,-0.6639404296875,1.4671630859375,-26.7333984375,224.2431640625,14.6484375
0.97900390625,0.53955078125,1.2020263671875,-29.60205078125,236.083984375,5.859375
0.879638671875,-0.047607421875,1.101318359375,-27.9541015625,246.88720703125,-1.28173828125
0.26513671875,-0.5177001953125,1.0791015625,-26.3671875,255.79833984375,-5.126953125
1.01953125,-0.8282470703125,0.956298828125,-29.296875,261.23046875,-3.90625
-0.172119140625,-0.9105224609375,0.9090576171875,-31.43310546875,264.7705078125,-0.3662109375
-0.9215087890625,-0.7489013671875,0.9366455078125,-33.50830078125,267.39501953125,3.7841796875
-1.01318359375,-0.372802734375,1.014892578125,-35.64453125,271.66748046875,6.16455078125
-0.89990234375,-0.2618408203125,1.0765380859375,-35.33935546875,272.0947265625,5.126953125
-0.6875,-0.20361328125,1.0858154296875,-32.16552734375,270.6298828125,3.60107421875
-0.4814453125,-0.1605224609375,1.0833740234375,-31.005859375,265.31982421875,1.03759765625
-0.3896484375,-0.0955810546875,1.110595703125,-28.86962890625,245.361328125,0.1220703125
-0.27392578125,0.009033203125,1.1470947265625,-28.50341796875,241.76025390625,1.40380859375
-0.15478515625,0.1248779296875,1.1922607421875,-28.74755859375,243.83544921875,3.0517578125
-0.0362548828125,0.188720703125,1.2691650390625,-20.93505859375,248.046875,6.40869140625
0.05078125,0.2105712890625,1.4393310546875,-12.20703125,253.2958984375,12.75634765625
0.1077880859375,0.2149658203125,1.4906005859375,-3.662109375,257.080078125,21.240234375
0.16357421875,0.2015380859375,1.523681640625,5.37109375,260.8642578125,28.50341796875
0.2100830078125,0.1925048828125,1.535400390625,11.65771484375,266.05224609375,32.3486328125
0.2376708984375,0.21142578125,1.6905517578125,15.625,270.93505859375,34.66796875
0.2662353515625,0.2418212890625,1.9718017578125,12.02392578125,270.5078125,35.70556640625
0.3470458984375,0.2835693359375,2.2301025390625,-2.62451171875,260.3759765625,28.74755859375
0.387939453125,0.3385009765625,2.358642578125,-20.56884765625,217.34619140625,12.8173828125
0.4168701171875,0.2974853515625,2.3724365234375,-30.57861328125,153.25927734375,14.6484375
0.424072265625,0.2115478515625,2.3438720703125,-27.587890625,119.32373046875,23.37646484375
0.4844970703125,0.1373291015625,2.3240966796875,-2.99072265625,39.48974609375,31.8603515625
0.6097412109375,0.0933837890625,2.24951171875,1.89208984375,4.57763671875,30.2734375
0.73876953125,0.01953125,2.0537109375,-6.7138671875,-23.92578125,44.61669921875
0.83349609375,-0.0892333984375,1.7811279296875,-10.68115234375,-51.81884765625,27.16064453125
0.9053955078125,-0.126220703125,1.536865234375,-5.4931640625,-96.61865234375,0.67138671875
0.9990234375,-0.0521240234375,1.0478515625,3.96728515625,-98.9990234375,-14.83154296875
1.1490478515625,-0.0032958984375,0.7252197265625,4.69970703125,-69.15283203125,3.47900390625
1.3306884765625,-0.030029296875,0.1146240234375,28.01513671875,-106.8115234375,25.146484375
1.5035400390625,-0.10546875,-0.34423828125,22.27783203125,-156.92138671875,6.8359375
1.6375732421875,-0.156005859375,-0.3814697265625,-16.845703125,-222.2900390625,-21.05712890625
1.7803955078125,0.0159912109375,-0.1434326171875,-43.0908203125,-247.314453125,-16.78466796875
2.1795654296875,0.1578369140625,0.1483154296875,-81.48193359375,-227.1728515625,-11.474609375
2.407470703125,0.0263671875,0.00341796875,-86.5478515625,-207.275390625,-0.54931640625
2.917724609375,-0.1368408203125,0.9342041015625,-82.3974609375,-196.35009765625,17.15087890625
3.0477294921875,-0.2027587890625,1.8853759765625,-71.47216796875,-149.59716796875,7.8125
2.88330078125,-0.1658935546875,0.9677734375,-44.49462890625,-133.4228515625,9.33837890625
2.649658203125,-0.0614013671875,-0.0440673828125,-8.36181640625,-110.04638671875,7.26318359375
2.440185546875,0.3734130859375,-0.0196533203125,-1.64794921875,-88.92822265625,11.41357421875
1.7052001953125,0.50048828125,1.2752685546875,10.19287109375,-88.56201171875,8.4228515625
0.860107421875,0.359619140625,2.430419921875,-18.12744140625,-89.35546875,4.94384765625
-0.9051513671875,0.3861083984375,2.36279296875,-26.30615234375,-85.51025390625,3.11279296875
-2.1898193359375,0.3826904296875,1.9576416015625,-35.58349609375,-60.85205078125,-0.9765625
-1.3406982421875,0.51708984375,1.6129150390625,-39.55078125,-52.42919921875,-2.50244140625
-0.1092529296875,0.1109619140625,1.5887451171875,-36.56005859375,-40.0390625,-3.173828125
1.0120849609375,-0.550537109375,1.301513671875,-30.45654296875,-23.49853515625,-4.82177734375
1.0736083984375,0.002685546875,1.11865234375,-17.15087890625,-13.0615234375,-6.53076171875
0.7626953125,-0.5472412109375,1.11181640625,-5.7373046875,-10.80322265625,-7.87353515625
0.6766357421875,-0.0770263671875,1.0960693359375,-2.9296875,-9.27734375,-8.85009765625
0.44482421875,-0.2135009765625,1.0804443359375,-3.0517578125,-8.11767578125,-11.8408203125
0.52978515625,-0.036376953125,1.0308837890625,-1.40380859375,-7.080078125,-13.7939453125
0.369140625,-0.0450439453125,1.0867919921875,0.06103515625,-6.4697265625,-15.44189453125
0.243408203125,-0.147705078125,1.072509765625,1.46484375,-9.1552734375,-16.17431640625
0.2574462890625,-0.1474609375,0.98291015625,2.9296875,-9.46044921875,-15.380859375
0.2464599609375,-0.1611328125,0.95263671875,4.0283203125,-10.43701171875,-13.3056640625
0.25927734375,-0.16455078125,0.95361328125,5.615234375,-11.23046875,-10.3759765625
0.246826171875,-0.1995849609375,0.9554443359375,6.591796875,-12.20703125,-7.9345703125
0.2777099609375,-0.2103271484375,0.9593505859375,7.62939453125,-12.6953125,-6.04248046875
0.2822265625,-0.2109375,0.9609375,8.11767578125,-13.427734375,-3.84521484375
0.286376953125,-0.211181640625,0.95751953125,8.4228515625,-12.6953125,-3.662109375
0.2769775390625,-0.205322265625,0.951904296875,7.32421875,-13.427734375,-8.4228515625
0.2791748046875,-0.1966552734375,0.9512939453125,6.591796875,-16.05224609375,-9.6435546875
0.2847900390625,-0.1968994140625,0.9453125,5.06591796875,-17.08984375,-9.6435546875
0.283935546875,-0.19873046875,0.95068359375,3.47900390625,-33.63037109375,-11.29150390625
0.2884521484375,-0.2003173828125,0.95068359375,3.173828125,-41.6259765625,-14.22119140625
0.2830810546875,-0.193603515625,0.9559326171875,-4.33349609375,-52.18505859375,-16.05224609375
0.2694091796875,-0.1824951171875,0.9613037109375,-4.57763671875,-63.04931640625,-15.19775390625
0.28857421875,-0.1650390625,0.95361328125,-5.06591796875,-76.72119140625,-13.671875
0.295166015625,-0.1341552734375,0.95458984375,-7.9345703125,-91.36962890625,-25.390625
0.3062744140625,-0.131103515625,0.9503173828125,-8.72802734375,-110.16845703125,-40.6494140625
0.3189697265625,-0.1370849609375,0.951416015625,-8.7890625,-136.962890625,-58.77685546875
0.3160400390625,-0.1314697265625,1.0504150390625,-6.77490234375,-269.47021484375,-63.4765625
0.3033447265625,-0.160888671875,1.0892333984375,-2.8076171875,-309.9365234375,-68.359375
0.30419921875,-0.1661376953125,1.0830078125,15.31982421875,-350.341796875,-85.26611328125
0.3076171875,-0.1544189453125,1.0897216796875,-1.15966796875,-383.97216796875,-98.44970703125
0.302001953125,-0.1551513671875,1.0926513671875,-21.484375,-391.17431640625,-100.28076171875
0.298828125,-0.1534423828125,1.0772705078125,-36.2548828125,-365.17333984375,-72.8759765625
0.3504638671875,-0.1602783203125,1.114501953125,-17.51708984375,-328.857421875,-72.8759765625
0.3260498046875,-0.158203125,1.1492919921875,14.95361328125,-305.35888671875,-84.9609375
0.3251953125,-0.1490478515625,1.16015625,18.85986328125,-293.51806640625,-88.7451171875
0.3170166015625,-0.1431884765625,1.4295654296875,61.6455078125,-211.48681640625,-76.66015625
0.30029296875,-0.1600341796875,1.5643310546875,195.1904296875,-92.28515625,-11.29150390625
0.298828125,-0.2615966796875,1.8966064453125,261.3525390625,67.32177734375,7.38525390625
0.2542724609375,-0.4027099609375,2.386962890625,100.28076171875,89.84375,10.43701171875
0.1822509765625,-0.2083740234375,2.537109375,-28.50341796875,189.14794921875,10.7421875
-0.450439453125,-0.1068115234375,2.1578369140625,-12.939453125,228.3935546875,9.46044921875
0.4884033203125,-0.6014404296875,1.8004150390625,-1.3427734375,240.72265625,7.62939453125
0.741943359375,-0.81005859375,2.0423583984375,-14.892578125,250.42724609375,2.685546875
0.982666015625,-0.5023193359375,3.09912109375,-20.1416015625,258.7890625,2.74658203125
0.932373046875,-0.72216796875,3.9619140625,-23.681640625,265.2587890625,4.21142578125
0.7132568359375,-0.76220703125,1.598876953125,-27.587890625,276.18408203125,6.9580078125
0.4208984375,0.1669921875,1.3516845703125,-32.470703125,278.13720703125,16.54052734375
0.3128662109375,0.4417724609375,1.1146240234375,-38.63525390625,280.2734375,21.05712890625
0.1876220703125,-0.630859375,1.053955078125,-41.1376953125,281.06689453125,25.08544921875
0.487548828125,-0.7056884765625,0.9969482421875,-42.1142578125,268.1884765625,39.48974609375
0.958740234375,-0.481201171875,1.024658203125,-43.15185546875,255.4931640625,45.8984375
-1.205322265625,-0.400634765625,1.064208984375,-44.677734375,245.30029296875,46.875
-1.084228515625,-0.2200927734375,1.1170654296875,-45.166015625,256.103515625,45.2880859375
-0.5076904296875,-0.134033203125,1.344482421875,-42.6025390625,273.37646484375,39.24560546875
-0.3880615234375,-0.063232421875,1.4268798828125,-27.89306640625,267.39501953125,29.9072265625
-0.1800537109375,-0.0135498046875,1.5035400390625,-22.0947265625,258.60595703125,1.15966796875
-0.0672607421875,0.08251953125,1.5537109375,-12.3291015625,246.337890625,-9.1552734375
0.0355224609375,0.11669921875,1.552734375,-15.80810546875,222.35107421875,17.578125
0.11962890625,0.135498046875,1.5882568359375,-23.92578125,149.84130859375,38.26904296875
0.29638671875,0.12841796875,1.7813720703125,-22.8271484375,111.083984375,59.2041015625
0.3466796875,0.0836181640625,2.36474609375,-6.2255859375,6.77490234375,57.06787109375
0.3956298828125,0.088623046875,2.3253173828125,-10.19287109375,-29.541015625,44.49462890625
0.42724609375,0.0894775390625,2.0272216796875,-6.89697265625,-74.5849609375,9.58251953125
0.4569091796875,0.065673828125,1.7520751953125,14.16015625,-103.3935546875,-30.1513671875
0.4822998046875,0.0257568359375,1.455810546875,28.4423828125,-75.25634765625,14.46533203125
0.5599365234375,0.0347900390625,1.12060546875,24.84130859375,-83.49609375,-13.916015625
0.9739990234375,0.231201171875,0.3662109375,26.85546875,-199.951171875,-30.517578125
1.2236328125,0.2679443359375,0.013916015625,27.099609375,-249.755859375,-6.53076171875
1.3680419921875,0.1295166015625,-0.568115234375,-27.099609375,-224.67041015625,25.93994140625
1.56494140625,0.2181396484375,-0.310302734375,-62.5,-207.8857421875,7.568359375
1.8121337890625,0.2850341796875,0.1964111328125,-89.05029296875,-187.07275390625,25.57373046875
2.0703125,-0.2841796875,0.49169921875,-69.03076171875,-169.677734375,8.9111328125
2.7275390625,-0.347412109375,1.384033203125,-44.61669921875,-143.85986328125,7.6904296875
3.0550537109375,-0.081298828125,1.5223388671875,-25.7568359375,-101.806640625,5.18798828125
3.087646484375,0.06201171875,-0.1790771484375,-14.0380859375,-76.5380859375,8.11767578125
2.873291015625,0.2396240234375,0.68994140625,15.7470703125,-78.369140625,8.23974609375
2.2493896484375,0.477783203125,2.5999755859375,-20.3857421875,-80.322265625,5.43212890625
0.8812255859375,0.620849609375,2.1724853515625,-26.42822265625,-65.24658203125,3.662109375
-0.6925048828125,0.7672119140625,1.944091796875,-37.17041015625,-58.837890625,2.8076171875
-1.8009033203125,0.6490478515625,1.781982421875,-48.15673828125,-57.55615234375,0.67138671875
-0.1363525390625,-0.28759765625,1.5714111328125,-45.0439453125,-53.16162109375,-0.79345703125
0.7724609375,-0.9942626953125,1.4810791015625,-44.25048828125,-44.5556640625,-1.15966796875
1.0408935546875,-0.7222900390625,1.1199951171875,-39.6728515625,-21.66748046875,-1.3427734375
0.8800048828125,0.125732421875,1.0875244140625,-25.93994140625,-18.4326171875,-2.38037109375
0.583251953125,-0.546630859375,1.07861328125,-4.7607421875,-15.07568359375,-3.72314453125
0.45361328125,-0.2017822265625,1.1474609375,-4.2724609375,-14.7705078125,-4.7607421875
0.4715576171875,0.0135498046875,1.1080322265625,-9.46044921875,-13.427734375,-5.79833984375
0.4305419921875,-0.01025390625,1.061279296875,-9.521484375,-11.90185546875,-6.9580078125
0.237060546875,-0.13818359375,1.0911865234375,-8.30078125,-10.19287109375,-9.8876953125
0.2135009765625,-0.123046875,1.1075439453125,-7.62939453125,-8.85009765625,-9.3994140625
0.2364501953125,-0.137451171875,0.9779052734375,-6.7138671875,-8.72802734375,-7.87353515625
0.265380859375,-0.1519775390625,0.9652099609375,-5.43212890625,-9.765625,-6.4697265625
0.2410888671875,-0.1776123046875,0.957275390625,-3.35693359375,-11.1083984375,-5.126953125
0.2413330078125,-0.2034912109375,0.96826171875,0.54931640625,-12.14599609375,-4.0283203125
0.2550048828125,-0.2080078125,0.9654541015625,3.47900390625,-13.427734375,-3.35693359375
0.2657470703125,-0.193115234375,0.9658203125,2.99072265625,-14.34326171875,-2.8076171875
0.25390625,-0.195068359375,0.9713134765625,2.685546875,-15.2587890625,-1.5869140625
0.25244140625,-0.1982421875,0.968017578125,2.44140625,-15.19775390625,-0.1220703125
0.2529296875,-0.1961669921875,0.96533203125,3.0517578125,-15.31982421875,0.0
