0.2928466796875,-0.208984375,0.9532470703125,-0.18310546875,-0.30517578125,0.06103515625
0.2921142578125,-0.2098388671875,0.9527587890625,-0.18310546875,-0.3662109375,0.06103515625
0.291259765625,-0.20947265625,0.9522705078125,-0.244140625,-0.30517578125,0.06103515625
0.291015625,-0.208740234375,0.9522705078125,-0.18310546875,-0.30517578125,0.1220703125
0.2900390625,-0.209228515625,0.9527587890625,-0.244140625,-0.30517578125,0.06103515625
0.2901611328125,-0.2099609375,0.9534912109375,-0.18310546875,-0.3662109375,0.06103515625
0.29150390625,-0.2098388671875,0.952880859375,-0.18310546875,-0.3662109375,0.1220703125
0.29248046875,-0.209228515625,0.953125,-0.244140625,-0.3662109375,0.1220703125
0.292724609375,-0.20849609375,0.9532470703125,-0.18310546875,-0.42724609375,0.1220703125
0.2923583984375,-0.2086181640625,0.95263671875,-0.18310546875,-0.42724609375,0.1220703125
0.29150390625,-0.208251953125,0.952392578125,-0.18310546875,-0.3662109375,0.1220703125
0.2911376953125,-0.2086181640625,0.9527587890625,-0.18310546875,-0.3662109375,0.1220703125
0.2911376953125,-0.20947265625,0.9530029296875,-0.18310546875,-0.3662109375,0.1220703125
0.29150390625,-0.209228515625,0.9527587890625,-0.1220703125,-0.3662109375,0.06103515625
0.2913818359375,-0.2088623046875,0.9527587890625,-0.18310546875,-0.30517578125,0.1220703125
0.2904052734375,-0.2086181640625,0.952880859375,-0.18310546875,-0.30517578125,0.1220703125
0.2904052734375,-0.2083740234375,0.95263671875,-0.18310546875,-0.244140625,0.1220703125
0.291015625,-0.208251953125,0.9525146484375,-0.18310546875,-0.30517578125,0.1220703125
0.2911376953125,-0.20849609375,0.9530029296875,-0.18310546875,-0.30517578125,0.1220703125
0.29150390625,-0.2080078125,0.952880859375,-0.1220703125,-0.30517578125,0.1220703125
0.2916259765625,-0.2086181640625,0.953369140625,-0.18310546875,-0.30517578125,0.1220703125
0.2913818359375,-0.20849609375,0.9534912109375,-0.18310546875,-0.30517578125,0.1220703125
0.2916259765625,-0.207763671875,0.952880859375,-0.18310546875,-0.30517578125,0.1220703125
0.290283203125,-0.2078857421875,0.9522705078125,-0.18310546875,-0.3662109375,0.1220703125
0.290771484375,-0.20849609375,0.9530029296875,-0.18310546875,-0.3662109375,0.06103515625
0.2918701171875,-0.2086181640625,0.952880859375,-0.18310546875,-0.3662109375,0.06103515625
0.2916259765625,-0.208740234375,0.9522705078125,-0.18310546875,-0.3662109375,0.06103515625
0.2918701171875,-0.20849609375,0.952880859375,-0.18310546875,-0.42724609375,0.06103515625
0.2916259765625,-0.20849609375,0.953125,-0.244140625,-0.42724609375,0.1220703125
0.2908935546875,-0.2083740234375,0.9512939453125,-0.18310546875,-0.42724609375,0.1220703125
0.292236328125,-0.208251953125,0.9521484375,-0.18310546875,-0.3662109375,0.06103515625
0.2916259765625,-0.208740234375,0.9525146484375,-0.244140625,-0.30517578125,0.1220703125
0.2911376953125,-0.208740234375,0.9527587890625,-0.244140625,-0.30517578125,0.1220703125
0.2916259765625,-0.208984375,0.9522705078125,-0.30517578125,-0.30517578125,0.06103515625
0.291259765625,-0.2086181640625,0.9522705078125,-0.18310546875,-0.244140625,0.06103515625
0.2906494140625,-0.2081298828125,0.9525146484375,-0.18310546875,-0.18310546875,0.06103515625
0.2913818359375,-0.2080078125,0.9521484375,-0.18310546875,-0.1220703125,0.1220703125
0.2906494140625,-0.2088623046875,0.952392578125,-0.18310546875,-0.1220703125,0.1220703125
0.2900390625,-0.2100830078125,0.951904296875,-0.1220703125,-0.244140625,0.18310546875
0.2906494140625,-0.2100830078125,0.95166015625,-0.18310546875,-0.244140625,0.1220703125
0.2918701171875,-0.20947265625,0.952392578125,-0.244140625,-0.18310546875,-0.48828125
0.292724609375,-0.2095947265625,0.9532470703125,-0.18310546875,-0.06103515625,-1.52587890625
0.2928466796875,-0.2095947265625,0.9522705078125,-0.18310546875,0.3662109375,-1.8310546875
0.292236328125,-0.2099609375,0.953369140625,-0.18310546875,0.79345703125,-1.3427734375
0.29150390625,-0.209228515625,0.95263671875,-0.18310546875,0.732421875,-0.732421875
0.29248046875,-0.209228515625,0.9527587890625,-0.18310546875,1.28173828125,0.9765625
0.2930908203125,-0.2083740234375,0.9542236328125,-4.0283203125,2.13623046875,3.11279296875
0.292236328125,-0.207763671875,0.9613037109375,-5.9814453125,3.23486328125,5.43212890625
0.2901611328125,-0.2103271484375,0.9560546875,-8.4228515625,4.21142578125,5.55419921875
0.290771484375,-0.2105712890625,0.9615478515625,-12.51220703125,8.36181640625,3.35693359375
0.2916259765625,-0.2183837890625,0.980224609375,-15.9912109375,17.15087890625,2.86865234375
0.292724609375,-0.216796875,0.9796142578125,-19.95849609375,23.3154296875,4.638671875
0.2943115234375,-0.1944580078125,0.9996337890625,-20.751953125,29.72412109375,5.79833984375
0.296142578125,-0.1983642578125,1.0089111328125,-15.0146484375,31.6162109375,3.72314453125
0.298583984375,-0.2027587890625,1.006103515625,-12.02392578125,28.99169921875,2.44140625
0.2939453125,-0.1756591796875,1.0545654296875,-7.87353515625,28.86962890625,1.8310546875
0.2974853515625,-0.17529296875,1.02001953125,-4.21142578125,25.32958984375,1.52587890625
0.320068359375,-0.1982421875,0.9840087890625,-3.5400390625,20.93505859375,0.244140625
0.32958984375,-0.2039794921875,0.9217529296875,-1.0986328125,17.08984375,0.0
0.349609375,-0.218505859375,0.954345703125,-0.1220703125,9.09423828125,-0.06103515625
0.3544921875,-0.2593994140625,0.9302978515625,2.5634765625,4.94384765625,0.244140625
0.3377685546875,-0.298828125,0.8834228515625,4.94384765625,8.11767578125,0.3662109375
0.334716796875,-0.2442626953125,0.8687744140625,5.31005859375,11.41357421875,0.48828125
0.3095703125,-0.2156982421875,0.87841796875,9.70458984375,11.65771484375,0.0
0.255859375,-0.2435302734375,0.9000244140625,14.16015625,10.55908203125,-0.91552734375
0.2568359375,-0.26953125,0.9124755859375,15.0146484375,10.80322265625,-0.30517578125
0.242431640625,-0.2645263671875,1.0068359375,14.5263671875,11.65771484375,-0.48828125
0.197021484375,-0.2491455078125,0.9908447265625,15.93017578125,11.8408203125,-1.15966796875
0.1771240234375,-0.2537841796875,0.957275390625,18.310546875,12.3291015625,-2.38037109375
0.184814453125,-0.2330322265625,0.9609375,20.81298828125,11.474609375,-3.173828125
0.1878662109375,-0.242919921875,0.968505859375,23.37646484375,6.8359375,-4.7607421875
0.192626953125,-0.2293701171875,0.9697265625,24.7802734375,6.7138671875,-5.2490234375
0.261962890625,-0.230224609375,0.969970703125,23.62060546875,5.79833984375,-19.10400390625
0.244873046875,-0.2330322265625,0.9532470703125,24.2919921875,2.9296875,-27.099609375
0.2149658203125,-0.234619140625,0.9300537109375,25.390625,-21.17919921875,-27.89306640625
0.2110595703125,-0.2330322265625,0.9879150390625,27.77099609375,-38.4521484375,-26.67236328125
0.2281494140625,-0.218017578125,0.9786376953125,23.37646484375,-49.98779296875,-21.78955078125
0.2283935546875,-0.1990966796875,0.96337890625,22.3388671875,-48.9501953125,-11.77978515625
0.222412109375,-0.178466796875,0.9510498046875,26.67236328125,-45.8984375,0.06103515625
0.212646484375,-0.1839599609375,1.0836181640625,29.84619140625,-42.724609375,12.75634765625
0.1885986328125,-0.20849609375,1.0634765625,30.57861328125,-39.48974609375,28.99169921875
0.2159423828125,-0.2403564453125,1.243896484375,28.9306640625,-33.8134765625,29.78515625
0.2000732421875,-0.2265625,1.46728515625,20.5078125,-15.2587890625,28.076171875
0.1724853515625,-0.355224609375,1.4327392578125,11.29150390625,-5.55419921875,26.9775390625
0.148193359375,-0.4774169921875,1.3046875,-11.16943359375,5.9814453125,27.16064453125
-0.04052734375,-0.6336669921875,1.217529296875,-22.15576171875,21.30126953125,27.2216796875
-0.2135009765625,-0.720947265625,1.163330078125,-31.73828125,51.1474609375,21.728515625
-0.22607421875,-0.74560546875,1.1343994140625,-36.62109375,62.3779296875,15.7470703125
-0.2041015625,-0.7308349609375,1.1644287109375,-33.63037109375,75.50048828125,9.09423828125
-0.35888671875,-0.6702880859375,1.2259521484375,-27.83203125,76.66015625,1.46484375
-0.557373046875,-0.4375,1.2906494140625,-15.2587890625,75.62255859375,-5.92041015625
-0.7213134765625,-0.3299560546875,1.2972412109375,-7.080078125,72.6318359375,-12.14599609375
-0.8272705078125,-0.23828125,1.2633056640625,2.62451171875,68.78662109375,-15.31982421875
-0.962890625,-0.17236328125,1.2125244140625,10.31494140625,63.53759765625,-14.404296875
-0.9779052734375,-0.1282958984375,1.20068359375,13.48876953125,59.75341796875,-5.67626953125
-0.9449462890625,0.0203857421875,1.1900634765625,11.41357421875,59.2041015625,14.0380859375
-0.8798828125,0.15576171875,1.1851806640625,5.859375,66.83349609375,19.71435546875
-0.8126220703125,0.152099609375,1.18505859375,1.708984375,81.35986328125,27.7099609375
-0.6685791015625,0.1370849609375,1.1895751953125,-6.591796875,87.82958984375,30.1513671875
-0.5543212890625,0.1334228515625,1.22216796875,-10.8642578125,95.03173828125,31.43310546875
-0.501220703125,0.1290283203125,1.3009033203125,-8.6669921875,96.3134765625,31.1279296875
-0.4505615234375,0.1092529296875,1.421630859375,-3.662109375,92.22412109375,29.78515625
-0.4046630859375,0.0657958984375,1.444091796875,1.52587890625,87.890625,27.28271484375
-0.353271484375,-0.0010986328125,1.4178466796875,14.34326171875,82.6416015625,23.92578125
-0.29248046875,-0.11767578125,1.2567138671875,20.5078125,77.392578125,20.8740234375
-0.208251953125,-0.185791015625,1.1641845703125,25.32958984375,73.42529296875,17.578125
-0.0958251953125,-0.176513671875,0.977294921875,28.564453125,71.96044921875,15.0146484375
0.096923828125,-0.135009765625,0.9002685546875,27.7099609375,73.18115234375,3.72314453125
0.348876953125,-0.1298828125,0.8453369140625,23.25439453125,70.49560546875,2.01416015625
0.408203125,-0.1231689453125,0.81787109375,16.17431640625,41.50390625,2.01416015625
0.4874267578125,-0.114990234375,0.8197021484375,9.70458984375,27.77099609375,3.2958984375
0.518798828125,-0.109130859375,0.837890625,22.5830078125,16.6015625,8.056640625
0.5526123046875,-0.1007080078125,0.81689453125,24.96337890625,7.38525390625,6.591796875
0.56396484375,-0.0914306640625,0.652587890625,26.9775390625,-9.46044921875,11.90185546875
0.57958984375,-0.0914306640625,0.439697265625,28.62548828125,-22.15576171875,24.96337890625
0.60400390625,-0.0985107421875,0.4156494140625,24.7802734375,-57.31201171875,18.00537109375
0.64013671875,-0.1363525390625,0.447021484375,18.310546875,-59.02099609375,5.55419921875
0.68310546875,-0.191162109375,0.5009765625,15.9912109375,-52.734375,-7.2021484375
0.71826171875,-0.190185546875,0.5587158203125,43.39599609375,-64.0869140625,-15.13671875
0.7138671875,-0.19287109375,0.333984375,26.3671875,-78.06396484375,-13.97705078125
0.726318359375,-0.196044921875,0.23779296875,10.986328125,-96.86279296875,-11.3525390625
0.7667236328125,-0.1898193359375,0.79052734375,14.58740234375,-111.99951171875,-11.962890625
0.8341064453125,-0.151123046875,1.2845458984375,5.37109375,-121.58203125,-12.14599609375
0.8955078125,-0.2078857421875,1.1849365234375,-10.3759765625,-129.45556640625,-9.33837890625
0.9814453125,-0.07080078125,0.818603515625,-29.4189453125,-133.60595703125,-3.5400390625
0.9613037109375,0.0992431640625,0.6790771484375,-35.15625,-124.57275390625,3.96728515625
0.488037109375,0.044921875,0.8851318359375,-34.1796875,-110.595703125,8.1787109375
-0.025634765625,0.1673583984375,1.1082763671875,-31.8603515625,-98.7548828125,2.3193359375
-0.458740234375,0.2386474609375,1.228515625,-27.28271484375,-88.43994140625,-8.30078125
-0.7977294921875,0.1956787109375,1.386474609375,-29.72412109375,-78.369140625,-5.2490234375
-0.63623046875,0.1268310546875,1.5791015625,-32.2265625,-72.265625,-0.42724609375
-0.2642822265625,0.0552978515625,1.5958251953125,-33.99658203125,-64.94140625,0.42724609375
0.0546875,-0.029296875,1.5084228515625,-38.57421875,-60.48583984375,-0.54931640625
0.1207275390625,-0.205078125,1.4359130859375,-27.099609375,-55.35888671875,3.84521484375
0.129638671875,-0.3211669921875,1.3480224609375,-21.54541015625,-54.3212890625,5.9814453125
0.26220703125,-0.2562255859375,1.236328125,-23.49853515625,-50.47607421875,5.4931640625
0.4112548828125,-0.00927734375,1.141357421875,-28.62548828125,-49.86572265625,5.7373046875
0.423583984375,0.2347412109375,1.17578125,-27.77099609375,-49.9267578125,6.16455078125
0.3468017578125,0.24365234375,1.1328125,-28.62548828125,-49.74365234375,5.31005859375
0.35400390625,-0.3831787109375,1.1126708984375,-31.92138671875,-45.59326171875,4.8828125
0.3197021484375,-0.28564453125,1.1112060546875,-35.21728515625,-37.7197265625,4.5166015625
0.2132568359375,-0.1485595703125,1.0611572265625,-30.94482421875,-34.1796875,4.82177734375
0.2247314453125,-0.156005859375,1.048095703125,-24.71923828125,-30.2734375,4.45556640625
0.299560546875,-0.26220703125,1.0386962890625,-23.193359375,-26.85546875,3.7841796875
0.28515625,-0.2022705078125,1.0809326171875,-21.1181640625,-24.0478515625,2.44140625
0.22705078125,-0.152099609375,1.068603515625,-18.6767578125,-22.8271484375,1.28173828125
0.2413330078125,-0.1712646484375,1.044921875,-11.77978515625,-22.5830078125,-1.03759765625
0.219970703125,-0.1912841796875,1.033935546875,-11.29150390625,-21.6064453125,-1.77001953125
0.2105712890625,-0.1630859375,0.9998779296875,-14.0380859375,-11.53564453125,-1.03759765625
0.2198486328125,-0.1470947265625,0.9698486328125,-16.6015625,-12.0849609375,-1.77001953125
0.2349853515625,-0.1781005859375,0.9892578125,-11.65771484375,-11.90185546875,-6.89697265625
0.23486328125,-0.215576171875,0.9835205078125,-7.01904296875,-11.16943359375,-8.544921875
0.230224609375,-0.2318115234375,1.0008544921875,-7.26318359375,-14.16015625,-3.47900390625
0.2294921875,-0.2291259765625,0.9718017578125,-3.35693359375,-16.41845703125,-0.8544921875
0.218994140625,-0.2127685546875,0.949462890625,7.2021484375,-12.451171875,-3.90625
0.211181640625,-0.212890625,0.9510498046875,8.85009765625,-11.29150390625,-4.638671875
0.23779296875,-0.2310791015625,0.947021484375,3.41796875,-12.75634765625,-4.69970703125
0.231201171875,-0.241943359375,0.938232421875,1.220703125,-14.09912109375,2.38037109375
0.2501220703125,-0.251220703125,0.9569091796875,4.21142578125,-15.68603515625,0.9765625
0.2529296875,-0.26708984375,0.960205078125,5.18798828125,-33.8134765625,-5.79833984375
0.241455078125,-0.2744140625,0.9420166015625,4.2724609375,-46.630859375,-16.41845703125
0.2535400390625,-0.2353515625,0.94482421875,-5.92041015625,-66.650390625,-19.34814453125
0.255615234375,-0.198486328125,0.956787109375,-5.43212890625,-103.759765625,-28.01513671875
0.2374267578125,-0.2275390625,0.9610595703125,-7.62939453125,-126.46484375,-53.03955078125
0.2506103515625,-0.257080078125,1.057373046875,-10.3759765625,-179.26025390625,-112.12158203125
0.2919921875,-0.23876953125,1.09326171875,-10.55908203125,-258.48388671875,-122.9248046875
0.2752685546875,-0.2301025390625,1.1307373046875,-7.32421875,-381.16455078125,-62.6220703125
0.2789306640625,-0.2269287109375,1.11865234375,16.17431640625,-316.71142578125,-57.9833984375
0.292236328125,-0.285400390625,1.1282958984375,-28.86962890625,-128.11279296875,-29.84619140625
0.2674560546875,-0.3240966796875,1.12109375,148.0712890625,-9.21630859375,-24.658203125
0.244873046875,-0.22509765625,1.241943359375,151.4892578125,160.7666015625,-21.728515625
0.2620849609375,-0.2607421875,2.41064453125,26.123046875,173.40087890625,-18.98193359375
0.3056640625,-0.248291015625,1.636962890625,-9.521484375,183.16650390625,-15.56396484375
0.3016357421875,-0.4024658203125,3.838623046875,-8.11767578125,193.42041015625,-5.06591796875
0.2236328125,-0.8314208984375,3.7476806640625,-15.869140625,204.65087890625,10.19287109375
0.337158203125,-1.0250244140625,0.7559814453125,-19.4091796875,224.853515625,18.4326171875
-0.19921875,-0.448486328125,0.681884765625,-20.01953125,242.431640625,25.57373046875
0.6092529296875,-0.4447021484375,0.6800537109375,-18.6767578125,250.48828125,32.2265625
0.5439453125,-0.3348388671875,0.73876953125,-17.9443359375,257.62939453125,38.75732421875
0.8055419921875,-0.24560546875,0.8233642578125,-21.66748046875,265.19775390625,44.61669921875
0.525146484375,-0.197021484375,0.9949951171875,-25.08544921875,272.4609375,50.23193359375
-0.76806640625,-0.20166015625,1.0816650390625,-28.6865234375,279.541015625,55.2978515625
-0.642822265625,-0.228515625,1.2095947265625,-32.65380859375,285.7666015625,59.814453125
-0.5250244140625,-0.2781982421875,1.2738037109375,-38.63525390625,289.4287109375,63.3544921875
-0.4180908203125,-0.281982421875,1.354736328125,-44.49462890625,289.00146484375,65.00244140625
-0.32861328125,-0.2523193359375,1.446044921875,-48.4619140625,282.53173828125,66.162109375
-0.1683349609375,-0.2337646484375,1.5286865234375,-48.583984375,271.6064453125,66.650390625
-0.0963134765625,-0.2069091796875,1.5875244140625,-47.4853515625,260.009765625,65.185546875
0.03173828125,-0.168212890625,1.61474609375,-45.34912109375,254.33349609375,61.6455078125
0.100341796875,-0.1190185546875,1.617431640625,-38.330078125,253.72314453125,53.40576171875
0.170166015625,-0.082275390625,1.618896484375,-24.7802734375,254.21142578125,39.794921875
0.2391357421875,-0.0682373046875,1.65234375,-9.8876953125,255.18798828125,22.4609375
0.302001953125,-0.0665283203125,1.7952880859375,5.0048828125,258.7890625,8.72802734375
0.352294921875,-0.0614013671875,2.05908203125,19.287109375,270.01953125,-0.3662109375
0.3853759765625,-0.0533447265625,2.3316650390625,28.3203125,287.841796875,-1.52587890625
0.4063720703125,-0.0540771484375,2.5147705078125,21.3623046875,298.03466796875,8.85009765625
0.4290771484375,-0.0679931640625,2.6064453125,-5.31005859375,289.48974609375,24.90234375
0.4561767578125,-0.0946044921875,2.660888671875,-35.94970703125,266.9677734375,41.19873046875
0.516845703125,-0.085693359375,2.6646728515625,-53.7109375,234.619140625,51.69677734375
0.64599609375,-0.03173828125,2.490478515625,-52.6123046875,195.9228515625,52.42919921875
0.7799072265625,0.051513671875,2.0958251953125,-37.353515625,154.60205078125,46.32568359375
0.8787841796875,0.1993408203125,1.604248046875,-10.6201171875,117.61474609375,40.4052734375
1.0098876953125,0.3062744140625,1.13916015625,16.17431640625,81.60400390625,53.64990234375
1.2286376953125,0.2138671875,0.7642822265625,25.87890625,-1.708984375,99.54833984375
1.5703125,-0.0155029296875,0.4696044921875,14.83154296875,-37.04833984375,73.73046875
1.88720703125,-0.2125244140625,0.2083740234375,0.8544921875,-96.5576171875,24.90234375
2.0347900390625,-0.36669921875,-0.099609375,6.34765625,-76.47705078125,-27.7099609375
2.1243896484375,-0.47802734375,-0.439208984375,48.40087890625,-106.99462890625,-16.54052734375
2.232421875,-0.3671875,-0.5960693359375,28.38134765625,-163.6962890625,16.7236328125
2.4000244140625,-0.04052734375,-0.052490234375,13.85498046875,-231.26220703125,-35.58349609375
2.6500244140625,0.2144775390625,0.970947265625,2.50244140625,-262.5732421875,-13.671875
2.9814453125,0.221923828125,1.76123046875,-35.64453125,-243.0419921875,18.00537109375
3.3507080078125,-0.140380859375,1.1146240234375,-40.4052734375,-188.3544921875,-3.2958984375
3.535400390625,0.1019287109375,0.1236572265625,-59.26513671875,-166.748046875,-11.41357421875
3.44970703125,0.445556640625,-0.0078125,-42.1142578125,-138.5498046875,3.0517578125
2.898193359375,0.4161376953125,0.971435546875,-31.3720703125,-123.53515625,18.6767578125
2.23046875,0.455322265625,2.2916259765625,-35.33935546875,-102.9052734375,10.986328125
-1.350830078125,0.3687744140625,1.9935302734375,-37.29248046875,-87.70751953125,-3.662109375
-2.1512451171875,0.270263671875,1.7464599609375,-31.005859375,-77.880859375,0.732421875
-1.4798583984375,0.661865234375,1.5592041015625,-15.44189453125,-73.1201171875,-0.48828125
0.0172119140625,-0.9114990234375,1.55322265625,-22.3388671875,-72.32666015625,4.21142578125
1.02734375,-0.7125244140625,1.53076171875,-37.59765625,-74.27978515625,3.662109375
0.560791015625,0.3936767578125,1.4052734375,-45.10498046875,-77.880859375,3.2958984375
0.691650390625,-0.158203125,1.26611328125,-49.86572265625,-77.7587890625,1.3427734375
0.5322265625,-0.7525634765625,1.17724609375,-41.9921875,-75.3173828125,-2.197265625
0.478515625,-0.4869384765625,1.1072998046875,-35.64453125,-67.07763671875,-5.2490234375
0.4241943359375,0.09033203125,1.0723876953125,-29.72412109375,-54.38232421875,-5.06591796875
0.439453125,-0.2386474609375,1.0263671875,-25.87890625,-29.35791015625,-2.44140625
0.39990234375,-0.0616455078125,1.0234375,-23.4375,-21.30126953125,-1.15966796875
0.277587890625,-0.1461181640625,1.020751953125,-11.962890625,-11.474609375,-2.01416015625
0.2200927734375,-0.239013671875,1.0301513671875,-16.17431640625,-6.9580078125,-3.173828125
0.1973876953125,-0.229248046875,1.030029296875,-16.78466796875,-8.056640625,-4.57763671875
0.168701171875,-0.2445068359375,0.9788818359375,-16.2353515625,-9.3994140625,-6.103515625
0.1724853515625,-0.241943359375,0.9608154296875,-13.48876953125,-9.1552734375,-8.72802734375
0.1795654296875,-0.2310791015625,0.9788818359375,-10.68115234375,-9.6435546875,-9.58251953125
0.2073974609375,-0.245849609375,0.9791259765625,-8.72802734375,-10.19287109375,-11.1083984375
0.25927734375,-0.260498046875,0.9947509765625,-6.34765625,-9.8876953125,-15.19775390625
0.2620849609375,-0.2911376953125,0.9766845703125,-3.47900390625,-9.33837890625,-17.02880859375
0.2333984375,-0.2843017578125,0.9658203125,-2.50244140625,-9.58251953125,-15.56396484375
0.247802734375,-0.27783203125,0.966796875,-0.732421875,-7.50732421875,-2.8076171875
0.270751953125,-0.2762451171875,0.9564208984375,1.64794921875,-5.06591796875,-0.8544921875
0.25537109375,-0.2701416015625,0.947265625,2.99072265625,-12.14599609375,1.28173828125
0.2462158203125,-0.26318359375,0.93994140625,3.7841796875,-11.23046875,3.47900390625
0.2540283203125,-0.25634765625,0.9398193359375,-11.65771484375,-23.681640625,6.89697265625
0.257080078125,-0.271728515625,0.9425048828125,-5.4931640625,-26.30615234375,0.18310546875
0.2562255859375,-0.2779541015625,0.94140625,-2.01416015625,-28.38134765625,-8.1787109375
0.2540283203125,-0.28466796875,0.9517822265625,-2.38037109375,-40.95458984375,-21.240234375
0.2523193359375,-0.2806396484375,0.951171875,-5.43212890625,-60.36376953125,-28.01513671875
0.2508544921875,-0.2412109375,0.9482421875,-8.60595703125,-182.0068359375,-35.0341796875
0.2808837890625,-0.2308349609375,0.9820556640625,-8.6669921875,-230.224609375,-55.48095703125
0.2984619140625,-0.2548828125,1.003662109375,-11.962890625,-268.24951171875,-72.265625
0.3050537109375,-0.262939453125,1.092529296875,-1.8310546875,-321.83837890625,-76.66015625
0.2781982421875,-0.2132568359375,1.1319580078125,-12.5732421875,-357.7880859375,-98.2666015625
0.2874755859375,-0.220703125,1.154052734375,-34.60693359375,-400.93994140625,-102.96630859375
0.2381591796875,-0.338134765625,1.0587158203125,-41.8701171875,-362.36572265625,-125.06103515625
0.2431640625,-0.35302734375,1.197998046875,-69.580078125,-282.40966796875,-96.37451171875
0.2508544921875,-0.298583984375,1.4453125,24.7802734375,-161.92626953125,-123.96240234375
0.312744140625,-0.2586669921875,1.48779296875,182.67822265625,-31.43310546875,-134.8876953125
0.362060546875,-0.4287109375,1.9375,205.50537109375,39.48974609375,-130.79833984375
0.1710205078125,-0.4676513671875,2.6246337890625,63.232421875,60.48583984375,-118.59130859375
-0.5535888671875,-0.2113037109375,2.6878662109375,-31.79931640625,82.21435546875,-53.28369140625
-0.0184326171875,-0.1741943359375,3.6185302734375,-43.0908203125,97.7783203125,16.9677734375
0.3271484375,-0.7109375,3.8939208984375,-15.7470703125,153.25927734375,15.625
0.6212158203125,-0.3504638671875,2.8978271484375,8.30078125,256.28662109375,12.75634765625
1.0467529296875,0.267578125,1.7103271484375,16.7236328125,274.4140625,10.19287109375
0.444091796875,0.3446044921875,1.298583984375,-36.68212890625,280.3955078125,9.033203125
-0.03662109375,0.200927734375,1.098388671875,-38.39111328125,285.2783203125,9.033203125
1.0318603515625,-0.3243408203125,0.9959716796875,-41.259765625,290.34423828125,10.92529296875
1.1568603515625,-0.614990234375,1.1480712890625,-43.51806640625,295.41015625,14.6484375
-0.435791015625,-0.724365234375,1.2259521484375,-44.25048828125,299.13330078125,24.4140625
-1.1612548828125,-0.52685546875,1.27734375,-44.3115234375,299.49951171875,28.1982421875
-1.2166748046875,-0.1217041015625,1.3570556640625,-42.48046875,287.59765625,31.494140625
-1.081787109375,0.0589599609375,1.4599609375,-39.306640625,278.01513671875,34.11865234375
-0.727783203125,0.105224609375,1.5596923828125,-32.40966796875,272.52197265625,35.2783203125
-0.0015869140625,0.1285400390625,1.6351318359375,-26.611328125,273.49853515625,35.0341796875
0.1634521484375,0.142578125,1.6845703125,-15.9912109375,279.11376953125,35.21728515625
0.2197265625,0.140625,1.72802734375,-3.72314453125,287.78076171875,40.10009765625
0.2828369140625,0.116943359375,1.8280029296875,6.53076171875,295.7763671875,49.62158203125
0.349365234375,0.092529296875,2.072265625,13.00048828125,301.69677734375,53.5888671875
0.4075927734375,0.057373046875,2.3790283203125,16.29638671875,302.06298828125,62.19482421875
0.445556640625,0.0423583984375,2.65185546875,10.986328125,288.0859375,74.8291015625
0.4571533203125,-0.0096435546875,2.806884765625,-45.34912109375,263.671875,85.38818359375
0.4639892578125,-0.081787109375,2.7576904296875,-58.4716796875,229.43115234375,84.65576171875
0.50537109375,-0.14697265625,2.493408203125,-52.91748046875,188.90380859375,67.68798828125
0.6053466796875,-0.2215576171875,1.863525390625,-37.17041015625,148.0712890625,43.212890625
0.7451171875,-0.3262939453125,1.6690673828125,-8.4228515625,114.3798828125,27.2216796875
0.9132080078125,-0.28515625,1.3817138671875,26.30615234375,83.49609375,29.23583984375
1.1019287109375,0.0169677734375,0.96875,35.64453125,47.4853515625,46.32568359375
1.33837890625,-0.16455078125,0.5682373046875,12.20703125,2.44140625,107.60498046875
1.6121826171875,-0.349853515625,0.288818359375,-14.22119140625,-37.2314453125,58.837890625
2.010498046875,-0.4825439453125,0.06787109375,-20.32470703125,-81.11572265625,-4.2724609375
2.1954345703125,-0.558837890625,-0.2386474609375,-9.70458984375,-83.0078125,-22.39990234375
2.391845703125,-0.3782958984375,-0.51123046875,72.69287109375,-131.7138671875,-1.64794921875
2.59765625,0.044921875,-0.452880859375,10.80322265625,-210.02197265625,10.1318359375
2.8709716796875,0.330078125,-0.1016845703125,4.638671875,-273.86474609375,-25.634765625
3.2227783203125,0.2279052734375,1.36083984375,-17.76123046875,-264.0380859375,-59.75341796875
3.6400146484375,-0.120849609375,1.57958984375,-54.74853515625,-241.5771484375,-43.45703125
3.8985595703125,-0.454345703125,0.2955322265625,-74.27978515625,-231.38427734375,-2.3193359375
3.7552490234375,0.3905029296875,-0.3743896484375,-94.1162109375,-205.4443359375,14.7705078125
3.3759765625,0.9669189453125,0.4949951171875,-83.0078125,-177.67333984375,-0.67138671875
2.96923828125,0.7037353515625,1.9306640625,-70.37353515625,-160.64453125,-17.9443359375
0.0135498046875,0.564453125,2.5074462890625,-59.50927734375,-144.04296875,-7.75146484375
-1.9703369140625,0.361328125,2.1546630859375,-46.875,-123.4130859375,16.90673828125
-2.5018310546875,0.497314453125,1.9732666015625,-42.90771484375,-101.806640625,20.01953125
-0.8626708984375,0.684326171875,1.86767578125,-41.6259765625,-80.01708984375,5.615234375
0.7861328125,0.1085205078125,1.7110595703125,-34.912109375,-65.97900390625,-3.23486328125
1.4361572265625,-0.7569580078125,1.6876220703125,-20.263671875,-62.80517578125,1.52587890625
0.9317626953125,-0.953369140625,1.697021484375,-12.6953125,-60.36376953125,4.08935546875
0.48828125,-0.2630615234375,1.651611328125,-22.88818359375,-57.31201171875,0.1220703125
0.51416015625,0.3883056640625,1.56005859375,-27.03857421875,-55.908203125,-2.44140625
0.530517578125,0.136474609375,1.3631591796875,-23.681640625,-59.38720703125,-0.244140625
0.460693359375,-0.5738525390625,1.187744140625,-23.681640625,-67.68798828125,4.7607421875
0.454833984375,-0.67138671875,1.166015625,-33.50830078125,-75.74462890625,7.080078125
0.4649658203125,-0.0850830078125,1.1680908203125,-41.50390625,-91.73583984375,6.7138671875
0.4146728515625,0.200927734375,1.123291015625,-45.41015625,-96.49658203125,2.01416015625
0.4039306640625,-0.1007080078125,1.0416259765625,-46.38671875,-94.90966796875,-0.244140625
0.2979736328125,-0.29296875,0.9873046875,-44.0673828125,-89.35546875,-3.47900390625
0.146484375,-0.1373291015625,0.947021484375,-40.22216796875,-80.078125,-2.9296875
0.1241455078125,-0.0279541015625,0.9744873046875,-36.376953125,-64.88037109375,-1.3427734375
0.13818359375,-0.1400146484375,0.9879150390625,-31.8603515625,-42.41943359375,-1.03759765625
0.1444091796875,-0.2584228515625,1.0050048828125,-24.59716796875,-25.69580078125,-2.50244140625
0.1036376953125,-0.2364501953125,1.012939453125,-10.80322265625,-14.5263671875,-3.84521484375
0.0635986328125,-0.246826171875,1.027099609375,-3.5400390625,-9.765625,-5.2490234375
0.0726318359375,-0.2364501953125,1.058349609375,-3.90625,-9.09423828125,-6.103515625
0.1251220703125,-0.223388671875,1.0701904296875,-6.04248046875,-7.87353515625,-7.080078125
0.146484375,-0.24853515625,1.0372314453125,-7.38525390625,-7.8125,-8.1787109375
0.173095703125,-0.26220703125,1.0078125,-7.26318359375,-5.9814453125,-9.521484375
0.2049560546875,-0.2763671875,1.0146484375,-6.40869140625,-5.2490234375,-11.77978515625
0.2330322265625,-0.2763671875,1.0062255859375,-6.34765625,-7.01904296875,-13.85498046875
0.2606201171875,-0.24169921875,0.994140625,-5.55419921875,-8.6669921875,-15.380859375
0.2802734375,-0.2274169921875,0.9786376953125,-4.0283203125,-10.07080078125,-13.916015625
0.29345703125,-0.2396240234375,0.9609375,-3.11279296875,-9.6435546875,-11.5966796875
0.2833251953125,-0.246826171875,0.9552001953125,-1.8310546875,-8.23974609375,-9.46044921875
0.2613525390625,-0.2457275390625,0.9498291015625,-1.46484375,-8.48388671875,-5.67626953125
0.2630615234375,-0.251953125,0.946044921875,-0.79345703125,-9.1552734375,-4.57763671875
0.2662353515625,-0.2607421875,0.9476318359375,-2.50244140625,-14.16015625,-3.84521484375
0.25927734375,-0.2637939453125,0.9443359375,-2.62451171875,-16.78466796875,-2.197265625
0.2557373046875,-0.2685546875,0.9527587890625,-7.6904296875,-17.63916015625,-0.244140625
0.2396240234375,-0.2657470703125,0.961669921875,-5.9814453125,-18.37158203125,1.40380859375
0.226806640625,-0.2598876953125,0.954345703125,-4.0283203125,-18.49365234375,2.25830078125
0.2257080078125,-0.225341796875,0.945556640625,-3.60107421875,-18.61572265625,1.953125
0.240478515625,-0.210205078125,0.9410400390625,-4.638671875,-21.17919921875,2.74658203125
0.2655029296875,-0.214111328125,0.9482421875,-5.43212890625,-22.94921875,4.82177734375
0.264892578125,-0.218017578125,0.9434814453125,-5.37109375,-23.37646484375,6.04248046875
0.2674560546875,-0.2373046875,0.9427490234375,-5.18798828125,-25.20751953125,4.2724609375
0.253662109375,-0.23779296875,0.9547119140625,-5.7373046875,-29.60205078125,-3.72314453125
0.247314453125,-0.2398681640625,0.9630126953125,-7.38525390625,-41.32080078125,-12.14599609375
0.2598876953125,-0.237548828125,0.971923828125,-8.85009765625,-64.208984375,-15.44189453125
0.280029296875,-0.2357177734375,0.9814453125,-10.19287109375,-86.12060546875,-16.90673828125
0.2764892578125,-0.2498779296875,1.00732421875,-6.16455078125,-104.79736328125,-16.9677734375
0.2576904296875,-0.244873046875,1.0438232421875,-6.28662109375,-125.6103515625,-20.81298828125
0.239501953125,-0.2254638671875,1.1019287109375,-7.50732421875,-146.1181640625,-21.54541015625
0.2276611328125,-0.2197265625,1.1458740234375,-9.70458984375,-170.8984375,-29.296875
0.2332763671875,-0.2235107421875,1.1409912109375,-16.17431640625,-206.23779296875,-36.19384765625
0.2386474609375,-0.2940673828125,1.1187744140625,-9.8876953125,-227.60009765625,-46.2646484375
0.2347412109375,-0.3626708984375,1.109375,-14.5263671875,-248.59619140625,-67.93212890625
0.2591552734375,-0.331787109375,1.171875,-10.009765625,-294.86083984375,-85.205078125
0.299560546875,-0.2730712890625,1.1202392578125,-3.47900390625,-333.43505859375,-90.576171875
0.3037109375,-0.251708984375,1.058837890625,-17.51708984375,-386.1083984375,-99.91455078125
0.3182373046875,-0.2818603515625,1.0574951171875,-24.47509765625,-429.13818359375,-120.66650390625
0.282958984375,-0.2681884765625,1.1199951171875,-41.015625,-437.6220703125,-111.2060546875
0.2581787109375,-0.2796630859375,1.3642578125,-56.15234375,-411.865234375,-114.2578125
0.3455810546875,-0.2364501953125,1.547119140625,-38.9404296875,-325.13427734375,-122.9248046875
0.2418212890625,-0.2874755859375,1.717529296875,2.62451171875,-254.638671875,-122.86376953125
0.0958251953125,-0.4505615234375,2.1473388671875,112.97607421875,-100.52490234375,-103.69873046875
-0.54052734375,-0.4801025390625,2.624267578125,207.763671875,70.86181640625,-78.0029296875
-0.425537109375,-0.2484130859375,2.754638671875,170.2880859375,91.30859375,-49.560546875
0.183837890625,-0.4005126953125,2.08984375,-42.66357421875,108.88671875,-23.25439453125
0.3388671875,-0.977783203125,3.0050048828125,-3.662109375,130.43212890625,6.7138671875
0.869873046875,-0.953369140625,3.951904296875,21.30126953125,157.77587890625,14.5263671875
0.8895263671875,-0.8270263671875,1.396728515625,33.99658203125,201.5380859375,17.2119140625
0.6795654296875,-0.0894775390625,1.22119140625,32.5927734375,218.07861328125,18.73779296875
0.6419677734375,0.426025390625,1.137939453125,-2.01416015625,232.177734375,19.4091796875
0.091552734375,-0.7528076171875,1.082275390625,-21.42333984375,242.7978515625,19.6533203125
0.159423828125,-0.925537109375,1.0074462890625,-31.92138671875,252.44140625,19.10400390625
1.2589111328125,-0.9345703125,0.9041748046875,-36.43798828125,260.25390625,18.5546875
-1.230224609375,-0.82666015625,0.779052734375,-36.56005859375,267.27294921875,18.37158203125
-1.1072998046875,-0.634521484375,0.819091796875,-32.3486328125,273.92578125,23.3154296875
-0.9638671875,-0.4349365234375,0.8709716796875,-25.69580078125,279.96826171875,26.85546875
-0.8370361328125,-0.1925048828125,0.9439697265625,-18.24951171875,291.748046875,31.494140625
-0.7005615234375,-0.1446533203125,1.0367431640625,-15.13671875,297.42431640625,36.865234375
-0.60009765625,-0.1019287109375,1.1473388671875,-17.02880859375,302.24609375,42.17529296875
-0.3602294921875,-0.07177734375,1.252685546875,-21.484375,303.5888671875,46.32568359375
-0.254150390625,-0.052001953125,1.3297119140625,-24.84130859375,299.1943359375,49.8046875
-0.1722412109375,-0.0433349609375,1.4739990234375,-28.25927734375,288.39111328125,51.7578125
-0.1002197265625,-0.0325927734375,1.5552978515625,-32.28759765625,275.390625,49.31640625
-0.0233154296875,-0.0218505859375,1.6312255859375,-36.2548828125,268.5546875,42.41943359375
0.03955078125,0.032470703125,1.680908203125,-32.53173828125,268.9208984375,31.79931640625
0.098876953125,0.05029296875,1.6778564453125,-18.798828125,276.3671875,22.216796875
0.1553955078125,0.0496826171875,1.663818359375,-3.5400390625,287.29248046875,17.9443359375
0.2357177734375,0.038330078125,1.816162109375,4.94384765625,296.38671875,19.71435546875
0.28369140625,0.0399169921875,2.15869140625,7.99560546875,301.45263671875,23.37646484375
0.327392578125,0.048828125,2.565185546875,9.09423828125,303.466796875,26.2451171875
0.356689453125,0.03369140625,2.9063720703125,6.40869140625,300.96435546875,30.94482421875
0.36279296875,-0.00146484375,3.033203125,-10.009765625,288.0859375,51.7578125
0.3773193359375,-0.0120849609375,2.9315185546875,-37.109375,266.7236328125,38.26904296875
0.44970703125,0.0172119140625,2.6541748046875,-59.2041015625,149.96337890625,4.57763671875
0.5843505859375,-0.0052490234375,2.2515869140625,-63.65966796875,110.4736328125,10.43701171875
0.7650146484375,-0.1552734375,1.8629150390625,5.43212890625,25.87890625,25.2685546875
0.9691162109375,-0.296142578125,1.588623046875,2.3193359375,-18.85986328125,67.19970703125
1.1522216796875,-0.21240234375,1.3206787109375,-43.0908203125,-62.31689453125,9.21630859375
1.3507080078125,-0.0699462890625,0.205810546875,-42.54150390625,-113.76953125,-30.76171875
1.5960693359375,-0.1019287109375,-0.1778564453125,-30.517578125,-111.81640625,3.41796875
1.85107421875,-0.24072265625,-0.67138671875,34.36279296875,-182.18994140625,-9.6435546875
2.0650634765625,-0.3004150390625,-0.3011474609375,-18.5546875,-304.19921875,-44.921875
2.2801513671875,0.1351318359375,-0.0684814453125,-14.34326171875,-276.85546875,-0.3662109375
2.5260009765625,0.2386474609375,0.861572265625,-36.9873046875,-233.7646484375,-0.18310546875
3.449951171875,-0.1287841796875,1.1824951171875,-32.65380859375,-201.904296875,18.4326171875
3.8575439453125,-0.5328369140625,-0.052001953125,-26.0009765625,-127.3193359375,16.41845703125
3.7996826171875,-0.326904296875,1.272216796875,-23.0712890625,-107.84912109375,-1.46484375
3.3922119140625,0.3387451171875,2.8468017578125,-26.9775390625,-90.75927734375,0.54931640625
2.7117919921875,0.0439453125,1.990234375,-18.98193359375,-83.43505859375,5.4931640625
1.220947265625,0.2982177734375,1.870361328125,-22.705078125,-83.31298828125,5.43212890625
-2.470458984375,0.50537109375,1.55078125,-41.32080078125,-83.3740234375,9.46044921875
-1.9840087890625,-0.524169921875,1.468017578125,-43.9453125,-88.80615234375,-0.18310546875
1.2828369140625,-0.95654296875,1.4150390625,-45.34912109375,-89.53857421875,-1.64794921875
1.283935546875,-0.5189208984375,1.271484375,-49.13330078125,-69.88525390625,-1.77001953125
0.624755859375,-0.567626953125,1.1695556640625,-45.7763671875,-55.96923828125,-1.28173828125
0.5987548828125,0.0,1.0885009765625,-19.47021484375,-42.724609375,-0.48828125
0.4840087890625,0.0718994140625,1.081787109375,-7.26318359375,-34.0576171875,-0.54931640625
0.365478515625,-0.302490234375,1.0711669921875,-4.69970703125,-25.93994140625,-0.1220703125
0.361328125,-0.090576171875,1.0596923828125,-3.23486328125,-17.88330078125,0.30517578125
0.2723388671875,-0.1751708984375,1.0487060546875,-4.82177734375,-11.41357421875,-0.67138671875
0.154541015625,-0.2554931640625,1.008056640625,-9.33837890625,-7.32421875,-1.64794921875
0.17236328125,-0.237060546875,0.9794921875,-14.6484375,-5.31005859375,-3.60107421875
0.1629638671875,-0.2562255859375,0.9598388671875,-16.90673828125,-4.57763671875,-6.2255859375
0.1710205078125,-0.2601318359375,0.958251953125,-16.4794921875,-4.45556640625,-8.056640625
0.217041015625,-0.2626953125,0.9599609375,-13.97705078125,-4.7607421875,-8.72802734375
0.2384033203125,-0.2611083984375,0.9686279296875,-11.5966796875,-4.45556640625,-9.8876953125
0.263671875,-0.25244140625,0.9703369140625,-9.09423828125,-5.79833984375,-10.8642578125
0.266845703125,-0.2568359375,0.9637451171875,-7.14111328125,-5.31005859375,-12.939453125
0.2615966796875,-0.26220703125,0.9586181640625,-5.43212890625,-4.69970703125,-15.13671875
0.27001953125,-0.2696533203125,0.953125,-5.31005859375,-3.173828125,-16.845703125
0.2698974609375,-0.2733154296875,0.955322265625,-4.82177734375,-3.662109375,-17.822265625
0.26318359375,-0.2786865234375,0.95263671875,-2.62451171875,-3.84521484375,-10.3759765625
0.265869140625,-0.28271484375,0.9423828125,-1.40380859375,-3.84521484375,-7.26318359375
0.2635498046875,-0.26904296875,0.9412841796875,1.0986328125,-7.01904296875,-2.44140625
0.2520751953125,-0.2623291015625,0.93115234375,3.2958984375,-12.451171875,-1.0986328125
0.2540283203125,-0.2685546875,0.9287109375,0.54931640625,-16.4794921875,-3.662109375
0.262939453125,-0.2694091796875,0.9324951171875,-2.99072265625,-17.333984375,-2.13623046875
0.269287109375,-0.2769775390625,0.9276123046875,-5.06591796875,-20.6298828125,1.03759765625
0.269287109375,-0.286865234375,0.91259765625,-5.2490234375,-23.681640625,-0.42724609375
0.27197265625,-0.2860107421875,0.9368896484375,-4.7607421875,-27.83203125,-12.939453125
0.244384765625,-0.28271484375,0.9478759765625,-6.8359375,-36.80419921875,-14.892578125
0.234130859375,-0.2186279296875,0.9508056640625,-9.521484375,-82.275390625,-16.845703125
0.253173828125,-0.232421875,0.97607421875,-10.55908203125,-151.0009765625,-18.4326171875
0.27490234375,-0.236083984375,1.00244140625,-6.34765625,-179.01611328125,-23.4375
0.258056640625,-0.2547607421875,1.0382080078125,-14.2822265625,-209.8388671875,-43.3349609375
0.250732421875,-0.2672119140625,1.0823974609375,-18.5546875,-243.34716796875,-62.19482421875
0.23583984375,-0.2275390625,1.15673828125,-21.66748046875,-310.6689453125,-82.51953125
0.2216796875,-0.2340087890625,1.1375732421875,-22.216796875,-344.482421875,-92.71240234375
0.2025146484375,-0.2982177734375,1.21435546875,-27.64892578125,-406.79931640625,-108.642578125
0.2373046875,-0.3104248046875,1.1578369140625,-42.6025390625,-445.86181640625,-135.43701171875
0.2664794921875,-0.222412109375,1.0164794921875,-73.91357421875,-447.20458984375,-125.732421875
0.2789306640625,-0.3065185546875,1.3887939453125,-90.63720703125,-414.00146484375,-130.9814453125
0.3106689453125,-0.290771484375,1.5648193359375,-68.4814453125,-68.7255859375,-126.40380859375
0.2176513671875,-0.1512451171875,1.7093505859375,-30.70068359375,34.97314453125,-99.67041015625
0.3685302734375,-0.4559326171875,2.29345703125,109.43603515625,73.1201171875,-68.66455078125
0.2139892578125,-0.4813232421875,2.72802734375,-21.6064453125,95.21484375,-35.82763671875
-0.750244140625,-0.25390625,2.73486328125,-14.22119140625,107.0556640625,-5.4931640625
0.2386474609375,-0.473876953125,3.99462890625,24.47509765625,123.9013671875,15.31982421875
0.4080810546875,-1.0487060546875,3.4129638671875,50.1708984375,147.03369140625,27.9541015625
0.933837890625,-0.982177734375,1.4669189453125,60.302734375,170.71533203125,35.5224609375
0.89013671875,0.2880859375,1.190185546875,53.40576171875,192.56591796875,33.26416015625
0.6229248046875,-0.1060791015625,0.9876708984375,35.46142578125,228.08837890625,30.21240234375
0.6148681640625,-0.8955078125,0.91357421875,12.87841796875,242.98095703125,25.2685546875
1.511962890625,-1.0321044921875,0.8779296875,-17.08984375,259.033203125,11.3525390625
0.6383056640625,-1.0035400390625,0.8492431640625,-17.4560546875,271.240234375,6.2255859375
-1.0965576171875,-0.8673095703125,0.822021484375,-14.46533203125,287.7197265625,4.08935546875
-1.027587890625,-0.6446533203125,0.9261474609375,-8.7890625,294.189453125,4.0283203125
-0.9891357421875,-0.4188232421875,1.0101318359375,-2.197265625,300.537109375,17.76123046875
-0.8692626953125,-0.2445068359375,1.08837890625,-2.3193359375,306.09130859375,25.69580078125
-0.7164306640625,-0.0997314453125,1.135498046875,-2.38037109375,318.9697265625,34.72900390625
-0.596923828125,-0.050048828125,1.19287109375,-3.41796875,313.96484375,44.61669921875
-0.4793701171875,-0.0146484375,1.2506103515625,-13.85498046875,300.048828125,49.62158203125
-0.2584228515625,0.030517578125,1.341796875,-21.91162109375,288.0859375,49.49951171875
-0.1522216796875,0.1065673828125,1.4664306640625,-31.31103515625,287.841796875,48.33984375
-0.0687255859375,0.1007080078125,1.6890869140625,-31.55517578125,290.58837890625,48.40087890625
-0.0059814453125,0.0709228515625,1.6549072265625,-23.681640625,295.22705078125,50.59814453125
0.099365234375,0.0390625,1.666748046875,-17.51708984375,296.93603515625,54.5654296875
0.1380615234375,-0.0191650390625,1.96484375,-7.62939453125,296.5087890625,58.53271484375
0.1666259765625,-0.0279541015625,2.4649658203125,6.77490234375,296.32568359375,57.92236328125
0.205810546875,-0.0384521484375,2.8604736328125,22.27783203125,297.2412109375,56.33544921875
0.339111328125,-0.04638671875,2.990478515625,22.27783203125,292.48046875,62.3779296875
0.3572998046875,-0.0791015625,2.919677734375,-5.126953125,274.90234375,73.30322265625
0.3876953125,-0.156005859375,2.745849609375,-40.46630859375,249.20654296875,79.7119140625
0.52001953125,-0.2841796875,2.420166015625,-59.50927734375,212.95166015625,65.3076171875
0.71337890625,-0.489990234375,1.9884033203125,-54.38232421875,166.19873046875,31.982421875
0.919677734375,-0.6590576171875,1.6400146484375,-25.57373046875,124.1455078125,17.63916015625
1.12890625,-0.568115234375,1.4320068359375,19.53125,90.087890625,85.87646484375
1.3448486328125,-0.1917724609375,1.216796875,47.36328125,-23.86474609375,94.90966796875
1.613525390625,0.0447998046875,0.877685546875,27.587890625,-58.10546875,56.82373046875
1.92724609375,-0.046630859375,0.4886474609375,-42.8466796875,-69.64111328125,-6.28662109375
2.1995849609375,-0.2523193359375,0.149658203125,-15.80810546875,-72.6318359375,-62.80517578125
2.331298828125,-0.5111083984375,-0.2598876953125,5.06591796875,-109.19189453125,-37.53662109375
2.422607421875,-0.562255859375,-0.0589599609375,-21.484375,-181.94580078125,-66.2841796875
2.547607421875,-0.134033203125,0.35888671875,10.986328125,-251.3427734375,-17.4560546875
2.68017578125,0.3397216796875,1.348388671875,-2.62451171875,-224.18212890625,4.45556640625
2.9130859375,-0.6849365234375,1.6966552734375,-34.7900390625,-196.533203125,28.1982421875
3.367919921875,-0.9388427734375,0.749755859375,-59.75341796875,-166.56494140625,9.765625
3.7908935546875,0.4498291015625,-0.1322021484375,-53.22265625,-100.5859375,-0.732421875
3.089599609375,0.17626953125,0.02197265625,-38.2080078125,-93.20068359375,6.65283203125
2.6920166015625,0.1444091796875,1.882080078125,-26.30615234375,-87.70751953125,6.65283203125
-0.5821533203125,0.4658203125,1.8834228515625,-38.57421875,-85.3271484375,3.662109375
-2.239013671875,0.2449951171875,1.6295166015625,-48.64501953125,-84.9609375,5.615234375
-2.371826171875,-0.499755859375,1.35791015625,-40.771484375,-83.80126953125,6.591796875
-1.097412109375,-1.045654296875,1.3453369140625,-38.39111328125,-81.787109375,4.21142578125
0.6785888671875,0.2618408203125,1.249267578125,-42.724609375,-75.5615234375,1.5869140625
0.6068115234375,-0.204833984375,1.1656494140625,-40.58837890625,-72.32666015625,-0.42724609375
0.520751953125,0.225341796875,1.1475830078125,-34.60693359375,-68.7255859375,-3.23486328125
0.409912109375,-0.1201171875,1.1109619140625,-29.9072265625,-61.95068359375,-3.0517578125
0.3497314453125,-0.340576171875,1.077392578125,-24.47509765625,-50.78125,-1.77001953125
0.3116455078125,-0.1270751953125,1.066162109375,-19.22607421875,-39.0625,-0.91552734375
0.237548828125,-0.1082763671875,1.0587158203125,-12.6953125,-30.1513671875,-1.03759765625
0.166015625,-0.246826171875,1.0457763671875,-7.4462890625,-21.42333984375,-2.197265625
0.2003173828125,-0.23388671875,1.0330810546875,-6.40869140625,-8.60595703125,-3.35693359375
0.187744140625,-0.197509765625,1.0567626953125,-5.67626953125,-6.8359375,-4.33349609375
0.1649169921875,-0.223388671875,1.0302734375,-9.3994140625,-5.615234375,-7.32421875
0.173828125,-0.2122802734375,0.9813232421875,-8.85009765625,-5.79833984375,-9.46044921875
0.1982421875,-0.198974609375,0.9656982421875,-7.87353515625,-7.080078125,-11.29150390625
0.2166748046875,-0.222900390625,0.9588623046875,-5.55419921875,-7.38525390625,-13.18359375
0.2169189453125,-0.259033203125,0.9677734375,-1.77001953125,-7.8125,-13.18359375
0.2235107421875,-0.2708740234375,0.970703125,-1.52587890625,-8.11767578125,-12.451171875
0.2362060546875,-0.2640380859375,0.967041015625,-0.8544921875,-5.43212890625,-11.23046875
0.238525390625,-0.2540283203125,0.9698486328125,-1.15966796875,-4.21142578125,-9.82666015625
0.2403564453125,-0.2601318359375,0.952392578125,-1.64794921875,-3.84521484375,-6.591796875
0.235107421875,-0.26611328125,0.9454345703125,-1.708984375,-3.96728515625,-3.84521484375
0.233642578125,-0.2425537109375,0.94970703125,-1.953125,-8.60595703125,-3.11279296875
0.2354736328125,-0.2645263671875,0.957763671875,-2.13623046875,-14.09912109375,-2.01416015625
0.242919921875,-0.26953125,0.9571533203125,-5.2490234375,-13.3056640625,-0.6103515625
0.2457275390625,-0.25732421875,0.957763671875,-6.65283203125,-13.73291015625,0.6103515625
0.2403564453125,-0.239990234375,0.954345703125,-2.38037109375,-14.5263671875,0.732421875
0.2318115234375,-0.2325439453125,0.9288330078125,-3.41796875,-15.2587890625,-0.18310546875
0.2508544921875,-0.225830078125,0.947265625,-5.4931640625,-17.08984375,-1.46484375
0.265869140625,-0.216796875,0.96826171875,-6.9580078125,-19.287109375,-2.44140625
0.2572021484375,-0.2083740234375,0.9451904296875,-5.9814453125,-21.54541015625,-0.732421875
0.2479248046875,-0.2197265625,0.945556640625,-5.43212890625,-23.98681640625,1.77001953125
0.2412109375,-0.2333984375,0.9488525390625,-4.82177734375,-24.71923828125,-0.48828125
0.2325439453125,-0.2359619140625,0.945556640625,-4.08935546875,-26.4892578125,-10.009765625
0.239990234375,-0.2266845703125,0.9476318359375,-5.37109375,-41.9921875,-17.15087890625
0.26123046875,-0.2332763671875,0.947509765625,-7.62939453125,-65.0634765625,-17.39501953125
0.2642822265625,-0.260009765625,0.9569091796875,-10.07080078125,-86.5478515625,-17.88330078125
0.2569580078125,-0.269775390625,0.9818115234375,-7.38525390625,-108.33740234375,-20.08056640625
0.250244140625,-0.271728515625,1.011962890625,-7.62939453125,-131.04248046875,-18.24951171875
0.23779296875,-0.2520751953125,1.1143798828125,-8.9111328125,-177.978515625,-25.81787109375
0.2115478515625,-0.209228515625,1.1514892578125,-10.7421875,-214.2333984375,-32.53173828125
0.195556640625,-0.2066650390625,1.1446533203125,-13.61083984375,-239.1357421875,-64.0869140625
0.2030029296875,-0.314453125,1.1463623046875,-26.123046875,-260.1318359375,-77.94189453125
0.221923828125,-0.3604736328125,1.13232421875,-20.69091796875,-338.2568359375,-89.41650390625
0.242431640625,-0.3084716796875,1.1453857421875,-11.71875,-399.2919921875,-109.375
0.2674560546875,-0.2476806640625,1.169921875,-32.28759765625,-436.03515625,-131.34765625
0.3060302734375,-0.23046875,1.04248046875,-66.22314453125,-444.091796875,-144.71435546875
0.307861328125,-0.2694091796875,1.0732421875,-86.5478515625,-422.18017578125,-134.033203125
0.271240234375,-0.2652587890625,1.4677734375,-64.27001953125,-375.0,-89.78271484375
0.232177734375,-0.240478515625,1.650390625,-33.87451171875,-245.361328125,-102.35595703125
0.248779296875,-0.32373046875,2.1851806640625,-1.15966796875,27.587890625,-95.39794921875
0.1983642578125,-0.3514404296875,2.5125732421875,176.69677734375,73.73046875,-79.4677734375
-0.6435546875,-0.154052734375,2.5281982421875,17.578125,83.6181640625,-58.7158203125
-0.52294921875,-0.5782470703125,2.2552490234375,-23.98681640625,103.33251953125,-38.39111328125
0.4847412109375,-1.0435791015625,3.1142578125,-10.498046875,115.6005859375,-17.63916015625
1.007080078125,-0.8475341796875,3.74560546875,24.96337890625,125.79345703125,-1.8310546875
