0.3935546875,-0.2451171875,0.9027099609375,-0.244140625,-0.42724609375,0.1220703125
0.3955078125,-0.244873046875,0.9029541015625,-0.244140625,-0.42724609375,0.1220703125
0.3963623046875,-0.2459716796875,0.903564453125,-0.244140625,-0.48828125,0.1220703125
0.394775390625,-0.247314453125,0.9033203125,-0.30517578125,-0.42724609375,0.06103515625
0.393798828125,-0.246826171875,0.9029541015625,-0.30517578125,-0.42724609375,0.06103515625
0.394287109375,-0.245849609375,0.90283203125,-0.30517578125,-0.42724609375,0.06103515625
0.3951416015625,-0.2451171875,0.9033203125,-0.30517578125,-0.42724609375,0.06103515625
0.39501953125,-0.2454833984375,0.9036865234375,-0.244140625,-0.3662109375,0.06103515625
0.3946533203125,-0.2457275390625,0.90380859375,-0.244140625,-0.42724609375,0.06103515625
0.393798828125,-0.244873046875,0.90380859375,-0.244140625,-0.48828125,0.06103515625
0.3931884765625,-0.2451171875,0.9031982421875,-0.18310546875,-0.48828125,0.06103515625
0.3941650390625,-0.245849609375,0.9031982421875,-0.1220703125,-0.42724609375,0.1220703125
0.3946533203125,-0.24609375,0.9031982421875,-0.18310546875,-0.42724609375,0.06103515625
0.3941650390625,-0.24609375,0.9033203125,-0.244140625,-0.3662109375,0.1220703125
0.393798828125,-0.245849609375,0.9031982421875,-0.18310546875,-0.48828125,0.1220703125
0.39404296875,-0.24658203125,0.9036865234375,-0.18310546875,-0.30517578125,0.1220703125
0.3941650390625,-0.24658203125,0.903564453125,-0.18310546875,-0.30517578125,0.06103515625
0.3939208984375,-0.2457275390625,0.903076171875,-0.244140625,-0.42724609375,0.06103515625
0.3944091796875,-0.245849609375,0.903564453125,0.0,-0.48828125,0.06103515625
0.3948974609375,-0.24609375,0.903076171875,-0.18310546875,-0.54931640625,0.06103515625
0.39501953125,-0.2457275390625,0.9027099609375,-0.1220703125,-0.54931640625,0.06103515625
0.395263671875,-0.2452392578125,0.903564453125,-0.18310546875,-0.54931640625,0.06103515625
0.3955078125,-0.244873046875,0.9027099609375,-0.18310546875,-0.54931640625,0.06103515625
0.3951416015625,-0.2454833984375,0.902099609375,-0.18310546875,-0.54931640625,0.06103515625
0.3953857421875,-0.245849609375,0.9029541015625,-0.244140625,-0.48828125,0.06103515625
0.395751953125,-0.2462158203125,0.9029541015625,-0.18310546875,-0.3662109375,0.06103515625
0.3946533203125,-0.245849609375,0.9031982421875,-0.1220703125,-0.30517578125,0.06103515625
0.394775390625,-0.24609375,0.903564453125,-0.06103515625,-0.30517578125,0.06103515625
0.3948974609375,-0.24658203125,0.9039306640625,-0.1220703125,-0.244140625,0.1220703125
0.39453125,-0.2464599609375,0.9041748046875,-0.06103515625,-0.244140625,0.18310546875
0.3939208984375,-0.245849609375,0.9036865234375,-0.06103515625,-0.30517578125,0.1220703125
0.3939208984375,-0.245361328125,0.903076171875,0.06103515625,-0.244140625,0.06103515625
0.3939208984375,-0.2451171875,0.9027099609375,0.0,-0.1220703125,0.0
0.3946533203125,-0.2447509765625,0.90283203125,-0.06103515625,-0.244140625,0.06103515625
0.3951416015625,-0.2451171875,0.903076171875,-0.06103515625,-0.42724609375,0.8544921875
0.3948974609375,-0.2462158203125,0.90283203125,0.0,-0.18310546875,5.55419921875
0.3946533203125,-0.24609375,0.904296875,0.06103515625,0.8544921875,7.50732421875
0.3955078125,-0.2454833984375,0.903564453125,-0.30517578125,7.6904296875,9.6435546875
0.3961181640625,-0.2457275390625,0.902099609375,-0.91552734375,11.65771484375,11.23046875
0.39501953125,-0.2447509765625,0.9022216796875,-2.197265625,15.93017578125,11.71875
0.3948974609375,-0.2447509765625,0.902099609375,-5.0048828125,19.34814453125,11.41357421875
0.3955078125,-0.2459716796875,0.9061279296875,-9.8876953125,21.1181640625,10.31494140625
0.39306640625,-0.2464599609375,0.90869140625,-9.21630859375,21.240234375,7.9345703125
0.3936767578125,-0.2498779296875,0.9130859375,-9.8876953125,22.03369140625,6.28662109375
0.3951416015625,-0.2427978515625,0.9407958984375,-13.3056640625,18.61572265625,5.9814453125
0.3939208984375,-0.2451171875,0.9410400390625,-15.68603515625,14.16015625,4.45556640625
0.393798828125,-0.234130859375,0.9429931640625,-15.31982421875,-5.18798828125,3.47900390625
0.40087890625,-0.2464599609375,0.959716796875,-16.17431640625,-7.50732421875,0.3662109375
0.4013671875,-0.2652587890625,0.9647216796875,-10.55908203125,-15.0146484375,-3.5400390625
0.4273681640625,-0.2657470703125,0.9498291015625,-7.62939453125,-20.263671875,-7.568359375
0.4993896484375,-0.27978515625,0.9344482421875,-2.99072265625,-25.87890625,-9.70458984375
0.509765625,-0.2923583984375,0.864013671875,-1.220703125,-32.1044921875,-11.65771484375
0.4920654296875,-0.2799072265625,0.8314208984375,-2.3193359375,-38.818359375,-24.71923828125
0.450927734375,-0.267333984375,0.8994140625,-3.90625,-47.05810546875,-104.248046875
0.40576171875,-0.24951171875,0.86865234375,-4.150390625,-74.21875,-97.47314453125
0.366943359375,-0.2584228515625,0.7935791015625,-5.7373046875,-64.39208984375,-76.5380859375
0.3428955078125,-0.2066650390625,0.870361328125,-11.41357421875,-50.10986328125,-53.8330078125
0.2984619140625,-0.1107177734375,0.8857421875,-25.08544921875,-35.888671875,-34.7900390625
0.256103515625,-0.156982421875,0.937744140625,-58.10546875,-10.8642578125,-22.3388671875
0.299072265625,-0.27197265625,1.026123046875,-44.0673828125,13.73291015625,-13.73291015625
0.2818603515625,-0.26953125,1.1453857421875,5.7373046875,29.4189453125,-6.2255859375
0.1837158203125,-0.284423828125,1.3018798828125,27.099609375,43.0908203125,0.3662109375
0.1951904296875,-0.2791748046875,1.7677001953125,14.22119140625,55.6640625,7.9345703125
0.2010498046875,-0.1546630859375,1.87744140625,-4.08935546875,65.185546875,59.326171875
0.21435546875,-0.1959228515625,1.8939208984375,-6.4697265625,74.951171875,81.9091796875
0.18994140625,-1.3560791015625,1.7276611328125,-0.79345703125,97.16796875,102.9052734375
0.1849365234375,-1.453369140625,1.5360107421875,4.2724609375,104.4921875,121.58203125
0.2508544921875,-1.01123046875,1.451171875,3.96728515625,112.24365234375,134.27734375
-0.5198974609375,-0.6751708984375,1.443359375,-2.197265625,119.9951171875,141.357421875
-0.84375,-0.5357666015625,1.4693603515625,-24.96337890625,127.8076171875,137.6953125
-0.95166015625,-0.5130615234375,1.47119140625,-15.13671875,142.9443359375,131.7138671875
-1.09521484375,-0.45849609375,1.457763671875,4.39453125,150.69580078125,125.67138671875
-1.2806396484375,-0.3529052734375,1.4676513671875,26.0009765625,158.02001953125,121.15478515625
-1.3306884765625,-0.267822265625,1.506103515625,47.9736328125,164.97802734375,117.00439453125
-1.2781982421875,-0.2481689453125,1.5582275390625,78.7353515625,169.5556640625,109.80224609375
-1.1817626953125,-0.6505126953125,1.598388671875,83.31298828125,168.76220703125,98.44970703125
-1.07568359375,-0.8140869140625,1.636474609375,75.68359375,161.43798828125,91.73583984375
-0.9664306640625,-0.9195556640625,1.58349609375,58.837890625,142.88330078125,87.0361328125
-0.6390380859375,-0.9677734375,1.5045166015625,38.818359375,127.99072265625,65.4296875
-0.46630859375,-0.9769287109375,1.419921875,17.15087890625,112.97607421875,50.537109375
-0.2266845703125,-0.8614501953125,1.307861328125,2.9296875,78.61328125,33.69140625
0.04443359375,-0.7647705078125,1.148681640625,0.54931640625,64.5751953125,11.90185546875
0.3175048828125,-0.6474609375,0.9683837890625,-10.3759765625,55.419921875,-4.94384765625
0.7783203125,-0.5228271484375,0.819580078125,-23.681640625,53.16162109375,-18.37158203125
0.9395751953125,-0.4290771484375,0.6822509765625,-28.25927734375,54.01611328125,-52.734375
1.05810546875,-0.3909912109375,0.5435791015625,-20.08056640625,30.2734375,-57.43408203125
1.133544921875,-0.3968505859375,0.4312744140625,-7.2021484375,-81.6650390625,-51.3916015625
1.126708984375,-0.34814453125,0.3118896484375,17.39501953125,-140.19775390625,-25.32958984375
1.0511474609375,-0.19677734375,0.33154296875,26.67236328125,-143.5546875,-20.751953125
0.9754638671875,-0.0439453125,0.35693359375,18.73779296875,-103.33251953125,-59.87548828125
0.9342041015625,-0.0230712890625,0.223388671875,2.74658203125,-21.42333984375,-48.15673828125
0.947021484375,-0.064208984375,-0.0733642578125,25.7568359375,11.90185546875,-15.5029296875
1.0025634765625,-0.1844482421875,-0.4462890625,26.7333984375,-83.3740234375,17.51708984375
1.2537841796875,-0.2308349609375,-0.697021484375,84.04541015625,-192.56591796875,42.41943359375
1.4515380859375,-0.081298828125,0.2366943359375,102.84423828125,-184.08203125,-2.74658203125
1.706298828125,0.0703125,0.5433349609375,-69.27490234375,-160.2783203125,-33.8134765625
1.889892578125,-0.230712890625,2.49169921875,-51.08642578125,-148.49853515625,-34.423828125
1.8704833984375,-0.6243896484375,3.3203125,22.5830078125,-125.9765625,-21.484375
1.7181396484375,-0.706787109375,1.6282958984375,-50.537109375,-116.0888671875,-3.47900390625
1.422119140625,-0.53955078125,-1.533935546875,-37.41455078125,-95.5810546875,7.2021484375
1.7305908203125,-1.382568359375,-1.3621826171875,-17.4560546875,-97.0458984375,3.11279296875
1.7257080078125,-1.0478515625,1.343017578125,-68.78662109375,-89.17236328125,-7.9345703125
-1.347900390625,-0.0318603515625,2.73486328125,-76.5380859375,-82.275390625,-7.01904296875
-1.639892578125,-0.0865478515625,1.8961181640625,-60.546875,-52.06298828125,-0.9765625
-1.208740234375,-0.2806396484375,1.4052734375,-34.1796875,-34.1796875,-1.46484375
-0.9200439453125,0.05224609375,1.7601318359375,-19.34814453125,-25.69580078125,-1.708984375
-0.05419921875,1.0828857421875,1.6395263671875,5.43212890625,-22.15576171875,0.9765625
1.2109375,1.294677734375,0.8721923828125,15.380859375,-17.4560546875,3.2958984375
1.5113525390625,0.1357421875,0.59765625,19.83642578125,-13.73291015625,4.57763671875
1.1524658203125,-1.0767822265625,1.2137451171875,21.91162109375,-10.8642578125,6.16455078125
0.8670654296875,-1.4241943359375,1.3902587890625,21.6064453125,-8.9111328125,7.87353515625
1.089111328125,-0.9749755859375,1.08984375,12.939453125,-8.36181640625,8.6669921875
1.068603515625,-0.350830078125,1.0264892578125,7.75146484375,-7.9345703125,7.99560546875
0.36181640625,0.00390625,1.067138671875,5.126953125,-6.9580078125,6.04248046875
0.050048828125,-0.336669921875,1.058837890625,0.42724609375,-5.859375,3.0517578125
0.640869140625,-0.644775390625,0.9970703125,-3.84521484375,-4.33349609375,0.18310546875
0.896240234375,-0.331298828125,0.9493408203125,-4.8828125,-3.72314453125,-1.8310546875
0.5496826171875,-0.1668701171875,0.9560546875,-4.08935546875,-3.72314453125,-2.9296875
0.390625,-0.302490234375,0.9473876953125,-2.3193359375,-3.72314453125,-3.72314453125
0.4202880859375,-0.283203125,0.945556640625,2.3193359375,-3.72314453125,-3.90625
0.4412841796875,-0.1865234375,0.930419921875,8.7890625,-4.2724609375,-3.41796875
0.395751953125,-0.221923828125,0.9073486328125,15.0146484375,-2.3193359375,-2.5634765625
0.3536376953125,-0.291748046875,0.8931884765625,18.1884765625,-1.77001953125,-2.13623046875
0.3468017578125,-0.2991943359375,0.8797607421875,17.7001953125,-2.74658203125,-2.0751953125
0.345703125,-0.305908203125,0.877197265625,15.7470703125,-4.08935546875,-2.13623046875
0.3614501953125,-0.3216552734375,0.892333984375,12.51220703125,-4.8828125,-2.9296875
0.3585205078125,-0.31884765625,0.9124755859375,9.27734375,-6.04248046875,-4.150390625
0.33935546875,-0.309326171875,0.9173583984375,7.14111328125,-7.99560546875,-3.72314453125
0.32275390625,-0.3038330078125,0.9383544921875,5.67626953125,-11.5966796875,-3.41796875
0.3099365234375,-0.29541015625,0.9549560546875,4.150390625,-10.43701171875,-3.11279296875
0.31201171875,-0.2828369140625,0.9283447265625,2.38037109375,-10.19287109375,-3.23486328125
0.31640625,-0.274658203125,0.90283203125,1.0986328125,-9.70458984375,-3.41796875
0.3197021484375,-0.265625,0.8922119140625,-1.220703125,-10.8642578125,-3.173828125
0.33349609375,-0.256103515625,0.87548828125,-2.86865234375,-12.20703125,-3.662109375
0.3558349609375,-0.257568359375,0.8740234375,-4.94384765625,-13.427734375,-4.39453125
0.36474609375,-0.2689208984375,0.9110107421875,-7.62939453125,-15.68603515625,-4.94384765625
0.346435546875,-0.2664794921875,0.91796875,-9.8876953125,-19.59228515625,-5.06591796875
0.318115234375,-0.26904296875,0.9205322265625,-9.6435546875,-23.25439453125,-5.4931640625
0.301513671875,-0.30810546875,0.9212646484375,-8.30078125,-30.1513671875,-6.04248046875
0.2799072265625,-0.2891845703125,0.9027099609375,-7.6904296875,-30.2734375,-6.8359375
0.2635498046875,-0.2828369140625,0.904052734375,-7.26318359375,-32.71484375,-5.9814453125
0.333984375,-0.283203125,0.8939208984375,-7.26318359375,-59.326171875,-4.8828125
0.3572998046875,-0.2813720703125,0.8944091796875,-8.056640625,-74.5849609375,-4.57763671875
0.35546875,-0.2930908203125,0.9022216796875,-9.70458984375,-91.064453125,-3.96728515625
0.359130859375,-0.3021240234375,0.8958740234375,-12.26806640625,-106.01806640625,-9.09423828125
0.325927734375,-0.2890625,0.9119873046875,-23.3154296875,-119.873046875,0.42724609375
0.3375244140625,-0.282958984375,0.944091796875,-28.50341796875,-137.39013671875,4.8828125
0.32861328125,-0.27490234375,0.9263916015625,-33.447265625,-151.4892578125,14.2822265625
0.298095703125,-0.2791748046875,0.9429931640625,-38.818359375,-176.3916015625,26.2451171875
0.29833984375,-0.246826171875,0.927490234375,-41.9921875,-229.4921875,23.25439453125
0.3021240234375,-0.288818359375,0.9124755859375,-22.03369140625,-250.9765625,9.765625
0.35791015625,-0.249755859375,0.89892578125,-21.30126953125,-268.4326171875,-12.75634765625
0.42724609375,-0.240478515625,0.907470703125,-36.0107421875,-311.70654296875,-41.07666015625
0.3184814453125,-0.2562255859375,0.99853515625,-40.22216796875,-357.36083984375,-108.2763671875
0.3468017578125,-0.2607421875,1.0216064453125,-36.31591796875,-408.8134765625,-118.408203125
0.3570556640625,-0.271728515625,1.074951171875,-59.14306640625,-469.29931640625,-127.5634765625
0.356201171875,-0.325439453125,1.051513671875,-98.388671875,-484.9853515625,-133.30078125
0.34716796875,-0.3060302734375,1.1328125,-140.5029296875,-442.87109375,-137.26806640625
0.369873046875,-0.2886962890625,1.2991943359375,-173.4619140625,-330.50537109375,-113.95263671875
0.4217529296875,-0.1417236328125,1.69482421875,-132.080078125,-169.73876953125,-107.60498046875
0.525390625,-0.136474609375,1.9696044921875,-151.79443359375,-11.65771484375,-104.06494140625
0.4959716796875,-0.32861328125,1.834716796875,-166.32080078125,109.619140625,-98.14453125
0.1845703125,-0.5579833984375,1.898193359375,-118.46923828125,167.96875,-95.3369140625
0.1942138671875,-0.6624755859375,1.9884033203125,-187.56103515625,193.90869140625,-87.82958984375
0.5125732421875,-0.799560546875,2.2423095703125,-80.9326171875,206.35986328125,-73.42529296875
0.7579345703125,-1.084716796875,2.906494140625,-34.85107421875,210.51025390625,-55.11474609375
1.020263671875,-0.677734375,3.4310302734375,-15.19775390625,214.53857421875,-35.888671875
1.143798828125,-0.65185546875,3.806640625,15.2587890625,217.10205078125,-16.357421875
0.8858642578125,-0.3021240234375,3.5078125,35.21728515625,220.15380859375,2.0751953125
0.80029296875,-0.56787109375,2.543212890625,46.69189453125,225.89111328125,18.5546875
1.125732421875,-1.269775390625,1.7655029296875,39.24560546875,234.19189453125,33.50830078125
0.8443603515625,-1.0596923828125,1.2369384765625,25.0244140625,245.54443359375,60.36376953125
1.502685546875,-0.8974609375,0.9019775390625,11.04736328125,260.80322265625,84.47265625
1.8072509765625,-0.797119140625,0.732177734375,3.11279296875,292.1142578125,86.73095703125
0.61767578125,-0.6136474609375,0.6463623046875,3.11279296875,310.36376953125,86.7919921875
0.11572265625,-0.4146728515625,0.6422119140625,6.89697265625,311.95068359375,86.12060546875
-0.1729736328125,-0.293701171875,0.7281494140625,11.29150390625,314.88037109375,86.36474609375
-0.2271728515625,-0.260498046875,0.8658447265625,17.63916015625,319.39697265625,87.158203125
-0.235595703125,-0.2978515625,0.99072265625,19.47021484375,324.462890625,90.27099609375
-0.2447509765625,-0.3687744140625,1.0853271484375,18.37158203125,329.1015625,99.54833984375
-0.2381591796875,-0.440185546875,1.1749267578125,16.90673828125,331.6650390625,107.177734375
-0.20947265625,-0.4757080078125,1.1385498046875,14.58740234375,328.18603515625,118.71337890625
-0.137451171875,-0.47021484375,1.217041015625,11.16943359375,323.30322265625,129.94384765625
-0.0321044921875,-0.4417724609375,1.3311767578125,8.056640625,317.5048828125,138.85498046875
0.0802001953125,-0.307861328125,1.4520263671875,5.92041015625,310.72998046875,146.484375
0.2030029296875,-0.296142578125,1.56005859375,12.5732421875,304.19921875,141.845703125
0.4130859375,-0.29833984375,1.6566162109375,19.71435546875,283.63037109375,134.1552734375
0.547119140625,-0.3062744140625,1.7510986328125,29.23583984375,241.0888671875,121.4599609375
0.6331787109375,-0.33203125,1.9986572265625,45.47119140625,210.14404296875,93.20068359375
0.7427978515625,-0.38037109375,2.1473388671875,64.697265625,174.8046875,48.33984375
0.84765625,-0.444580078125,2.25048828125,65.24658203125,128.662109375,-8.30078125
0.929931640625,-0.6944580078125,2.274169921875,4.94384765625,65.673828125,-60.36376953125
0.991455078125,-0.87060546875,2.148193359375,-29.6630859375,-8.85009765625,-99.609375
1.0465087890625,-1.0657958984375,1.4122314453125,-58.53271484375,-87.0361328125,-137.5732421875
1.1822509765625,-1.2584228515625,0.5146484375,-69.091796875,-150.32958984375,-154.96826171875
1.3349609375,-1.337890625,0.0474853515625,-57.06787109375,-189.14794921875,-71.533203125
1.530029296875,-1.0115966796875,-0.447509765625,-29.4189453125,-196.8994140625,-27.83203125
1.7752685546875,-0.4739990234375,-0.9400634765625,5.06591796875,-236.2060546875,-43.02978515625
2.0635986328125,-0.1866455078125,-1.452880859375,31.18896484375,-213.8671875,-12.39013671875
2.5047607421875,0.152587890625,-1.8177490234375,50.1708984375,-188.720703125,-0.8544921875
3.0234375,0.3651123046875,-1.7645263671875,32.16552734375,-187.744140625,-7.4462890625
3.22412109375,0.37060546875,-1.2239990234375,-10.7421875,-188.78173828125,-25.390625
3.527587890625,0.351806640625,-0.088134765625,-40.22216796875,-155.1513671875,-24.4140625
3.84521484375,0.2833251953125,1.5338134765625,-57.80029296875,-117.24853515625,-6.591796875
3.929931640625,-0.044677734375,0.40771484375,-40.771484375,-85.75439453125,-2.62451171875
3.6839599609375,0.234130859375,2.231689453125,-14.7705078125,-57.31201171875,-5.18798828125
3.219970703125,-0.6845703125,1.6171875,36.56005859375,-51.8798828125,-3.662109375
2.821044921875,-1.5263671875,1.200439453125,52.978515625,-40.22216796875,-1.77001953125
0.7279052734375,1.1590576171875,1.144775390625,36.31591796875,-33.99658203125,-2.50244140625
-1.037353515625,-0.833251953125,1.5467529296875,17.76123046875,-25.146484375,3.11279296875
1.13916015625,-1.5316162109375,1.6661376953125,16.17431640625,-20.20263671875,4.150390625
1.6309814453125,-1.1673583984375,1.3465576171875,10.7421875,-14.0380859375,7.32421875
0.985595703125,-0.2835693359375,1.2418212890625,10.009765625,-14.95361328125,6.9580078125
0.8392333984375,0.257568359375,1.209228515625,5.4931640625,-8.97216796875,5.2490234375
0.8553466796875,-0.074951171875,1.0697021484375,2.86865234375,-3.35693359375,5.18798828125
1.04736328125,-0.5098876953125,0.9661865234375,-10.43701171875,2.44140625,4.69970703125
0.9493408203125,-0.359130859375,0.9168701171875,-13.36669921875,-2.3193359375,4.45556640625
0.6826171875,-0.2225341796875,0.9361572265625,-15.44189453125,-3.96728515625,3.90625
0.6337890625,-0.35791015625,0.9241943359375,-14.70947265625,-1.8310546875,3.72314453125
0.5650634765625,-0.3546142578125,0.9287109375,-16.54052734375,-1.15966796875,2.685546875
0.496337890625,-0.28125,0.919677734375,-20.5078125,-2.0751953125,0.732421875
0.423583984375,-0.2108154296875,0.9046630859375,-21.97265625,-2.685546875,-1.77001953125
0.387451171875,-0.2232666015625,0.91748046875,-21.54541015625,-3.84521484375,-5.2490234375
0.3909912109375,-0.2415771484375,0.9158935546875,-17.76123046875,-4.69970703125,-6.16455078125
0.3594970703125,-0.3162841796875,0.906005859375,-15.869140625,-6.591796875,-7.01904296875
0.388671875,-0.3284912109375,0.8848876953125,-15.5029296875,-8.11767578125,-7.14111328125
0.3995361328125,-0.3265380859375,0.8746337890625,-13.3056640625,-10.009765625,-6.34765625
0.4122314453125,-0.3203125,0.8631591796875,-10.009765625,-11.23046875,-5.0048828125
0.380126953125,-0.319580078125,0.8699951171875,-2.38037109375,-11.77978515625,-3.90625
0.3746337890625,-0.3203125,0.86669921875,0.67138671875,-12.451171875,-3.47900390625
0.3890380859375,-0.322021484375,0.853515625,1.8310546875,-12.939453125,-4.0283203125
0.392333984375,-0.3345947265625,0.8568115234375,2.0751953125,-14.5263671875,-4.5166015625
0.37890625,-0.3538818359375,0.855712890625,1.52587890625,-17.333984375,-4.69970703125
0.3377685546875,-0.3704833984375,0.8621826171875,1.220703125,-19.95849609375,-4.8828125
0.3162841796875,-0.3349609375,0.865966796875,1.5869140625,-23.92578125,-4.94384765625
0.3101806640625,-0.33740234375,0.8709716796875,1.03759765625,-27.52685546875,-4.5166015625
0.3172607421875,-0.324462890625,0.8721923828125,1.77001953125,-31.25,-2.50244140625
0.3533935546875,-0.3089599609375,0.8681640625,0.91552734375,-32.28759765625,-0.6103515625
0.3377685546875,-0.3046875,0.881591796875,1.0986328125,-37.78076171875,2.50244140625
0.339599609375,-0.3040771484375,0.8837890625,2.74658203125,-46.7529296875,3.2958984375
0.357421875,-0.3123779296875,0.8760986328125,-0.1220703125,-68.54248046875,3.0517578125
0.37109375,-0.3233642578125,0.8822021484375,-2.9296875,-83.67919921875,-5.859375
0.3765869140625,-0.32421875,0.8829345703125,-6.7138671875,-96.5576171875,-15.2587890625
0.36181640625,-0.3253173828125,0.9207763671875,-11.53564453125,-121.03271484375,-8.9111328125
0.3428955078125,-0.3291015625,0.94189453125,-21.1181640625,-141.2353515625,-2.99072265625
0.33203125,-0.3148193359375,0.9210205078125,-25.69580078125,-152.16064453125,2.99072265625
0.3231201171875,-0.2745361328125,0.9197998046875,-30.029296875,-172.2412109375,14.892578125
0.334716796875,-0.239501953125,0.9222412109375,-27.03857421875,-207.6416015625,31.92138671875
0.332275390625,-0.2313232421875,0.9169921875,-2.74658203125,-225.2197265625,45.34912109375
0.389892578125,-0.2496337890625,0.895263671875,-6.2255859375,-249.755859375,26.91650390625
0.4180908203125,-0.242431640625,0.954345703125,-28.076171875,-283.87451171875,-3.41796875
0.35986328125,-0.2769775390625,1.0068359375,-33.5693359375,-341.30859375,-41.93115234375
0.3548583984375,-0.2838134765625,1.0184326171875,-29.60205078125,-395.751953125,-95.52001953125
0.3670654296875,-0.393798828125,1.0858154296875,-33.26416015625,-445.9228515625,-119.68994140625
0.373291015625,-0.3336181640625,1.037841796875,-83.984375,-480.40771484375,-135.25390625
0.3743896484375,-0.2490234375,1.04541015625,-122.6806640625,-499.08447265625,-144.10400390625
0.3701171875,-0.267578125,1.156494140625,-166.748046875,-490.66162109375,-156.73828125
0.4429931640625,-0.2198486328125,1.4718017578125,-203.7353515625,-446.77734375,-135.07080078125
0.4764404296875,-0.0802001953125,1.9403076171875,-192.07763671875,-295.83740234375,-100.15869140625
0.46142578125,0.031005859375,2.004150390625,-164.24560546875,-112.060546875,-94.970703125
0.3758544921875,-0.2969970703125,1.845458984375,-188.3544921875,72.509765625,-85.26611328125
0.2127685546875,-0.69580078125,1.81982421875,-178.40576171875,168.9453125,-81.72607421875
0.219482421875,-0.71044921875,1.91845703125,-137.14599609375,209.8388671875,-80.99365234375
0.5009765625,-0.9251708984375,2.089111328125,-168.9453125,215.087890625,-75.50048828125
0.828125,-1.3118896484375,2.706298828125,-41.8701171875,212.40234375,-62.80517578125
1.1099853515625,-1.0186767578125,3.29248046875,-28.99169921875,212.0361328125,-45.71533203125
1.1383056640625,-0.6146240234375,3.5679931640625,2.3193359375,210.87646484375,-6.9580078125
0.9774169921875,-0.8460693359375,3.7872314453125,28.13720703125,212.646484375,10.7421875
0.738037109375,-0.4029541015625,3.0946044921875,48.52294921875,220.03173828125,26.4892578125
0.8988037109375,-0.783447265625,1.9896240234375,59.4482421875,225.5859375,39.6728515625
1.310791015625,-1.5067138671875,1.333251953125,56.5185546875,234.80224609375,49.13330078125
1.10986328125,-1.063720703125,0.8817138671875,49.86572265625,247.6806640625,55.2978515625
1.62060546875,-0.86572265625,0.645263671875,42.8466796875,261.77978515625,58.10546875
1.5867919921875,-0.7451171875,0.542236328125,46.875,276.30615234375,58.16650390625
0.4437255859375,-0.568603515625,0.53515625,48.88916015625,289.12353515625,56.21337890625
-0.070556640625,-0.4163818359375,0.595458984375,47.05810546875,299.37744140625,54.26025390625
-0.26708984375,-0.336669921875,0.789794921875,43.27392578125,305.419921875,54.8095703125
-0.2305908203125,-0.357421875,0.8817138671875,40.4052734375,308.41064453125,57.861328125
-0.1798095703125,-0.443359375,0.9512939453125,40.46630859375,310.6689453125,64.5751953125
-0.1602783203125,-0.5689697265625,1.02001953125,41.3818359375,314.75830078125,85.693359375
-0.1273193359375,-0.536376953125,1.079345703125,40.83251953125,319.4580078125,98.14453125
-0.0828857421875,-0.4881591796875,1.1031494140625,35.58349609375,324.0966796875,111.75537109375
0.0167236328125,-0.4698486328125,1.0845947265625,27.28271484375,320.73974609375,126.03759765625
0.118408203125,-0.4940185546875,1.0665283203125,20.20263671875,315.61279296875,141.29638671875
0.2293701171875,-0.5291748046875,1.0858154296875,12.8173828125,309.2041015625,159.36279296875
0.3487548828125,-0.541015625,1.1644287109375,0.30517578125,306.57958984375,175.35400390625
0.4639892578125,-0.5357666015625,1.2789306640625,-3.5400390625,309.6923828125,184.75341796875
0.540283203125,-0.544189453125,1.3922119140625,-2.01416015625,313.232421875,185.72998046875
0.5782470703125,-0.5958251953125,1.4783935546875,5.37109375,312.1337890625,177.734375
0.6129150390625,-0.6732177734375,1.626708984375,15.56396484375,298.88916015625,162.4755859375
0.6695556640625,-0.7486572265625,1.780517578125,26.611328125,275.69580078125,139.892578125
0.7525634765625,-0.8116455078125,1.9788818359375,34.85107421875,247.1923828125,105.46875
0.8375244140625,-0.9532470703125,2.179931640625,33.26416015625,212.70751953125,52.67333984375
0.9052734375,-1.0872802734375,2.2772216796875,22.27783203125,172.91259765625,-7.14111328125
0.96240234375,-1.2486572265625,2.1376953125,7.14111328125,135.3759765625,-55.908203125
1.0869140625,-1.3775634765625,1.8009033203125,-9.70458984375,87.2802734375,-87.40234375
1.211181640625,-1.422607421875,1.3917236328125,-25.0244140625,5.18798828125,-109.19189453125
1.38818359375,-1.3211669921875,0.974609375,-37.53662109375,-67.9931640625,-120.9716796875
1.6439208984375,-1.0894775390625,0.578369140625,-45.47119140625,-132.75146484375,-117.1875
1.9554443359375,-0.826904296875,0.190185546875,-50.29296875,-170.95947265625,-136.474609375
2.20166015625,-0.5762939453125,-0.3052978515625,-33.50830078125,-165.95458984375,-97.412109375
2.353271484375,-0.3170166015625,-0.9749755859375,-5.615234375,-127.01416015625,-64.39208984375
2.526123046875,-0.0234375,-1.5230712890625,38.57421875,-162.78076171875,-2.44140625
2.763916015625,0.3160400390625,-1.7841796875,84.89990234375,-233.21533203125,11.1083984375
3.013671875,0.6229248046875,-1.606689453125,99.4873046875,-238.8916015625,-36.80419921875
3.2916259765625,0.7281494140625,-0.953857421875,-0.06103515625,-229.00390625,-60.791015625
3.6649169921875,0.5458984375,0.34228515625,-29.96826171875,-230.3466796875,-52.24609375
3.9404296875,0.1044921875,1.882080078125,18.85986328125,-212.646484375,-27.64892578125
3.9266357421875,-0.3714599609375,1.6922607421875,-37.17041015625,-197.3876953125,-6.40869140625
3.62939453125,-0.216064453125,0.289794921875,-31.67724609375,-200.86669921875,-3.60107421875
3.1866455078125,-0.758056640625,0.1666259765625,-54.5654296875,-187.56103515625,-22.216796875
2.8514404296875,-1.2996826171875,1.56005859375,-67.138671875,-166.19873046875,-21.91162109375
0.4559326171875,-0.9508056640625,2.34033203125,-68.603515625,-130.2490234375,-11.3525390625
-1.4337158203125,-0.5654296875,2.0545654296875,-41.50390625,-91.61376953125,-14.0380859375
-1.3690185546875,-0.0643310546875,1.892822265625,-18.9208984375,-78.125,-9.1552734375
-0.4886474609375,0.6573486328125,1.656005859375,39.1845703125,-50.23193359375,-4.33349609375
0.9593505859375,1.2864990234375,1.2154541015625,58.2275390625,-37.2314453125,6.591796875
1.2838134765625,0.534423828125,1.172119140625,35.21728515625,-21.66748046875,2.25830078125
1.4384765625,-0.925537109375,1.5177001953125,26.18408203125,-10.55908203125,0.30517578125
1.4383544921875,-1.7364501953125,1.5892333984375,18.37158203125,-1.52587890625,0.732421875
1.1796875,-1.4881591796875,1.44677734375,9.033203125,-0.18310546875,-0.1220703125
0.973388671875,-0.4588623046875,1.299560546875,5.55419921875,-1.40380859375,-0.6103515625
0.904296875,0.35546875,1.094970703125,-9.82666015625,-3.90625,-0.06103515625
0.8709716796875,0.028076171875,0.9659423828125,-7.26318359375,-5.859375,0.54931640625
1.0521240234375,-0.553955078125,0.9627685546875,-6.77490234375,-5.79833984375,0.54931640625
0.9930419921875,-0.1568603515625,0.9154052734375,-8.85009765625,-6.65283203125,-0.48828125
0.6981201171875,-0.2984619140625,0.90283203125,-8.6669921875,-7.50732421875,-2.0751953125
0.5875244140625,-0.21484375,0.90234375,-8.97216796875,-8.36181640625,-5.55419921875
0.48583984375,-0.275634765625,0.8980712890625,-10.07080078125,-9.6435546875,-6.28662109375
0.437744140625,-0.3323974609375,0.9027099609375,-10.55908203125,-12.51220703125,-6.16455078125
0.410400390625,-0.31640625,0.8988037109375,-10.80322265625,-13.18359375,-5.7373046875
0.38671875,-0.2982177734375,0.8994140625,-9.94873046875,-14.09912109375,-5.55419921875
0.3900146484375,-0.28955078125,0.90478515625,-9.3994140625,-14.6484375,-5.18798828125
0.380615234375,-0.2723388671875,0.8990478515625,-7.8125,-15.380859375,-4.45556640625
0.3699951171875,-0.262451171875,0.8895263671875,-6.8359375,-16.05224609375,-3.84521484375
0.3621826171875,-0.266357421875,0.884521484375,-6.16455078125,-14.16015625,-2.9296875
0.3580322265625,-0.2855224609375,0.89013671875,-5.43212890625,-14.09912109375,-2.38037109375
0.3521728515625,-0.306396484375,0.888427734375,-5.31005859375,-17.63916015625,-2.3193359375
0.3460693359375,-0.31103515625,0.888427734375,-5.7373046875,-19.59228515625,-2.62451171875
0.3436279296875,-0.31494140625,0.8841552734375,-5.43212890625,-21.42333984375,-1.46484375
0.3350830078125,-0.3009033203125,0.8831787109375,-5.7373046875,-24.84130859375,-1.03759765625
0.325927734375,-0.2906494140625,0.9049072265625,-6.89697265625,-35.2783203125,-0.6103515625
0.3538818359375,-0.289306640625,0.9014892578125,-7.32421875,-43.0908203125,0.3662109375
0.365234375,-0.2830810546875,0.8905029296875,-8.4228515625,-53.466796875,0.67138671875
0.371826171875,-0.2626953125,0.897705078125,-10.009765625,-81.4208984375,-0.06103515625
0.370361328125,-0.2606201171875,0.8995361328125,-13.427734375,-94.1162109375,-10.80322265625
0.3634033203125,-0.2728271484375,0.895263671875,-15.869140625,-108.5205078125,-14.5263671875
0.405029296875,-0.2783203125,0.9019775390625,-18.98193359375,-130.126953125,-13.916015625
0.4217529296875,-0.2779541015625,0.91064453125,-24.47509765625,-139.09912109375,-14.404296875
0.3853759765625,-0.281494140625,0.9139404296875,-25.146484375,-150.390625,-13.671875
0.381591796875,-0.2686767578125,0.91845703125,-26.85546875,-167.48046875,-12.451171875
0.3883056640625,-0.254150390625,0.9207763671875,-15.0146484375,-197.998046875,-0.18310546875
0.3721923828125,-0.256591796875,0.9278564453125,-8.544921875,-220.52001953125,18.1884765625
0.365234375,-0.2523193359375,0.939453125,-5.7373046875,-247.0703125,21.1181640625
0.3642578125,-0.261962890625,0.93359375,-7.568359375,-273.86474609375,7.8125
0.3585205078125,-0.2589111328125,0.9468994140625,-21.8505859375,-300.78125,-30.82275390625
0.352783203125,-0.3232421875,0.9945068359375,-19.47021484375,-343.505859375,-77.45361328125
0.375732421875,-0.3712158203125,1.0123291015625,-14.83154296875,-409.3017578125,-123.22998046875
0.3546142578125,-0.330810546875,1.0050048828125,-13.916015625,-464.2333984375,-147.94921875
0.350830078125,-0.318115234375,1.024658203125,-49.072265625,-487.85400390625,-140.0146484375
0.4136962890625,-0.284423828125,1.076904296875,-106.4453125,-398.37646484375,-119.9951171875
0.4503173828125,-0.267333984375,1.1236572265625,-157.3486328125,-26.0009765625,-95.88623046875
0.4986572265625,-0.2347412109375,1.4527587890625,-166.68701171875,129.33349609375,-87.46337890625
0.4688720703125,-0.0576171875,2.0831298828125,-148.49853515625,221.25244140625,-78.30810546875
0.4263916015625,-0.102783203125,2.190673828125,-139.46533203125,222.2900390625,-64.5751953125
0.426513671875,-0.3580322265625,1.957763671875,-98.32763671875,216.00341796875,-42.724609375
0.1102294921875,-0.62744140625,2.1234130859375,-50.72021484375,212.646484375,-18.4326171875
0.2105712890625,-0.87060546875,2.719482421875,-13.3056640625,209.8388671875,6.591796875
0.7117919921875,-1.0889892578125,3.787353515625,9.46044921875,210.26611328125,28.99169921875
0.9970703125,-0.8231201171875,3.700439453125,32.958984375,214.9658203125,47.79052734375
1.2989501953125,-0.584716796875,1.7442626953125,34.72900390625,222.47314453125,63.232421875
1.2762451171875,-0.83056640625,1.062255859375,23.92578125,234.0087890625,85.693359375
0.78369140625,-1.0233154296875,0.635986328125,11.23046875,248.22998046875,91.4306640625
0.9329833984375,-0.8900146484375,0.4583740234375,-2.0751953125,295.654296875,92.8955078125
1.8934326171875,-0.7833251953125,0.427734375,-4.21142578125,297.607421875,91.1865234375
0.9627685546875,-0.569580078125,0.51220703125,1.52587890625,308.59375,88.19580078125
-0.2686767578125,-0.37841796875,0.68359375,9.765625,315.4296875,86.12060546875
-0.3699951171875,-0.286865234375,0.874267578125,15.56396484375,320.4345703125,86.12060546875
-0.3736572265625,-0.31591796875,1.032470703125,22.5830078125,323.2421875,88.9892578125
-0.3719482421875,-0.405029296875,1.1522216796875,24.2919921875,324.64599609375,94.90966796875
-0.30615234375,-0.5155029296875,1.2152099609375,25.81787109375,326.2939453125,103.271484375
-0.218017578125,-0.5767822265625,1.2025146484375,23.92578125,327.94189453125,112.060546875
-0.1163330078125,-0.5587158203125,1.18359375,20.08056640625,329.4677734375,120.54443359375
0.0076904296875,-0.500732421875,1.16943359375,16.05224609375,328.61328125,129.2724609375
0.1182861328125,-0.3876953125,1.17431640625,12.3291015625,323.974609375,137.20703125
0.2275390625,-0.35986328125,1.21484375,9.765625,317.44384765625,145.81298828125
0.3504638671875,-0.351318359375,1.2889404296875,11.53564453125,309.6923828125,152.7099609375
0.529541015625,-0.3555908203125,1.398193359375,18.00537109375,304.01611328125,154.1748046875
0.5833740234375,-0.38037109375,1.540771484375,26.55029296875,298.583984375,149.35302734375
0.6356201171875,-0.4327392578125,1.6905517578125,35.5224609375,294.3115234375,141.17431640625
0.695068359375,-0.4979248046875,1.8311767578125,45.59326171875,287.9638671875,130.79833984375
0.76123046875,-0.5726318359375,1.96875,51.69677734375,275.87890625,119.7509765625
0.8311767578125,-0.6617431640625,2.10791015625,56.57958984375,252.25830078125,103.69873046875
0.9000244140625,-0.751220703125,2.2342529296875,54.74853515625,224.54833984375,71.35009765625
0.97802734375,-0.8372802734375,2.289794921875,40.6494140625,183.16650390625,23.49853515625
1.0611572265625,-0.940185546875,2.2122802734375,13.36669921875,132.4462890625,-25.5126953125
1.1280517578125,-1.05908203125,1.971923828125,-20.8740234375,62.01171875,-98.7548828125
1.2003173828125,-1.1583251953125,1.5780029296875,-54.26025390625,-28.13720703125,-117.5537109375
1.3192138671875,-1.1861572265625,1.0926513671875,-82.82470703125,-168.39599609375,-119.9951171875
1.5123291015625,-1.1094970703125,0.5516357421875,-88.07373046875,-191.10107421875,-150.634765625
1.7901611328125,-0.9287109375,0.0206298828125,-65.85693359375,-161.2548828125,-136.77978515625
2.1075439453125,-0.6802978515625,-0.5032958984375,-24.10888671875,-120.849609375,-86.3037109375
2.401123046875,-0.3773193359375,-1.17578125,51.94091796875,-120.17822265625,-24.4140625
2.6781005859375,0.0509033203125,-1.824951171875,71.83837890625,-226.13525390625,3.7841796875
2.9454345703125,0.428955078125,-2.125,86.9140625,-258.72802734375,-37.353515625
3.180419921875,0.4598388671875,-1.0181884765625,-5.126953125,-253.96728515625,-46.0205078125
3.4044189453125,0.3616943359375,0.52783203125,-118.0419921875,-238.6474609375,-30.70068359375
3.7310791015625,0.39111328125,2.164794921875,-51.6357421875,-227.9052734375,-19.59228515625
3.9703369140625,-0.1173095703125,2.1710205078125,-60.36376953125,-216.49169921875,-8.30078125
3.9549560546875,0.109619140625,0.7789306640625,-69.2138671875,-197.509765625,-14.5263671875
3.60791015625,-0.301513671875,-0.465576171875,-55.11474609375,-172.42431640625,-27.9541015625
2.892333984375,-1.433837890625,0.6275634765625,-77.0263671875,-133.97216796875,-29.6630859375
1.203369140625,-1.423095703125,2.4989013671875,-68.115234375,-94.90966796875,-21.66748046875
-0.308837890625,-0.77734375,2.4000244140625,-23.8037109375,-84.9609375,-13.36669921875
-1.3009033203125,-0.5062255859375,1.835693359375,6.04248046875,-71.83837890625,-8.056640625
-1.15185546875,-0.199951171875,1.7398681640625,44.37255859375,-49.01123046875,-5.37109375
0.650634765625,0.4183349609375,1.5294189453125,55.84716796875,-37.90283203125,-6.16455078125
1.188720703125,0.2626953125,1.3638916015625,54.99267578125,-28.9306640625,-4.94384765625
1.5032958984375,-0.7950439453125,1.6112060546875,52.79541015625,-20.751953125,-2.197265625
1.6790771484375,-1.3089599609375,1.4947509765625,29.4189453125,-14.5263671875,3.84521484375
1.439208984375,-0.74462890625,1.1080322265625,12.63427734375,-12.20703125,6.40869140625
1.362060546875,-0.0445556640625,1.2154541015625,13.24462890625,-13.97705078125,-4.45556640625
1.1656494140625,0.0477294921875,1.25927734375,12.3291015625,-15.19775390625,-4.94384765625
0.9840087890625,-0.41162109375,1.048583984375,6.89697265625,-8.23974609375,-5.55419921875
1.037109375,-0.5570068359375,0.9730224609375,-0.732421875,-12.451171875,-5.126953125
0.77587890625,-0.2232666015625,0.9434814453125,-4.7607421875,-11.77978515625,-4.2724609375
0.4449462890625,-0.2379150390625,0.9324951171875,-11.53564453125,-13.18359375,-4.08935546875
0.556396484375,-0.3837890625,0.9422607421875,-8.36181640625,-13.427734375,-4.69970703125
0.65283203125,-0.275390625,0.9256591796875,-10.55908203125,-14.2822265625,-5.37109375
0.525634765625,-0.2320556640625,0.9290771484375,-11.3525390625,-15.0146484375,-5.7373046875
0.4456787109375,-0.219970703125,0.8985595703125,-11.53564453125,-16.17431640625,-5.7373046875
0.4049072265625,-0.189208984375,0.8851318359375,-11.474609375,-16.90673828125,-5.859375
0.382568359375,-0.2408447265625,0.887451171875,-11.5966796875,-17.27294921875,-5.126953125
0.3543701171875,-0.318115234375,0.8995361328125,-11.53564453125,-16.54052734375,-4.2724609375
0.3656005859375,-0.3016357421875,0.8966064453125,-11.23046875,-14.892578125,-3.662109375
0.3699951171875,-0.2933349609375,0.892822265625,-10.498046875,-14.46533203125,-3.173828125
0.3489990234375,-0.2816162109375,0.888427734375,-9.27734375,-14.7705078125,-2.9296875
0.3515625,-0.2752685546875,0.888671875,-8.7890625,-15.44189453125,-2.74658203125
0.3553466796875,-0.2891845703125,0.8890380859375,-7.568359375,-16.29638671875,-2.01416015625
0.3636474609375,-0.30224609375,0.886474609375,-7.14111328125,-17.9443359375,-0.79345703125
0.3712158203125,-0.301025390625,0.891845703125,-7.26318359375,-20.69091796875,0.30517578125
0.3662109375,-0.3062744140625,0.8861083984375,-7.01904296875,-23.74267578125,1.28173828125
0.3623046875,-0.3114013671875,0.87451171875,-6.40869140625,-27.587890625,2.44140625
0.368408203125,-0.2974853515625,0.8795166015625,-5.7373046875,-31.92138671875,3.662109375
0.380126953125,-0.28564453125,0.884521484375,-6.28662109375,-37.841796875,2.0751953125
0.3896484375,-0.28662109375,0.8878173828125,-7.32421875,-73.66943359375,-1.220703125
0.4207763671875,-0.2843017578125,0.8929443359375,-9.1552734375,-84.28955078125,-5.859375
0.4263916015625,-0.2818603515625,0.892333984375,-11.41357421875,-93.81103515625,-11.16943359375
0.3980712890625,-0.2879638671875,0.8905029296875,-14.0380859375,-104.91943359375,-16.41845703125
0.39208984375,-0.2843017578125,0.8929443359375,-18.798828125,-116.2109375,-9.6435546875
0.4014892578125,-0.2713623046875,0.89208984375,-18.5546875,-141.90673828125,-6.04248046875
0.4017333984375,-0.26611328125,0.8873291015625,-18.12744140625,-163.87939453125,-1.52587890625
0.3953857421875,-0.26416015625,0.8934326171875,-13.97705078125,-195.4345703125,13.97705078125
0.4022216796875,-0.26513671875,0.8985595703125,-8.60595703125,-215.88134765625,38.26904296875
0.3983154296875,-0.268798828125,0.9127197265625,0.18310546875,-235.90087890625,47.607421875
0.395263671875,-0.2974853515625,0.9290771484375,-10.31494140625,-249.57275390625,25.32958984375
0.387451171875,-0.32080078125,0.9212646484375,-16.845703125,-282.65380859375,-17.88330078125
0.3865966796875,-0.3487548828125,0.9627685546875,-16.6015625,-341.61376953125,-75.62255859375
0.3974609375,-0.364990234375,1.01123046875,-14.34326171875,-411.9873046875,-111.02294921875
0.38232421875,-0.3643798828125,0.9969482421875,-27.4658203125,-469.1162109375,-131.77490234375
0.384765625,-0.2642822265625,0.9681396484375,-72.3876953125,-482.11669921875,-146.1181640625
0.39306640625,-0.2071533203125,0.9696044921875,-128.90625,-468.75,-139.58740234375
0.410888671875,-0.2344970703125,1.1168212890625,-177.55126953125,-444.76318359375,-137.39013671875
0.537841796875,-0.177978515625,1.6236572265625,-180.5419921875,-332.6416015625,-93.017578125
0.488525390625,0.0244140625,2.094970703125,-171.93603515625,-157.3486328125,-96.98486328125
0.415283203125,0.0162353515625,2.1021728515625,-157.28759765625,30.8837890625,-99.4873046875
0.336669921875,-0.406005859375,1.9967041015625,-135.1318359375,129.8828125,-101.86767578125
0.140625,-0.7581787109375,2.0587158203125,-91.00341796875,169.98291015625,-105.3466796875
0.2969970703125,-0.9134521484375,2.2757568359375,-106.01806640625,185.60791015625,-103.1494140625
0.7843017578125,-1.1014404296875,2.708984375,-10.92529296875,190.36865234375,-94.23828125
1.09326171875,-1.1708984375,3.2095947265625,6.7138671875,201.0498046875,-80.13916015625
1.2745361328125,-1.0269775390625,3.4412841796875,25.08544921875,210.8154296875,-64.697265625
1.241455078125,-0.91357421875,3.6622314453125,40.1611328125,218.994140625,-30.6396484375
0.973388671875,-0.52783203125,3.231201171875,60.97412109375,225.64697265625,9.94873046875
0.8994140625,-0.683837890625,2.1336669921875,73.42529296875,242.00439453125,28.9306640625
1.1231689453125,-1.1290283203125,1.447509765625,65.85693359375,265.68603515625,45.8984375
0.94140625,-0.8370361328125,1.0538330078125,46.38671875,275.5126953125,60.85205078125
1.3922119140625,-0.5941162109375,0.88037109375,27.099609375,283.02001953125,74.3408203125
1.455078125,-0.53662109375,0.796142578125,8.97216796875,289.306640625,85.26611328125
0.378173828125,-0.4544677734375,0.7203369140625,19.53125,295.71533203125,93.56689453125
-0.1842041015625,-0.32666015625,0.6954345703125,23.25439453125,301.94091796875,100.03662109375
-0.3321533203125,-0.224609375,0.847412109375,24.59716796875,306.5185546875,105.46875
-0.2469482421875,-0.2005615234375,0.9346923828125,23.37646484375,309.87548828125,110.29052734375
-0.1534423828125,-0.2752685546875,0.9295654296875,21.05712890625,312.8662109375,114.68505859375
-0.100830078125,-0.531982421875,0.9544677734375,19.04296875,315.36865234375,120.4833984375
-0.0745849609375,-0.6768798828125,1.02978515625,17.88330078125,315.61279296875,124.08447265625
-0.065673828125,-0.654541015625,1.11328125,15.31982421875,302.001953125,128.11279296875
0.06494140625,-0.6346435546875,1.16796875,11.23046875,293.701171875,132.14111328125
0.16552734375,-0.631591796875,1.210693359375,6.34765625,287.4755859375,139.16015625
0.220947265625,-0.6434326171875,1.2789306640625,1.8310546875,286.2548828125,147.64404296875
0.304443359375,-0.658203125,1.364501953125,-0.67138671875,288.4521484375,152.03857421875
0.4072265625,-0.658447265625,1.4412841796875,0.3662109375,293.02978515625,140.93017578125
0.5086669921875,-0.6470947265625,1.4896240234375,5.55419921875,280.94482421875,120.78857421875
0.5853271484375,-0.6405029296875,1.5706787109375,16.845703125,259.58251953125,91.6748046875
0.655029296875,-0.6392822265625,1.689453125,24.4140625,230.40771484375,45.7763671875
0.74267578125,-0.642333984375,1.9144287109375,28.80859375,194.2138671875,-8.97216796875
0.833740234375,-0.6851806640625,2.1990966796875,5.67626953125,161.0107421875,-53.955078125
0.9063720703125,-0.7470703125,2.3787841796875,-5.2490234375,117.919921875,-80.4443359375
0.951904296875,-0.880615234375,2.33544921875,-13.48876953125,43.45703125,-103.3935546875
0.998291015625,-1.03955078125,1.421142578125,-25.20751953125,-45.10498046875,-123.35205078125
1.0562744140625,-1.1033935546875,1.0390625,-48.33984375,-109.06982421875,-127.44140625
1.21240234375,-1.0250244140625,0.61328125,-71.2890625,-160.888671875,-111.6943359375
1.47314453125,-0.5360107421875,0.059326171875,-76.416015625,-95.88623046875,-66.71142578125
1.7501220703125,-0.39453125,-0.691162109375,-57.43408203125,-79.1015625,-28.3203125
1.9796142578125,-0.17822265625,-1.4697265625,-8.544921875,-204.1015625,14.2822265625
2.5462646484375,0.1893310546875,-1.9005126953125,47.2412109375,-249.0234375,-59.5703125
2.7994384765625,0.5582275390625,-1.9090576171875,26.42822265625,-228.21044921875,-25.45166015625
3.052734375,0.7320556640625,-1.489501953125,-113.525390625,-215.14892578125,-4.2724609375
3.435302734375,0.5889892578125,-0.7723388671875,-21.17919921875,-176.6357421875,-0.3662109375
3.8338623046875,0.136474609375,2.576171875,-22.03369140625,-176.513671875,-15.44189453125
3.972900390625,-0.3846435546875,0.955810546875,-50.10986328125,-150.57373046875,-26.42822265625
3.707763671875,-0.6405029296875,-0.936767578125,-50.35400390625,-124.08447265625,-14.404296875
3.216552734375,-1.684326171875,0.2952880859375,-26.4892578125,-90.576171875,-11.16943359375
2.87353515625,-1.54296875,2.633056640625,-11.962890625,-76.23291015625,-15.56396484375
2.74560546875,-0.4822998046875,1.9169921875,12.63427734375,-67.3828125,-13.48876953125
-1.47412109375,-0.1473388671875,1.506591796875,46.142578125,-55.419921875,-5.67626953125
-1.372314453125,0.1478271484375,1.038818359375,40.8935546875,-46.630859375,-4.150390625
0.103271484375,0.854736328125,1.2630615234375,35.15625,-28.01513671875,-4.57763671875
0.9844970703125,-1.6278076171875,1.643798828125,36.1328125,-18.00537109375,-3.41796875
1.5467529296875,-1.3072509765625,1.4642333984375,36.4990234375,-15.19775390625,-1.64794921875
1.404296875,-0.37841796875,1.1339111328125,29.78515625,-14.09912109375,0.54931640625
0.9747314453125,0.2939453125,1.158935546875,16.6015625,-15.56396484375,3.72314453125
0.64599609375,0.064697265625,1.2073974609375,8.7890625,-16.54052734375,2.01416015625
0.6612548828125,-0.5286865234375,1.078857421875,8.11767578125,-14.09912109375,-0.06103515625
0.932373046875,-0.52392578125,0.9766845703125,4.57763671875,-9.1552734375,-0.244140625
0.8328857421875,-0.20556640625,0.9488525390625,-0.3662109375,-6.591796875,-1.46484375
0.486572265625,-0.1961669921875,0.954833984375,-6.16455078125,-10.43701171875,-1.953125
0.5107421875,-0.2652587890625,0.9539794921875,-13.5498046875,-8.11767578125,-1.3427734375
0.565185546875,-0.2471923828125,0.9451904296875,-10.8642578125,-8.23974609375,-0.54931640625
0.455322265625,-0.2515869140625,0.932373046875,-12.02392578125,-9.21630859375,0.0
0.3973388671875,-0.235107421875,0.9185791015625,-14.46533203125,-11.29150390625,0.1220703125
0.3720703125,-0.188232421875,0.9188232421875,-13.5498046875,-12.63427734375,-0.48828125
0.35546875,-0.188232421875,0.926513671875,-12.39013671875,-13.5498046875,-1.52587890625
0.3458251953125,-0.292724609375,0.909912109375,-12.939453125,-14.09912109375,-2.86865234375
0.3375244140625,-0.31201171875,0.9044189453125,-13.12255859375,-14.22119140625,-4.0283203125
0.3282470703125,-0.2913818359375,0.904541015625,-12.5732421875,-14.6484375,-4.69970703125
0.382080078125,-0.3006591796875,0.902587890625,-12.5732421875,-15.0146484375,-4.5166015625
0.3831787109375,-0.2996826171875,0.9078369140625,-12.3291015625,-14.95361328125,-3.96728515625
0.3577880859375,-0.282958984375,0.9071044921875,-11.16943359375,-15.13671875,-3.11279296875
0.3499755859375,-0.2613525390625,0.90283203125,-9.82666015625,-15.5029296875,-3.2958984375
0.3624267578125,-0.25732421875,0.8984375,-8.9111328125,-14.7705078125,-3.72314453125
0.35986328125,-0.2685546875,0.8900146484375,-7.50732421875,-19.775390625,-3.23486328125
0.3538818359375,-0.280029296875,0.88232421875,-6.04248046875,-23.74267578125,-3.0517578125
0.3525390625,-0.2998046875,0.88037109375,-5.0048828125,-33.5693359375,-2.50244140625
0.3489990234375,-0.3199462890625,0.8809814453125,-4.82177734375,-39.9169921875,-1.64794921875
0.3465576171875,-0.32177734375,0.8839111328125,-4.82177734375,-47.4853515625,-1.8310546875
0.3509521484375,-0.313720703125,0.8848876953125,-5.615234375,-59.26513671875,-3.35693359375
0.354736328125,-0.304443359375,0.896728515625,-9.58251953125,-72.69287109375,-5.859375
0.357666015625,-0.2969970703125,0.9012451171875,-11.77978515625,-87.70751953125,-18.49365234375
0.3641357421875,-0.28955078125,0.904541015625,-15.19775390625,-102.72216796875,-19.287109375
0.375244140625,-0.2789306640625,0.9149169921875,-18.9208984375,-133.97216796875,-20.8740234375
0.3848876953125,-0.2877197265625,0.9173583984375,-23.01025390625,-156.982421875,10.80322265625
0.38623046875,-0.28076171875,0.9228515625,-27.9541015625,-173.88916015625,18.98193359375
0.4005126953125,-0.2520751953125,0.9228515625,-28.25927734375,-292.29736328125,-0.244140625
0.3427734375,-0.2498779296875,0.918701171875,-20.32470703125,-325.74462890625,-125.79345703125
0.3599853515625,-0.23388671875,0.9378662109375,-8.60595703125,-362.4267578125,-133.544921875
0.349609375,-0.242919921875,0.93603515625,-10.009765625,-486.2060546875,-150.20751953125
0.3675537109375,-0.25927734375,0.964599609375,-12.26806640625,-482.11669921875,-175.6591796875
0.35693359375,-0.269775390625,1.0164794921875,-55.60302734375,-473.93798828125,-124.3896484375
0.349853515625,-0.2821044921875,1.03564453125,-117.49267578125,-213.07373046875,-48.40087890625
0.3489990234375,-0.357421875,1.15673828125,-147.0947265625,-14.83154296875,-48.76708984375
0.34521484375,-0.3106689453125,1.5533447265625,-173.33984375,198.66943359375,-39.306640625
0.3309326171875,-0.300048828125,2.222900390625,-189.697265625,234.19189453125,-25.32958984375
0.3294677734375,-0.06689453125,1.8804931640625,-154.35791015625,236.328125,-7.87353515625
0.473876953125,-0.355224609375,2.163330078125,-66.162109375,237.36572265625,9.765625
0.5299072265625,-0.7022705078125,2.343994140625,-8.36181640625,241.69921875,40.771484375
0.208251953125,-1.0498046875,3.4034423828125,45.47119140625,249.51171875,51.20849609375
0.765625,-0.6419677734375,3.8353271484375,63.4765625,264.70947265625,58.16650390625
1.067138671875,-0.577880859375,2.7122802734375,62.68310546875,273.49853515625,61.8896484375
0.9710693359375,-0.8387451171875,1.12890625,53.40576171875,281.31103515625,63.90380859375
0.6854248046875,-1.3934326171875,0.7645263671875,42.66357421875,289.794921875,65.12451171875
0.748291015625,-1.0609130859375,0.60546875,36.0107421875,300.537109375,64.8193359375
1.5146484375,-0.777099609375,0.5927734375,38.14697265625,312.8662109375,62.80517578125
1.84619140625,-0.5557861328125,0.6905517578125,37.7197265625,324.52392578125,59.26513671875
0.0667724609375,-0.37646484375,0.886474609375,30.2734375,333.80126953125,56.884765625
-0.2772216796875,-0.30322265625,0.919921875,18.1884765625,336.7919921875,60.72998046875
-0.251708984375,-0.3521728515625,0.9383544921875,8.056640625,340.087890625,77.57568359375
-0.2200927734375,-0.453857421875,0.9935302734375,5.18798828125,340.6982421875,88.80615234375
-0.11767578125,-0.410400390625,1.0802001953125,6.04248046875,335.8154296875,101.1962890625
0.0048828125,-0.3226318359375,1.171875,10.3759765625,331.4208984375,114.2578125
0.1239013671875,-0.239990234375,1.249755859375,12.5732421875,326.904296875,127.13623046875
0.1724853515625,-0.2052001953125,1.307861328125,0.244140625,321.10595703125,139.6484375
0.234375,-0.23291015625,1.34814453125,-18.310546875,315.49072265625,153.62548828125
0.3427734375,-0.3045654296875,1.3809814453125,-18.73779296875,309.814453125,164.48974609375
0.4898681640625,-0.3837890625,1.49658203125,-12.51220703125,305.23681640625,169.86083984375
0.610595703125,-0.4404296875,1.7171630859375,0.30517578125,294.7998046875,168.45703125
0.6944580078125,-0.462646484375,1.914794921875,13.97705078125,277.34375,161.376953125
0.749755859375,-0.4888916015625,2.139404296875,21.17919921875,250.244140625,143.6767578125
0.7965087890625,-0.6558837890625,2.3394775390625,8.48388671875,215.14892578125,106.50634765625
0.857421875,-0.82470703125,2.420654296875,-13.0615234375,179.443359375,57.6171875
0.97216796875,-1.0328369140625,2.26416015625,-30.57861328125,131.103515625,8.30078125
1.0484619140625,-1.232666015625,1.9332275390625,-35.70556640625,61.46240234375,-34.912109375
1.1484375,-1.3465576171875,1.5897216796875,-30.21240234375,-39.0625,-73.54736328125
1.28076171875,-1.2506103515625,1.2540283203125,-40.0390625,-123.046875,-92.46826171875
1.47607421875,-0.9947509765625,0.868408203125,-62.01171875,-190.3076171875,-98.0224609375
1.74951171875,-0.8006591796875,0.385498046875,-85.75439453125,-221.5576171875,-109.55810546875
2.01513671875,-0.7406005859375,-0.293212890625,-73.91357421875,-190.00244140625,-120.91064453125
2.2130126953125,-0.6859130859375,-1.3304443359375,-32.8369140625,-131.65283203125,-67.07763671875
2.446533203125,-0.335205078125,-2.217529296875,31.55517578125,-77.5146484375,-49.9267578125
2.7564697265625,0.281005859375,-2.4822998046875,71.8994140625,-186.34033203125,-0.91552734375
3.0467529296875,0.766357421875,-2.046875,101.6845703125,-252.685546875,-19.34814453125
3.3636474609375,0.88525390625,-1.0836181640625,54.19921875,-232.91015625,-57.55615234375
3.77294921875,0.640869140625,0.2198486328125,-97.22900390625,-216.796875,-53.3447265625
3.9954833984375,0.10595703125,1.98486328125,-36.865234375,-215.88134765625,-26.611328125
3.9515380859375,-0.386474609375,3.076171875,2.13623046875,-202.1484375,-11.71875
3.6448974609375,-0.4305419921875,1.701171875,-66.2841796875,-196.4111328125,-32.71484375
3.0928955078125,-0.22021484375,-0.5394287109375,-34.3017578125,-202.1484375,-24.10888671875
2.732421875,-1.507080078125,-0.0716552734375,-63.4765625,-90.39306640625,-10.80322265625
1.8321533203125,-1.5582275390625,2.2080078125,-50.35400390625,-77.45361328125,-2.62451171875
-0.05224609375,-0.177978515625,2.6246337890625,-37.41455078125,-51.8798828125,-1.708984375
-1.3350830078125,0.0860595703125,1.89208984375,-8.72802734375,-20.263671875,-0.42724609375
-1.0162353515625,0.2247314453125,1.659912109375,62.19482421875,-11.8408203125,0.54931640625
0.2205810546875,0.6846923828125,1.3817138671875,54.5654296875,-7.99560546875,1.89208984375
1.0440673828125,0.712158203125,1.14111328125,29.052734375,-6.53076171875,4.21142578125
1.4019775390625,-0.564208984375,1.53076171875,10.07080078125,-8.7890625,6.591796875
