0.2686767578125,-0.266357421875,0.94189453125,-0.54931640625,-1.0986328125,-0.48828125
0.272216796875,-0.268310546875,0.942138671875,-0.48828125,-1.03759765625,-0.48828125
0.2718505859375,-0.27001953125,0.94140625,-0.42724609375,-1.03759765625,-0.48828125
0.26806640625,-0.270751953125,0.9422607421875,-0.42724609375,-1.03759765625,-0.48828125
0.26806640625,-0.2698974609375,0.9422607421875,-0.244140625,-1.15966796875,-0.54931640625
0.2706298828125,-0.2689208984375,0.9420166015625,-0.244140625,-1.52587890625,-0.54931640625
0.2718505859375,-0.26904296875,0.9415283203125,-0.18310546875,-1.8310546875,-0.42724609375
0.272705078125,-0.2696533203125,0.941650390625,-0.18310546875,-1.8310546875,-0.48828125
0.2711181640625,-0.2686767578125,0.942138671875,-0.3662109375,-1.64794921875,-0.42724609375
0.2720947265625,-0.27001953125,0.9412841796875,-0.67138671875,-1.3427734375,-0.3662109375
0.2740478515625,-0.2706298828125,0.940673828125,-0.8544921875,-1.220703125,-0.18310546875
0.2733154296875,-0.2694091796875,0.9398193359375,-0.8544921875,-1.03759765625,-0.06103515625
0.2720947265625,-0.2698974609375,0.939453125,-0.732421875,-0.9765625,0.0
0.273193359375,-0.27001953125,0.940185546875,-0.6103515625,-0.9765625,0.06103515625
0.273681640625,-0.2686767578125,0.9412841796875,-0.3662109375,-0.8544921875,0.18310546875
0.273193359375,-0.2666015625,0.9410400390625,-0.30517578125,-0.54931640625,0.244140625
0.274658203125,-0.2674560546875,0.94140625,-0.42724609375,-0.42724609375,0.30517578125
0.2738037109375,-0.2701416015625,0.941650390625,-0.30517578125,-0.30517578125,0.244140625
0.269775390625,-0.27001953125,0.9410400390625,-0.18310546875,-0.30517578125,0.30517578125
0.2689208984375,-0.2718505859375,0.9407958984375,-0.244140625,-0.30517578125,0.3662109375
0.2750244140625,-0.27197265625,0.940185546875,-0.244140625,-0.244140625,0.30517578125
0.2772216796875,-0.2711181640625,0.941162109375,0.0,-0.30517578125,0.244140625
0.2791748046875,-0.2703857421875,0.941650390625,0.1220703125,-0.244140625,0.18310546875
0.2777099609375,-0.2701416015625,0.9400634765625,0.30517578125,-0.42724609375,0.244140625
0.2786865234375,-0.2713623046875,0.9400634765625,0.30517578125,-0.3662109375,0.30517578125
0.27978515625,-0.270751953125,0.9404296875,0.30517578125,-0.3662109375,0.244140625
0.278564453125,-0.269775390625,0.9407958984375,0.244140625,-0.42724609375,0.42724609375
0.2796630859375,-0.2701416015625,0.94140625,0.1220703125,-0.244140625,0.42724609375
0.28125,-0.270263671875,0.940673828125,0.18310546875,-0.1220703125,0.67138671875
0.2808837890625,-0.2708740234375,0.9410400390625,0.18310546875,0.18310546875,0.79345703125
0.2791748046875,-0.270751953125,0.9400634765625,0.18310546875,0.244140625,1.03759765625
0.2774658203125,-0.2708740234375,0.9400634765625,0.3662109375,0.67138671875,1.89208984375
0.2777099609375,-0.2716064453125,0.940185546875,0.54931640625,2.25830078125,2.99072265625
0.279541015625,-0.2708740234375,0.9398193359375,0.244140625,4.638671875,3.11279296875
0.27783203125,-0.2694091796875,0.940185546875,0.18310546875,6.04248046875,3.60107421875
0.278076171875,-0.2691650390625,0.9410400390625,0.244140625,7.99560546875,4.33349609375
0.2769775390625,-0.2696533203125,0.941162109375,0.79345703125,10.25390625,4.69970703125
0.27734375,-0.270263671875,0.9425048828125,0.67138671875,11.41357421875,5.615234375
0.2784423828125,-0.27001953125,0.943359375,-0.18310546875,12.20703125,6.4697265625
0.27783203125,-0.2698974609375,0.942138671875,-1.28173828125,12.939453125,6.7138671875
0.2779541015625,-0.26953125,0.9453125,-3.47900390625,15.5029296875,7.38525390625
0.2791748046875,-0.2711181640625,0.9556884765625,-5.615234375,19.04296875,7.9345703125
0.2811279296875,-0.26904296875,0.9603271484375,-4.638671875,22.8271484375,7.9345703125
0.2828369140625,-0.265869140625,0.964111328125,-5.859375,27.587890625,6.7138671875
0.283935546875,-0.279296875,0.9715576171875,-10.43701171875,30.2734375,5.0048828125
0.2879638671875,-0.281494140625,0.972900390625,-15.07568359375,30.45654296875,4.94384765625
0.29345703125,-0.2725830078125,0.9591064453125,-21.42333984375,30.45654296875,5.18798828125
0.30224609375,-0.2760009765625,0.97509765625,-24.35302734375,31.79931640625,4.45556640625
0.304443359375,-0.284423828125,1.0120849609375,-24.4140625,30.76171875,4.45556640625
0.3050537109375,-0.2763671875,1.0218505859375,-14.46533203125,31.73828125,4.33349609375
0.305908203125,-0.2724609375,1.0316162109375,-12.3291015625,32.3486328125,3.90625
0.303466796875,-0.26171875,1.016845703125,-7.080078125,29.47998046875,3.60107421875
0.2904052734375,-0.25341796875,0.982666015625,-1.77001953125,26.67236328125,3.173828125
0.2882080078125,-0.2774658203125,0.937744140625,-1.15966796875,23.13232421875,2.685546875
0.3291015625,-0.29296875,0.943359375,0.06103515625,18.00537109375,1.89208984375
0.334228515625,-0.288818359375,0.9703369140625,1.89208984375,13.12255859375,0.79345703125
0.3123779296875,-0.2969970703125,0.9525146484375,1.5869140625,7.99560546875,-0.244140625
0.29541015625,-0.2984619140625,0.957763671875,2.197265625,2.44140625,-0.8544921875
0.2421875,-0.313232421875,0.950927734375,3.60107421875,-1.89208984375,-2.0751953125
0.22900390625,-0.3060302734375,0.9056396484375,4.7607421875,-9.6435546875,-2.38037109375
0.2177734375,-0.31298828125,0.8818359375,6.77490234375,-13.48876953125,-2.99072265625
0.224365234375,-0.3131103515625,0.8642578125,9.21630859375,-18.00537109375,-4.39453125
0.217041015625,-0.2899169921875,0.845703125,10.986328125,-24.59716796875,-6.9580078125
0.207275390625,-0.291259765625,0.8441162109375,14.58740234375,-31.31103515625,-9.6435546875
0.1951904296875,-0.3033447265625,0.8514404296875,15.93017578125,-37.2314453125,-14.5263671875
0.1630859375,-0.3050537109375,0.859130859375,17.08984375,-46.38671875,-23.01025390625
0.135498046875,-0.3094482421875,0.86767578125,18.06640625,-56.884765625,-40.95458984375
0.113037109375,-0.310791015625,0.8858642578125,16.90673828125,-70.4345703125,-87.158203125
0.0906982421875,-0.3109130859375,0.891845703125,13.97705078125,-99.853515625,-112.548828125
0.0804443359375,-0.31103515625,0.8828125,12.51220703125,-108.09326171875,-135.43701171875
0.08251953125,-0.28515625,0.8514404296875,14.0380859375,-86.42578125,-129.82177734375
0.09130859375,-0.27099609375,0.85791015625,19.47021484375,-67.7490234375,-120.361328125
0.0994873046875,-0.2620849609375,0.8968505859375,-5.9814453125,-49.01123046875,-101.9287109375
0.1109619140625,-0.2562255859375,0.8883056640625,10.8642578125,-35.70556640625,-80.078125
0.1163330078125,-0.2662353515625,0.862548828125,26.611328125,-12.20703125,-33.3251953125
0.1092529296875,-0.2774658203125,0.96728515625,29.84619140625,25.69580078125,19.287109375
0.0716552734375,-0.2650146484375,1.9088134765625,18.310546875,63.96484375,41.68701171875
0.0302734375,-0.2843017578125,1.9681396484375,4.08935546875,79.04052734375,62.01171875
0.0003662109375,-0.406005859375,1.8863525390625,-14.34326171875,93.56689453125,78.0029296875
-0.0333251953125,-0.23974609375,1.65087890625,-34.85107421875,102.96630859375,92.529296875
-0.0892333984375,-0.63818359375,1.4281005859375,-40.52734375,105.95703125,120.4833984375
-0.224365234375,-0.8282470703125,1.2701416015625,-33.69140625,94.1162109375,126.28173828125
-0.029052734375,-0.787353515625,1.1810302734375,-25.146484375,85.75439453125,132.01904296875
-0.203857421875,-0.7662353515625,1.1214599609375,-17.578125,82.33642578125,150.45166015625
-0.5009765625,-0.765380859375,1.2249755859375,-17.333984375,122.25341796875,156.005859375
-0.8145751953125,-0.782958984375,1.2900390625,-17.76123046875,123.35205078125,158.5693359375
-1.1014404296875,-0.63232421875,1.3265380859375,-19.775390625,131.40869140625,158.63037109375
-1.2777099609375,-0.581298828125,1.301025390625,-22.705078125,136.474609375,153.62548828125
-1.4010009765625,-0.55322265625,1.2186279296875,-14.892578125,133.60595703125,144.6533203125
-1.541748046875,-0.502197265625,1.0931396484375,9.82666015625,130.43212890625,43.02978515625
-1.422119140625,-0.443115234375,1.173583984375,18.73779296875,43.39599609375,24.23095703125
-1.2874755859375,-0.3902587890625,1.4078369140625,20.5078125,51.3916015625,-13.97705078125
-1.1339111328125,-0.41748046875,1.687744140625,22.0947265625,70.25146484375,-30.70068359375
-1.0113525390625,-0.482421875,1.8209228515625,16.29638671875,64.453125,-46.7529296875
-0.904052734375,-0.607421875,1.715576171875,-1.708984375,42.1142578125,-61.4013671875
-0.458251953125,-0.787353515625,1.51708984375,18.37158203125,11.41357421875,-87.58544921875
-0.2469482421875,-0.9307861328125,1.2847900390625,24.0478515625,-22.216796875,-100.341796875
0.0228271484375,-0.8140869140625,1.073974609375,14.22119140625,-164.0625,-98.93798828125
0.3372802734375,-0.652587890625,0.9449462890625,4.7607421875,-191.40625,-76.66015625
0.65576171875,-0.4947509765625,0.969970703125,5.31005859375,-177.24609375,-28.80859375
0.7413330078125,-0.33984375,0.4732666015625,11.474609375,-179.8095703125,-17.88330078125
0.7935791015625,-0.165283203125,0.0360107421875,31.6162109375,-188.4765625,-40.34423828125
0.800537109375,-0.152099609375,-0.33251953125,24.96337890625,-178.16162109375,-42.3583984375
0.7899169921875,0.0904541015625,-0.5689697265625,-38.6962890625,-135.92529296875,-21.6064453125
1.521484375,0.101806640625,-0.6209716796875,-27.40478515625,-123.47412109375,-4.150390625
1.7657470703125,0.014404296875,-0.3282470703125,-19.53125,-105.40771484375,2.74658203125
2.0316162109375,-0.1046142578125,0.4364013671875,-14.34326171875,-92.83447265625,-3.23486328125
1.985107421875,-0.2158203125,1.5386962890625,0.6103515625,-81.84814453125,-11.962890625
1.8822021484375,0.1064453125,1.5035400390625,4.08935546875,-64.208984375,-12.51220703125
1.7481689453125,-0.70654296875,1.66650390625,4.08935546875,-50.29296875,-7.6904296875
1.4969482421875,-1.5360107421875,2.090087890625,5.06591796875,-35.94970703125,-7.62939453125
-0.799072265625,-1.0364990234375,2.0338134765625,6.591796875,-20.5078125,-6.04248046875
-1.18017578125,-0.22607421875,1.5015869140625,8.48388671875,-10.68115234375,-1.40380859375
0.71875,0.2659912109375,1.0872802734375,20.01953125,0.79345703125,2.13623046875
1.0223388671875,-0.470703125,0.9910888671875,23.37646484375,-3.96728515625,2.13623046875
0.958984375,-0.9300537109375,1.29150390625,25.93994140625,-8.1787109375,4.08935546875
1.089599609375,-0.7864990234375,1.4825439453125,22.76611328125,-5.7373046875,3.5400390625
1.123046875,-0.3402099609375,1.2518310546875,4.638671875,-6.77490234375,3.2958984375
0.6854248046875,-0.0400390625,1.146484375,-15.380859375,-6.7138671875,2.99072265625
0.2542724609375,-0.0352783203125,1.1845703125,-17.27294921875,-5.79833984375,2.50244140625
0.15771484375,-0.3570556640625,1.0693359375,-11.16943359375,-5.31005859375,-0.30517578125
0.386962890625,-0.5928955078125,0.97509765625,-4.2724609375,-5.615234375,-1.77001953125
0.5096435546875,-0.3477783203125,0.9686279296875,-1.89208984375,-5.859375,-2.99072265625
0.4129638671875,-0.156494140625,0.9864501953125,0.3662109375,-7.01904296875,-3.60107421875
0.3759765625,-0.2164306640625,0.9661865234375,0.67138671875,-8.544921875,-4.638671875
0.412109375,-0.250244140625,0.9498291015625,0.91552734375,-12.63427734375,-5.2490234375
0.3616943359375,-0.2440185546875,0.9630126953125,4.94384765625,-13.671875,-5.4931640625
0.26025390625,-0.2666015625,0.9591064453125,6.8359375,-15.13671875,-5.67626953125
0.2137451171875,-0.2586669921875,0.944091796875,7.2021484375,-16.7236328125,-6.65283203125
0.2286376953125,-0.2574462890625,0.9417724609375,0.30517578125,-17.02880859375,-8.7890625
0.2232666015625,-0.262451171875,0.9488525390625,-2.44140625,-27.83203125,-9.3994140625
0.214111328125,-0.27978515625,0.9461669921875,-3.41796875,-20.08056640625,-5.55419921875
0.2239990234375,-0.3038330078125,0.9464111328125,-7.38525390625,-8.97216796875,-6.103515625
0.2236328125,-0.2886962890625,0.93798828125,-8.4228515625,-13.427734375,-6.04248046875
0.2158203125,-0.27978515625,0.9434814453125,6.591796875,-11.65771484375,-6.9580078125
0.2218017578125,-0.270751953125,0.949951171875,14.404296875,-12.26806640625,-7.6904296875
0.22265625,-0.2667236328125,0.927001953125,-12.26806640625,-14.34326171875,-7.4462890625
0.214111328125,-0.2669677734375,0.98095703125,-10.31494140625,-15.44189453125,-6.77490234375
0.223388671875,-0.274658203125,0.95068359375,-15.93017578125,-15.625,-5.79833984375
0.2139892578125,-0.2667236328125,0.987060546875,-15.625,-16.66259765625,-5.0048828125
0.2220458984375,-0.301513671875,0.9287109375,-13.916015625,-18.98193359375,-4.8828125
0.234375,-0.2979736328125,0.9544677734375,-12.26806640625,-22.64404296875,-4.82177734375
0.2481689453125,-0.2928466796875,0.92578125,-11.23046875,-30.517578125,-3.47900390625
0.2373046875,-0.248779296875,0.9373779296875,-11.29150390625,-31.6162109375,-0.8544921875
0.258056640625,-0.2733154296875,0.93408203125,-11.8408203125,-37.53662109375,1.5869140625
0.2926025390625,-0.2645263671875,0.935302734375,-12.8173828125,-44.61669921875,6.103515625
0.2784423828125,-0.28271484375,0.9376220703125,-15.9912109375,-65.12451171875,6.89697265625
0.2640380859375,-0.2772216796875,0.9332275390625,-17.4560546875,-76.7822265625,7.87353515625
0.2557373046875,-0.2733154296875,0.93310546875,-18.1884765625,-82.82470703125,4.8828125
0.2540283203125,-0.277587890625,0.9327392578125,-20.32470703125,-85.26611328125,1.03759765625
0.2635498046875,-0.2744140625,0.94189453125,-24.10888671875,-88.9892578125,-7.75146484375
0.2733154296875,-0.27001953125,0.9468994140625,-27.587890625,-93.56689453125,-20.5078125
0.2802734375,-0.2628173828125,0.9384765625,-34.60693359375,-107.11669921875,-29.1748046875
0.278076171875,-0.244384765625,0.9356689453125,-35.15625,-124.45068359375,-28.99169921875
0.2586669921875,-0.239990234375,0.94775390625,-34.11865234375,-141.41845703125,-30.57861328125
0.239990234375,-0.244140625,0.9405517578125,-34.85107421875,-155.2734375,-38.2080078125
0.291748046875,-0.2498779296875,0.9346923828125,-38.330078125,-165.10009765625,-26.611328125
0.3114013671875,-0.252685546875,0.9696044921875,-42.1142578125,-229.3701171875,-48.4619140625
0.2823486328125,-0.2586669921875,0.986083984375,-45.95947265625,-338.7451171875,-87.82958984375
0.2822265625,-0.304931640625,0.9964599609375,-54.26025390625,-407.89794921875,-153.01513671875
0.2744140625,-0.3585205078125,1.0458984375,-58.2275390625,-458.251953125,-165.6494140625
0.268310546875,-0.4154052734375,1.1090087890625,-70.068359375,-479.18701171875,-150.32958984375
0.2835693359375,-0.4815673828125,1.0806884765625,-101.1962890625,-402.7099609375,-126.89208984375
0.318115234375,-0.4669189453125,1.003173828125,-137.8173828125,-192.87109375,-101.74560546875
0.373779296875,-0.3892822265625,1.021728515625,-137.939453125,1.5869140625,-76.0498046875
0.46533203125,-0.2874755859375,1.21484375,-88.92822265625,97.65625,-77.69775390625
0.4947509765625,-0.2965087890625,1.5394287109375,-86.12060546875,129.7607421875,-68.54248046875
0.4356689453125,-0.1934814453125,2.062255859375,-90.39306640625,157.1044921875,-63.232421875
0.3624267578125,-0.2410888671875,2.0040283203125,-40.8935546875,163.0859375,-53.7109375
0.314697265625,-0.4085693359375,2.1456298828125,3.72314453125,176.1474609375,-42.48046875
0.098388671875,-0.86181640625,2.504638671875,4.45556640625,183.04443359375,-30.1513671875
0.1385498046875,-0.986328125,3.27783203125,5.92041015625,188.17138671875,-17.02880859375
0.1378173828125,-0.84765625,3.8294677734375,24.0478515625,200.68359375,-4.638671875
0.688720703125,-0.388671875,3.5447998046875,41.3818359375,208.8623046875,6.65283203125
0.8416748046875,-1.0677490234375,2.3165283203125,51.20849609375,220.458984375,16.4794921875
0.3228759765625,-1.4783935546875,1.3426513671875,48.4619140625,236.2060546875,36.68212890625
0.2847900390625,-0.98681640625,0.9881591796875,40.83251953125,268.98193359375,43.88427734375
1.123291015625,-0.64208984375,0.83642578125,40.46630859375,283.02001953125,48.27880859375
1.32275390625,-0.5283203125,0.85400390625,39.00146484375,295.83740234375,48.15673828125
0.0435791015625,-0.477783203125,0.8443603515625,29.78515625,307.12890625,44.43359375
-0.388916015625,-0.408203125,0.8468017578125,17.2119140625,314.697265625,39.97802734375
-0.5478515625,-0.3870849609375,0.8773193359375,14.95361328125,319.7021484375,34.7900390625
-0.4482421875,-0.34619140625,0.908203125,11.1083984375,322.44873046875,38.4521484375
-0.298095703125,-0.3330078125,0.9630126953125,7.080078125,318.603515625,45.59326171875
-0.239990234375,-0.3319091796875,1.1646728515625,2.197265625,310.85205078125,55.84716796875
-0.203857421875,-0.330810546875,1.2337646484375,-4.94384765625,299.6826171875,67.81005859375
-0.180419921875,-0.3380126953125,1.2647705078125,-19.775390625,288.02490234375,80.62744140625
-0.150146484375,-0.352783203125,1.2724609375,-21.6064453125,278.9306640625,96.00830078125
-0.086669921875,-0.3289794921875,1.271728515625,-21.30126953125,275.57373046875,113.037109375
-0.00537109375,-0.278564453125,1.302490234375,-17.9443359375,276.06201171875,129.39453125
0.1802978515625,-0.233642578125,1.43017578125,-13.00048828125,277.099609375,145.6298828125
0.275634765625,-0.202880859375,1.4410400390625,-7.6904296875,273.92578125,159.7900390625
0.370361328125,-0.2064208984375,1.462890625,-6.04248046875,267.02880859375,174.37744140625
0.4552001953125,-0.3961181640625,1.54541015625,-8.544921875,263.427734375,192.9931640625
0.526123046875,-0.4969482421875,1.708984375,-12.451171875,256.591796875,210.87646484375
0.596923828125,-0.6097412109375,1.929931640625,-16.11328125,239.31884765625,221.3134765625
0.73974609375,-0.738037109375,2.1468505859375,-15.869140625,208.740234375,220.52001953125
0.7442626953125,-0.874755859375,2.282958984375,-18.5546875,171.142578125,192.68798828125
0.73095703125,-1.003173828125,2.2935791015625,-27.587890625,141.54052734375,128.2958984375
0.7230224609375,-1.1016845703125,2.196044921875,-37.7197265625,106.93359375,47.05810546875
0.7523193359375,-1.178955078125,2.0281982421875,-33.87451171875,51.45263671875,-25.20751953125
0.8331298828125,-1.2464599609375,1.8387451171875,-18.37158203125,-25.57373046875,-70.49560546875
0.9593505859375,-1.3134765625,1.6275634765625,-13.671875,-104.3701171875,-91.30859375
1.10986328125,-1.3446044921875,1.364990234375,-43.212890625,-142.76123046875,-100.76904296875
1.267578125,-1.25830078125,0.983642578125,-67.81005859375,-155.2734375,-100.03662109375
1.429931640625,-1.065185546875,0.53173828125,-60.60791015625,-139.22119140625,-126.03759765625
1.6383056640625,-0.903564453125,-0.0833740234375,-11.3525390625,-105.28564453125,-94.42138671875
1.8916015625,-0.7618408203125,-0.8887939453125,36.19384765625,-281.67724609375,-46.08154296875
2.1248779296875,-0.336181640625,-1.5018310546875,86.9140625,-259.46044921875,-43.701171875
2.3843994140625,0.43701171875,-1.643310546875,82.8857421875,-281.8603515625,-54.19921875
2.72900390625,1.1273193359375,-1.353515625,-8.23974609375,-212.40234375,-38.818359375
3.1768798828125,1.3388671875,-0.65087890625,39.306640625,-202.63671875,-14.5263671875
3.70947265625,0.9019775390625,0.6861572265625,-37.04833984375,-190.24658203125,2.01416015625
3.9925537109375,0.18115234375,2.3238525390625,20.6298828125,-145.1416015625,-11.71875
3.9644775390625,-0.39697265625,2.3529052734375,-70.37353515625,-102.96630859375,-12.63427734375
3.580810546875,0.2073974609375,-0.5736083984375,-56.5185546875,-84.716796875,-8.36181640625
3.00390625,0.13671875,1.073486328125,-36.92626953125,-21.8505859375,-8.36181640625
2.6331787109375,-1.2991943359375,2.2576904296875,-23.13232421875,-15.68603515625,-7.8125
0.3009033203125,-0.8248291015625,1.892578125,4.45556640625,-8.36181640625,-4.7607421875
-1.1005859375,-0.91650390625,1.927978515625,29.296875,-2.5634765625,-2.86865234375
-1.236328125,0.559814453125,1.4510498046875,19.59228515625,-2.86865234375,-0.91552734375
0.8349609375,-0.2957763671875,1.61474609375,18.4326171875,-1.708984375,1.0986328125
0.9248046875,-1.427001953125,2.019287109375,10.1318359375,-0.54931640625,2.8076171875
1.226806640625,-1.2940673828125,1.5084228515625,6.7138671875,-14.70947265625,4.0283203125
1.0458984375,-0.33203125,1.0328369140625,4.8828125,-10.55908203125,3.2958984375
1.0865478515625,0.22900390625,1.0074462890625,-0.91552734375,-10.25390625,2.99072265625
0.8255615234375,-0.247802734375,0.9747314453125,-3.90625,-5.0048828125,2.13623046875
0.8719482421875,-0.4044189453125,0.987548828125,-19.83642578125,-2.13623046875,0.42724609375
0.826904296875,-0.3240966796875,0.9908447265625,-22.88818359375,-3.96728515625,-0.6103515625
0.3486328125,-0.2230224609375,0.9656982421875,-14.46533203125,-2.9296875,-1.3427734375
0.323974609375,-0.2451171875,0.937255859375,-9.033203125,-2.86865234375,-1.40380859375
0.28955078125,-0.208740234375,0.947998046875,-4.5166015625,-3.2958984375,-1.220703125
0.2991943359375,-0.192138671875,0.9498291015625,0.30517578125,-4.39453125,-1.03759765625
0.276611328125,-0.205078125,0.97021484375,-0.06103515625,-6.16455078125,-1.15966796875
0.247802734375,-0.2569580078125,0.955810546875,1.708984375,-8.48388671875,-1.64794921875
0.241943359375,-0.2862548828125,0.956787109375,3.41796875,-9.8876953125,-2.38037109375
0.234375,-0.3095703125,0.94970703125,3.7841796875,-11.1083984375,-3.35693359375
0.2379150390625,-0.298828125,0.937255859375,2.8076171875,-11.90185546875,-4.21142578125
0.250732421875,-0.29833984375,0.937255859375,2.25830078125,-12.5732421875,-4.7607421875
0.2635498046875,-0.2999267578125,0.9344482421875,0.8544921875,-12.75634765625,-4.94384765625
0.2738037109375,-0.29541015625,0.9337158203125,-0.79345703125,-14.83154296875,-5.37109375
0.2589111328125,-0.293701171875,0.934814453125,-1.8310546875,-17.63916015625,-5.0048828125
0.24462890625,-0.288330078125,0.9361572265625,-2.38037109375,-16.357421875,-4.45556640625
0.2369384765625,-0.2784423828125,0.934814453125,-3.41796875,-17.578125,-4.08935546875
0.2325439453125,-0.2691650390625,0.932373046875,-10.25390625,-18.37158203125,-3.173828125
0.2318115234375,-0.264404296875,0.929931640625,-8.72802734375,-19.6533203125,-2.38037109375
0.23291015625,-0.267333984375,0.9293212890625,-9.033203125,-20.8740234375,-2.25830078125
0.230712890625,-0.2777099609375,0.918212890625,-9.70458984375,-23.4375,-2.0751953125
0.224609375,-0.283447265625,0.929443359375,-11.3525390625,-26.0009765625,-2.3193359375
0.2259521484375,-0.282958984375,0.9417724609375,-12.75634765625,-29.96826171875,-2.5634765625
0.231689453125,-0.271728515625,0.9393310546875,-13.00048828125,-36.7431640625,-3.41796875
0.2342529296875,-0.2708740234375,0.927001953125,-11.65771484375,-41.44287109375,-3.5400390625
0.2401123046875,-0.272216796875,0.931396484375,-11.53564453125,-44.86083984375,-3.23486328125
0.24755859375,-0.2650146484375,0.9327392578125,-12.5732421875,-53.03955078125,-4.33349609375
0.2484130859375,-0.271240234375,0.936279296875,-14.34326171875,-65.24658203125,-7.38525390625
0.260986328125,-0.275390625,0.9361572265625,-16.9677734375,-79.40673828125,-10.07080078125
0.27587890625,-0.2745361328125,0.93017578125,-18.12744140625,-92.22412109375,-12.75634765625
0.2635498046875,-0.289306640625,0.9285888671875,-19.34814453125,-97.16796875,-16.29638671875
0.2598876953125,-0.286865234375,0.931884765625,-19.6533203125,-101.25732421875,-21.54541015625
0.26611328125,-0.274169921875,0.94873046875,-18.85986328125,-109.80224609375,-26.3671875
0.2745361328125,-0.2662353515625,0.955322265625,-20.1416015625,-122.98583984375,-32.77587890625
0.270263671875,-0.2677001953125,0.9527587890625,-27.77099609375,-138.427734375,-34.423828125
0.2529296875,-0.2645263671875,0.9573974609375,-31.79931640625,-149.2919921875,-33.99658203125
0.2227783203125,-0.2528076171875,0.9708251953125,-37.04833984375,-165.4052734375,-32.958984375
0.2110595703125,-0.2655029296875,0.947509765625,-40.52734375,-199.8291015625,-24.2919921875
0.2772216796875,-0.2890625,0.9326171875,-49.4384765625,-228.21044921875,-23.25439453125
0.3065185546875,-0.314453125,0.9805908203125,-58.10546875,-255.0048828125,-40.4052734375
0.2579345703125,-0.3271484375,1.0406494140625,-61.767578125,-322.08251953125,-82.8857421875
0.2646484375,-0.3489990234375,1.0765380859375,-50.29296875,-398.25439453125,-128.173828125
0.2640380859375,-0.4007568359375,1.068359375,-64.3310546875,-453.9794921875,-158.02001953125
0.2452392578125,-0.4130859375,1.0557861328125,-94.23828125,-483.88671875,-180.7861328125
0.326904296875,-0.3897705078125,1.1146240234375,-114.74609375,-484.31396484375,-162.29248046875
0.4078369140625,-0.333251953125,1.077392578125,-137.5732421875,-424.6826171875,-153.50341796875
0.431396484375,-0.2799072265625,1.06005859375,-127.8076171875,-230.8349609375,-117.85888671875
0.5106201171875,-0.2947998046875,1.4697265625,-89.29443359375,-18.98193359375,-83.19091796875
0.4554443359375,-0.087158203125,1.9578857421875,-115.6005859375,101.5625,-77.1484375
0.4022216796875,-0.0572509765625,2.1627197265625,-98.20556640625,135.25390625,-62.56103515625
0.5240478515625,-0.38330078125,2.114501953125,-74.3408203125,172.91259765625,-50.048828125
0.0322265625,-0.689453125,2.01708984375,-34.66796875,185.05859375,-37.78076171875
-0.24365234375,-0.9547119140625,2.1414794921875,14.404296875,193.4814453125,-25.634765625
0.088134765625,-1.0511474609375,2.3673095703125,21.78955078125,201.416015625,-11.8408203125
0.3375244140625,-1.0301513671875,3.2073974609375,30.3955078125,208.31298828125,2.01416015625
0.6627197265625,-0.3714599609375,3.8486328125,52.490234375,213.9892578125,15.07568359375
0.86962890625,-0.3365478515625,3.6719970703125,64.27001953125,221.86279296875,28.1982421875
0.6195068359375,-1.043701171875,2.5447998046875,61.34033203125,231.0791015625,39.9169921875
0.073974609375,-1.4613037109375,1.50146484375,51.57470703125,242.73681640625,50.4150390625
0.1258544921875,-1.131591796875,1.026123046875,43.0908203125,252.74658203125,57.7392578125
1.2828369140625,-0.80322265625,0.7230224609375,39.12353515625,261.29150390625,61.6455078125
1.4439697265625,-0.7315673828125,0.6468505859375,40.4052734375,271.54541015625,62.3779296875
0.1405029296875,-0.62255859375,0.639404296875,40.1611328125,282.5927734375,60.48583984375
-0.437744140625,-0.410400390625,0.6846923828125,41.07666015625,294.43359375,57.18994140625
-0.54541015625,-0.3118896484375,0.782958984375,40.52734375,304.26025390625,53.40576171875
-0.4501953125,-0.2772216796875,0.8739013671875,37.65869140625,310.9130859375,50.23193359375
-0.372802734375,-0.3134765625,0.9315185546875,34.1796875,314.75830078125,48.7060546875
-0.2869873046875,-0.388916015625,0.9755859375,30.70068359375,317.19970703125,50.048828125
-0.210693359375,-0.44482421875,1.0263671875,26.79443359375,318.603515625,54.26025390625
-0.1688232421875,-0.440673828125,1.1064453125,22.0947265625,318.78662109375,60.791015625
-0.127685546875,-0.391357421875,1.2041015625,16.4794921875,315.91796875,69.3359375
-0.069091796875,-0.33447265625,1.2698974609375,10.55908203125,311.70654296875,79.345703125
-0.011962890625,-0.2991943359375,1.299072265625,5.0048828125,306.09130859375,90.39306640625
0.042724609375,-0.2982177734375,1.330322265625,-0.79345703125,299.6826171875,101.25732421875
0.1197509765625,-0.3126220703125,1.3765869140625,-5.43212890625,291.748046875,111.083984375
0.22314453125,-0.3240966796875,1.4478759765625,-8.7890625,285.0341796875,119.0185546875
0.3280029296875,-0.341796875,1.540283203125,-8.85009765625,283.8134765625,125.244140625
0.4041748046875,-0.3843994140625,1.6270751953125,-7.2021484375,282.8369140625,131.591796875
0.448486328125,-0.45751953125,1.7093505859375,-2.13623046875,283.26416015625,140.5029296875
0.4918212890625,-0.5426025390625,1.8126220703125,2.3193359375,277.9541015625,149.96337890625
0.5474853515625,-0.6221923828125,1.942138671875,2.685546875,266.29638671875,155.76171875
0.59765625,-0.69287109375,2.09765625,0.9765625,241.39404296875,156.06689453125
0.6409912109375,-0.7802734375,2.260986328125,-10.7421875,207.763671875,140.68603515625
0.6761474609375,-0.882568359375,2.36865234375,-33.935546875,176.69677734375,98.20556640625
0.70361328125,-0.9830322265625,2.398681640625,-53.64990234375,131.65283203125,36.2548828125
0.742919921875,-1.09912109375,2.287353515625,-57.4951171875,63.96484375,-18.98193359375
0.7950439453125,-1.2193603515625,2.0384521484375,-47.2412109375,-18.5546875,-55.17578125
0.8680419921875,-1.306884765625,1.7421875,-42.1142578125,-93.20068359375,-72.1435546875
0.981201171875,-1.2689208984375,1.468017578125,-47.42431640625,-127.0751953125,-75.01220703125
1.1602783203125,-1.0780029296875,1.1812744140625,-48.88916015625,-152.099609375,-68.90869140625
1.419921875,-0.876708984375,0.81298828125,-45.83740234375,-173.33984375,-36.07177734375
1.68505859375,-0.770751953125,0.2247314453125,-19.1650390625,-162.7197265625,-9.1552734375
1.8953857421875,-0.68017578125,-0.60888671875,7.01904296875,-111.75537109375,-82.21435546875
2.095947265625,-0.3702392578125,-1.3863525390625,31.494140625,-121.39892578125,-39.794921875
2.326171875,0.1007080078125,-1.7281494140625,42.90771484375,-266.41845703125,-15.13671875
2.5810546875,0.5167236328125,-1.52978515625,82.51953125,-261.77978515625,5.92041015625
2.911865234375,0.8438720703125,-0.8697509765625,18.24951171875,-231.3232421875,-26.611328125
3.447509765625,0.7933349609375,0.0374755859375,-64.39208984375,-252.01416015625,-77.2705078125
3.890869140625,0.256591796875,1.0155029296875,8.60595703125,-227.1728515625,-28.99169921875
3.9522705078125,-0.353759765625,2.0748291015625,-4.39453125,-167.41943359375,-5.9814453125
3.582275390625,-0.70263671875,2.9368896484375,-48.9501953125,-180.35888671875,14.0380859375
3.0677490234375,-0.61962890625,1.3416748046875,36.19384765625,-153.4423828125,-22.76611328125
2.7154541015625,-0.2008056640625,-1.1439208984375,20.1416015625,-98.7548828125,-10.3759765625
2.44091796875,-1.198974609375,0.0118408203125,-46.08154296875,-78.91845703125,-18.00537109375
1.2581787109375,-1.01123046875,2.6199951171875,-12.451171875,-60.60791015625,-12.6953125
-0.13818359375,0.1256103515625,2.898681640625,10.07080078125,-43.27392578125,-6.65283203125
-1.457763671875,0.0126953125,1.9097900390625,29.11376953125,-27.16064453125,-5.92041015625
-1.5469970703125,0.17041015625,1.60791015625,14.892578125,-23.74267578125,-3.5400390625
0.320556640625,0.6864013671875,1.275634765625,20.81298828125,-16.4794921875,-2.8076171875
1.2833251953125,0.8724365234375,1.3544921875,14.46533203125,-8.544921875,0.91552734375
1.2091064453125,-0.321533203125,1.983154296875,15.68603515625,-20.81298828125,4.21142578125
1.2554931640625,-1.552978515625,1.228515625,20.5078125,-14.404296875,5.43212890625
1.120361328125,-0.5284423828125,1.3892822265625,16.7236328125,-14.404296875,5.06591796875
0.78759765625,0.35595703125,1.111572265625,14.46533203125,-11.962890625,2.197265625
0.4998779296875,-0.7396240234375,1.076904296875,-2.50244140625,-6.9580078125,-1.46484375
0.4644775390625,-0.116943359375,1.0057373046875,-12.5732421875,-4.82177734375,-3.60107421875
0.7303466796875,-0.1495361328125,0.99609375,-11.16943359375,-4.82177734375,-4.5166015625
0.38134765625,-0.2857666015625,0.9903564453125,-6.591796875,-3.41796875,-4.638671875
0.5257568359375,-0.2130126953125,0.9609375,-0.18310546875,-5.126953125,-3.7841796875
0.42578125,-0.215576171875,0.9443359375,6.4697265625,-6.7138671875,-3.173828125
0.3240966796875,-0.2344970703125,0.9793701171875,9.8876953125,-7.75146484375,-2.62451171875
0.2681884765625,-0.16845703125,0.9718017578125,5.859375,-6.8359375,-2.62451171875
0.269287109375,-0.1732177734375,0.9537353515625,4.2724609375,-5.67626953125,-3.41796875
0.2459716796875,-0.224609375,0.954833984375,4.21142578125,-5.55419921875,-3.84521484375
0.223388671875,-0.2725830078125,0.945556640625,4.33349609375,-5.43212890625,-4.39453125
0.2471923828125,-0.30810546875,0.9332275390625,-4.08935546875,-10.3759765625,-5.31005859375
0.2532958984375,-0.314208984375,0.947509765625,-7.26318359375,-10.498046875,-6.2255859375
0.2620849609375,-0.281982421875,0.9598388671875,-7.01904296875,-12.02392578125,-7.14111328125
0.2562255859375,-0.247314453125,0.952880859375,-14.95361328125,-14.09912109375,-8.11767578125
0.2474365234375,-0.223388671875,0.9378662109375,-19.34814453125,-15.380859375,-9.09423828125
0.2471923828125,-0.2034912109375,0.95361328125,-17.7001953125,-14.892578125,-9.8876953125
0.2376708984375,-0.201904296875,0.94775390625,-17.9443359375,-15.2587890625,-10.92529296875
0.24072265625,-0.212646484375,0.92626953125,-16.41845703125,-19.775390625,-11.77978515625
0.2520751953125,-0.2362060546875,0.946044921875,-16.7236328125,-24.169921875,-11.29150390625
0.243408203125,-0.238525390625,0.9522705078125,-18.49365234375,-26.18408203125,-10.07080078125
0.2506103515625,-0.218017578125,0.9447021484375,-20.20263671875,-26.42822265625,-9.765625
0.25244140625,-0.2308349609375,0.94921875,-19.04296875,-25.57373046875,-8.48388671875
0.249267578125,-0.244873046875,0.94189453125,-19.4091796875,-30.8837890625,-7.568359375
0.2354736328125,-0.24267578125,0.9287109375,-19.1650390625,-37.78076171875,-7.01904296875
0.2413330078125,-0.2457275390625,0.936767578125,-18.24951171875,-45.83740234375,-5.9814453125
0.2518310546875,-0.24853515625,0.9451904296875,-19.53125,-57.373046875,-3.84521484375
0.246826171875,-0.2513427734375,0.9407958984375,-20.44677734375,-68.359375,-1.64794921875
0.2489013671875,-0.2530517578125,0.9434814453125,-21.17919921875,-82.1533203125,-0.244140625
0.254638671875,-0.24951171875,0.947265625,-20.751953125,-90.88134765625,-1.89208984375
0.2528076171875,-0.2576904296875,0.947021484375,-22.705078125,-95.947265625,-8.11767578125
0.2435302734375,-0.27294921875,0.9552001953125,-25.08544921875,-102.35595703125,-15.13671875
0.2274169921875,-0.2523193359375,0.95751953125,-26.3671875,-117.67578125,-23.37646484375
0.2376708984375,-0.2412109375,0.95654296875,-29.72412109375,-134.09423828125,-29.78515625
0.2708740234375,-0.22412109375,0.9500732421875,-33.3251953125,-151.91650390625,-33.8134765625
0.2904052734375,-0.2420654296875,0.9693603515625,-32.04345703125,-168.0908203125,-36.19384765625
0.298583984375,-0.2442626953125,0.9884033203125,-32.8369140625,-182.18994140625,-44.49462890625
0.265625,-0.2308349609375,0.9652099609375,-37.17041015625,-206.72607421875,-45.47119140625
0.266845703125,-0.2239990234375,0.98193359375,-40.1611328125,-242.1875,-78.857421875
0.251953125,-0.2303466796875,1.0396728515625,-40.46630859375,-367.3095703125,-104.30908203125
0.2640380859375,-0.2750244140625,1.0758056640625,-43.88427734375,-422.05810546875,-137.75634765625
0.2698974609375,-0.3509521484375,1.0986328125,-40.8935546875,-470.8251953125,-166.07666015625
0.2613525390625,-0.395751953125,1.086669921875,-52.001953125,-494.56787109375,-189.94140625
0.2838134765625,-0.40771484375,1.03955078125,-89.05029296875,-498.96240234375,-190.5517578125
0.341064453125,-0.38671875,1.062255859375,-108.2763671875,-495.54443359375,-156.06689453125
0.3990478515625,-0.3714599609375,1.1480712890625,-99.365234375,-357.23876953125,-140.380859375
0.4234619140625,-0.300537109375,1.3524169921875,-56.7626953125,-145.751953125,-87.158203125
0.4874267578125,-0.23876953125,1.9390869140625,-80.62744140625,30.82275390625,-66.71142578125
0.4423828125,-0.199462890625,2.1365966796875,-96.5576171875,101.01318359375,-47.9736328125
0.412109375,-0.2908935546875,2.1348876953125,-62.68310546875,144.83642578125,-28.9306640625
0.31591796875,-0.6298828125,2.1651611328125,-85.99853515625,164.4287109375,-15.44189453125
-0.0860595703125,-0.7918701171875,2.164794921875,-5.0048828125,165.4052734375,-1.708984375
-0.1611328125,-1.14013671875,2.15771484375,9.8876953125,169.12841796875,10.55908203125
0.3582763671875,-1.2044677734375,2.825927734375,22.88818359375,173.52294921875,22.88818359375
0.5699462890625,-0.7490234375,3.637939453125,30.2734375,184.63134765625,43.5791015625
0.7666015625,-0.35009765625,3.879150390625,45.41015625,211.85302734375,51.94091796875
0.484375,-0.3448486328125,3.3079833984375,42.6025390625,225.89111328125,58.59375
0.2596435546875,-1.361328125,1.963623046875,28.6865234375,238.4033203125,63.41552734375
0.2884521484375,-1.8173828125,1.060791015625,15.07568359375,249.69482421875,65.673828125
0.2757568359375,-1.23974609375,0.6600341796875,12.8173828125,260.009765625,64.8193359375
1.1978759765625,-0.9345703125,0.5208740234375,18.73779296875,270.20263671875,61.1572265625
1.137451171875,-0.6414794921875,0.6177978515625,23.01025390625,280.3955078125,47.36328125
-0.2066650390625,-0.391357421875,0.769775390625,24.169921875,300.84228515625,38.75732421875
-0.572509765625,-0.20458984375,0.984375,21.8505859375,310.48583984375,31.494140625
-0.6473388671875,-0.115478515625,1.0216064453125,17.4560546875,319.39697265625,28.4423828125
-0.5638427734375,-0.113525390625,1.027099609375,13.0615234375,329.2236328125,30.70068359375
-0.445556640625,-0.207275390625,1.0377197265625,6.2255859375,337.46337890625,38.2080078125
-0.3309326171875,-0.208984375,1.0841064453125,1.89208984375,341.796875,49.74365234375
-0.2313232421875,-0.15478515625,1.1568603515625,-3.662109375,340.6982421875,63.17138671875
-0.1343994140625,-0.07470703125,1.2286376953125,-10.80322265625,332.94677734375,76.96533203125
-0.078857421875,-0.0086669921875,1.3656005859375,-16.54052734375,321.10595703125,89.78271484375
-0.017822265625,0.023681640625,1.4595947265625,-18.85986328125,307.18994140625,101.5625
0.0548095703125,0.0289306640625,1.569580078125,-17.2119140625,292.724609375,114.3798828125
0.145751953125,0.00732421875,1.6572265625,-10.55908203125,281.31103515625,127.44140625
0.2423095703125,-0.035400390625,1.7047119140625,0.1220703125,278.3203125,147.94921875
0.32568359375,-0.112548828125,1.7235107421875,10.55908203125,279.541015625,156.982421875
0.4903564453125,-0.22216796875,1.7427978515625,18.6767578125,280.2734375,165.6494140625
0.5858154296875,-0.353759765625,1.7958984375,27.587890625,260.19287109375,172.119140625
0.6783447265625,-0.494873046875,1.892578125,24.96337890625,226.86767578125,170.166015625
0.7464599609375,-0.642822265625,2.0264892578125,6.2255859375,181.94580078125,149.10888671875
0.7752685546875,-0.793212890625,2.1763916015625,-20.01953125,146.8505859375,99.365234375
0.77978515625,-0.927734375,2.2947998046875,-41.9921875,108.154296875,30.33447265625
0.77734375,-1.04541015625,2.3369140625,-51.81884765625,47.4853515625,-29.72412109375
0.7857666015625,-1.1788330078125,2.05859375,-46.9970703125,-18.61572265625,-61.4013671875
0.8226318359375,-1.308837890625,1.676025390625,-43.8232421875,-73.3642578125,-84.41162109375
0.89892578125,-1.3826904296875,1.2247314453125,-54.8095703125,-114.07470703125,-79.77294921875
1.049560546875,-1.2161865234375,0.74609375,-56.94580078125,-161.07177734375,-41.748046875
1.276611328125,-0.9969482421875,0.2672119140625,-52.978515625,-159.423828125,-49.37744140625
1.5660400390625,-0.79345703125,-0.1815185546875,-40.58837890625,-108.154296875,-91.49169921875
2.171630859375,-0.6068115234375,-0.6375732421875,-7.99560546875,-159.423828125,-37.7197265625
2.3720703125,-0.2716064453125,-1.0465087890625,20.56884765625,-257.32421875,-16.11328125
2.539306640625,0.26513671875,-1.2467041015625,62.01171875,-259.521484375,-68.78662109375
2.7225341796875,0.7001953125,-1.047607421875,-13.73291015625,-285.2783203125,-87.34130859375
2.9434814453125,0.8587646484375,-0.52099609375,-41.259765625,-248.046875,-42.8466796875
3.4085693359375,0.692626953125,1.0684814453125,-49.8046875,-193.54248046875,-18.9208984375
3.861083984375,0.1201171875,2.196044921875,-35.0341796875,-198.6083984375,-9.70458984375
3.888427734375,-0.427734375,2.507568359375,38.4521484375,-177.55126953125,-6.103515625
3.520751953125,-0.5458984375,0.44287109375,-1.0986328125,-113.09814453125,-10.986328125
2.980224609375,-0.560546875,0.64013671875,-57.43408203125,-92.10205078125,-2.13623046875
2.542724609375,-1.5849609375,2.683349609375,-8.30078125,-81.9091796875,-5.4931640625
0.6331787109375,-0.9102783203125,2.4422607421875,11.77978515625,-61.09619140625,-13.671875
-0.7115478515625,0.0146484375,1.6761474609375,0.42724609375,-56.09130859375,-13.36669921875
-1.547607421875,0.205810546875,1.972412109375,6.40869140625,-43.15185546875,-11.29150390625
-1.4139404296875,0.6806640625,2.054931640625,10.68115234375,-30.029296875,-10.43701171875
1.2633056640625,0.31396484375,1.6932373046875,6.40869140625,-23.01025390625,-8.544921875
1.119873046875,-1.27099609375,1.863037109375,14.22119140625,-16.11328125,-6.53076171875
1.1873779296875,-1.74267578125,1.73388671875,12.3291015625,-11.04736328125,-4.45556640625
1.1434326171875,-0.674560546875,1.294677734375,12.451171875,-8.11767578125,-1.46484375
1.228759765625,0.3372802734375,1.2891845703125,11.04736328125,-6.04248046875,1.8310546875
1.2271728515625,0.113037109375,1.235595703125,4.33349609375,-3.96728515625,2.50244140625
0.8636474609375,-0.7230224609375,1.0733642578125,-3.0517578125,-15.0146484375,2.62451171875
0.7586669921875,-0.6158447265625,1.0357666015625,-6.103515625,-19.775390625,3.2958984375
0.51953125,-0.211181640625,0.9998779296875,-9.21630859375,-12.87841796875,1.03759765625
0.2724609375,-0.33447265625,0.9635009765625,-12.20703125,-13.7939453125,-2.99072265625
0.3468017578125,-0.373291015625,0.976318359375,-20.5078125,-7.01904296875,-3.90625
0.37353515625,-0.2769775390625,0.9852294921875,-28.25927734375,-7.75146484375,-3.72314453125
0.356201171875,-0.268310546875,0.9764404296875,-33.99658203125,-7.99560546875,-3.72314453125
0.3338623046875,-0.2237548828125,0.9561767578125,-24.169921875,-9.8876953125,-3.662109375
0.28515625,-0.1925048828125,0.9525146484375,-6.34765625,-11.1083984375,-4.94384765625
0.2626953125,-0.1927490234375,0.9371337890625,-2.99072265625,-13.18359375,-5.43212890625
0.272216796875,-0.1966552734375,0.95703125,-5.126953125,-11.962890625,-5.2490234375
0.2623291015625,-0.2349853515625,0.9730224609375,-4.0283203125,-10.6201171875,-4.7607421875
0.255615234375,-0.270263671875,0.94189453125,-1.220703125,-10.498046875,-4.08935546875
0.2490234375,-0.321533203125,0.931640625,3.5400390625,-13.00048828125,-3.5400390625
0.218505859375,-0.37109375,0.9241943359375,1.220703125,-12.451171875,-1.0986328125
0.2264404296875,-0.3699951171875,0.927978515625,-1.64794921875,-16.17431640625,-0.79345703125
0.254150390625,-0.32275390625,0.93310546875,-4.57763671875,-16.7236328125,-0.732421875
0.2601318359375,-0.3070068359375,0.9228515625,-10.6201171875,-15.9912109375,-0.1220703125
0.2611083984375,-0.3079833984375,0.921630859375,-9.27734375,-20.08056640625,1.3427734375
0.2564697265625,-0.31005859375,0.9254150390625,-4.69970703125,-23.0712890625,2.3193359375
0.248779296875,-0.3082275390625,0.913330078125,-5.31005859375,-26.67236328125,3.35693359375
0.2437744140625,-0.3018798828125,0.9168701171875,-8.056640625,-30.8837890625,4.57763671875
0.245849609375,-0.2955322265625,0.9254150390625,-7.4462890625,-34.912109375,4.7607421875
0.248291015625,-0.2833251953125,0.9232177734375,-9.21630859375,-39.6728515625,4.2724609375
0.2608642578125,-0.292724609375,0.9151611328125,-11.53564453125,-44.25048828125,4.0283203125
0.2698974609375,-0.3040771484375,0.922607421875,-13.48876953125,-52.06298828125,3.60107421875
0.26806640625,-0.295654296875,0.9339599609375,-15.80810546875,-62.1337890625,2.685546875
0.2744140625,-0.2928466796875,0.927001953125,-19.287109375,-73.66943359375,0.54931640625
0.280517578125,-0.288330078125,0.9244384765625,-19.53125,-84.5947265625,-0.91552734375
0.2734375,-0.2802734375,0.921630859375,-20.01953125,-90.88134765625,-4.82177734375
0.27490234375,-0.2802734375,0.9183349609375,-21.17919921875,-94.3603515625,-27.03857421875
0.2655029296875,-0.2860107421875,0.9334716796875,-22.76611328125,-109.375,-32.5927734375
0.2615966796875,-0.283447265625,0.9378662109375,-21.484375,-138.671875,-34.66796875
0.26025390625,-0.27783203125,0.9246826171875,-22.88818359375,-152.52685546875,-30.45654296875
0.2509765625,-0.2869873046875,0.9202880859375,-24.0478515625,-169.00634765625,-15.9912109375
0.2489013671875,-0.3021240234375,0.929443359375,-39.24560546875,-201.84326171875,-4.57763671875
0.2391357421875,-0.3043212890625,0.943359375,-57.06787109375,-234.92431640625,-9.46044921875
0.275390625,-0.2978515625,0.9609375,-66.0400390625,-283.0810546875,-37.41455078125
0.3021240234375,-0.326171875,0.9700927734375,-61.82861328125,-352.4169921875,-82.45849609375
0.2691650390625,-0.3466796875,1.04931640625,-63.720703125,-422.607421875,-139.95361328125
0.2662353515625,-0.3648681640625,1.0592041015625,-80.50537109375,-460.3271484375,-160.82763671875
0.2738037109375,-0.453369140625,1.0474853515625,-118.5302734375,-471.49658203125,-146.240234375
0.2852783203125,-0.41943359375,1.005615234375,-141.357421875,-383.9111328125,-148.8037109375
0.30712890625,-0.3336181640625,1.052490234375,-148.62060546875,-178.8330078125,-116.69921875
0.4112548828125,-0.322265625,1.293212890625,-129.0283203125,35.58349609375,-106.99462890625
0.4246826171875,-0.1396484375,1.70068359375,-111.02294921875,128.2958984375,-108.94775390625
0.3983154296875,-0.0257568359375,2.0130615234375,-95.88623046875,173.33984375,-102.4169921875
0.4591064453125,-0.1895751953125,1.9486083984375,-96.5576171875,209.716796875,-95.03173828125
0.0789794921875,-0.4832763671875,1.8597412109375,-44.43359375,218.44482421875,-57.861328125
-0.089599609375,-0.7640380859375,2.0511474609375,-0.8544921875,243.7744140625,-38.2080078125
0.1495361328125,-0.9105224609375,2.5599365234375,8.23974609375,251.40380859375,-20.01953125
0.258544921875,-0.9593505859375,3.289794921875,14.09912109375,250.06103515625,-2.197265625
0.5247802734375,-0.70068359375,3.82568359375,31.43310546875,249.755859375,13.97705078125
0.765380859375,-0.30419921875,3.6112060546875,34.5458984375,252.0751953125,28.50341796875
0.4654541015625,-0.9930419921875,2.5093994140625,32.2265625,259.033203125,41.748046875
0.1522216796875,-1.29443359375,1.5631103515625,38.4521484375,266.17431640625,57.12890625
0.12451171875,-0.8238525390625,1.10791015625,47.54638671875,284.423828125,59.9365234375
1.236572265625,-0.542724609375,0.7740478515625,48.828125,293.45703125,60.24169921875
1.57958984375,-0.5189208984375,0.7144775390625,36.80419921875,299.01123046875,58.7158203125
0.264892578125,-0.510498046875,0.69775390625,26.4892578125,302.1240234375,60.85205078125
-0.2530517578125,-0.3779296875,0.6890869140625,15.68603515625,298.33984375,66.0400390625
-0.421630859375,-0.435302734375,0.71875,14.2822265625,296.44775390625,73.486328125
-0.3297119140625,-0.4959716796875,0.8193359375,13.24462890625,294.98291015625,82.33642578125
-0.0982666015625,-0.5162353515625,0.980712890625,1.77001953125,294.7998046875,93.44482421875
-0.1402587890625,-0.4759521484375,1.202392578125,-0.06103515625,297.18017578125,105.95703125
-0.172119140625,-0.40966796875,1.247802734375,0.3662109375,298.2177734375,118.65234375
-0.1494140625,-0.3765869140625,1.2579345703125,2.99072265625,297.2412109375,131.53076171875
-0.1064453125,-0.401123046875,1.3756103515625,4.638671875,296.142578125,142.578125
-0.02783203125,-0.415283203125,1.435302734375,4.08935546875,292.90771484375,152.16064453125
0.0921630859375,-0.4061279296875,1.55810546875,1.64794921875,287.53662109375,158.203125
0.2901611328125,-0.4093017578125,1.7410888671875,-0.79345703125,282.3486328125,164.00146484375
0.349853515625,-0.5626220703125,1.9344482421875,-6.89697265625,272.94921875,168.27392578125
0.3963623046875,-0.6690673828125,2.095703125,-9.3994140625,249.32861328125,169.37255859375
0.5125732421875,-0.791748046875,2.218994140625,-11.04736328125,218.3837890625,162.29248046875
0.57177734375,-0.8895263671875,2.2850341796875,-17.822265625,180.7861328125,82.3974609375
0.6170654296875,-0.9539794921875,2.283447265625,-36.92626953125,111.63330078125,26.2451171875
0.6837158203125,-1.0284423828125,2.2379150390625,-46.7529296875,47.54638671875,-39.73388671875
0.75634765625,-1.131103515625,2.148681640625,-50.84228515625,-95.88623046875,-54.38232421875
0.842529296875,-1.231201171875,1.951904296875,-46.44775390625,-133.97216796875,-57.43408203125
0.9403076171875,-1.2786865234375,1.677978515625,-74.27978515625,-161.9873046875,-49.49951171875
1.073486328125,-1.248779296875,1.376220703125,-85.205078125,-185.36376953125,-91.552734375
1.245849609375,-1.1170654296875,1.010009765625,-31.18896484375,-155.2734375,-60.05859375
1.4530029296875,-0.93798828125,0.5673828125,12.87841796875,-276.30615234375,-26.85546875
1.6915283203125,-0.790283203125,-0.8125,54.6875,-277.52685546875,-59.5703125
1.9234619140625,-0.6153564453125,-1.39208984375,44.25048828125,-259.94873046875,-43.0908203125
2.1534423828125,-0.2547607421875,-1.0933837890625,-8.7890625,-198.974609375,-15.13671875
2.427001953125,0.6484375,-0.367919921875,14.95361328125,-192.81005859375,7.080078125
2.706298828125,0.7408447265625,0.6190185546875,0.8544921875,-177.06298828125,2.0751953125
3.1146240234375,-0.2510986328125,1.755615234375,10.986328125,-144.10400390625,-18.00537109375
3.9898681640625,-0.6387939453125,1.5501708984375,-24.5361328125,-100.28076171875,-8.85009765625
3.916259765625,-0.0958251953125,0.651123046875,-20.81298828125,-97.71728515625,-2.8076171875
3.082275390625,-0.53857421875,1.78466796875,3.23486328125,-74.64599609375,-10.1318359375
2.6209716796875,-1.1053466796875,2.1607666015625,18.4326171875,-51.1474609375,-3.47900390625
0.0533447265625,-0.3756103515625,1.697998046875,17.51708984375,-6.103515625,-1.46484375
-1.5914306640625,-0.303466796875,1.4210205078125,22.76611328125,-8.056640625,-1.03759765625
-1.2921142578125,0.87060546875,1.4361572265625,13.00048828125,-9.1552734375,1.52587890625
1.1380615234375,-1.217529296875,1.9208984375,16.41845703125,-17.51708984375,2.0751953125
1.1796875,-1.611572265625,2.0201416015625,-1.64794921875,-15.44189453125,-2.38037109375
1.29052734375,-0.78662109375,1.2340087890625,-10.43701171875,-7.9345703125,-3.41796875
0.8482666015625,0.407470703125,1.2445068359375,-16.41845703125,-5.7373046875,-3.84521484375
0.7530517578125,0.4615478515625,1.45361328125,-29.296875,-4.8828125,-4.150390625
0.6649169921875,-0.5933837890625,0.9681396484375,-26.91650390625,-10.19287109375,-4.150390625
0.9229736328125,-0.7908935546875,0.9376220703125,2.44140625,-10.986328125,-4.33349609375
0.812255859375,-0.2210693359375,0.9561767578125,2.9296875,-11.8408203125,-3.47900390625
0.274169921875,-0.2547607421875,0.956298828125,1.8310546875,-18.9208984375,-2.8076171875
0.3743896484375,-0.195068359375,0.9888916015625,-6.65283203125,-24.47509765625,-3.11279296875
0.5111083984375,-0.1961669921875,0.9361572265625,-6.34765625,-28.01513671875,0.48828125
0.2530517578125,-0.2698974609375,0.9334716796875,-6.77490234375,-51.1474609375,0.30517578125
0.1943359375,-0.3060302734375,0.918701171875,-8.544921875,-62.3779296875,-1.8310546875
0.2174072265625,-0.2935791015625,0.9359130859375,-11.3525390625,-74.15771484375,-4.33349609375
0.2723388671875,-0.283447265625,0.9332275390625,-12.39013671875,-88.07373046875,-7.62939453125
0.274169921875,-0.271728515625,0.9351806640625,-21.42333984375,-97.16796875,-30.029296875
0.2568359375,-0.2783203125,0.94677734375,-23.8037109375,-124.45068359375,-39.55078125
0.2667236328125,-0.282470703125,0.92431640625,-25.5126953125,-142.51708984375,-32.40966796875
0.258544921875,-0.28662109375,0.934326171875,-24.5361328125,-165.4052734375,-32.8369140625
0.2548828125,-0.2789306640625,0.9556884765625,-28.076171875,-200.74462890625,-31.92138671875
0.25537109375,-0.2720947265625,0.955322265625,-37.90283203125,-251.8310546875,-28.25927734375
0.25732421875,-0.2623291015625,0.966552734375,-41.44287109375,-270.99609375,-48.7060546875
0.236083984375,-0.2357177734375,0.9605712890625,-54.62646484375,-325.68359375,-91.00341796875
0.240478515625,-0.26513671875,0.946533203125,-51.33056640625,-399.5361328125,-178.3447265625
0.223388671875,-0.2884521484375,1.096435546875,-56.884765625,-488.6474609375,-186.279296875
0.27392578125,-0.315673828125,1.0882568359375,-86.60888671875,-491.8212890625,-164.48974609375
0.25244140625,-0.356689453125,1.1087646484375,-108.154296875,-427.91748046875,-154.11376953125
0.255615234375,-0.4576416015625,1.1956787109375,-128.47900390625,-226.318359375,-125.48828125
0.2452392578125,-0.35693359375,1.175537109375,-85.26611328125,-22.5830078125,-96.00830078125
0.287353515625,-0.2418212890625,1.4044189453125,-106.14013671875,91.6748046875,-43.9453125
0.416015625,-0.1683349609375,1.897705078125,-86.36474609375,186.21826171875,-25.32958984375
0.455322265625,-0.1097412109375,2.1719970703125,-55.7861328125,192.19970703125,36.7431640625
0.419921875,-0.3328857421875,2.101318359375,-37.7197265625,215.63720703125,48.9501953125
0.177734375,-0.680419921875,2.0753173828125,3.60107421875,222.47314453125,57.92236328125
-0.137939453125,-0.931640625,2.400146484375,25.0244140625,230.89599609375,63.96484375
-0.0802001953125,-0.7569580078125,3.3350830078125,35.2783203125,242.1875,67.07763671875
0.2020263671875,-0.31005859375,3.89599609375,38.0859375,253.11279296875,66.2841796875
0.6334228515625,-0.275146484375,3.691162109375,41.1376953125,262.5732421875,62.1337890625
0.15576171875,-1.013916015625,1.0509033203125,45.59326171875,272.705078125,56.640625
0.081787109375,-1.41552734375,0.781494140625,42.6025390625,283.0810546875,45.47119140625
0.0865478515625,-1.06005859375,0.7108154296875,37.53662109375,315.5517578125,49.37744140625
1.144775390625,-0.5897216796875,0.8388671875,32.65380859375,332.09228515625,65.4296875
1.3880615234375,-0.442626953125,0.9017333984375,27.89306640625,338.2568359375,76.84326171875
0.13818359375,-0.2701416015625,0.9375,24.47509765625,336.48681640625,127.74658203125
-0.49267578125,-0.286376953125,1.001953125,14.34326171875,299.8046875,131.65283203125
-0.371826171875,-0.26953125,1.0899658203125,8.1787109375,297.30224609375,134.70458984375
-0.2379150390625,-0.2010498046875,1.1951904296875,8.85009765625,296.142578125,147.03369140625
-0.12890625,-0.1314697265625,1.3023681640625,8.1787109375,290.46630859375,173.03466796875
-0.0543212890625,-0.0975341796875,1.525390625,11.962890625,173.40087890625,147.88818359375
0.0128173828125,-0.1092529296875,1.6893310546875,5.2490234375,133.056640625,82.94677734375
0.09521484375,-0.155029296875,1.816162109375,-11.1083984375,64.14794921875,2.01416015625
0.19384765625,-0.39501953125,1.868408203125,-53.89404296875,-26.30615234375,-57.9833984375
0.288330078125,-0.626708984375,2.48193359375,-51.3916015625,-112.1826171875,-92.22412109375
0.3758544921875,-0.731201171875,2.25244140625,-35.7666015625,-155.21240234375,-84.28955078125
0.6190185546875,-0.876708984375,1.818115234375,-21.1181640625,-173.9501953125,-59.26513671875
