1.3267822265625,-0.5950927734375,0.9019775390625,32.04345703125,-24.23095703125,-11.3525390625
1.0853271484375,-0.0208740234375,0.9384765625,32.3486328125,-3.173828125,-8.056640625
0.8560791015625,-0.2333984375,0.9122314453125,27.03857421875,0.1220703125,-6.4697265625
0.9730224609375,-0.6466064453125,0.8697509765625,21.240234375,1.03759765625,-8.23974609375
0.9248046875,-0.51171875,0.8592529296875,17.9443359375,1.28173828125,-9.70458984375
0.8377685546875,-0.265380859375,0.8807373046875,5.18798828125,2.685546875,-10.07080078125
0.7349853515625,-0.32666015625,0.873291015625,-7.9345703125,0.9765625,-10.55908203125
0.6204833984375,-0.38232421875,0.8348388671875,-14.46533203125,-2.99072265625,-10.3759765625
0.58544921875,-0.3211669921875,0.8349609375,-10.009765625,-5.859375,-9.70458984375
0.49169921875,-0.260986328125,0.8338623046875,-4.21142578125,-9.033203125,-8.4228515625
0.4736328125,-0.2471923828125,0.8311767578125,1.3427734375,-11.23046875,-9.58251953125
0.5057373046875,-0.240234375,0.8343505859375,6.89697265625,-12.51220703125,-11.29150390625
0.511474609375,-0.2349853515625,0.849609375,9.58251953125,-11.29150390625,-12.02392578125
0.5198974609375,-0.2552490234375,0.85546875,8.48388671875,-10.43701171875,-12.26806640625
0.523681640625,-0.3056640625,0.85546875,0.79345703125,-10.68115234375,-12.939453125
0.507080078125,-0.329345703125,0.85595703125,-0.67138671875,-12.63427734375,-14.0380859375
0.495849609375,-0.3175048828125,0.8460693359375,-0.79345703125,-10.6201171875,-14.2822265625
0.48193359375,-0.3153076171875,0.8372802734375,-1.03759765625,-7.26318359375,-14.95361328125
0.471923828125,-0.3033447265625,0.842041015625,-1.708984375,-7.38525390625,-11.29150390625
0.4676513671875,-0.2823486328125,0.84765625,-2.44140625,-11.90185546875,-10.7421875
0.4708251953125,-0.26806640625,0.8507080078125,-5.0048828125,-24.2919921875,-11.5966796875
0.47314453125,-0.2750244140625,0.845458984375,-6.53076171875,-27.16064453125,-12.51220703125
0.4722900390625,-0.2864990234375,0.8353271484375,-10.009765625,-45.5322265625,-13.36669921875
0.468017578125,-0.280517578125,0.83740234375,-15.56396484375,-54.13818359375,-14.46533203125
0.46875,-0.26806640625,0.8402099609375,-16.6015625,-64.02587890625,-17.08984375
0.47216796875,-0.2642822265625,0.853759765625,-21.30126953125,-75.86669921875,-21.484375
0.4775390625,-0.2755126953125,0.8482666015625,-25.32958984375,-88.37890625,-29.1748046875
0.4866943359375,-0.2691650390625,0.8497314453125,-27.34375,-101.98974609375,-37.04833984375
0.4931640625,-0.2685546875,0.8682861328125,-30.517578125,-116.39404296875,-51.57470703125
0.5018310546875,-0.2576904296875,0.8818359375,-34.1796875,-134.33837890625,-63.232421875
0.499267578125,-0.234619140625,0.89453125,-39.0625,-172.18017578125,-78.18603515625
0.49169921875,-0.247314453125,0.900390625,-41.07666015625,-195.068359375,-92.8955078125
0.490478515625,-0.260009765625,0.894287109375,-44.00634765625,-215.02685546875,-107.5439453125
0.524658203125,-0.2540283203125,0.886474609375,-38.6962890625,-233.2763671875,-118.5302734375
0.516357421875,-0.24755859375,0.8819580078125,-27.52685546875,-256.591796875,-123.291015625
0.492919921875,-0.266357421875,0.8739013671875,-17.63916015625,-277.52685546875,-138.671875
0.4976806640625,-0.298828125,0.912841796875,-10.25390625,-298.27880859375,-154.23583984375
0.4923095703125,-0.347900390625,0.891357421875,-3.60107421875,-343.26171875,-170.7763671875
0.48974609375,-0.384765625,0.8858642578125,-5.18798828125,-377.25830078125,-228.08837890625
0.48876953125,-0.365234375,0.9451904296875,-20.01953125,-376.5869140625,-223.32763671875
0.4837646484375,-0.378662109375,1.01123046875,-42.48046875,-318.29833984375,-215.27099609375
0.48193359375,-0.4281005859375,1.0035400390625,-58.04443359375,-288.14697265625,-219.42138671875
0.4959716796875,-0.4234619140625,1.096923828125,-55.11474609375,-272.15576171875,-191.71142578125
0.531005859375,-0.4305419921875,1.2086181640625,-10.43701171875,-263.00048828125,-72.6318359375
0.5640869140625,-0.4249267578125,1.240478515625,-36.80419921875,-181.33544921875,125.732421875
0.5732421875,-0.3909912109375,1.3291015625,-39.306640625,-93.26171875,140.44189453125
0.52978515625,-0.4755859375,1.3343505859375,2.50244140625,89.66064453125,141.41845703125
0.5079345703125,-0.57177734375,1.5654296875,76.47705078125,105.65185546875,118.83544921875
0.5560302734375,-0.6619873046875,1.6845703125,103.515625,115.8447265625,101.13525390625
0.7362060546875,-1.1480712890625,1.732666015625,67.138671875,132.9345703125,67.3828125
1.038818359375,-1.4615478515625,1.776611328125,54.19921875,145.1416015625,40.283203125
1.2900390625,-1.15478515625,2.273193359375,47.2412109375,178.03955078125,30.1513671875
1.6827392578125,-1.1331787109375,1.2401123046875,39.73388671875,216.49169921875,16.66259765625
2.0404052734375,-1.234619140625,0.9560546875,37.59765625,233.5205078125,14.7705078125
1.7562255859375,-1.791015625,0.836181640625,27.16064453125,263.0615234375,16.66259765625
1.23095703125,-2.078369140625,0.8140869140625,9.58251953125,276.2451171875,22.52197265625
0.7330322265625,-1.1298828125,0.8736572265625,0.6103515625,290.1611328125,31.55517578125
1.1031494140625,-0.193115234375,0.9705810546875,-13.5498046875,301.7578125,43.5791015625
1.862548828125,-0.015869140625,0.951904296875,-18.24951171875,310.24169921875,58.10546875
0.6519775390625,0.2000732421875,0.923095703125,-21.42333984375,315.0634765625,73.91357421875
-0.04736328125,0.2760009765625,0.9361572265625,-25.45166015625,315.673828125,89.9658203125
-0.0361328125,0.340576171875,0.979736328125,-29.9072265625,312.92724609375,105.16357421875
0.0157470703125,0.264892578125,1.01416015625,-34.912109375,307.80029296875,118.71337890625
0.0931396484375,0.196044921875,1.0205078125,-40.4052734375,298.76708984375,133.23974609375
0.2540283203125,-0.0228271484375,0.9986572265625,-45.8984375,290.22216796875,146.97265625
0.3436279296875,-0.149658203125,0.9759521484375,-50.84228515625,279.23583984375,159.7900390625
0.374267578125,-0.2587890625,0.9718017578125,-53.64990234375,271.1181640625,178.03955078125
0.5269775390625,-0.34521484375,0.9920654296875,-54.931640625,264.34326171875,185.302734375
0.6278076171875,-0.4095458984375,1.0494384765625,-58.65478515625,246.15478515625,193.359375
0.7274169921875,-0.462890625,1.131591796875,-60.6689453125,235.9619140625,205.38330078125
0.79345703125,-0.52685546875,1.235595703125,-61.8896484375,227.05078125,229.43115234375
0.8223876953125,-0.596923828125,1.359375,-56.7626953125,219.54345703125,224.2431640625
0.8421630859375,-0.668701171875,1.47998046875,-50.78125,195.4345703125,198.73046875
0.8671875,-0.7386474609375,1.5938720703125,-42.724609375,172.8515625,10.92529296875
0.902587890625,-0.781982421875,1.728515625,-34.72900390625,137.6953125,-58.89892578125
0.9609375,-0.8221435546875,1.7230224609375,-17.578125,-9.6435546875,-126.5869140625
1.0439453125,-0.8778076171875,1.648193359375,-9.94873046875,-68.78662109375,-158.99658203125
1.139404296875,-0.9305419921875,1.5013427734375,-7.75146484375,-111.14501953125,-157.16552734375
1.257080078125,-1.017578125,0.8345947265625,-37.78076171875,-132.87353515625,-131.65283203125
1.396728515625,-1.0645751953125,0.30859375,-29.96826171875,-63.8427734375,-124.69482421875
1.5347900390625,-1.031005859375,-0.369873046875,24.47509765625,-37.109375,-114.80712890625
1.8563232421875,-0.849609375,-3.096923828125,63.90380859375,-45.34912109375,-46.32568359375
2.1046142578125,-0.33349609375,-2.9801025390625,112.79296875,-133.97216796875,-0.1220703125
2.3470458984375,0.0777587890625,-2.0357666015625,14.46533203125,-209.65576171875,-24.7802734375
2.539794921875,0.559326171875,0.06298828125,-62.1337890625,-174.8046875,-66.2841796875
2.8717041015625,1.8829345703125,2.5052490234375,96.13037109375,-191.58935546875,-76.72119140625
3.0670166015625,0.8707275390625,2.4200439453125,41.3818359375,-177.79541015625,-63.04931640625
3.475341796875,0.006103515625,0.619873046875,25.5126953125,-173.095703125,-26.42822265625
3.13427734375,-0.014892578125,-0.7637939453125,26.9775390625,-163.26904296875,-30.57861328125
2.3143310546875,-0.9742431640625,0.0885009765625,-0.42724609375,-181.15234375,-9.8876953125
2.1572265625,-2.700927734375,2.2916259765625,-20.3857421875,-150.81787109375,-3.0517578125
0.62890625,-2.1015625,2.2347412109375,-16.6015625,-22.39990234375,-2.38037109375
-0.1270751953125,-0.105712890625,1.4432373046875,15.625,-18.12744140625,-0.48828125
-0.47802734375,0.2083740234375,1.4417724609375,50.6591796875,-14.22119140625,-2.9296875
-0.7281494140625,-0.14453125,1.25341796875,22.15576171875,-20.69091796875,-3.47900390625
0.1177978515625,0.802001953125,0.7880859375,13.0615234375,-19.95849609375,-0.3662109375
0.7296142578125,1.3924560546875,1.493896484375,9.8876953125,-1.0986328125,6.53076171875
1.7008056640625,0.2923583984375,0.9442138671875,5.92041015625,0.1220703125,5.126953125
1.6226806640625,-1.2852783203125,0.85888671875,14.22119140625,-0.48828125,-1.28173828125
1.0980224609375,-1.219970703125,0.8564453125,14.58740234375,1.220703125,-3.60107421875
1.04296875,0.117919921875,0.8818359375,-6.40869140625,-0.30517578125,-2.3193359375
1.2218017578125,-0.1214599609375,0.8499755859375,-33.203125,-13.5498046875,-1.52587890625
1.01416015625,-0.3348388671875,0.8109130859375,-33.203125,-14.95361328125,-0.8544921875
1.383544921875,-0.25439453125,0.8172607421875,-20.1416015625,-14.7705078125,-0.42724609375
0.6484375,-0.3043212890625,0.8251953125,-3.90625,-13.24462890625,-0.91552734375
0.5450439453125,-0.301025390625,0.8369140625,-3.23486328125,-11.3525390625,-1.77001953125
0.5325927734375,-0.266845703125,0.8323974609375,-4.45556640625,-9.82666015625,-2.99072265625
0.5079345703125,-0.234619140625,0.8419189453125,-6.8359375,-9.82666015625,-4.150390625
0.5185546875,-0.308349609375,0.8359375,-10.25390625,-10.80322265625,-5.18798828125
0.495361328125,-0.3531494140625,0.82275390625,-12.0849609375,-11.23046875,-6.16455078125
0.457275390625,-0.412353515625,0.8048095703125,-12.20703125,-9.46044921875,-6.34765625
0.4708251953125,-0.2979736328125,0.796142578125,-9.3994140625,-7.99560546875,-5.9814453125
0.4947509765625,-0.2919921875,0.7996826171875,-5.55419921875,-7.2021484375,-5.06591796875
0.455810546875,-0.311767578125,0.80126953125,-2.50244140625,-8.36181640625,-3.7841796875
0.4849853515625,-0.322021484375,0.7989501953125,-0.732421875,-10.498046875,-3.47900390625
0.4857177734375,-0.3360595703125,0.7933349609375,-0.6103515625,-15.380859375,-3.35693359375
0.493408203125,-0.355224609375,0.78857421875,-1.03759765625,-18.37158203125,-2.9296875
0.4991455078125,-0.368896484375,0.7886962890625,-1.3427734375,-20.6298828125,-2.62451171875
0.5013427734375,-0.375244140625,0.796142578125,-2.01416015625,-24.10888671875,-2.74658203125
0.500244140625,-0.367919921875,0.80517578125,-4.39453125,-29.9072265625,-1.5869140625
0.4990234375,-0.361083984375,0.8118896484375,-7.50732421875,-36.376953125,-1.40380859375
0.5020751953125,-0.355224609375,0.8206787109375,-10.68115234375,-46.5087890625,-2.62451171875
0.5045166015625,-0.340576171875,0.816650390625,-15.2587890625,-58.2275390625,-8.30078125
0.5013427734375,-0.32958984375,0.82080078125,-19.1650390625,-68.115234375,-14.46533203125
0.496826171875,-0.3165283203125,0.834716796875,-27.28271484375,-94.23828125,-21.1181640625
0.4991455078125,-0.3238525390625,0.8511962890625,-33.8134765625,-109.86328125,-31.55517578125
0.51123046875,-0.321044921875,0.8624267578125,-37.29248046875,-130.7373046875,-45.41015625
0.5218505859375,-0.316650390625,0.876708984375,-52.001953125,-152.099609375,-52.3681640625
0.510009765625,-0.3056640625,0.8720703125,-58.16650390625,-198.8525390625,-66.7724609375
0.493896484375,-0.3134765625,0.8568115234375,-68.9697265625,-225.4638671875,-82.1533203125
0.4705810546875,-0.2974853515625,0.8768310546875,-72.08251953125,-247.55859375,-74.03564453125
0.462890625,-0.2850341796875,0.8798828125,-59.02099609375,-336.7919921875,-79.7119140625
0.478759765625,-0.3271484375,0.871826171875,-53.16162109375,-409.3017578125,-142.7001953125
0.4925537109375,-0.3243408203125,0.8707275390625,-51.1474609375,-453.18603515625,-178.40576171875
0.4869384765625,-0.4000244140625,0.9508056640625,-75.3173828125,-393.6767578125,-189.75830078125
0.4859619140625,-0.4150390625,0.9180908203125,-119.07958984375,-355.77392578125,-189.02587890625
0.484130859375,-0.465087890625,0.9154052734375,-149.47509765625,-318.4814453125,-132.4462890625
0.4573974609375,-0.495361328125,0.99658203125,-93.6279296875,-279.35791015625,-70.86181640625
0.4437255859375,-0.402587890625,1.2034912109375,-43.15185546875,-87.2802734375,-49.74365234375
0.416259765625,-0.4232177734375,1.1790771484375,-36.31591796875,40.0390625,-45.71533203125
0.40771484375,-0.4326171875,1.01220703125,-43.45703125,144.04296875,-48.2177734375
0.4658203125,-0.2802734375,1.0384521484375,-76.7822265625,178.7109375,-36.80419921875
0.5191650390625,-0.4188232421875,1.3974609375,-73.974609375,205.810546875,-17.333984375
0.553466796875,-0.74072265625,1.8743896484375,-38.330078125,211.0595703125,2.50244140625
0.4503173828125,-1.57275390625,2.5977783203125,-19.47021484375,213.92822265625,35.400390625
0.910888671875,-1.562255859375,2.8441162109375,34.48486328125,213.68408203125,48.095703125
1.376220703125,-1.3388671875,2.549560546875,43.76220703125,216.1865234375,68.84765625
1.981201171875,-1.1806640625,1.466796875,42.6025390625,221.25244140625,78.18603515625
1.8990478515625,-0.7855224609375,0.7518310546875,37.2314453125,237.48779296875,86.669921875
1.806640625,-1.412841796875,0.7132568359375,29.78515625,246.03271484375,94.7265625
1.343505859375,-1.3624267578125,0.6961669921875,30.57861328125,253.5400390625,102.05078125
1.9263916015625,-1.0123291015625,0.6622314453125,31.494140625,261.3525390625,108.70361328125
2.010009765625,-0.602783203125,0.646728515625,30.1513671875,268.798828125,114.6240234375
1.0074462890625,-0.4423828125,0.6690673828125,28.25927734375,275.146484375,118.7744140625
0.1334228515625,-0.3721923828125,0.7249755859375,26.30615234375,279.541015625,121.826171875
-0.12646484375,-0.368896484375,0.760498046875,23.13232421875,282.8369140625,124.45068359375
-0.024658203125,-0.40576171875,0.802734375,16.90673828125,285.888671875,127.01416015625
0.021484375,-0.461181640625,0.8466796875,8.23974609375,287.90283203125,129.57763671875
0.00927734375,-0.4661865234375,0.884521484375,-0.91552734375,288.4521484375,132.32421875
0.021240234375,-0.4754638671875,0.91748046875,-10.55908203125,287.109375,136.3525390625
0.1531982421875,-0.49169921875,0.95654296875,-19.34814453125,284.0576171875,142.333984375
0.3375244140625,-0.4981689453125,1.01171875,-26.91650390625,280.45654296875,150.390625
0.4326171875,-0.48486328125,1.0804443359375,-30.517578125,277.34375,167.54150390625
0.5211181640625,-0.45654296875,1.14208984375,-31.1279296875,272.27783203125,174.31640625
0.607421875,-0.436279296875,1.20556640625,-27.4658203125,256.40869140625,178.22265625
0.6881103515625,-0.435302734375,1.28076171875,-19.22607421875,249.08447265625,181.2744140625
0.763916015625,-0.4566650390625,1.3623046875,-6.103515625,243.59130859375,182.4951171875
0.839599609375,-0.48681640625,1.4593505859375,22.705078125,231.5673828125,179.13818359375
0.932373046875,-0.5335693359375,1.5574951171875,32.958984375,217.8955078125,160.64453125
1.0400390625,-0.6097412109375,1.6051025390625,38.39111328125,187.80517578125,125.732421875
1.1292724609375,-0.710205078125,1.4881591796875,31.494140625,138.671875,74.8291015625
1.2037353515625,-0.8260498046875,1.354736328125,13.5498046875,106.201171875,10.8642578125
1.2808837890625,-0.960205078125,1.1729736328125,-8.97216796875,62.68310546875,-53.16162109375
1.3653564453125,-1.0828857421875,0.8748779296875,-9.521484375,21.97265625,-106.75048828125
1.484375,-1.0924072265625,0.4537353515625,-6.591796875,-22.76611328125,-136.3525390625
1.659912109375,-1.0328369140625,0.027587890625,-7.75146484375,-64.208984375,-144.47021484375
1.857177734375,-0.925537109375,-0.564453125,-4.39453125,-89.84375,-135.986328125
2.2105712890625,-0.7188720703125,-1.2506103515625,2.99072265625,-99.365234375,-109.7412109375
2.4283447265625,-0.43505859375,-1.8956298828125,19.47021484375,-94.66552734375,-42.41943359375
2.6561279296875,-0.1217041015625,-2.4215087890625,20.56884765625,-90.6982421875,-10.19287109375
2.8355712890625,0.2359619140625,-2.4837646484375,50.048828125,-190.24658203125,-38.4521484375
2.9251708984375,0.6307373046875,-2.0714111328125,23.3154296875,-170.166015625,-80.74951171875
2.9234619140625,0.9013671875,-0.9429931640625,-36.1328125,-195.49560546875,-28.50341796875
3.05615234375,0.9500732421875,0.7730712890625,9.94873046875,-169.73876953125,-18.00537109375
3.30126953125,0.728271484375,1.7332763671875,-6.591796875,-162.65869140625,-6.28662109375
3.3258056640625,0.3646240234375,1.3851318359375,-22.27783203125,-75.50048828125,-8.72802734375
3.0384521484375,0.0726318359375,0.4384765625,-22.15576171875,-62.07275390625,-5.0048828125
2.5789794921875,-0.5936279296875,1.6654052734375,50.47607421875,-40.46630859375,-0.1220703125
2.316162109375,-1.442626953125,2.1273193359375,28.74755859375,-30.2734375,-2.3193359375
1.278564453125,-1.4940185546875,1.73876953125,37.65869140625,-30.33447265625,-1.15966796875
0.272705078125,-0.103759765625,1.1810302734375,40.71044921875,-20.93505859375,-2.99072265625
-0.32568359375,0.336669921875,1.1400146484375,13.18359375,-24.59716796875,-5.06591796875
-0.3375244140625,0.7835693359375,0.88818359375,8.11767578125,-24.10888671875,-4.150390625
1.216064453125,0.568359375,0.981201171875,13.61083984375,-9.21630859375,-0.54931640625
1.5845947265625,-0.3641357421875,0.9278564453125,6.34765625,-3.60107421875,3.173828125
1.5498046875,-0.099365234375,0.8319091796875,13.73291015625,-1.5869140625,6.65283203125
1.3929443359375,-0.7933349609375,0.85009765625,18.37158203125,-1.3427734375,7.2021484375
1.22216796875,-0.2613525390625,0.87451171875,11.29150390625,-1.15966796875,5.67626953125
0.7257080078125,-0.13916015625,0.852783203125,-1.46484375,0.79345703125,3.47900390625
0.573974609375,-0.416748046875,0.8297119140625,-14.892578125,2.50244140625,1.03759765625
0.6761474609375,-0.3431396484375,0.8360595703125,-28.076171875,2.197265625,-1.0986328125
0.64306640625,-0.2991943359375,0.837890625,-31.67724609375,-1.40380859375,-2.99072265625
0.562255859375,-0.33837890625,0.83203125,-28.13720703125,-5.9814453125,-5.06591796875
0.52294921875,-0.2977294921875,0.8251953125,-22.5830078125,-8.7890625,-7.01904296875
0.5103759765625,-0.2447509765625,0.8265380859375,-14.5263671875,-10.7421875,-8.11767578125
0.5435791015625,-0.2158203125,0.8209228515625,-6.16455078125,-11.474609375,-11.23046875
0.55908203125,-0.2220458984375,0.8258056640625,0.91552734375,-10.986328125,-13.24462890625
0.5380859375,-0.2548828125,0.8349609375,7.87353515625,-6.65283203125,-13.18359375
0.525634765625,-0.3123779296875,0.8267822265625,13.3056640625,-3.7841796875,-12.51220703125
0.5089111328125,-0.350341796875,0.81640625,15.0146484375,-2.62451171875,-11.41357421875
0.5057373046875,-0.3701171875,0.81005859375,16.357421875,-1.708984375,-9.521484375
0.5089111328125,-0.3831787109375,0.80419921875,13.36669921875,-1.953125,-7.9345703125
0.4998779296875,-0.376953125,0.802734375,11.1083984375,-3.11279296875,-6.9580078125
0.4788818359375,-0.3751220703125,0.802734375,8.1787109375,-4.638671875,-6.65283203125
0.4605712890625,-0.37060546875,0.809326171875,5.126953125,-6.28662109375,-6.40869140625
0.4542236328125,-0.3544921875,0.813232421875,1.8310546875,-7.75146484375,-5.4931640625
0.453125,-0.3563232421875,0.8194580078125,-0.54931640625,-10.19287109375,-5.37109375
0.4573974609375,-0.3802490234375,0.8306884765625,-1.953125,-16.4794921875,-4.82177734375
0.4615478515625,-0.329833984375,0.8336181640625,-2.9296875,-18.61572265625,-4.638671875
0.4661865234375,-0.3065185546875,0.8326416015625,-4.33349609375,-21.1181640625,-4.7607421875
0.470703125,-0.289794921875,0.8330078125,-9.1552734375,-23.4375,-5.06591796875
0.4971923828125,-0.2698974609375,0.829345703125,-10.3759765625,-26.123046875,-5.126953125
0.504638671875,-0.2572021484375,0.8370361328125,-11.8408203125,-28.99169921875,-5.43212890625
0.5009765625,-0.2659912109375,0.8414306640625,-12.26806640625,-34.0576171875,-6.40869140625
0.5032958984375,-0.2772216796875,0.837890625,-12.63427734375,-40.1611328125,-6.8359375
0.510986328125,-0.2919921875,0.8394775390625,-13.7939453125,-46.7529296875,-7.2021484375
0.5008544921875,-0.29443359375,0.8438720703125,-16.4794921875,-56.640625,-9.70458984375
0.49169921875,-0.29443359375,0.843994140625,-19.47021484375,-69.51904296875,-12.451171875
0.484130859375,-0.2913818359375,0.8546142578125,-23.13232421875,-85.5712890625,-16.29638671875
0.4600830078125,-0.2880859375,0.86865234375,-27.7099609375,-104.30908203125,-22.705078125
0.4686279296875,-0.2939453125,0.8702392578125,-36.43798828125,-124.45068359375,-29.23583984375
0.5057373046875,-0.29345703125,0.8812255859375,-45.2880859375,-147.705078125,-71.4111328125
0.508056640625,-0.2840576171875,0.890380859375,-54.6875,-172.18017578125,-88.8671875
0.5006103515625,-0.2825927734375,0.911865234375,-65.5517578125,-273.193359375,-92.8955078125
0.5072021484375,-0.2939453125,0.919921875,-73.73046875,-286.92626953125,-94.54345703125
0.49169921875,-0.2962646484375,0.9219970703125,-75.74462890625,-325.927734375,-102.11181640625
0.4813232421875,-0.277099609375,0.9066162109375,-48.64501953125,-374.6337890625,-117.12646484375
0.484619140625,-0.271240234375,0.9046630859375,-48.2177734375,-439.0869140625,-149.71923828125
0.4815673828125,-0.3104248046875,0.9364013671875,-62.80517578125,-452.33154296875,-178.5888671875
0.4881591796875,-0.3291015625,0.984619140625,-85.14404296875,-406.67724609375,-192.626953125
0.468994140625,-0.35107421875,1.0389404296875,-119.68994140625,-373.6572265625,-193.17626953125
0.4573974609375,-0.37158203125,1.0521240234375,-122.98583984375,-334.53369140625,-202.20947265625
0.4521484375,-0.345947265625,1.13671875,-82.03125,-295.95947265625,-187.56103515625
0.419921875,-0.411376953125,1.299560546875,-35.5224609375,-301.513671875,-162.29248046875
0.403564453125,-0.3416748046875,1.2236328125,-32.958984375,-286.92626953125,-94.7265625
0.39892578125,-0.3924560546875,1.111572265625,-45.41015625,-165.283203125,-45.2880859375
0.49365234375,-0.5343017578125,1.1312255859375,-44.189453125,-37.53662109375,-15.5029296875
0.4278564453125,-0.7059326171875,1.3099365234375,-61.1572265625,105.712890625,-4.82177734375
0.50732421875,-1.03125,1.7098388671875,-84.47265625,172.36328125,4.69970703125
0.8153076171875,-1.454345703125,1.9090576171875,-99.42626953125,205.13916015625,21.240234375
1.2669677734375,-1.5947265625,2.1331787109375,-52.06298828125,197.998046875,41.50390625
1.74853515625,-1.3597412109375,2.35595703125,-10.3759765625,194.27490234375,61.09619140625
2.0015869140625,-1.05078125,3.024658203125,51.3916015625,200.5615234375,77.20947265625
1.9737548828125,-0.75830078125,3.0772705078125,58.65478515625,222.0458984375,86.36474609375
1.9219970703125,-0.565185546875,1.9345703125,50.23193359375,251.8310546875,87.95166015625
1.243408203125,-0.7340087890625,0.8145751953125,37.59765625,278.9306640625,84.716796875
0.527587890625,-1.4818115234375,0.6917724609375,27.28271484375,296.9970703125,79.52880859375
0.6790771484375,-1.7620849609375,0.7591552734375,25.93994140625,306.82373046875,75.86669921875
1.714111328125,-1.3544921875,0.9219970703125,30.3955078125,307.2509765625,74.8291015625
2.3397216796875,-1.00439453125,1.0908203125,36.7431640625,304.38232421875,75.98876953125
1.497802734375,-0.309326171875,1.140380859375,40.83251953125,299.25537109375,78.91845703125
0.4525146484375,-0.2041015625,1.0225830078125,40.8935546875,295.10498046875,83.06884765625
-0.1552734375,-0.2227783203125,0.8380126953125,34.72900390625,293.9453125,89.35546875
-0.3197021484375,-0.327880859375,0.6923828125,23.37646484375,296.69189453125,108.33740234375
-0.098876953125,-0.4298095703125,0.6312255859375,10.6201171875,301.45263671875,118.95751953125
0.1949462890625,-0.458984375,0.62744140625,0.42724609375,303.7109375,129.638671875
0.4727783203125,-0.4222412109375,0.6690673828125,-5.43212890625,296.93603515625,140.13671875
0.643310546875,-0.3624267578125,0.7552490234375,-8.6669921875,285.58349609375,149.2919921875
0.5894775390625,-0.3228759765625,0.8798828125,-12.5732421875,273.74267578125,156.494140625
0.4493408203125,-0.31103515625,0.9979248046875,-14.22119140625,261.3525390625,161.80419921875
0.3699951171875,-0.3321533203125,1.06689453125,-16.54052734375,250.54931640625,166.68701171875
0.388671875,-0.3997802734375,1.1319580078125,-20.5078125,242.0654296875,168.8232421875
0.4625244140625,-0.52392578125,1.184814453125,-24.169921875,236.02294921875,163.39111328125
0.5491943359375,-0.65283203125,1.2506103515625,-24.7802734375,216.796875,171.7529296875
0.669189453125,-0.7236328125,1.3289794921875,-19.6533203125,205.87158203125,190.24658203125
0.8392333984375,-0.7703857421875,1.4320068359375,-10.07080078125,215.4541015625,203.30810546875
1.005859375,-0.8070068359375,1.544677734375,1.40380859375,224.79248046875,200.37841796875
1.091552734375,-0.84375,1.6390380859375,21.1181640625,209.716796875,174.62158203125
1.1087646484375,-0.884765625,1.5687255859375,27.40478515625,162.59765625,130.55419921875
1.14794921875,-0.95166015625,1.2569580078125,-9.21630859375,139.09912109375,80.13916015625
1.1942138671875,-1.0552978515625,1.146484375,-49.4384765625,108.7646484375,34.3017578125
1.2659912109375,-1.1468505859375,1.2723388671875,-50.78125,72.6318359375,-15.19775390625
1.3966064453125,-1.190185546875,1.1026611328125,-34.24072265625,25.390625,-67.07763671875
1.6214599609375,-1.1539306640625,0.6082763671875,-31.73828125,-21.91162109375,-109.9853515625
1.901611328125,-0.963134765625,-0.0377197265625,-44.73876953125,-58.349609375,-24.7802734375
2.2158203125,-0.5833740234375,-0.70849609375,-68.84765625,-97.35107421875,-20.3857421875
2.3009033203125,-0.276123046875,-1.4769287109375,-69.88525390625,-210.38818359375,-62.07275390625
2.478271484375,-0.135986328125,-2.2574462890625,-38.02490234375,-215.8203125,-91.24755859375
2.8193359375,0.025390625,-2.6253662109375,7.75146484375,-209.16748046875,-71.59423828125
2.948486328125,0.28564453125,-2.4224853515625,64.3310546875,-171.44775390625,-39.0625
2.7857666015625,0.739990234375,-1.744873046875,31.06689453125,-158.26416015625,-22.03369140625
2.73388671875,1.2093505859375,-0.6529541015625,1.708984375,-161.9873046875,-31.79931640625
3.092041015625,1.1683349609375,0.8798828125,-13.12255859375,-163.0859375,-40.71044921875
3.359130859375,0.4876708984375,1.9688720703125,-23.5595703125,-132.62939453125,-30.82275390625
3.2362060546875,-0.302001953125,2.3455810546875,-9.09423828125,-85.51025390625,-17.9443359375
2.75634765625,-0.7591552734375,1.930908203125,13.671875,-59.4482421875,-19.775390625
2.299560546875,-0.2381591796875,1.304931640625,47.91259765625,-50.84228515625,-13.7939453125
2.07666015625,1.1148681640625,0.6954345703125,65.12451171875,-33.02001953125,-7.2021484375
1.257080078125,1.327880859375,0.6529541015625,50.35400390625,-22.88818359375,-6.28662109375
1.2047119140625,0.50048828125,1.4368896484375,50.23193359375,-19.04296875,-5.126953125
1.6197509765625,-1.2279052734375,1.623291015625,51.94091796875,-19.287109375,-2.99072265625
1.9263916015625,-2.2364501953125,1.07568359375,28.80859375,-19.95849609375,-4.5166015625
1.7984619140625,-1.3656005859375,0.898681640625,13.97705078125,-25.20751953125,-6.103515625
1.5374755859375,0.1251220703125,0.9677734375,14.58740234375,-19.4091796875,-4.7607421875
1.12841796875,0.478515625,0.95751953125,13.00048828125,-8.36181640625,3.5400390625
0.7674560546875,-0.3985595703125,0.8836669921875,10.7421875,-2.74658203125,4.39453125
1.1802978515625,-0.7723388671875,0.8812255859375,14.09912109375,-4.0283203125,2.0751953125
1.254150390625,-0.2373046875,0.884521484375,16.05224609375,-3.41796875,-1.64794921875
0.7115478515625,-0.113037109375,0.878173828125,7.2021484375,-1.03759765625,-5.0048828125
0.5694580078125,-0.3358154296875,0.8438720703125,-25.0244140625,0.30517578125,-7.01904296875
0.662353515625,-0.30419921875,0.8270263671875,-32.5927734375,-2.25830078125,-7.32421875
0.646728515625,-0.2662353515625,0.8419189453125,-29.11376953125,-8.7890625,-7.99560546875
0.538330078125,-0.291259765625,0.8470458984375,-18.310546875,-14.404296875,-7.4462890625
0.4573974609375,-0.2921142578125,0.82958984375,-5.92041015625,-16.2353515625,-7.4462890625
0.509033203125,-0.26708984375,0.8189697265625,3.35693359375,-12.8173828125,-7.9345703125
0.5423583984375,-0.2037353515625,0.83251953125,8.544921875,-10.009765625,-8.60595703125
0.5194091796875,-0.21533203125,0.8505859375,13.24462890625,-7.87353515625,-9.1552734375
0.50439453125,-0.3179931640625,0.853271484375,4.638671875,-6.53076171875,-8.544921875
0.50244140625,-0.3800048828125,0.8486328125,0.91552734375,-6.591796875,-7.75146484375
0.461669921875,-0.3868408203125,0.84130859375,-0.06103515625,-7.6904296875,-7.50732421875
0.4805908203125,-0.3780517578125,0.814697265625,0.42724609375,-8.6669921875,-6.9580078125
0.491455078125,-0.3526611328125,0.8162841796875,0.54931640625,-9.33837890625,-5.31005859375
0.4874267578125,-0.323486328125,0.8228759765625,-0.8544921875,-10.19287109375,-4.69970703125
0.4691162109375,-0.3089599609375,0.8271484375,-1.708984375,-15.380859375,-3.96728515625
0.464111328125,-0.2984619140625,0.8331298828125,-2.13623046875,-18.4326171875,-2.62451171875
0.4803466796875,-0.3035888671875,0.8343505859375,-2.99072265625,-20.20263671875,-1.46484375
0.4908447265625,-0.2967529296875,0.83203125,-6.7138671875,-22.5830078125,-0.91552734375
0.490478515625,-0.29931640625,0.82958984375,-8.72802734375,-24.96337890625,-0.48828125
0.498779296875,-0.2894287109375,0.830810546875,-10.07080078125,-29.296875,-1.15966796875
0.5029296875,-0.2720947265625,0.837158203125,-11.8408203125,-34.5458984375,-3.7841796875
0.4979248046875,-0.272705078125,0.83740234375,-13.48876953125,-56.5185546875,-12.939453125
0.4930419921875,-0.2803955078125,0.835205078125,-15.7470703125,-83.984375,-21.17919921875
0.502197265625,-0.286865234375,0.8355712890625,-19.775390625,-122.13134765625,-31.31103515625
0.50341796875,-0.2725830078125,0.84716796875,-35.400390625,-143.5546875,-37.53662109375
0.4986572265625,-0.2738037109375,0.864501953125,-47.8515625,-161.865234375,-40.34423828125
0.5037841796875,-0.2666015625,0.86572265625,-63.5986328125,-186.70654296875,-47.607421875
0.4952392578125,-0.258544921875,0.87890625,-73.6083984375,-213.19580078125,-65.673828125
0.501708984375,-0.259033203125,0.9144287109375,-76.35498046875,-242.3095703125,-84.53369140625
0.5146484375,-0.25390625,0.912353515625,-74.0966796875,-262.3291015625,-92.10205078125
0.5152587890625,-0.25732421875,0.8770751953125,-67.3828125,-283.0810546875,-87.58544921875
0.4957275390625,-0.2755126953125,0.8778076171875,-58.4716796875,-300.048828125,-94.7265625
0.482421875,-0.3115234375,0.909423828125,-52.30712890625,-343.68896484375,-120.91064453125
0.4771728515625,-0.360595703125,0.96240234375,-48.095703125,-458.251953125,-190.00244140625
0.47802734375,-0.421875,0.952880859375,-50.84228515625,-427.978515625,-192.2607421875
0.4620361328125,-0.4229736328125,0.9085693359375,-72.998046875,-331.48193359375,-189.94140625
0.4132080078125,-0.3587646484375,0.9093017578125,-135.31494140625,-289.73388671875,-167.17529296875
0.4071044921875,-0.326904296875,0.935546875,-109.619140625,-298.4619140625,-140.5029296875
0.4151611328125,-0.3936767578125,1.05712890625,-30.45654296875,-257.87353515625,-76.66015625
0.4368896484375,-0.437744140625,1.1844482421875,-38.87939453125,-106.5673828125,-42.1142578125
0.48486328125,-0.38330078125,1.05078125,-59.6923828125,41.748046875,-31.982421875
0.539306640625,-0.33251953125,1.4141845703125,-74.52392578125,166.3818359375,-33.69140625
0.478759765625,-0.3314208984375,1.8551025390625,-103.08837890625,217.95654296875,-17.27294921875
0.4482421875,-0.447265625,2.1419677734375,-95.39794921875,243.408203125,7.38525390625
0.533935546875,-1.224365234375,2.3411865234375,-52.24609375,254.21142578125,32.1044921875
0.673828125,-1.385986328125,2.5321044921875,-14.58740234375,247.86376953125,54.99267578125
1.008544921875,-1.0760498046875,3.0433349609375,25.57373046875,238.525390625,73.30322265625
1.918212890625,-0.726806640625,2.7861328125,52.91748046875,234.619140625,85.8154296875
1.70068359375,-0.63232421875,1.6229248046875,45.59326171875,235.41259765625,93.68896484375
1.2833251953125,-0.7977294921875,1.05029296875,29.6630859375,239.19677734375,97.83935546875
0.9791259765625,-1.4412841796875,0.76025390625,22.15576171875,245.7275390625,99.67041015625
1.172119140625,-1.686767578125,0.5985107421875,21.54541015625,252.86865234375,99.67041015625
2.0283203125,-1.369873046875,0.6055908203125,24.5361328125,261.23046875,97.35107421875
2.46142578125,-1.052490234375,0.634765625,27.40478515625,269.95849609375,93.20068359375
1.4658203125,-0.652587890625,0.6588134765625,25.81787109375,278.6865234375,88.37890625
0.3956298828125,-0.2664794921875,0.6920166015625,20.3857421875,286.2548828125,84.8388671875
0.0172119140625,-0.278564453125,0.7177734375,13.97705078125,291.56494140625,86.48681640625
-0.0787353515625,-0.348876953125,0.7469482421875,8.7890625,295.22705078125,91.12548828125
-0.0360107421875,-0.410400390625,0.801025390625,4.638671875,298.33984375,97.22900390625
-0.0062255859375,-0.421142578125,0.8516845703125,-0.732421875,296.630859375,105.712890625
0.0440673828125,-0.3572998046875,0.8946533203125,-8.97216796875,291.748046875,116.88232421875
0.1053466796875,-0.271728515625,0.922119140625,-26.123046875,283.69140625,130.37109375
0.1873779296875,-0.2322998046875,0.937255859375,-30.3955078125,276.611328125,145.263671875
0.26611328125,-0.2445068359375,0.96337890625,-32.958984375,269.53125,158.5693359375
0.36083984375,-0.2763671875,1.045166015625,-33.99658203125,260.68115234375,169.73876953125
0.4998779296875,-0.296875,1.0869140625,-34.1796875,252.8076171875,179.26025390625
0.61962890625,-0.296630859375,1.148193359375,-31.1279296875,245.91064453125,187.744140625
0.703125,-0.3055419921875,1.2320556640625,-25.57373046875,240.53955078125,196.4111328125
0.7681884765625,-0.443359375,1.3197021484375,-18.24951171875,236.38916015625,204.77294921875
0.8212890625,-0.544189453125,1.420654296875,-12.51220703125,231.50634765625,210.693359375
0.884765625,-0.62744140625,1.5107421875,-8.1787109375,222.5341796875,206.298828125
1.015625,-0.719970703125,1.571044921875,-4.57763671875,195.37353515625,183.41064453125
1.0501708984375,-0.8426513671875,1.5810546875,-2.8076171875,146.17919921875,137.63427734375
1.08837890625,-0.9727783203125,1.4976806640625,-10.009765625,106.50634765625,72.93701171875
1.1708984375,-1.08056640625,1.3192138671875,-21.8505859375,75.13427734375,9.033203125
1.2977294921875,-1.1297607421875,1.0223388671875,-20.32470703125,46.9970703125,-42.29736328125
1.4520263671875,-1.131103515625,0.6380615234375,-6.04248046875,11.1083984375,-86.36474609375
1.634765625,-1.1016845703125,0.25244140625,2.9296875,-37.29248046875,-132.32421875
1.8341064453125,-1.0184326171875,-0.133544921875,0.79345703125,-71.22802734375,-143.798828125
2.06884765625,-0.846435546875,-0.5631103515625,-14.58740234375,-103.82080078125,-110.4736328125
2.34521484375,-0.5760498046875,-1.1859130859375,-27.7099609375,-92.8955078125,-76.2939453125
2.5853271484375,-0.3099365234375,-1.91064453125,-18.61572265625,-126.03759765625,-32.16552734375
2.711181640625,-0.0499267578125,-2.3636474609375,61.279296875,-194.7021484375,-36.56005859375
2.7283935546875,0.2734375,-2.4346923828125,-4.0283203125,-175.96435546875,-77.5146484375
2.7298583984375,0.63330078125,-1.79443359375,6.28662109375,-210.87646484375,-78.67431640625
2.8046875,1.050048828125,-0.21728515625,47.91259765625,-183.28857421875,-54.0771484375
3.11865234375,1.2574462890625,1.7828369140625,20.56884765625,-160.15625,-29.84619140625
3.525146484375,0.8931884765625,0.9891357421875,-7.9345703125,-160.15625,-19.6533203125
3.5498046875,-0.1221923828125,0.40869140625,-11.5966796875,-175.10986328125,-31.982421875
3.1162109375,-0.453369140625,1.503662109375,-19.10400390625,-171.93603515625,-29.6630859375
2.604248046875,-1.121337890625,2.287109375,-16.6015625,-132.75146484375,-13.5498046875
1.81396484375,-0.6177978515625,1.9171142578125,-9.09423828125,-75.0732421875,-11.3525390625
0.454345703125,-0.029296875,1.558349609375,30.70068359375,-62.31689453125,-11.962890625
-0.5518798828125,0.4334716796875,1.1142578125,61.95068359375,-46.44775390625,-4.94384765625
0.473388671875,0.7481689453125,0.74462890625,49.74365234375,-29.23583984375,-3.41796875
1.4310302734375,0.649658203125,1.0230712890625,31.8603515625,-23.0712890625,-4.2724609375
1.615966796875,-0.2901611328125,1.7305908203125,44.7998046875,-22.76611328125,-1.953125
1.6563720703125,-1.697021484375,1.4932861328125,30.76171875,-14.5263671875,-1.03759765625
1.656982421875,-1.948974609375,0.87939453125,10.986328125,-23.3154296875,-3.60107421875
1.47119140625,-0.794189453125,0.893310546875,10.1318359375,-23.98681640625,-4.0283203125
1.4102783203125,0.4246826171875,0.97509765625,13.5498046875,-13.671875,-2.13623046875
1.0401611328125,0.3341064453125,0.9326171875,9.21630859375,-4.150390625,2.197265625
0.972900390625,-0.6378173828125,0.86865234375,9.21630859375,-1.40380859375,5.92041015625
1.4061279296875,-0.5792236328125,0.8740234375,11.65771484375,-1.15966796875,6.04248046875
1.081787109375,-0.06103515625,0.8931884765625,9.521484375,-1.5869140625,2.685546875
0.606201171875,-0.237548828125,0.860595703125,-0.1220703125,-0.54931640625,-2.01416015625
0.6126708984375,-0.34033203125,0.8309326171875,-16.66259765625,-0.06103515625,-5.37109375
0.673583984375,-0.234375,0.82666015625,-29.78515625,-1.0986328125,-6.9580078125
0.6075439453125,-0.2576904296875,0.8299560546875,-32.53173828125,-5.67626953125,-7.14111328125
0.5245361328125,-0.2919921875,0.8287353515625,-26.85546875,-10.68115234375,-5.615234375
0.5035400390625,-0.29248046875,0.8359375,-15.07568359375,-13.97705078125,-3.60107421875
0.48876953125,-0.2652587890625,0.8402099609375,-3.662109375,-15.5029296875,-2.01416015625
0.490966796875,-0.2288818359375,0.833984375,3.23486328125,-15.625,-1.52587890625
0.4901123046875,-0.227294921875,0.8304443359375,7.32421875,-14.7705078125,-2.5634765625
0.48876953125,-0.263916015625,0.837158203125,6.40869140625,-13.00048828125,-4.39453125
0.4810791015625,-0.3291015625,0.84375,1.89208984375,-10.19287109375,-5.67626953125
0.471435546875,-0.4019775390625,0.8470458984375,-3.5400390625,-8.23974609375,-6.8359375
0.4793701171875,-0.4261474609375,0.8424072265625,-7.99560546875,-8.4228515625,-7.9345703125
0.4793701171875,-0.39208984375,0.8321533203125,-9.33837890625,-8.1787109375,-6.9580078125
0.4705810546875,-0.3515625,0.8240966796875,-8.11767578125,-7.32421875,-5.859375
0.467529296875,-0.3037109375,0.8154296875,-6.8359375,-7.38525390625,-5.06591796875
0.4599609375,-0.267333984375,0.8150634765625,-4.0283203125,-8.48388671875,-4.57763671875
0.4620361328125,-0.266357421875,0.8209228515625,-0.79345703125,-10.498046875,-4.2724609375
0.47509765625,-0.2769775390625,0.8206787109375,-0.54931640625,-12.939453125,-3.41796875
0.4844970703125,-0.3026123046875,0.8214111328125,-2.5634765625,-16.2353515625,-3.35693359375
0.4869384765625,-0.334228515625,0.821044921875,-4.39453125,-22.3388671875,-3.72314453125
0.4866943359375,-0.342041015625,0.82080078125,-5.55419921875,-26.7333984375,-2.8076171875
0.4881591796875,-0.3326416015625,0.82470703125,-6.89697265625,-30.1513671875,-2.5634765625
0.48828125,-0.3297119140625,0.8280029296875,-10.009765625,-34.66796875,-3.72314453125
0.4891357421875,-0.322998046875,0.834228515625,-12.87841796875,-40.1611328125,-5.79833984375
0.495361328125,-0.300048828125,0.8392333984375,-14.34326171875,-46.2646484375,-7.01904296875
0.5032958984375,-0.2972412109375,0.8453369140625,-17.333984375,-65.12451171875,-10.25390625
0.510498046875,-0.29248046875,0.851806640625,-20.751953125,-79.52880859375,-12.75634765625
0.498291015625,-0.29345703125,0.851806640625,-25.634765625,-97.35107421875,-19.47021484375
0.494384765625,-0.301513671875,0.8580322265625,-36.80419921875,-116.943359375,-28.9306640625
0.4923095703125,-0.2979736328125,0.87109375,-45.71533203125,-138.5498046875,-36.865234375
0.487060546875,-0.2982177734375,0.882568359375,-51.94091796875,-159.1796875,-40.10009765625
0.472900390625,-0.28564453125,0.8924560546875,-62.56103515625,-178.7109375,-45.7763671875
0.4630126953125,-0.2708740234375,0.908447265625,-71.2890625,-209.5947265625,-62.8662109375
0.47509765625,-0.2904052734375,0.9171142578125,-77.33154296875,-239.3798828125,-79.77294921875
0.4893798828125,-0.312744140625,0.9202880859375,-74.5849609375,-260.31494140625,-88.5009765625
0.489501953125,-0.28662109375,0.8914794921875,-70.73974609375,-279.23583984375,-79.833984375
0.4727783203125,-0.3154296875,0.8619384765625,-63.1103515625,-295.41015625,-74.0966796875
0.4610595703125,-0.31591796875,0.911865234375,-55.2978515625,-346.00830078125,-82.45849609375
0.4678955078125,-0.34033203125,0.9642333984375,-55.96923828125,-417.8466796875,-109.4970703125
0.4722900390625,-0.4091796875,0.9212646484375,-58.04443359375,-472.900390625,-148.4375
0.456787109375,-0.430908203125,0.9083251953125,-84.9609375,-441.89453125,-172.36328125
0.41845703125,-0.39208984375,0.939208984375,-128.7841796875,-384.1552734375,-183.53271484375
0.4090576171875,-0.34912109375,0.97705078125,-160.21728515625,-352.5390625,-188.53759765625
0.407470703125,-0.4149169921875,1.0706787109375,-129.7607421875,-310.97412109375,-192.3828125
0.4229736328125,-0.43505859375,1.19677734375,-74.52392578125,-277.587890625,-166.32080078125
0.4462890625,-0.34912109375,1.2100830078125,-35.2783203125,-284.3017578125,-135.31494140625
0.4906005859375,-0.2528076171875,1.0540771484375,-35.58349609375,-232.177734375,-75.3173828125
0.4857177734375,-0.25341796875,1.0155029296875,-32.470703125,-90.087890625,-52.1240234375
0.4283447265625,-0.4573974609375,1.134033203125,-39.61181640625,57.4951171875,-47.119140625
0.444580078125,-0.8807373046875,1.5010986328125,-51.26953125,158.87451171875,-48.9501953125
0.5833740234375,-1.2811279296875,1.992919921875,-80.99365234375,192.19970703125,-47.7294921875
0.955810546875,-1.4931640625,2.23779296875,-65.61279296875,214.17236328125,-33.75244140625
1.48779296875,-1.4954833984375,2.4169921875,-47.9736328125,229.79736328125,-11.53564453125
2.003173828125,-1.3468017578125,2.622802734375,-29.23583984375,243.408203125,11.65771484375
2.060546875,-1.0616455078125,2.982421875,2.5634765625,253.96728515625,49.560546875
1.878173828125,-0.83447265625,2.5091552734375,30.09033203125,257.75146484375,78.06396484375
1.6605224609375,-0.673095703125,1.486572265625,41.68701171875,252.13623046875,89.53857421875
1.2010498046875,-0.78515625,1.068359375,43.212890625,249.0234375,98.0224609375
1.0721435546875,-1.236083984375,0.90380859375,40.83251953125,250.79345703125,102.6611328125
1.150634765625,-1.2298583984375,0.8475341796875,36.43798828125,256.103515625,104.00390625
1.712646484375,-1.042236328125,0.7769775390625,26.123046875,263.00048828125,103.3935546875
1.9991455078125,-0.9261474609375,0.7113037109375,17.7001953125,271.1181640625,102.4169921875
0.950927734375,-0.7105712890625,0.58935546875,10.25390625,278.80859375,102.11181640625
0.0609130859375,-0.576416015625,0.6143798828125,6.4697265625,285.21728515625,103.6376953125
-0.0567626953125,-0.502197265625,0.6778564453125,5.126953125,290.0390625,106.38427734375
0.068359375,-0.484619140625,0.7669677734375,3.47900390625,292.6025390625,109.9853515625
0.1864013671875,-0.441650390625,0.848876953125,-0.732421875,292.17529296875,113.34228515625
0.1983642578125,-0.344482421875,0.9095458984375,-7.99560546875,289.24560546875,118.71337890625
0.1505126953125,-0.332763671875,0.96142578125,-17.08984375,284.66796875,127.44140625
0.0662841796875,-0.3614501953125,1.000244140625,-24.71923828125,279.4189453125,138.12255859375
0.19677734375,-0.404296875,1.0347900390625,-29.35791015625,275.81787109375,148.92578125
0.3214111328125,-0.4251708984375,1.0677490234375,-29.4189453125,272.27783203125,158.203125
0.47216796875,-0.4158935546875,1.1025390625,-27.16064453125,268.798828125,164.48974609375
0.6044921875,-0.392822265625,1.156005859375,-26.85546875,265.7470703125,167.48046875
0.7020263671875,-0.3822021484375,1.2459716796875,-25.634765625,262.939453125,175.47607421875
0.7818603515625,-0.4130859375,1.350830078125,-22.3388671875,260.25390625,180.6640625
0.8477783203125,-0.483642578125,1.4696044921875,-17.2119140625,251.40380859375,181.09130859375
0.9173583984375,-0.5784912109375,1.59814453125,-13.24462890625,240.66162109375,165.22216796875
0.9820556640625,-0.68212890625,1.70263671875,-10.7421875,211.181640625,82.70263671875
1.0294189453125,-0.7755126953125,1.76904296875,-17.7001953125,158.935546875,41.80908203125
1.081787109375,-0.855712890625,1.75927734375,-31.8603515625,90.51513671875,4.638671875
1.1724853515625,-0.92431640625,1.644287109375,-44.43359375,41.19873046875,-43.39599609375
1.299560546875,-0.9744873046875,1.1251220703125,-32.470703125,-16.78466796875,-87.5244140625
1.443603515625,-1.0029296875,0.7119140625,-19.10400390625,-66.58935546875,-100.341796875
1.607421875,-1.0067138671875,0.3055419921875,-37.841796875,-105.16357421875,-86.9140625
1.7855224609375,-0.94970703125,-0.2994384765625,-56.33544921875,-130.18798828125,-64.8193359375
1.9700927734375,-0.567626953125,-1.95068359375,-33.38623046875,-87.7685546875,-57.80029296875
2.1558837890625,-0.319580078125,-2.6336669921875,12.5732421875,-33.447265625,-87.2802734375
2.3631591796875,-0.1302490234375,-2.819580078125,33.38623046875,-48.33984375,-80.62744140625
2.728515625,0.048583984375,-2.385009765625,55.84716796875,-127.25830078125,-23.25439453125
2.8114013671875,1.0101318359375,-1.55810546875,60.1806640625,-203.91845703125,-38.2080078125
2.8199462890625,1.35693359375,-0.4788818359375,-75.50048828125,-196.22802734375,-103.1494140625
3.01318359375,0.9617919921875,1.5181884765625,78.18603515625,-202.20947265625,-99.91455078125
3.5645751953125,0.141357421875,2.594482421875,45.22705078125,-185.791015625,-64.02587890625
3.341552734375,-0.3419189453125,1.3363037109375,8.7890625,-182.67822265625,-33.99658203125
2.774169921875,-0.4171142578125,-0.6728515625,5.2490234375,-175.78125,-24.658203125
2.3560791015625,-0.842041015625,-0.102783203125,-2.99072265625,-187.255859375,-35.58349609375
2.3466796875,-2.18505859375,2.23388671875,-15.0146484375,-185.791015625,-41.1376953125
1.9163818359375,-1.8265380859375,2.3712158203125,-2.25830078125,-144.59228515625,-23.98681640625
0.7060546875,0.31005859375,1.627197265625,9.521484375,-80.38330078125,-18.49365234375
-1.3848876953125,0.8720703125,1.4642333984375,17.578125,-70.556640625,-19.83642578125
-1.5560302734375,0.580810546875,1.21728515625,58.41064453125,-49.49951171875,-11.8408203125
-0.2098388671875,0.942626953125,0.7239990234375,65.36865234375,-30.70068359375,-5.2490234375
0.8558349609375,0.989990234375,0.9287109375,52.91748046875,-22.39990234375,-4.94384765625
1.9007568359375,-0.387939453125,1.6851806640625,53.77197265625,-24.2919921875,-1.8310546875
1.70654296875,-2.1005859375,1.521484375,48.095703125,-20.44677734375,-2.9296875
1.203125,-2.0933837890625,0.9207763671875,25.57373046875,-22.94921875,-6.40869140625
1.25341796875,-0.729736328125,0.875244140625,14.70947265625,-28.25927734375,0.42724609375
1.5946044921875,0.3851318359375,0.978759765625,16.11328125,-19.71435546875,3.173828125
1.2276611328125,0.3472900390625,0.9248046875,9.8876953125,-3.11279296875,1.5869140625
0.904541015625,-0.6318359375,0.8787841796875,11.77978515625,-4.0283203125,-1.953125
1.3389892578125,-0.7305908203125,0.90087890625,19.775390625,-0.30517578125,-6.04248046875
1.1571044921875,-0.13330078125,0.881103515625,-13.48876953125,2.5634765625,-6.103515625
0.6038818359375,-0.175537109375,0.85888671875,-29.296875,-7.87353515625,-5.9814453125
0.6099853515625,-0.3326416015625,0.826171875,-31.1279296875,-13.97705078125,-5.7373046875
0.6982421875,-0.2591552734375,0.8282470703125,-24.658203125,-16.90673828125,-5.2490234375
0.6549072265625,-0.27978515625,0.8189697265625,3.173828125,-16.2353515625,-5.2490234375
0.5328369140625,-0.3411865234375,0.8104248046875,7.2021484375,-15.2587890625,-5.615234375
0.5145263671875,-0.3026123046875,0.8143310546875,8.4228515625,-13.24462890625,-5.9814453125
0.5294189453125,-0.2176513671875,0.8499755859375,7.080078125,-10.80322265625,-6.04248046875
0.5140380859375,-0.3145751953125,0.8477783203125,2.8076171875,-9.09423828125,-5.7373046875
0.532958984375,-0.37841796875,0.8338623046875,-0.67138671875,-8.11767578125,-5.31005859375
0.4720458984375,-0.39697265625,0.822265625,-2.38037109375,-7.9345703125,-5.0048828125
0.4801025390625,-0.3310546875,0.8162841796875,-2.86865234375,-8.23974609375,-4.82177734375
0.4913330078125,-0.3255615234375,0.8082275390625,-2.44140625,-8.36181640625,-2.8076171875
0.49267578125,-0.3250732421875,0.8070068359375,-3.90625,-8.1787109375,-2.13623046875
0.48388671875,-0.31689453125,0.813232421875,-4.94384765625,-11.65771484375,0.06103515625
0.4776611328125,-0.3135986328125,0.8157958984375,-5.37109375,-13.916015625,2.01416015625
0.4886474609375,-0.32275390625,0.8167724609375,-4.45556640625,-20.1416015625,1.77001953125
0.48974609375,-0.3206787109375,0.8154296875,-4.2724609375,-29.9072265625,1.40380859375
0.493896484375,-0.311767578125,0.8109130859375,-5.37109375,-39.48974609375,0.67138671875
0.501708984375,-0.304443359375,0.8118896484375,-10.07080078125,-45.8984375,-0.91552734375
0.50439453125,-0.3016357421875,0.817626953125,-17.76123046875,-53.466796875,-3.2958984375
0.51220703125,-0.3065185546875,0.822021484375,-23.01025390625,-63.4765625,-7.32421875
0.5146484375,-0.3065185546875,0.8343505859375,-26.0009765625,-75.0732421875,-11.5966796875
0.510009765625,-0.302978515625,0.843994140625,-30.2734375,-90.27099609375,-20.56884765625
0.51220703125,-0.2991943359375,0.8458251953125,-36.43798828125,-107.23876953125,-30.76171875
0.5194091796875,-0.3037109375,0.8521728515625,-43.212890625,-124.45068359375,-39.48974609375
0.5205078125,-0.2796630859375,0.8563232421875,-49.86572265625,-145.99609375,-42.236328125
0.5064697265625,-0.2869873046875,0.867919921875,-61.34033203125,-165.8935546875,-42.17529296875
0.503173828125,-0.2989501953125,0.8818359375,-67.3828125,-191.2841796875,-49.37744140625
0.4923095703125,-0.304931640625,0.8892822265625,-74.951171875,-221.98486328125,-62.07275390625
0.4896240234375,-0.3092041015625,0.890869140625,-73.54736328125,-249.57275390625,-70.73974609375
0.4947509765625,-0.318115234375,0.876708984375,-68.17626953125,-267.2119140625,-69.580078125
0.4876708984375,-0.350341796875,0.856201171875,-62.43896484375,-288.9404296875,-53.22265625
0.484619140625,-0.3502197265625,0.87939453125,-56.2744140625,-320.73974609375,-49.25537109375
0.48046875,-0.40185546875,0.937255859375,-59.5703125,-401.2451171875,-77.69775390625
0.471923828125,-0.4608154296875,0.94384765625,-65.12451171875,-476.07421875,-122.9248046875
0.4573974609375,-0.455078125,0.931640625,-83.80126953125,-472.65625,-158.26416015625
0.428466796875,-0.41552734375,0.93798828125,-133.36181640625,-403.62548828125,-182.92236328125
0.4100341796875,-0.312255859375,0.9093017578125,-192.0166015625,-367.3095703125,-195.9228515625
0.415771484375,-0.287841796875,1.0198974609375,-172.05810546875,-334.228515625,-201.5380859375
0.43603515625,-0.326171875,1.2003173828125,-104.3701171875,-297.7294921875,-187.3779296875
0.44873046875,-0.306396484375,1.17822265625,-63.29345703125,-282.71484375,-170.34912109375
0.4976806640625,-0.27294921875,1.017578125,-28.3203125,-280.029296875,-66.22314453125
0.5521240234375,-0.202880859375,0.9383544921875,-25.634765625,-176.6357421875,-50.84228515625
0.4578857421875,-0.2298583984375,1.0313720703125,-11.5966796875,105.65185546875,-59.4482421875
0.395263671875,-0.724609375,1.1517333984375,-20.32470703125,207.1533203125,-66.71142578125
0.4764404296875,-1.29345703125,1.622802734375,-42.54150390625,220.458984375,-59.38720703125
0.7259521484375,-1.40869140625,2.0657958984375,-62.68310546875,219.42138671875,-40.10009765625
1.2728271484375,-1.489501953125,2.28466796875,-11.90185546875,214.35546875,-13.916015625
1.88818359375,-1.5799560546875,2.374755859375,22.39990234375,209.04541015625,13.18359375
2.1043701171875,-1.415283203125,3.0194091796875,51.20849609375,205.078125,36.865234375
1.8809814453125,-1.1083984375,1.1983642578125,60.36376953125,206.1767578125,56.0302734375
1.8065185546875,-0.81201171875,0.740234375,56.94580078125,212.0361328125,70.4345703125
1.5306396484375,-0.605224609375,0.5142822265625,49.072265625,220.64208984375,81.298828125
1.068603515625,-1.36181640625,0.4754638671875,41.9921875,231.14013671875,89.66064453125
1.0245361328125,-1.0294189453125,0.5289306640625,39.794921875,241.3330078125,95.947265625
1.764892578125,-0.89599609375,0.5992431640625,40.1611328125,249.3896484375,99.853515625
1.8590087890625,-0.6285400390625,0.6422119140625,39.00146484375,256.34765625,101.86767578125
0.1474609375,-0.4617919921875,0.6722412109375,34.48486328125,264.95361328125,101.74560546875
-0.0858154296875,-0.378662109375,0.6839599609375,26.30615234375,275.08544921875,102.11181640625
-0.146728515625,-0.3909912109375,0.681396484375,15.68603515625,285.70556640625,104.55322265625
-0.104736328125,-0.46435546875,0.691162109375,7.6904296875,293.64013671875,109.2529296875
0.00146484375,-0.5302734375,0.7115478515625,3.72314453125,299.9267578125,124.57275390625
0.1026611328125,-0.5335693359375,0.7574462890625,2.62451171875,304.01611328125,133.48388671875
0.1585693359375,-0.474365234375,0.8353271484375,1.03759765625,306.70166015625,151.2451171875
0.208984375,-0.389404296875,0.900146484375,-3.11279296875,303.52783203125,161.376953125
0.2542724609375,-0.3231201171875,0.9388427734375,-9.8876953125,295.22705078125,185.791015625
0.292236328125,-0.3114013671875,0.9769287109375,-26.2451171875,293.88427734375,197.08251953125
0.3509521484375,-0.364013671875,1.02294921875,-31.8603515625,290.8935546875,205.01708984375
0.4305419921875,-0.4443359375,1.075927734375,-27.7099609375,283.50830078125,208.251953125
0.5379638671875,-0.4893798828125,1.207275390625,-17.7001953125,273.92578125,207.70263671875
0.6805419921875,-0.48779296875,1.31005859375,13.12255859375,256.4697265625,202.2705078125
0.796630859375,-0.4754638671875,1.559814453125,26.611328125,230.224609375,181.5185546875
0.865234375,-0.4864501953125,1.669189453125,31.79931640625,202.880859375,141.845703125
0.933349609375,-0.5772705078125,1.6175537109375,27.64892578125,153.25927734375,87.2802734375
1.0130615234375,-0.6611328125,1.413330078125,12.451171875,117.12646484375,21.728515625
1.095947265625,-0.945556640625,1.12451171875,-10.498046875,81.4208984375,-44.37255859375
1.236083984375,-1.11083984375,0.7894287109375,-21.240234375,37.78076171875,-107.23876953125
1.3402099609375,-1.2718505859375,0.3807373046875,-22.52197265625,-7.080078125,-155.57861328125
1.68701171875,-1.1680908203125,-0.0660400390625,-33.02001953125,-55.72509765625,-168.212890625
1.9365234375,-0.9808349609375,-0.5439453125,-43.88427734375,-92.041015625,-146.728515625
2.428466796875,-0.732421875,-1.16845703125,-42.6025390625,-83.43505859375,-116.88232421875
2.591796875,-0.4344482421875,-1.9180908203125,-19.1650390625,-59.99755859375,-93.6279296875
2.7451171875,-0.1107177734375,-2.6142578125,9.3994140625,-62.80517578125,-73.974609375
2.9088134765625,0.3006591796875,-2.87060546875,57.6171875,-101.25732421875,3.23486328125
3.057373046875,0.764404296875,-2.547119140625,100.09765625,-213.43994140625,-9.70458984375
3.1614990234375,1.121826171875,-1.7120361328125,-63.53759765625,-180.72509765625,-88.92822265625
3.2890625,1.2242431640625,0.676513671875,-0.1220703125,-206.60400390625,-112.73193359375
3.5548095703125,0.922607421875,2.60546875,46.0205078125,-185.546875,-80.26123046875
3.6868896484375,0.339111328125,1.6556396484375,-3.0517578125,-155.94482421875,-31.8603515625
3.3997802734375,-0.1722412109375,-0.2586669921875,-9.21630859375,-143.37158203125,-21.17919921875
2.78759765625,-0.6732177734375,-0.35595703125,-12.451171875,-164.00146484375,-34.1796875
2.274658203125,-2.01318359375,1.7169189453125,-10.25390625,-172.30224609375,-36.68212890625
1.877197265625,-2.31201171875,2.668701171875,5.0048828125,-131.8359375,-12.3291015625
0.656494140625,-0.85205078125,2.1165771484375,4.57763671875,-68.29833984375,-9.6435546875
-1.2618408203125,0.0772705078125,1.80126953125,45.95947265625,-72.57080078125,-12.451171875
-1.38720703125,0.427734375,1.2413330078125,85.38818359375,-41.8701171875,-3.72314453125
-0.2474365234375,1.0579833984375,0.43994140625,63.5986328125,-24.71923828125,-3.2958984375
0.931884765625,1.4736328125,0.7735595703125,42.54150390625,-23.681640625,1.03759765625
1.94921875,0.175537109375,1.812255859375,43.15185546875,-20.5078125,2.44140625
1.9376220703125,-2.0015869140625,1.51708984375,32.71484375,-24.5361328125,-0.54931640625
1.6800537109375,-2.5009765625,0.73291015625,16.66259765625,-25.32958984375,-1.64794921875
1.763671875,-1.065185546875,0.7911376953125,12.939453125,-26.42822265625,-1.46484375
1.7708740234375,0.610107421875,0.9853515625,6.34765625,-14.7705078125,2.01416015625
0.89453125,0.536376953125,0.8848876953125,4.7607421875,-4.08935546875,6.4697265625
0.616455078125,-0.633544921875,0.8975830078125,10.009765625,-3.60107421875,7.62939453125
1.32373046875,-0.48291015625,0.8804931640625,10.3759765625,-4.21142578125,5.126953125
1.0699462890625,0.0023193359375,0.870361328125,4.69970703125,-3.173828125,-1.46484375
0.57373046875,-0.3154296875,0.855712890625,-11.5966796875,0.18310546875,-1.708984375
0.6358642578125,-0.1689453125,0.810302734375,-31.31103515625,-6.40869140625,-2.5634765625
0.674072265625,-0.2310791015625,0.8184814453125,-41.56494140625,-12.26806640625,-2.50244140625
0.5037841796875,-0.295654296875,0.8375244140625,-39.306640625,-14.95361328125,-1.8310546875
0.495361328125,-0.31494140625,0.8402099609375,-10.31494140625,-14.16015625,-1.77001953125
0.5106201171875,-0.2896728515625,0.8341064453125,-4.21142578125,-13.00048828125,-2.9296875
0.4935302734375,-0.2337646484375,0.8218994140625,2.44140625,-11.04736328125,-4.21142578125
0.515869140625,-0.201416015625,0.8321533203125,4.45556640625,-7.99560546875,-4.94384765625
0.53466796875,-0.233154296875,0.8499755859375,1.953125,-5.7373046875,-8.056640625
0.5093994140625,-0.32275390625,0.834716796875,-1.77001953125,-4.7607421875,-9.033203125
0.492431640625,-0.3927001953125,0.813232421875,-2.8076171875,-1.3427734375,-8.4228515625
0.485107421875,-0.374267578125,0.801025390625,-1.708984375,-2.38037109375,-7.50732421875
0.4874267578125,-0.329345703125,0.7928466796875,0.18310546875,-4.2724609375,-6.77490234375
0.493896484375,-0.3277587890625,0.792236328125,5.615234375,-6.8359375,-4.21142578125
0.4940185546875,-0.316650390625,0.799560546875,5.0048828125,-9.33837890625,-3.2958984375
0.4931640625,-0.3223876953125,0.802734375,4.57763671875,-18.9208984375,-3.2958984375
0.5079345703125,-0.3438720703125,0.8052978515625,2.9296875,-23.86474609375,-3.23486328125
0.51123046875,-0.3563232421875,0.8221435546875,0.79345703125,-26.55029296875,-2.99072265625
0.501953125,-0.3409423828125,0.822998046875,-7.32421875,-31.25,-3.90625
0.4964599609375,-0.3316650390625,0.828369140625,-10.80322265625,-36.68212890625,-5.37109375
0.49853515625,-0.334716796875,0.83154296875,-11.65771484375,-42.90771484375,-9.27734375
0.505126953125,-0.3134765625,0.84912109375,-14.2822265625,-50.1708984375,-14.16015625
0.5050048828125,-0.300537109375,0.8465576171875,-16.9677734375,-75.37841796875,-19.47021484375
0.486083984375,-0.2958984375,0.846435546875,-20.01953125,-91.796875,-33.5693359375
0.493896484375,-0.293701171875,0.859130859375,-23.8037109375,-110.90087890625,-40.8935546875
0.491943359375,-0.2835693359375,0.8670654296875,-41.259765625,-157.77587890625,-47.4853515625
0.4847412109375,-0.2882080078125,0.8724365234375,-49.37744140625,-184.4482421875,-55.0537109375
0.4923095703125,-0.290283203125,0.887451171875,-59.02099609375,-215.14892578125,-68.66455078125
0.475830078125,-0.282958984375,0.923828125,-74.21875,-246.27685546875,-84.89990234375
0.4786376953125,-0.291748046875,0.92919921875,-76.171875,-269.47021484375,-90.9423828125
0.485107421875,-0.312744140625,0.9229736328125,-74.3408203125,-285.5224609375,-85.51025390625
0.478759765625,-0.3089599609375,0.9371337890625,-70.068359375,-310.4248046875,-82.82470703125
0.474853515625,-0.3099365234375,0.9456787109375,-62.19482421875,-372.98583984375,-89.41650390625
0.4671630859375,-0.3475341796875,0.94677734375,-52.30712890625,-449.951171875,-118.2861328125
0.4644775390625,-0.376220703125,0.9334716796875,-59.5703125,-501.89208984375,-161.19384765625
0.4461669921875,-0.3662109375,0.964111328125,-86.5478515625,-450.3173828125,-175.537109375
0.4473876953125,-0.37646484375,1.0162353515625,-135.25390625,-381.9580078125,-180.5419921875
0.4366455078125,-0.3671875,1.06591796875,-171.142578125,-348.9990234375,-176.33056640625
0.385986328125,-0.3775634765625,1.15771484375,-133.4228515625,-314.0869140625,-176.45263671875
0.3848876953125,-0.3985595703125,1.259765625,-64.8193359375,-282.2265625,-165.10009765625
0.389892578125,-0.326416015625,1.2371826171875,-33.99658203125,-285.46142578125,-124.0234375
0.47412109375,-0.2469482421875,1.019775390625,-49.01123046875,-210.99853515625,-43.0908203125
0.4910888671875,-0.327392578125,0.91943359375,-68.17626953125,-75.50048828125,-28.86962890625
0.4306640625,-0.4739990234375,1.0308837890625,-78.369140625,176.1474609375,-27.2216796875
0.4190673828125,-0.816162109375,1.5924072265625,-59.5703125,207.8857421875,-24.90234375
0.59423828125,-1.398193359375,2.0032958984375,-75.3173828125,224.18212890625,-15.2587890625
1.0045166015625,-1.5946044921875,2.1094970703125,-2.5634765625,225.09765625,-2.9296875
1.5323486328125,-1.320068359375,2.41162109375,21.3623046875,216.796875,10.43701171875
2.0867919921875,-1.0880126953125,2.736328125,40.1611328125,208.19091796875,22.0947265625
2.1070556640625,-0.83203125,2.42041015625,53.64990234375,203.61328125,30.8837890625
1.8416748046875,-0.7645263671875,1.3939208984375,54.26025390625,202.69775390625,38.39111328125
1.6109619140625,-0.9522705078125,0.8690185546875,47.79052734375,209.716796875,44.5556640625
1.1778564453125,-1.314208984375,0.6019287109375,38.57421875,222.35107421875,50.78125
0.9830322265625,-1.2769775390625,0.5025634765625,33.8134765625,236.4501953125,58.10546875
1.4837646484375,-0.92041015625,0.4949951171875,34.423828125,249.1455078125,73.974609375
2.32080078125,-0.669921875,0.569091796875,35.888671875,259.58251953125,81.84814453125
0.947021484375,-0.4061279296875,0.662841796875,36.9873046875,275.146484375,89.4775390625
0.2384033203125,-0.261474609375,0.723876953125,35.0341796875,282.53173828125,125.0
-0.0897216796875,-0.201904296875,0.7760009765625,29.6630859375,290.283203125,151.7333984375
-0.2105712890625,-0.22705078125,0.7940673828125,16.17431640625,303.3447265625,158.447265625
-0.2244873046875,-0.3050537109375,0.797119140625,9.765625,295.654296875,164.85595703125
-0.1552734375,-0.3709716796875,0.81103515625,4.5166015625,291.50390625,171.2646484375
-0.03857421875,-0.4105224609375,0.826904296875,-17.822265625,287.90283203125,177.8564453125
0.0802001953125,-0.41015625,0.8853759765625,-30.1513671875,283.75244140625,184.87548828125
0.194580078125,-0.3870849609375,0.9324951171875,-29.4189453125,275.57373046875,190.4296875
0.2962646484375,-0.385009765625,1.1781005859375,-23.86474609375,264.46533203125,192.9931640625
0.356201171875,-0.416015625,1.46142578125,-15.869140625,250.6103515625,192.93212890625
0.4078369140625,-0.498046875,1.597900390625,-8.23974609375,234.130859375,187.98828125
0.4866943359375,-0.5333251953125,1.7073974609375,-5.4931640625,217.529296875,170.166015625
0.5699462890625,-0.65087890625,1.7337646484375,-7.4462890625,202.45361328125,129.7607421875
0.7421875,-0.7724609375,1.6229248046875,-9.8876953125,173.095703125,70.00732421875
0.8314208984375,-0.871337890625,1.413818359375,-10.92529296875,131.4697265625,-45.0439453125
1.1837158203125,-0.9769287109375,1.1785888671875,-16.29638671875,100.4638671875,-103.6376953125
1.4942626953125,-1.050537109375,0.9342041015625,-22.94921875,-3.0517578125,-149.0478515625
1.6634521484375,-1.02880859375,0.6383056640625,-20.751953125,-54.6875,-165.52734375
1.8739013671875,-0.91015625,0.2432861328125,-28.3203125,-98.69384765625,-158.3251953125
2.0850830078125,-0.7762451171875,-0.2093505859375,-63.04931640625,-91.6748046875,-25.87890625
2.24853515625,-0.63623046875,-1.02880859375,-32.77587890625,-69.39697265625,-16.9677734375
2.3785400390625,-0.4554443359375,-2.023681640625,13.5498046875,-174.01123046875,-71.83837890625
2.542236328125,-0.1732177734375,-2.9915771484375,78.9794921875,-194.9462890625,-85.693359375
2.7894287109375,0.25927734375,-2.5556640625,114.990234375,-188.720703125,-61.95068359375
3.0662841796875,0.7431640625,-1.470947265625,17.51708984375,-171.44775390625,-31.43310546875
3.2581787109375,1.2274169921875,0.9022216796875,-2.44140625,-159.11865234375,-32.89794921875
3.42431640625,1.072265625,2.534423828125,-16.2353515625,-126.15966796875,-16.6015625
3.6739501953125,0.292236328125,-0.3140869140625,-18.73779296875,-67.138671875,-12.5732421875
3.736083984375,-0.2625732421875,2.5684814453125,-7.2021484375,-63.65966796875,-6.65283203125
2.6016845703125,-0.613525390625,1.835205078125,70.61767578125,-43.88427734375,-2.74658203125
2.1329345703125,-1.6624755859375,1.61767578125,50.10986328125,-18.12744140625,-1.15966796875
1.6536865234375,-0.028076171875,1.33935546875,34.912109375,-15.31982421875,0.79345703125
0.6273193359375,0.6729736328125,1.7347412109375,45.7763671875,-13.5498046875,0.3662109375
-0.8988037109375,1.00048828125,1.52099609375,13.12255859375,-13.916015625,-0.9765625
0.91796875,0.025146484375,0.8070068359375,10.8642578125,-13.36669921875,-2.74658203125
1.788330078125,-1.6796875,0.8773193359375,6.89697265625,-19.34814453125,-2.9296875
1.5108642578125,0.45263671875,0.91845703125,3.2958984375,-14.892578125,-0.6103515625
1.5947265625,0.4246826171875,0.8912353515625,5.37109375,-2.197265625,4.0283203125
1.7718505859375,-0.701904296875,0.893798828125,6.7138671875,-0.3662109375,7.75146484375
1.3392333984375,-0.621337890625,0.8555908203125,12.26806640625,-0.54931640625,7.62939453125
1.059814453125,-0.2266845703125,0.8585205078125,11.1083984375,-0.8544921875,5.06591796875
0.539794921875,-0.30810546875,0.880615234375,-0.8544921875,1.15966796875,-0.91552734375
0.693359375,-0.18212890625,0.8431396484375,-18.24951171875,3.662109375,-2.74658203125
0.6453857421875,-0.2890625,0.8209228515625,-31.43310546875,1.8310546875,-3.0517578125
0.56494140625,-0.320068359375,0.831787109375,-32.470703125,-3.72314453125,-1.89208984375
0.522216796875,-0.2779541015625,0.8189697265625,-26.55029296875,-11.29150390625,-1.77001953125
0.5047607421875,-0.2847900390625,0.8203125,-6.34765625,-6.28662109375,-1.953125
0.478515625,-0.269287109375,0.8253173828125,1.220703125,-4.2724609375,-2.86865234375
0.48095703125,-0.2447509765625,0.8294677734375,7.568359375,-3.0517578125,-4.5166015625
0.5191650390625,-0.245361328125,0.8343505859375,4.94384765625,-2.74658203125,-6.4697265625
0.5072021484375,-0.28759765625,0.8365478515625,1.0986328125,-2.99072265625,-7.6904296875
0.4794921875,-0.34033203125,0.8260498046875,-2.01416015625,-3.60107421875,-7.50732421875
0.4844970703125,-0.3658447265625,0.818603515625,-2.99072265625,-4.57763671875,-6.4697265625
0.4931640625,-0.3773193359375,0.812744140625,-1.3427734375,-5.615234375,-5.18798828125
0.5015869140625,-0.3685302734375,0.813232421875,1.708984375,-6.89697265625,-4.21142578125
0.501220703125,-0.3148193359375,0.811767578125,4.150390625,-8.11767578125,-4.0283203125
0.46337890625,-0.298828125,0.8162841796875,4.57763671875,-9.58251953125,-5.06591796875
0.453369140625,-0.310546875,0.823974609375,3.23486328125,-11.90185546875,-5.55419921875
0.480224609375,-0.3304443359375,0.8280029296875,1.52587890625,-14.16015625,-4.8828125
0.467529296875,-0.3433837890625,0.8277587890625,-0.30517578125,-17.39501953125,-5.31005859375
0.4561767578125,-0.34619140625,0.8260498046875,-2.8076171875,-25.390625,-7.4462890625
0.456298828125,-0.3411865234375,0.8258056640625,-4.08935546875,-28.9306640625,-9.09423828125
0.4588623046875,-0.32421875,0.8280029296875,-6.65283203125,-32.470703125,-9.6435546875
0.45947265625,-0.30419921875,0.8385009765625,-13.48876953125,-38.6962890625,-10.986328125
0.4615478515625,-0.29541015625,0.847412109375,-15.380859375,-48.40087890625,-13.0615234375
0.4752197265625,-0.2926025390625,0.8529052734375,-14.95361328125,-59.9365234375,-14.404296875
0.4906005859375,-0.2945556640625,0.8480224609375,-16.41845703125,-72.998046875,-20.01953125
0.49560546875,-0.300537109375,0.8555908203125,-24.35302734375,-89.7216796875,-26.85546875
0.4945068359375,-0.305419921875,0.8646240234375,-33.0810546875,-108.5205078125,-32.2265625
0.486083984375,-0.3055419921875,0.899658203125,-40.771484375,-130.0048828125,-37.7197265625
0.4541015625,-0.29833984375,0.92724609375,-53.16162109375,-156.73828125,-44.5556640625
0.44580078125,-0.3197021484375,0.9384765625,-63.04931640625,-186.46240234375,-48.52294921875
0.4561767578125,-0.34033203125,0.93701171875,-71.83837890625,-217.529296875,-59.75341796875
0.49072265625,-0.2921142578125,0.929931640625,-80.50537109375,-254.0283203125,-76.84326171875
0.4716796875,-0.2655029296875,0.9305419921875,-84.77783203125,-281.31103515625,-87.09716796875
0.45947265625,-0.286865234375,0.934326171875,-80.322265625,-288.26904296875,-84.3505859375
0.43603515625,-0.26220703125,0.9444580078125,-76.35498046875,-313.17138671875,-85.9375
0.440673828125,-0.300048828125,0.9508056640625,-67.32177734375,-369.7509765625,-100.52490234375
0.46630859375,-0.3857421875,0.9720458984375,-58.41064453125,-435.24169921875,-130.67626953125
0.47216796875,-0.3846435546875,0.962890625,-66.0400390625,-479.1259765625,-169.86083984375
0.4716796875,-0.33349609375,0.9549560546875,-90.6982421875,-438.232421875,-186.34033203125
0.4339599609375,-0.32861328125,0.9996337890625,-124.69482421875,-391.7236328125,-192.07763671875
0.3939208984375,-0.3297119140625,1.0721435546875,-144.53125,-360.4736328125,-189.27001953125
0.3739013671875,-0.33642578125,1.1356201171875,-107.7880859375,-317.81005859375,-185.791015625
0.376220703125,-0.396484375,1.257080078125,-50.59814453125,-293.8232421875,-76.66015625
0.3560791015625,-0.3387451171875,1.323486328125,-21.97265625,-295.7763671875,-54.62646484375
0.437255859375,-0.25927734375,1.1781005859375,-29.4189453125,85.14404296875,-44.98291015625
0.492431640625,-0.4130859375,1.071533203125,-34.3017578125,172.2412109375,-44.86083984375
0.423095703125,-0.65869140625,1.151611328125,-37.7197265625,216.6748046875,-35.400390625
0.418212890625,-0.97119140625,1.7120361328125,-70.25146484375,214.78271484375,-19.4091796875
0.607666015625,-1.419677734375,2.047119140625,-21.54541015625,206.0546875,-0.732421875
1.0523681640625,-1.5948486328125,2.15380859375,22.64404296875,198.05908203125,16.845703125
1.5989990234375,-1.41552734375,2.8353271484375,38.26904296875,194.7021484375,32.1044921875
2.0721435546875,-1.1527099609375,2.2103271484375,39.9169921875,193.9697265625,73.42529296875
2.032958984375,-0.8380126953125,0.77197265625,33.63037109375,199.40185546875,86.0595703125
1.8197021484375,-0.724609375,0.5306396484375,23.5595703125,240.41748046875,96.13037109375
1.5552978515625,-1.055419921875,0.458251953125,18.49365234375,268.85986328125,101.6845703125
1.0438232421875,-1.1177978515625,0.4703369140625,16.4794921875,290.771484375,107.666015625
0.8853759765625,-0.728759765625,0.552001953125,3.96728515625,296.32568359375,114.56298828125
2.4329833984375,-0.48583984375,0.62890625,-2.62451171875,298.4619140625,122.49755859375
0.767578125,-0.3438720703125,0.6658935546875,-11.77978515625,298.4619140625,131.40869140625
0.14111328125,-0.280517578125,0.8499755859375,-18.37158203125,299.1943359375,140.2587890625
-0.2672119140625,-0.313232421875,0.9439697265625,-24.10888671875,300.23193359375,148.4375
-0.2374267578125,-0.376953125,0.938720703125,-28.62548828125,298.7060546875,155.70068359375
-0.1435546875,-0.4049072265625,0.946044921875,-33.02001953125,294.61669921875,164.9169921875
-0.03955078125,-0.380615234375,0.995849609375,-37.17041015625,290.58837890625,177.30712890625
0.05517578125,-0.4093017578125,1.0780029296875,-39.97802734375,288.39111328125,192.138671875
0.123779296875,-0.3778076171875,1.17138671875,-42.6025390625,285.21728515625,206.298828125
0.513916015625,-0.3895263671875,1.26513671875,-41.9921875,280.1513671875,216.61376953125
0.7244873046875,-0.42578125,1.355224609375,-36.07177734375,273.92578125,221.19140625
0.79833984375,-0.478271484375,1.4703369140625,-22.88818359375,268.798828125,184.9365234375
0.8450927734375,-0.5223388671875,1.6124267578125,-5.126953125,239.3798828125,129.82177734375
0.9212646484375,-0.5445556640625,1.7427978515625,14.70947265625,208.92333984375,-5.67626953125
1.0284423828125,-0.563232421875,1.7928466796875,29.72412109375,107.97119140625,-81.23779296875
1.138427734375,-0.6407470703125,1.728515625,25.93994140625,-0.67138671875,-194.27490234375
1.2244873046875,-0.79443359375,1.57958984375,1.03759765625,-51.513671875,-171.875
1.2999267578125,-0.988037109375,1.334228515625,-39.55078125,-118.22509765625,-124.3896484375
1.4071044921875,-1.144775390625,0.4146728515625,-74.27978515625,-33.38623046875,-79.77294921875
1.6015625,-1.1842041015625,-0.228515625,-42.90771484375,-21.66748046875,-56.09130859375
1.8857421875,-1.123779296875,-1.859619140625,61.09619140625,-30.029296875,-95.5810546875
2.1878662109375,-0.9910888671875,-3.308349609375,154.23583984375,-197.08251953125,-24.5361328125
2.4644775390625,-0.3974609375,-3.1982421875,-25.45166015625,-184.814453125,-43.3349609375
2.7423095703125,0.150146484375,-0.09619140625,-129.8828125,-193.66455078125,-48.583984375
3.0343017578125,1.303955078125,2.3834228515625,-27.03857421875,-152.34375,-24.59716796875
3.39990234375,1.3900146484375,2.0716552734375,-34.36279296875,-74.40185546875,-17.822265625
3.46044921875,0.61376953125,0.030029296875,34.36279296875,-63.65966796875,-5.859375
3.903564453125,0.216064453125,2.3192138671875,104.55322265625,-43.39599609375,-3.84521484375
3.322509765625,-1.109130859375,1.5494384765625,89.17236328125,-25.2685546875,-4.08935546875
2.53466796875,-2.74609375,0.818603515625,47.7294921875,-20.32470703125,-2.01416015625
0.549072265625,-1.7427978515625,1.7301025390625,61.8896484375,-16.41845703125,-1.64794921875
-0.631103515625,1.049072265625,1.7481689453125,19.1650390625,-19.4091796875,-4.150390625
-0.721923828125,0.6715087890625,0.87548828125,8.6669921875,-19.22607421875,-0.9765625
-0.626953125,-2.3834228515625,0.84619140625,9.70458984375,-5.2490234375,0.91552734375
1.730712890625,0.274658203125,0.9354248046875,7.9345703125,-1.89208984375,0.54931640625
1.2802734375,0.6488037109375,0.883056640625,8.48388671875,-0.30517578125,-5.615234375
1.4271240234375,-0.690673828125,0.8673095703125,5.9814453125,2.197265625,-4.45556640625
1.3016357421875,-0.791259765625,0.869140625,-11.90185546875,-7.568359375,-2.50244140625
1.37109375,-0.19091796875,0.8565673828125,-24.35302734375,-13.427734375,-3.7841796875
0.6307373046875,-0.35791015625,0.8084716796875,-23.8037109375,-12.87841796875,-5.55419921875
0.66455078125,-0.224853515625,0.8031005859375,8.1787109375,-6.4697265625,-6.89697265625
0.6180419921875,-0.27099609375,0.7984619140625,10.009765625,-4.0283203125,-7.26318359375
0.5367431640625,-0.34033203125,0.811767578125,3.47900390625,-4.2724609375,-7.8125
0.4775390625,-0.23193359375,0.8472900390625,-1.89208984375,-5.7373046875,-8.36181640625
0.5072021484375,-0.291015625,0.8231201171875,-2.685546875,-7.080078125,-8.9111328125
0.479736328125,-0.3377685546875,0.806640625,-3.662109375,-7.87353515625,-9.1552734375
0.5269775390625,-0.3577880859375,0.8017578125,-5.0048828125,-8.4228515625,-8.48388671875
0.495361328125,-0.322265625,0.81396484375,-4.94384765625,-9.09423828125,-7.4462890625
0.4923095703125,-0.2794189453125,0.8253173828125,-3.60107421875,-9.765625,-6.591796875
0.5087890625,-0.2984619140625,0.830810546875,-2.50244140625,-11.04736328125,-5.55419921875
0.5006103515625,-0.33544921875,0.832763671875,-1.953125,-12.51220703125,-4.45556640625
0.5029296875,-0.32861328125,0.829345703125,-1.8310546875,-14.34326171875,-2.99072265625
0.4923095703125,-0.3089599609375,0.829345703125,-3.72314453125,-16.4794921875,-2.25830078125
0.4759521484375,-0.3016357421875,0.830322265625,-6.16455078125,-23.0712890625,-1.5869140625
0.4647216796875,-0.3038330078125,0.8310546875,-8.9111328125,-27.9541015625,-1.77001953125
0.473876953125,-0.30322265625,0.831787109375,-11.23046875,-33.0810546875,-2.0751953125
0.4869384765625,-0.306640625,0.827392578125,-15.19775390625,-37.9638671875,-2.50244140625
0.49462890625,-0.302978515625,0.826904296875,-17.15087890625,-45.166015625,-3.96728515625
0.496337890625,-0.28759765625,0.8336181640625,-20.69091796875,-53.7109375,-6.2255859375
0.499755859375,-0.2833251953125,0.8443603515625,-22.5830078125,-65.4296875,-12.939453125
0.509765625,-0.287109375,0.8565673828125,-26.3671875,-78.7353515625,-19.34814453125
0.5125732421875,-0.28173828125,0.857666015625,-30.1513671875,-109.80224609375,-28.564453125
0.5072021484375,-0.278076171875,0.861328125,-34.97314453125,-127.3193359375,-39.9169921875
0.510498046875,-0.2801513671875,0.8687744140625,-39.1845703125,-144.95849609375,-49.49951171875
0.513916015625,-0.263916015625,0.87841796875,-46.630859375,-193.7255859375,-63.720703125
0.4959716796875,-0.2703857421875,0.88720703125,-61.46240234375,-218.505859375,-78.9794921875
0.489990234375,-0.28955078125,0.8843994140625,-62.31689453125,-237.9150390625,-93.81103515625
0.4888916015625,-0.288330078125,0.8941650390625,-58.837890625,-255.55419921875,-99.12109375
0.48291015625,-0.291748046875,0.865966796875,-50.23193359375,-342.6513671875,-109.55810546875
0.4837646484375,-0.3046875,0.8697509765625,-39.4287109375,-403.62548828125,-134.70458984375
0.486083984375,-0.308837890625,0.927001953125,-34.7900390625,-428.28369140625,-155.57861328125
0.476806640625,-0.3414306640625,0.8944091796875,-67.5048828125,-392.88330078125,-172.54638671875
0.482177734375,-0.4073486328125,0.8955078125,-98.6328125,-372.25341796875,-185.05859375
0.481689453125,-0.40966796875,0.936767578125,-110.04638671875,-352.72216796875,-177.67333984375
0.4678955078125,-0.390869140625,1.0849609375,-81.11572265625,-320.068359375,-176.33056640625
0.436279296875,-0.4588623046875,1.1943359375,-49.072265625,-284.48486328125,-169.37255859375
0.441162109375,-0.456298828125,1.131103515625,-37.04833984375,-281.18896484375,-126.46484375
0.462890625,-0.3841552734375,1.0765380859375,-38.0859375,-209.41162109375,-66.89453125
0.5242919921875,-0.4776611328125,1.0889892578125,-58.4716796875,-58.89892578125,-31.6162109375
0.5244140625,-0.5782470703125,1.152587890625,-74.8291015625,82.8857421875,-32.89794921875
0.50830078125,-0.8533935546875,1.4576416015625,-62.8662109375,202.45361328125,-30.1513671875
0.8192138671875,-1.1466064453125,1.8074951171875,-93.68896484375,212.0361328125,44.7998046875
1.184814453125,-1.342041015625,2.052490234375,-77.1484375,209.04541015625,62.80517578125
1.5765380859375,-1.3253173828125,2.3360595703125,-30.70068359375,186.8896484375,88.68408203125
1.822265625,-1.114990234375,2.665283203125,-1.953125,194.7021484375,112.1826171875
1.7603759765625,-0.84130859375,2.954345703125,15.93017578125,213.31787109375,114.2578125
1.7042236328125,-0.6414794921875,1.1881103515625,6.40869140625,246.52099609375,113.76953125
1.5869140625,-0.690673828125,0.730712890625,9.033203125,260.6201171875,110.3515625
1.1768798828125,-0.956787109375,0.52197265625,13.61083984375,274.658203125,106.38427734375
1.0740966796875,-1.365234375,0.7724609375,3.5400390625,287.353515625,103.1494140625
1.471923828125,-1.0443115234375,0.800537109375,1.953125,296.69189453125,101.6845703125
2.2845458984375,-0.750244140625,0.789306640625,1.0986328125,303.22265625,103.02734375
2.2269287109375,-0.4569091796875,0.9666748046875,0.244140625,307.12890625,105.95703125
0.045654296875,-0.404052734375,1.015869140625,-3.662109375,311.46240234375,110.7177734375
