0.3946533203125,-0.224365234375,0.9085693359375,-0.30517578125,-0.42724609375,0.18310546875
0.3955078125,-0.2254638671875,0.9093017578125,-0.30517578125,-0.3662109375,0.18310546875
0.394775390625,-0.225830078125,0.9090576171875,-0.244140625,-0.42724609375,0.1220703125
0.3931884765625,-0.2257080078125,0.908935546875,-0.244140625,-0.42724609375,0.06103515625
0.392822265625,-0.2257080078125,0.9091796875,-0.18310546875,-0.42724609375,0.06103515625
0.392822265625,-0.22509765625,0.9090576171875,-0.18310546875,-0.42724609375,0.06103515625
0.3922119140625,-0.226318359375,0.9095458984375,-0.18310546875,-0.48828125,0.06103515625
0.393310546875,-0.2255859375,0.90966796875,-0.244140625,-0.48828125,0.06103515625
0.394287109375,-0.2264404296875,0.9088134765625,-0.1220703125,-0.48828125,0.06103515625
0.3951416015625,-0.226806640625,0.908447265625,-0.18310546875,-0.48828125,0.06103515625
0.3929443359375,-0.2257080078125,0.90869140625,-0.18310546875,-0.48828125,0.0
0.3919677734375,-0.2257080078125,0.90966796875,-0.244140625,-0.48828125,0.0
0.391845703125,-0.226806640625,0.9095458984375,-0.244140625,-0.54931640625,0.0
0.3931884765625,-0.2271728515625,0.908935546875,-0.244140625,-0.54931640625,-0.06103515625
0.39501953125,-0.225341796875,0.9088134765625,-0.18310546875,-0.6103515625,-0.06103515625
0.394775390625,-0.225830078125,0.9091796875,-0.244140625,-0.67138671875,0.06103515625
0.394775390625,-0.2264404296875,0.908203125,-0.244140625,-0.67138671875,0.06103515625
0.393798828125,-0.2259521484375,0.90966796875,-0.244140625,-0.6103515625,0.06103515625
0.392822265625,-0.2252197265625,0.9097900390625,-0.18310546875,-0.54931640625,0.06103515625
0.392333984375,-0.22509765625,0.9085693359375,-0.1220703125,-0.54931640625,0.0
0.3924560546875,-0.2252197265625,0.908447265625,-0.244140625,-0.6103515625,-0.06103515625
0.3927001953125,-0.2255859375,0.908203125,-0.244140625,-0.6103515625,0.0
0.3922119140625,-0.2249755859375,0.907958984375,-0.244140625,-0.732421875,0.0
0.392578125,-0.225341796875,0.9083251953125,-0.244140625,-0.732421875,0.06103515625
0.3931884765625,-0.225830078125,0.908203125,-0.244140625,-0.79345703125,0.06103515625
0.39404296875,-0.225830078125,0.9078369140625,-0.244140625,-0.732421875,0.1220703125
0.39306640625,-0.2264404296875,0.90869140625,-0.244140625,-0.6103515625,0.18310546875
0.39208984375,-0.2266845703125,0.90771484375,-0.30517578125,-0.48828125,0.1220703125
0.392822265625,-0.225830078125,0.9088134765625,-0.30517578125,-0.42724609375,0.1220703125
0.393310546875,-0.2252197265625,0.9093017578125,-0.244140625,-0.30517578125,0.18310546875
0.3936767578125,-0.22509765625,0.908203125,-0.18310546875,-0.1220703125,0.30517578125
0.3939208984375,-0.226318359375,0.9085693359375,-0.18310546875,-0.06103515625,0.42724609375
0.393310546875,-0.2255859375,0.908203125,-0.18310546875,0.06103515625,0.42724609375
0.39453125,-0.224853515625,0.9078369140625,-0.18310546875,0.3662109375,0.67138671875
0.39453125,-0.2249755859375,0.90771484375,-0.3662109375,0.48828125,1.0986328125
0.3939208984375,-0.2235107421875,0.90771484375,-0.18310546875,1.0986328125,2.9296875
0.3936767578125,-0.2239990234375,0.9073486328125,-0.18310546875,1.5869140625,2.3193359375
0.392333984375,-0.2252197265625,0.907470703125,-0.1220703125,3.2958984375,4.7607421875
0.3924560546875,-0.225341796875,0.90625,-0.18310546875,2.74658203125,4.7607421875
0.393798828125,-0.2254638671875,0.9072265625,-0.18310546875,4.33349609375,5.2490234375
0.3948974609375,-0.2244873046875,0.908203125,-0.91552734375,2.62451171875,6.28662109375
0.3948974609375,-0.2252197265625,0.908447265625,-3.47900390625,1.46484375,5.79833984375
0.39599609375,-0.2265625,0.9088134765625,-6.7138671875,0.48828125,1.89208984375
0.396240234375,-0.2265625,0.9075927734375,-7.6904296875,-3.35693359375,-20.32470703125
0.395263671875,-0.224853515625,0.9063720703125,-6.9580078125,-12.451171875,-36.19384765625
0.39404296875,-0.22119140625,0.908447265625,-7.26318359375,-34.36279296875,-55.17578125
0.3936767578125,-0.2269287109375,0.9117431640625,-10.498046875,-31.982421875,-69.39697265625
0.394775390625,-0.2265625,0.921142578125,-17.51708984375,-41.3818359375,-58.28857421875
0.3988037109375,-0.2203369140625,0.923828125,-54.13818359375,-23.13232421875,-33.02001953125
0.3984375,-0.2166748046875,0.9185791015625,-60.11962890625,-21.97265625,-23.49853515625
0.4019775390625,-0.220458984375,0.912841796875,-72.93701171875,-28.74755859375,-13.5498046875
0.4068603515625,-0.2315673828125,0.9019775390625,14.09912109375,-29.9072265625,114.80712890625
0.4073486328125,-0.2269287109375,0.920166015625,47.30224609375,-26.9775390625,134.033203125
0.40576171875,-0.21826171875,1.203369140625,30.6396484375,139.5263671875,136.23046875
0.4105224609375,-0.2174072265625,1.2484130859375,44.86083984375,156.73828125,137.14599609375
0.3651123046875,-0.224365234375,1.16015625,53.77197265625,160.33935546875,138.61083984375
0.3798828125,-0.2412109375,1.4937744140625,-14.46533203125,163.14697265625,138.61083984375
0.3997802734375,-0.2581787109375,1.5272216796875,0.0,168.88427734375,135.19287109375
0.3980712890625,-0.2115478515625,1.0118408203125,2.5634765625,175.048828125,128.5400390625
0.2996826171875,-0.199462890625,1.0430908203125,-0.79345703125,176.6357421875,120.66650390625
0.2952880859375,-0.251953125,1.0323486328125,-1.52587890625,171.38671875,112.24365234375
0.3353271484375,-1.2818603515625,1.55810546875,3.5400390625,160.64453125,96.25244140625
0.350830078125,-1.041748046875,1.5872802734375,12.20703125,146.1181640625,89.84375
0.494384765625,-0.8338623046875,1.639892578125,20.69091796875,111.083984375,41.015625
0.338623046875,-0.8494873046875,1.7060546875,24.4140625,87.5244140625,28.25927734375
0.1697998046875,-0.692138671875,1.728515625,24.5361328125,-15.869140625,17.76123046875
-0.6285400390625,-0.5941162109375,1.665283203125,22.64404296875,-11.1083984375,-22.15576171875
-0.7652587890625,-0.5577392578125,1.4840087890625,19.34814453125,-12.63427734375,-32.8369140625
-0.8736572265625,-0.540771484375,1.245849609375,13.61083984375,-72.81494140625,-40.71044921875
-0.5902099609375,-0.5445556640625,1.026611328125,16.11328125,-99.7314453125,-28.99169921875
-0.1253662109375,-0.5941162109375,0.85302734375,10.986328125,-119.384765625,-10.1318359375
0.152099609375,-0.66845703125,0.717041015625,24.5361328125,-92.71240234375,-15.19775390625
0.467041015625,-0.698486328125,0.482666015625,27.587890625,-172.05810546875,-26.7333984375
0.74853515625,-0.6446533203125,0.205810546875,29.23583984375,-132.01904296875,-12.0849609375
0.92138671875,-0.5406494140625,0.1962890625,62.5,-114.80712890625,-6.16455078125
0.969482421875,-0.4385986328125,0.09326171875,-13.61083984375,-123.59619140625,-1.28173828125
0.9564208984375,-0.3466796875,-0.1842041015625,-17.88330078125,-112.73193359375,0.244140625
0.9429931640625,-0.208984375,-0.1138916015625,-31.25,-10.68115234375,2.50244140625
0.9306640625,-0.0103759765625,0.018310546875,-21.728515625,-6.04248046875,3.23486328125
0.91943359375,0.006591796875,2.313720703125,31.6162109375,-6.9580078125,3.84521484375
0.9197998046875,0.0125732421875,-0.513916015625,3.11279296875,-7.75146484375,3.84521484375
1.774658203125,-0.068359375,2.1568603515625,0.0,-7.50732421875,1.5869140625
1.8648681640625,-0.15771484375,1.29736328125,-1.708984375,-6.103515625,0.91552734375
1.738525390625,-0.2615966796875,0.9644775390625,-2.8076171875,-3.41796875,0.54931640625
1.271240234375,-0.2381591796875,1.1314697265625,-2.99072265625,-3.35693359375,0.6103515625
1.287353515625,-0.5799560546875,0.97265625,-2.685546875,-3.173828125,0.732421875
1.3626708984375,0.2060546875,0.9473876953125,-2.38037109375,-3.173828125,0.91552734375
-1.073974609375,-0.9322509765625,0.9324951171875,-2.685546875,-2.9296875,1.0986328125
-0.10888671875,-1.231689453125,0.9278564453125,-3.0517578125,-2.74658203125,1.3427734375
1.1207275390625,-0.127197265625,0.923583984375,-3.662109375,-2.9296875,1.40380859375
0.6741943359375,-0.2926025390625,0.9176025390625,-3.96728515625,-4.0283203125,0.8544921875
0.36328125,-0.20703125,0.908935546875,-4.39453125,-4.45556640625,-0.42724609375
0.7293701171875,-0.223388671875,0.908935546875,-5.06591796875,-5.18798828125,-0.8544921875
0.3948974609375,-0.226318359375,0.91064453125,-6.40869140625,-6.65283203125,-0.48828125
0.385498046875,-0.2445068359375,0.9146728515625,-7.32421875,-7.6904296875,0.1220703125
0.3603515625,-0.2471923828125,0.9151611328125,-7.75146484375,-9.33837890625,0.91552734375
0.3641357421875,-0.2669677734375,0.91064453125,-9.46044921875,-10.07080078125,-0.67138671875
0.37353515625,-0.2626953125,0.9136962890625,-9.70458984375,-10.498046875,-2.0751953125
0.3712158203125,-0.2548828125,0.9044189453125,-9.82666015625,-12.51220703125,-3.173828125
0.34814453125,-0.252197265625,0.9031982421875,-10.19287109375,-15.80810546875,-3.90625
0.350341796875,-0.252685546875,0.8984375,-9.3994140625,-18.00537109375,-3.90625
0.3553466796875,-0.2508544921875,0.898193359375,-8.36181640625,-19.71435546875,-3.23486328125
0.3629150390625,-0.2470703125,0.900634765625,-7.50732421875,-18.73779296875,-2.86865234375
0.3681640625,-0.2484130859375,0.9093017578125,-7.568359375,-18.61572265625,-3.47900390625
0.36181640625,-0.2532958984375,0.9091796875,-7.75146484375,-19.8974609375,-3.41796875
0.3580322265625,-0.270751953125,0.8994140625,-8.9111328125,-26.2451171875,-2.99072265625
0.351318359375,-0.2728271484375,0.8984375,-8.97216796875,-31.43310546875,-7.75146484375
0.3487548828125,-0.2705078125,0.90087890625,-9.3994140625,-37.9638671875,-10.43701171875
0.3387451171875,-0.2572021484375,0.9012451171875,-11.04736328125,-78.61328125,-13.3056640625
0.34228515625,-0.2574462890625,0.911376953125,-12.75634765625,-88.5009765625,-14.2822265625
0.3504638671875,-0.271484375,0.909912109375,-14.7705078125,-98.7548828125,-13.0615234375
0.3638916015625,-0.29443359375,0.89990234375,-25.0244140625,-110.53466796875,-11.16943359375
0.3721923828125,-0.2879638671875,0.900390625,-29.47998046875,-123.22998046875,-11.474609375
0.3736572265625,-0.279296875,0.9119873046875,-30.3955078125,-132.8125,-11.71875
0.3323974609375,-0.2598876953125,0.9151611328125,-28.25927734375,-139.46533203125,-2.9296875
0.3328857421875,-0.2548828125,0.9222412109375,-21.240234375,-150.2685546875,11.23046875
0.3446044921875,-0.263671875,0.912109375,-19.1650390625,-183.349609375,0.8544921875
0.385498046875,-0.2718505859375,0.90283203125,-18.98193359375,-264.5263671875,-11.3525390625
0.4151611328125,-0.2626953125,0.911865234375,-18.310546875,-281.67724609375,-40.1611328125
0.3896484375,-0.248291015625,0.956298828125,-31.494140625,-324.462890625,-93.1396484375
0.3570556640625,-0.2510986328125,0.9676513671875,-42.54150390625,-380.79833984375,-125.244140625
0.36279296875,-0.3070068359375,0.94287109375,-65.85693359375,-431.5185546875,-128.173828125
0.3477783203125,-0.313720703125,0.9697265625,-114.80712890625,-441.34521484375,-139.83154296875
0.36865234375,-0.3035888671875,1.0113525390625,-159.423828125,-444.39697265625,-152.7099609375
0.3572998046875,-0.278564453125,1.0345458984375,-160.5224609375,-415.1611328125,-87.21923828125
0.3690185546875,-0.257568359375,1.1466064453125,-148.37646484375,-186.82861328125,-72.44873046875
0.3800048828125,-0.2781982421875,1.396484375,-160.7666015625,86.9140625,-59.99755859375
0.3895263671875,-0.342529296875,1.96142578125,-187.80517578125,151.18408203125,-57.55615234375
0.40966796875,-0.26220703125,2.1083984375,-185.546875,163.4521484375,-54.38232421875
0.4552001953125,-0.20556640625,1.865234375,-34.11865234375,166.1376953125,-34.1796875
0.5506591796875,-0.2520751953125,1.78662109375,-32.53173828125,171.9970703125,-21.54541015625
0.515380859375,-0.3983154296875,1.880126953125,-4.8828125,182.06787109375,-8.23974609375
0.4998779296875,-0.5499267578125,2.1361083984375,6.9580078125,189.208984375,4.69970703125
0.2320556640625,-0.943359375,3.125244140625,20.8740234375,198.66943359375,16.6015625
0.58251953125,-1.21630859375,3.6007080078125,21.66748046875,211.9140625,26.42822265625
0.8775634765625,-1.111083984375,2.5521240234375,18.5546875,224.91455078125,34.5458984375
1.19091796875,-0.7371826171875,1.551513671875,19.287109375,236.9384765625,40.34423828125
1.24609375,-0.55712890625,0.9967041015625,23.13232421875,248.779296875,43.45703125
1.1046142578125,-0.746826171875,0.7301025390625,27.52685546875,260.1318359375,45.34912109375
0.7850341796875,-1.231201171875,0.7518310546875,30.1513671875,272.0947265625,50.10986328125
0.7957763671875,-0.879638671875,0.838134765625,30.3955078125,285.33935546875,54.01611328125
1.2894287109375,-0.65234375,0.93310546875,30.3955078125,309.26513671875,59.08203125
0.6580810546875,-0.4228515625,0.992431640625,30.70068359375,315.73486328125,65.12451171875
-0.07421875,-0.2457275390625,1.0087890625,31.18896484375,319.580078125,71.83837890625
-0.4547119140625,-0.1658935546875,1.008544921875,29.23583984375,320.98388671875,86.97509765625
-0.4852294921875,-0.2244873046875,1.0316162109375,24.90234375,320.6787109375,95.21484375
-0.3922119140625,-0.2828369140625,1.0921630859375,19.53125,313.8427734375,104.18701171875
-0.2216796875,-0.31201171875,1.1875,14.7705078125,307.80029296875,114.31884765625
-0.1439208984375,-0.3038330078125,1.2730712890625,12.3291015625,302.55126953125,126.3427734375
-0.058837890625,-0.268310546875,1.292236328125,9.1552734375,298.64501953125,139.22119140625
0.0198974609375,-0.248046875,1.2718505859375,7.32421875,295.41015625,151.18408203125
0.0792236328125,-0.27197265625,1.2958984375,7.32421875,291.015625,182.0068359375
0.138427734375,-0.3199462890625,1.3719482421875,11.3525390625,286.19384765625,178.3447265625
0.222900390625,-0.367919921875,1.460205078125,17.333984375,251.15966796875,154.052734375
0.331787109375,-0.414794921875,1.6207275390625,20.93505859375,200.01220703125,-51.513671875
0.45703125,-0.4373779296875,1.76025390625,17.15087890625,170.166015625,-92.4072265625
0.5755615234375,-0.4825439453125,1.9407958984375,-38.4521484375,2.0751953125,-120.60546875
0.700927734375,-0.56005859375,2.0875244140625,-38.0859375,-64.63623046875,-116.5771484375
0.73486328125,-0.6475830078125,2.13037109375,-34.36279296875,-125.8544921875,-37.78076171875
0.7808837890625,-0.780517578125,2.0269775390625,-28.80859375,-144.71435546875,5.92041015625
0.843017578125,-0.8702392578125,1.789794921875,-27.40478515625,-253.60107421875,-31.92138671875
0.908447265625,-1.021484375,0.9996337890625,13.18359375,-233.642578125,-5.126953125
1.018798828125,-1.197021484375,0.7001953125,104.3701171875,-191.7724609375,3.84521484375
1.1248779296875,-1.315673828125,-0.184326171875,-9.82666015625,-185.24169921875,-18.4326171875
1.296875,-1.324951171875,-2.0467529296875,-42.724609375,-162.9638671875,-32.5927734375
1.5091552734375,-1.2059326171875,-1.689208984375,-36.376953125,-125.67138671875,-16.7236328125
1.7188720703125,-0.6280517578125,-0.9302978515625,-10.498046875,-81.84814453125,-9.6435546875
1.8988037109375,-0.434814453125,1.6787109375,23.74267578125,-66.22314453125,-11.1083984375
2.0474853515625,0.38720703125,0.645751953125,55.11474609375,-63.17138671875,-9.09423828125
2.5882568359375,1.0191650390625,2.3951416015625,49.072265625,-29.052734375,-3.7841796875
2.78857421875,0.4716796875,1.4034423828125,27.83203125,-34.0576171875,-3.96728515625
3.453857421875,-0.2530517578125,0.9676513671875,30.82275390625,-20.1416015625,-4.45556640625
3.275146484375,-0.5621337890625,1.2786865234375,22.0947265625,-8.4228515625,-2.99072265625
2.73779296875,-0.327880859375,1.8660888671875,13.24462890625,-6.89697265625,-1.0986328125
2.5408935546875,0.175537109375,1.5538330078125,8.72802734375,-5.79833984375,-0.30517578125
-0.22705078125,-1.7017822265625,1.1429443359375,6.04248046875,-10.68115234375,1.15966796875
1.1739501953125,-1.53857421875,1.2735595703125,9.1552734375,-13.18359375,2.25830078125
1.53271484375,-0.4686279296875,1.15966796875,9.765625,-13.00048828125,2.5634765625
0.875732421875,0.448486328125,0.9603271484375,8.85009765625,-11.962890625,1.77001953125
0.623291015625,0.2353515625,0.9337158203125,8.1787109375,-9.09423828125,0.3662109375
0.853515625,-0.6007080078125,0.9388427734375,5.37109375,-3.47900390625,0.1220703125
1.203125,-0.5677490234375,0.974365234375,1.40380859375,1.5869140625,1.3427734375
0.8154296875,-0.129638671875,0.9642333984375,-0.9765625,4.2724609375,1.15966796875
0.4659423828125,-0.241455078125,0.953125,-0.9765625,-1.52587890625,1.40380859375
0.62646484375,-0.360107421875,0.9244384765625,0.8544921875,-4.69970703125,0.30517578125
0.5626220703125,-0.275390625,0.9097900390625,-1.708984375,-6.40869140625,-1.3427734375
0.3824462890625,-0.25048828125,0.904296875,-7.01904296875,-7.4462890625,-2.8076171875
0.4088134765625,-0.2293701171875,0.9046630859375,-6.65283203125,-7.87353515625,-4.0283203125
0.4127197265625,-0.197998046875,0.909423828125,-8.72802734375,-7.9345703125,-4.638671875
0.4124755859375,-0.1976318359375,0.91015625,-9.27734375,-8.48388671875,-4.8828125
0.4012451171875,-0.211181640625,0.9127197265625,-8.30078125,-9.1552734375,-5.126953125
0.3668212890625,-0.23046875,0.921142578125,-7.2021484375,-10.31494140625,-5.2490234375
0.34521484375,-0.24658203125,0.9132080078125,-6.4697265625,-11.77978515625,-4.94384765625
0.345458984375,-0.263427734375,0.90771484375,-6.40869140625,-13.7939453125,-4.82177734375
0.3441162109375,-0.2706298828125,0.908203125,-6.7138671875,-16.54052734375,-4.57763671875
0.358642578125,-0.255615234375,0.9072265625,-7.26318359375,-18.9208984375,-4.33349609375
0.377197265625,-0.2498779296875,0.905029296875,-8.23974609375,-19.8974609375,-3.5400390625
0.3770751953125,-0.2518310546875,0.9014892578125,-9.21630859375,-20.81298828125,-3.60107421875
0.3516845703125,-0.2452392578125,0.9019775390625,-10.1318359375,-22.64404296875,-3.7841796875
0.33984375,-0.262451171875,0.9017333984375,-11.77978515625,-24.96337890625,-4.82177734375
0.3487548828125,-0.274169921875,0.8997802734375,-12.02392578125,-27.77099609375,-7.26318359375
0.3311767578125,-0.27734375,0.8992919921875,-11.90185546875,-58.65478515625,-24.47509765625
0.3326416015625,-0.278076171875,0.8988037109375,-11.474609375,-72.44873046875,-26.3671875
0.3388671875,-0.2691650390625,0.915771484375,-11.71875,-123.046875,-24.7802734375
0.3447265625,-0.26025390625,0.911376953125,-18.73779296875,-156.31103515625,-21.97265625
0.3487548828125,-0.253662109375,0.915771484375,-21.6064453125,-173.88916015625,-23.92578125
0.348876953125,-0.248779296875,0.911376953125,-22.94921875,-204.89501953125,-19.10400390625
0.34619140625,-0.26171875,0.91650390625,-16.90673828125,-227.23388671875,-12.26806640625
0.3358154296875,-0.255615234375,0.9149169921875,-16.66259765625,-262.3291015625,-10.986328125
0.3197021484375,-0.254150390625,0.9453125,-18.6767578125,-297.119140625,-29.296875
0.3206787109375,-0.258056640625,0.940673828125,-15.68603515625,-324.21875,-116.02783203125
0.36572265625,-0.2672119140625,0.9381103515625,-7.4462890625,-351.74560546875,-135.986328125
0.373291015625,-0.2703857421875,0.99560546875,-1.77001953125,-466.73583984375,-142.7001953125
0.387451171875,-0.2607421875,1.0213623046875,-18.9208984375,-460.3271484375,-150.32958984375
0.39013671875,-0.260498046875,1.0411376953125,-64.51416015625,-454.52880859375,-170.41015625
0.3734130859375,-0.278076171875,1.1253662109375,-135.07080078125,-427.3681640625,-177.6123046875
0.3719482421875,-0.249755859375,1.208740234375,-147.64404296875,-334.28955078125,-122.55859375
0.3465576171875,-0.2686767578125,1.144775390625,-194.580078125,-161.68212890625,-100.341796875
0.335205078125,-0.2696533203125,1.3602294921875,-205.50537109375,13.73291015625,-66.58935546875
0.3919677734375,-0.27490234375,2.0191650390625,-161.62109375,118.46923828125,-57.92236328125
0.398681640625,-0.2705078125,2.019287109375,-163.87939453125,169.25048828125,-42.90771484375
0.5372314453125,-0.1890869140625,1.9083251953125,-55.35888671875,171.7529296875,-22.8271484375
0.5374755859375,-0.138671875,2.12109375,-24.658203125,176.20849609375,-0.9765625
0.445068359375,-0.3157958984375,2.24365234375,26.123046875,180.0537109375,21.05712890625
0.1241455078125,-0.6402587890625,2.7490234375,37.65869140625,187.31689453125,38.87939453125
0.0494384765625,-1.2591552734375,3.41015625,39.4287109375,200.0732421875,52.67333984375
0.5618896484375,-0.9951171875,3.842529296875,27.52685546875,216.49169921875,61.8896484375
0.9844970703125,-0.5906982421875,3.39794921875,12.75634765625,234.2529296875,67.93212890625
1.414794921875,-0.5418701171875,1.31591796875,-0.91552734375,250.244140625,71.533203125
1.138671875,-0.5167236328125,0.8228759765625,-0.06103515625,263.36669921875,73.30322265625
0.833251953125,-0.93359375,0.6002197265625,9.70458984375,272.94921875,73.30322265625
0.8814697265625,-1.4901123046875,0.5985107421875,20.263671875,281.55517578125,71.77734375
0.814208984375,-1.3216552734375,0.68408203125,25.2685546875,291.50390625,69.091796875
1.4932861328125,-0.83154296875,0.8524169921875,22.76611328125,303.03955078125,67.7490234375
1.5845947265625,-0.5400390625,1.030029296875,14.7705078125,314.453125,68.54248046875
0.3233642578125,-0.312255859375,1.1181640625,8.11767578125,323.30322265625,71.22802734375
-0.5672607421875,-0.22119140625,1.111083984375,6.591796875,328.55224609375,75.37841796875
-0.5523681640625,-0.2347412109375,1.052490234375,7.38525390625,332.03125,81.54296875
-0.4732666015625,-0.339599609375,1.019775390625,6.89697265625,332.45849609375,89.53857421875
-0.377197265625,-0.4544677734375,1.0615234375,5.0048828125,331.60400390625,99.18212890625
-0.2509765625,-0.491943359375,1.1771240234375,0.9765625,330.078125,110.16845703125
-0.1158447265625,-0.427734375,1.299560546875,-4.82177734375,326.11083984375,122.98583984375
0.0328369140625,-0.3052978515625,1.37548828125,-11.5966796875,322.1435546875,138.5498046875
0.138916015625,-0.1995849609375,1.4090576171875,-19.6533203125,315.0634765625,155.517578125
0.1953125,-0.15576171875,1.4183349609375,-24.7802734375,306.70166015625,190.24658203125
0.2421875,-0.1885986328125,1.4422607421875,-25.2685546875,298.7060546875,185.9130859375
0.3070068359375,-0.266357421875,1.50634765625,-19.1650390625,285.64453125,172.30224609375
0.4022216796875,-0.33349609375,1.5919189453125,-8.1787109375,243.83544921875,75.98876953125
0.525390625,-0.3720703125,1.6939697265625,4.33349609375,207.1533203125,19.04296875
0.642333984375,-0.397705078125,1.8243408203125,15.68603515625,110.16845703125,-24.5361328125
0.7220458984375,-0.4256591796875,1.973876953125,-4.33349609375,37.04833984375,-56.94580078125
0.780517578125,-0.4586181640625,2.10400390625,-26.85546875,-52.18505859375,-87.158203125
0.835693359375,-0.4962158203125,2.1768798828125,-86.0595703125,-135.19287109375,-97.7783203125
0.8853759765625,-0.552978515625,2.1905517578125,-94.54345703125,-187.92724609375,-117.85888671875
0.932861328125,-0.65478515625,1.6541748046875,-71.96044921875,-187.98828125,-71.47216796875
0.98974609375,-0.8214111328125,0.4794921875,-25.32958984375,-96.13037109375,-36.1328125
1.0501708984375,-1.014892578125,-0.24462890625,34.24072265625,-247.1923828125,-3.96728515625
1.125244140625,-1.1661376953125,-0.9779052734375,73.42529296875,-242.7978515625,-41.015625
1.2354736328125,-1.2286376953125,-2.1441650390625,5.43212890625,-214.29443359375,-65.00244140625
1.385986328125,-0.9638671875,-2.1092529296875,44.921875,-216.064453125,-46.630859375
1.5830078125,-0.74365234375,-1.6051025390625,-36.31591796875,-205.322265625,-20.263671875
1.8394775390625,0.1492919921875,-0.800048828125,-41.07666015625,-185.4248046875,-10.07080078125
2.739990234375,0.64111328125,0.8118896484375,-48.095703125,-195.80078125,-10.31494140625
3.0218505859375,0.7052001953125,2.537353515625,-48.64501953125,-200.37841796875,-30.82275390625
3.552978515625,0.32275390625,-0.67431640625,-50.29296875,-167.1142578125,-41.80908203125
3.8812255859375,-0.2158203125,1.3104248046875,-33.69140625,-128.72314453125,-23.13232421875
3.7762451171875,-0.5828857421875,2.9039306640625,-13.73291015625,-87.95166015625,-7.50732421875
3.19580078125,-0.2430419921875,2.2391357421875,26.0009765625,-69.15283203125,-6.89697265625
2.6942138671875,-1.4735107421875,1.640625,61.95068359375,-52.24609375,-3.84521484375
2.61181640625,0.211181640625,1.499267578125,65.3076171875,-37.41455078125,-2.0751953125
0.5142822265625,0.34423828125,1.089599609375,44.49462890625,-24.23095703125,-1.89208984375
-1.097412109375,0.471435546875,0.9324951171875,28.38134765625,-9.765625,3.90625
0.8123779296875,0.8941650390625,1.4920654296875,18.5546875,-7.01904296875,4.69970703125
1.4227294921875,0.2620849609375,1.8876953125,17.333984375,-12.5732421875,5.31005859375
1.6395263671875,-1.1947021484375,1.545654296875,11.77978515625,-11.474609375,4.57763671875
1.5279541015625,-1.7352294921875,1.2081298828125,9.521484375,-9.70458984375,4.638671875
1.075439453125,-1.1783447265625,1.244873046875,-0.30517578125,0.18310546875,4.2724609375
0.7147216796875,-0.2313232421875,1.0181884765625,-1.28173828125,-4.0283203125,1.28173828125
0.6058349609375,0.328125,0.9344482421875,-2.5634765625,-0.1220703125,1.220703125
0.6842041015625,-0.0003662109375,0.9580078125,-4.150390625,-3.2958984375,1.220703125
1.10009765625,-0.538330078125,0.94482421875,-5.67626953125,-3.60107421875,1.3427734375
1.2698974609375,-0.356689453125,0.9266357421875,-6.2255859375,-3.5400390625,1.708984375
0.826416015625,-0.3673095703125,0.9151611328125,-4.45556640625,-3.662109375,2.197265625
0.5408935546875,-0.427734375,0.909912109375,-5.55419921875,-4.21142578125,2.01416015625
0.6368408203125,-0.26806640625,0.900146484375,-7.38525390625,-4.57763671875,1.15966796875
0.433837890625,-0.2308349609375,0.906494140625,-9.1552734375,-4.8828125,0.06103515625
0.424072265625,-0.2117919921875,0.908935546875,-10.68115234375,-5.9814453125,-0.9765625
0.4075927734375,-0.228515625,0.918701171875,-11.53564453125,-6.89697265625,-2.3193359375
0.36083984375,-0.24267578125,0.9110107421875,-12.26806640625,-7.568359375,-2.0751953125
0.3621826171875,-0.2591552734375,0.90771484375,-13.0615234375,-9.033203125,-1.708984375
0.3682861328125,-0.26220703125,0.9036865234375,-12.939453125,-10.3759765625,-1.3427734375
0.369384765625,-0.2796630859375,0.9010009765625,-12.14599609375,-13.671875,-1.52587890625
0.36962890625,-0.260009765625,0.90478515625,-9.70458984375,-15.0146484375,-2.9296875
0.3563232421875,-0.2557373046875,0.8983154296875,-9.21630859375,-16.41845703125,-7.01904296875
0.36181640625,-0.258544921875,0.8946533203125,-9.521484375,-19.6533203125,-6.9580078125
0.3541259765625,-0.2642822265625,0.897705078125,-9.033203125,-27.587890625,-7.9345703125
0.3494873046875,-0.2626953125,0.8975830078125,-8.23974609375,-26.611328125,-8.056640625
0.34716796875,-0.259033203125,0.89453125,-7.080078125,-33.99658203125,-7.32421875
0.3468017578125,-0.265625,0.8955078125,-7.2021484375,-39.6728515625,-17.9443359375
0.3443603515625,-0.2791748046875,0.9053955078125,-7.50732421875,-53.52783203125,-25.08544921875
0.3399658203125,-0.293212890625,0.9066162109375,-8.23974609375,-76.47705078125,-32.2265625
0.32421875,-0.2999267578125,0.8961181640625,-9.58251953125,-89.66064453125,-32.2265625
0.316162109375,-0.279052734375,0.8922119140625,-17.822265625,-129.7607421875,-31.31103515625
0.330078125,-0.2691650390625,0.922119140625,-27.64892578125,-153.38134765625,-27.52685546875
0.3426513671875,-0.2564697265625,0.9239501953125,-32.470703125,-173.828125,-28.86962890625
0.344970703125,-0.2684326171875,0.925537109375,-35.94970703125,-205.38330078125,-27.16064453125
0.3406982421875,-0.296142578125,0.935546875,-32.16552734375,-226.806640625,-12.0849609375
0.34716796875,-0.3101806640625,0.94287109375,-34.60693359375,-256.103515625,-14.22119140625
0.34765625,-0.27685546875,0.9364013671875,-34.24072265625,-344.6044921875,-65.91796875
0.325439453125,-0.276123046875,0.9381103515625,-30.6396484375,-364.013671875,-142.2119140625
0.2874755859375,-0.29052734375,0.9976806640625,-24.96337890625,-422.18017578125,-165.34423828125
0.38134765625,-0.2255859375,0.9573974609375,-20.69091796875,-490.3564453125,-181.7626953125
0.4150390625,-0.2667236328125,1.0130615234375,-89.90478515625,-466.97998046875,-200.86669921875
0.3419189453125,-0.3477783203125,1.062744140625,-160.5224609375,-434.326171875,-193.9697265625
0.367431640625,-0.3367919921875,1.072265625,-167.1142578125,-313.41552734375,-139.58740234375
0.3795166015625,-0.298828125,1.2596435546875,-216.30859375,-150.87890625,-115.41748046875
0.330322265625,-0.206787109375,1.264404296875,-161.4990234375,37.53662109375,-85.14404296875
0.3338623046875,-0.239990234375,2.073486328125,-98.5107421875,145.81298828125,-64.51416015625
0.2933349609375,-0.3084716796875,2.7218017578125,-122.25341796875,182.6171875,-49.9267578125
0.3416748046875,-0.2716064453125,2.21533203125,-25.634765625,189.14794921875,-33.0810546875
0.3802490234375,-0.2423095703125,2.3875732421875,-17.15087890625,186.5234375,-13.427734375
0.571533203125,-0.11962890625,2.488037109375,-6.77490234375,181.33544921875,8.85009765625
0.5225830078125,-0.5584716796875,3.001220703125,5.7373046875,178.77197265625,28.86962890625
0.2506103515625,-1.4066162109375,3.6263427734375,16.6015625,181.640625,44.921875
0.3231201171875,-1.5096435546875,3.87744140625,23.92578125,183.59375,57.06787109375
0.952392578125,-0.755615234375,3.2891845703125,18.98193359375,195.1904296875,65.73486328125
1.3155517578125,-0.7044677734375,2.033203125,5.67626953125,211.12060546875,75.37841796875
1.52978515625,-0.4412841796875,1.0889892578125,-5.79833984375,229.43115234375,76.904296875
0.8118896484375,-1.0340576171875,0.5498046875,-6.40869140625,260.19287109375,76.416015625
0.7208251953125,-1.6275634765625,0.34912109375,-0.48828125,273.01025390625,74.21875
0.76123046875,-1.1590576171875,0.3916015625,8.30078125,283.935546875,72.3876953125
1.705322265625,-0.9085693359375,0.544189453125,20.99609375,293.5791015625,73.73046875
1.58935546875,-0.7423095703125,0.7432861328125,22.52197265625,304.50439453125,78.125
0.135009765625,-0.5191650390625,0.9244384765625,22.39990234375,318.54248046875,84.28955078125
-0.3836669921875,-0.3292236328125,1.0517578125,20.01953125,332.45849609375,91.4306640625
-0.662841796875,-0.2147216796875,1.1263427734375,15.07568359375,343.505859375,100.09765625
-0.7391357421875,-0.203857421875,1.169677734375,9.82666015625,350.03662109375,109.55810546875
-0.686279296875,-0.2724609375,1.1558837890625,5.37109375,350.52490234375,118.34716796875
-0.5511474609375,-0.34423828125,1.1593017578125,3.0517578125,348.08349609375,127.01416015625
-0.404296875,-0.3868408203125,1.198974609375,0.67138671875,338.43994140625,136.1083984375
-0.2684326171875,-0.3843994140625,1.294921875,-1.64794921875,328.91845703125,144.287109375
-0.1025390625,-0.331298828125,1.421630859375,-6.34765625,321.83837890625,152.77099609375
0.0364990234375,-0.3115234375,1.50634765625,-9.82666015625,314.94140625,159.11865234375
0.1456298828125,-0.3165283203125,1.5245361328125,-9.21630859375,313.4765625,168.27392578125
0.354736328125,-0.350830078125,1.53515625,-5.18798828125,312.5,176.8798828125
0.4417724609375,-0.408203125,1.56298828125,4.69970703125,313.232421875,175.1708984375
0.528564453125,-0.486572265625,1.6060791015625,14.83154296875,302.734375,165.52734375
0.622802734375,-0.5775146484375,1.7098388671875,20.3857421875,277.099609375,142.63916015625
0.7452392578125,-0.63720703125,1.9014892578125,1.953125,245.78857421875,95.03173828125
0.889404296875,-0.673095703125,2.15869140625,-28.86962890625,213.31787109375,37.353515625
0.990966796875,-0.71142578125,2.3909912109375,-49.31640625,157.1044921875,-61.5234375
1.022705078125,-0.7486572265625,2.485595703125,-60.24169921875,80.13916015625,-100.52490234375
1.0361328125,-0.8143310546875,2.301025390625,-76.904296875,-139.2822265625,-108.82568359375
1.07373046875,-0.9364013671875,1.89208984375,-83.1298828125,-219.7265625,-96.6796875
1.1102294921875,-1.12255859375,1.4283447265625,-97.96142578125,-245.17822265625,-67.138671875
1.1575927734375,-1.32080078125,0.9385986328125,-30.45654296875,-229.43115234375,-46.5087890625
1.284423828125,-1.43408203125,0.4361572265625,53.955078125,-158.5693359375,-77.20947265625
1.4947509765625,-1.263427734375,-0.2568359375,94.66552734375,-67.19970703125,-33.63037109375
1.76953125,-0.8524169921875,-1.4652099609375,90.8203125,-24.5361328125,-22.0947265625
2.083740234375,-0.591064453125,-2.646240234375,142.15087890625,-202.20947265625,11.71875
2.3486328125,-0.45361328125,-2.6282958984375,119.5068359375,-265.31982421875,-12.3291015625
2.5247802734375,-0.09765625,-1.338623046875,-114.1357421875,-230.28564453125,-72.998046875
2.7354736328125,0.3016357421875,-0.077392578125,-2.38037109375,-231.26220703125,-58.41064453125
3.0028076171875,0.71240234375,1.2779541015625,-1.3427734375,-216.85791015625,-31.73828125
3.42236328125,0.989990234375,2.6915283203125,-71.59423828125,-201.66015625,-3.7841796875
3.857177734375,0.161376953125,3.3177490234375,-29.78515625,-202.69775390625,-26.91650390625
3.998046875,-0.4744873046875,1.06298828125,-38.51318359375,-157.3486328125,-27.4658203125
3.950927734375,-0.7393798828125,-2.18603515625,-51.20849609375,-112.060546875,-14.46533203125
2.881591796875,-0.748779296875,-0.6239013671875,-18.98193359375,-79.52880859375,-9.521484375
2.6094970703125,-0.691162109375,2.8048095703125,43.8232421875,-71.22802734375,-11.41357421875
2.7435302734375,-1.6199951171875,2.787109375,60.72998046875,-59.02099609375,-6.16455078125
1.9761962890625,-0.7841796875,1.524658203125,40.46630859375,-47.4853515625,-2.13623046875
-0.2591552734375,0.836181640625,1.417724609375,33.447265625,-33.203125,-0.06103515625
-1.8431396484375,0.7197265625,1.40283203125,32.77587890625,-29.1748046875,-2.86865234375
-1.4178466796875,0.5478515625,1.5626220703125,31.25,-18.06640625,-4.8828125
-0.162109375,0.9266357421875,1.9942626953125,20.99609375,-14.22119140625,-6.16455078125
1.1429443359375,0.8516845703125,1.4964599609375,24.96337890625,-11.65771484375,-0.54931640625
1.736083984375,-0.8267822265625,1.0772705078125,21.30126953125,-14.34326171875,2.01416015625
1.7384033203125,-1.97607421875,1.227294921875,26.3671875,-17.51708984375,1.46484375
1.248779296875,-0.070556640625,1.149658203125,27.89306640625,-16.4794921875,0.30517578125
0.8165283203125,0.805419921875,1.05322265625,24.71923828125,-10.92529296875,-0.8544921875
0.9276123046875,0.115478515625,0.9852294921875,16.05224609375,-5.859375,-2.5634765625
1.065673828125,-0.828125,0.925048828125,13.36669921875,-0.9765625,-4.5166015625
1.2745361328125,-0.51953125,0.953369140625,9.09423828125,1.708984375,-3.11279296875
0.738525390625,-0.075439453125,0.917724609375,7.32421875,6.9580078125,-1.64794921875
0.3875732421875,-0.2879638671875,0.915771484375,4.94384765625,-0.48828125,-1.46484375
0.6025390625,-0.386962890625,0.927978515625,4.57763671875,-4.150390625,-0.67138671875
0.7283935546875,-0.2718505859375,0.9178466796875,5.31005859375,-7.38525390625,-0.3662109375
0.5146484375,-0.259521484375,0.898681640625,0.3662109375,-7.87353515625,-0.8544921875
0.380615234375,-0.2275390625,0.895263671875,-3.23486328125,-9.521484375,-1.89208984375
0.410888671875,-0.176025390625,0.892578125,-2.13623046875,-9.521484375,-3.0517578125
0.4010009765625,-0.1800537109375,0.903564453125,-5.0048828125,-9.6435546875,-5.9814453125
0.3350830078125,-0.2039794921875,0.907470703125,-7.2021484375,-11.04736328125,-6.65283203125
0.2960205078125,-0.2388916015625,0.9036865234375,-7.38525390625,-13.427734375,-7.9345703125
0.3941650390625,-0.239990234375,0.9150390625,-8.72802734375,-14.892578125,-9.09423828125
0.405029296875,-0.237060546875,0.9119873046875,-10.68115234375,-16.845703125,-8.97216796875
0.3927001953125,-0.2431640625,0.9039306640625,-13.97705078125,-22.27783203125,-9.21630859375
0.39501953125,-0.2379150390625,0.914306640625,-16.2353515625,-24.658203125,-8.6669921875
0.380859375,-0.21484375,0.9039306640625,-24.2919921875,-27.7099609375,-7.14111328125
0.3787841796875,-0.2158203125,0.8917236328125,-24.35302734375,-30.70068359375,-6.04248046875
0.3612060546875,-0.2078857421875,0.8907470703125,-24.0478515625,-35.46142578125,-7.01904296875
0.347412109375,-0.18505859375,0.8907470703125,-22.705078125,-45.22705078125,-8.30078125
0.364501953125,-0.1995849609375,0.8941650390625,-20.32470703125,-56.640625,-10.8642578125
0.3687744140625,-0.2271728515625,0.908935546875,-17.7001953125,-70.1904296875,-15.380859375
0.3538818359375,-0.2261962890625,0.9215087890625,-18.85986328125,-85.75439453125,-26.18408203125
0.3560791015625,-0.233642578125,0.92578125,-18.5546875,-99.9755859375,-33.8134765625
0.3619384765625,-0.2340087890625,0.9259033203125,-20.8740234375,-137.3291015625,-36.07177734375
0.3466796875,-0.2265625,0.9281005859375,-24.84130859375,-159.36279296875,-36.376953125
0.342041015625,-0.23828125,0.9393310546875,-27.4658203125,-184.5703125,-42.8466796875
0.339599609375,-0.229736328125,0.948974609375,-33.447265625,-220.703125,-46.08154296875
0.3555908203125,-0.2349853515625,0.9595947265625,-30.2734375,-244.62890625,-40.22216796875
0.35205078125,-0.2420654296875,0.9588623046875,-24.658203125,-282.470703125,-32.958984375
0.3837890625,-0.2474365234375,0.9501953125,-17.76123046875,-322.021484375,-46.0205078125
0.40185546875,-0.1951904296875,0.96923828125,-6.9580078125,-364.19677734375,-144.71435546875
0.4056396484375,-0.196533203125,0.9852294921875,9.82666015625,-398.5595703125,-165.71044921875
0.4207763671875,-0.2227783203125,1.0245361328125,27.52685546875,-483.0322265625,-179.443359375
0.395751953125,-0.2091064453125,1.08203125,32.3486328125,-461.36474609375,-186.34033203125
0.369140625,-0.2607421875,1.0631103515625,-0.18310546875,-428.5888671875,-152.83203125
0.3560791015625,-0.2811279296875,1.128662109375,-141.78466796875,-309.99755859375,-55.84716796875
0.3388671875,-0.30712890625,1.24951171875,-211.97509765625,-154.1748046875,-21.66748046875
0.3411865234375,-0.31201171875,1.228271484375,-215.4541015625,113.70849609375,14.2822265625
0.3240966796875,-0.291015625,1.4078369140625,-106.93359375,160.2783203125,31.8603515625
0.356201171875,-0.349365234375,1.8681640625,-79.1015625,184.63134765625,46.630859375
0.3843994140625,-0.361328125,2.0594482421875,35.21728515625,187.92724609375,62.43896484375
0.4385986328125,-0.2528076171875,2.3956298828125,46.7529296875,190.85693359375,73.91357421875
0.592529296875,-0.1497802734375,2.5902099609375,33.5693359375,197.3876953125,80.01708984375
0.5443115234375,-0.3302001953125,3.10498046875,19.04296875,208.55712890625,82.82470703125
0.2216796875,-0.7022705078125,3.587890625,5.0048828125,223.08349609375,83.80126953125
-0.0587158203125,-1.14892578125,3.350830078125,-3.23486328125,240.66162109375,84.04541015625
0.2303466796875,-0.7120361328125,2.11572265625,2.50244140625,257.2021484375,82.8857421875
0.853759765625,-0.6304931640625,0.681396484375,20.44677734375,271.8505859375,79.28466796875
1.3739013671875,-0.7391357421875,0.5040283203125,40.34423828125,283.8134765625,73.30322265625
1.0576171875,-1.5052490234375,0.5391845703125,54.19921875,293.9453125,49.1943359375
1.0875244140625,-1.4346923828125,0.7196044921875,55.48095703125,303.3447265625,45.71533203125
0.7103271484375,-0.9075927734375,0.977294921875,46.56982421875,337.95166015625,45.83740234375
1.3782958984375,-0.199462890625,1.1722412109375,36.56005859375,348.69384765625,50.47607421875
0.0826416015625,-0.0631103515625,1.2373046875,30.57861328125,355.04150390625,58.7158203125
-0.3741455078125,-0.033447265625,1.1964111328125,35.15625,358.5205078125,69.9462890625
-0.5899658203125,-0.1024169921875,1.1080322265625,34.72900390625,359.7412109375,81.9091796875
-0.5106201171875,-0.2349853515625,1.05810546875,28.9306640625,356.38427734375,91.36962890625
-0.4163818359375,-0.3155517578125,1.0823974609375,20.8740234375,351.4404296875,101.4404296875
-0.26025390625,-0.29345703125,1.177734375,12.87841796875,342.28515625,110.9619140625
-0.080078125,-0.1817626953125,1.5455322265625,8.60595703125,333.67919921875,130.615234375
0.0797119140625,-0.0479736328125,1.57861328125,8.60595703125,325.0732421875,135.31494140625
0.19287109375,0.029296875,1.5892333984375,17.63916015625,301.45263671875,137.51220703125
0.267578125,0.0216064453125,1.611572265625,26.0009765625,288.57421875,125.18310546875
0.325439453125,-0.0574951171875,1.6746826171875,28.6865234375,234.19189453125,-32.77587890625
0.40087890625,-0.3919677734375,1.7777099609375,-35.7666015625,199.5849609375,-77.1484375
0.496337890625,-0.444091796875,1.938232421875,-60.11962890625,-83.3740234375,-122.00927734375
0.6024169921875,-0.4893798828125,2.1207275390625,-70.556640625,-152.28271484375,-119.68994140625
0.9945068359375,-0.5479736328125,2.236572265625,-79.28466796875,-195.37353515625,-25.2685546875
1.052734375,-0.6363525390625,2.2374267578125,-42.78564453125,-187.3779296875,4.21142578125
1.0736083984375,-0.7506103515625,1.6036376953125,10.92529296875,-224.54833984375,44.921875
1.101318359375,-0.916259765625,1.2857666015625,70.98388671875,-277.9541015625,4.638671875
1.1348876953125,-1.1182861328125,0.4969482421875,46.69189453125,-248.22998046875,-30.82275390625
1.1820068359375,-1.246826171875,-0.0157470703125,-40.0390625,-244.0185546875,0.3662109375
1.263671875,-1.22607421875,-2.122802734375,-10.31494140625,-203.0029296875,-13.00048828125
1.4171142578125,-0.7154541015625,-1.27734375,-55.35888671875,-145.56884765625,-9.3994140625
1.63720703125,-0.5732421875,0.5164794921875,3.23486328125,-64.8193359375,-4.08935546875
1.8687744140625,-0.07763671875,1.2213134765625,-2.38037109375,-58.53271484375,-1.15966796875
2.4056396484375,0.3343505859375,-1.8018798828125,47.4853515625,-35.46142578125,-1.0986328125
2.6021728515625,0.380859375,-0.4058837890625,16.17431640625,-34.3017578125,2.25830078125
2.921142578125,-0.1607666015625,2.5679931640625,17.27294921875,-23.92578125,3.35693359375
3.4552001953125,-0.56103515625,2.800537109375,10.43701171875,-21.484375,3.90625
2.8343505859375,-0.62939453125,1.7657470703125,13.0615234375,-22.3388671875,-3.60107421875
2.41748046875,-0.0352783203125,1.3837890625,11.8408203125,-21.42333984375,-5.126953125
2.4188232421875,-0.025390625,1.1695556640625,-1.28173828125,-6.28662109375,-2.99072265625
1.8531494140625,0.189208984375,1.124755859375,-4.2724609375,-2.3193359375,-1.8310546875
-0.3243408203125,1.058349609375,1.01171875,-7.62939453125,-7.26318359375,-1.0986328125
1.2923583984375,-1.6253662109375,0.982177734375,-3.662109375,-10.92529296875,-2.685546875
1.8048095703125,-1.4920654296875,0.9053955078125,-4.638671875,-10.43701171875,-3.47900390625
1.7342529296875,-0.831787109375,0.9169921875,-11.41357421875,-8.7890625,-4.45556640625
1.1168212890625,-0.3375244140625,0.92138671875,-13.5498046875,-9.46044921875,-5.615234375
0.8668212890625,-0.06298828125,0.916015625,-15.31982421875,-10.1318359375,-6.591796875
0.4788818359375,-0.25341796875,0.9041748046875,-17.51708984375,-11.16943359375,-6.53076171875
0.556640625,-0.225830078125,0.90380859375,-19.4091796875,-11.90185546875,-5.9814453125
0.5386962890625,-0.1578369140625,0.908447265625,-20.6298828125,-11.41357421875,-5.4931640625
0.37255859375,-0.1708984375,0.9156494140625,-21.1181640625,-10.68115234375,-5.4931640625
0.3524169921875,-0.2244873046875,0.9071044921875,-18.798828125,-11.23046875,-5.31005859375
0.33642578125,-0.3316650390625,0.908447265625,-17.578125,-12.51220703125,-5.0048828125
0.3486328125,-0.252197265625,0.9041748046875,-15.869140625,-13.97705078125,-4.57763671875
0.37109375,-0.2191162109375,0.904296875,-13.916015625,-15.93017578125,-0.732421875
0.3876953125,-0.193359375,0.9053955078125,-13.00048828125,-18.798828125,0.42724609375
0.3717041015625,-0.21435546875,0.9053955078125,-12.26806640625,-27.28271484375,0.18310546875
0.3680419921875,-0.2364501953125,0.9029541015625,-11.65771484375,-34.1796875,-0.8544921875
0.372802734375,-0.248046875,0.8992919921875,-11.04736328125,-42.41943359375,-3.5400390625
0.374267578125,-0.2537841796875,0.9027099609375,-12.0849609375,-52.67333984375,-16.05224609375
0.370849609375,-0.2550048828125,0.901123046875,-13.427734375,-92.59033203125,-19.04296875
0.3701171875,-0.2620849609375,0.90478515625,-15.380859375,-122.6806640625,-21.240234375
0.37158203125,-0.2559814453125,0.9053955078125,-17.822265625,-134.1552734375,-25.57373046875
0.3720703125,-0.2454833984375,0.9033203125,-22.8271484375,-149.10888671875,-31.005859375
0.4033203125,-0.2525634765625,0.909912109375,-17.02880859375,-165.0390625,-27.587890625
0.4063720703125,-0.25146484375,0.9117431640625,-9.33837890625,-188.5986328125,-9.3994140625
0.4168701171875,-0.2464599609375,0.9134521484375,-5.06591796875,-246.9482421875,-19.53125
0.40869140625,-0.2490234375,0.9188232421875,-6.53076171875,-299.74365234375,-131.7138671875
0.3909912109375,-0.2381591796875,0.938720703125,-10.986328125,-341.61376953125,-103.3935546875
0.382568359375,-0.223876953125,0.9345703125,2.01416015625,-1.40380859375,-44.00634765625
0.3760986328125,-0.2342529296875,0.972412109375,-19.775390625,137.20703125,-24.658203125
0.3885498046875,-0.2528076171875,0.9849853515625,-63.65966796875,184.814453125,24.90234375
0.382568359375,-0.2532958984375,0.9404296875,-80.62744140625,182.43408203125,46.69189453125
0.3631591796875,-0.266357421875,1.0244140625,-28.86962890625,192.19970703125,76.66015625
0.3614501953125,-0.3145751953125,1.094970703125,22.3388671875,204.1015625,86.60888671875
0.354736328125,-0.330322265625,1.3594970703125,23.5595703125,234.4970703125,77.33154296875
0.379150390625,-0.322021484375,1.9290771484375,15.68603515625,260.55908203125,70.98388671875
0.41943359375,-0.3316650390625,3.7144775390625,21.05712890625,282.5927734375,65.0634765625
0.4373779296875,-0.2789306640625,3.5606689453125,30.94482421875,305.84716796875,61.1572265625
0.508056640625,-0.17822265625,0.4410400390625,26.79443359375,316.650390625,60.05859375
0.558837890625,-0.2275390625,0.46630859375,21.66748046875,326.171875,61.46240234375
0.4393310546875,-0.5185546875,0.8043212890625,30.33447265625,333.0078125,65.73486328125
0.1279296875,-1.141357421875,0.973876953125,33.14208984375,337.21923828125,72.8759765625
0.61865234375,-1.1749267578125,1.0806884765625,30.94482421875,338.7451171875,81.60400390625
0.9234619140625,-0.353515625,1.0682373046875,25.57373046875,337.7685546875,91.85791015625
1.6324462890625,-0.291748046875,1.23046875,18.12744140625,333.251953125,102.72216796875
0.5994873046875,-0.4056396484375,1.410400390625,9.70458984375,327.2705078125,113.037109375
-0.5458984375,-0.4420166015625,1.4378662109375,3.5400390625,324.40185546875,123.47412109375
-0.4346923828125,-0.2730712890625,1.445556640625,1.46484375,319.4580078125,131.04248046875
-0.1995849609375,-0.159423828125,1.4759521484375,3.11279296875,317.9931640625,145.44677734375
-0.085205078125,-0.13330078125,1.5296630859375,6.40869140625,316.10107421875,152.28271484375
0.1004638671875,-0.2681884765625,1.5986328125,15.80810546875,315.24658203125,152.40478515625
0.1702880859375,-0.305419921875,1.6845703125,22.5830078125,305.2978515625,144.1650390625
0.4910888671875,-0.3348388671875,1.8150634765625,20.08056640625,282.53173828125,59.326171875
0.6904296875,-0.3856201171875,1.9844970703125,-36.0107421875,248.4130859375,-89.05029296875
0.769287109375,-0.46044921875,2.19091796875,-65.49072265625,123.1689453125,-89.66064453125
0.828857421875,-0.541259765625,2.3822021484375,-76.7822265625,-199.951171875,-83.740234375
0.8863525390625,-0.626708984375,2.4432373046875,-73.79150390625,-225.09765625,-67.138671875
0.9390869140625,-0.74365234375,2.3094482421875,-60.791015625,-206.48193359375,-104.18701171875
0.9852294921875,-0.900146484375,1.6197509765625,47.9736328125,-129.638671875,-77.0263671875
1.031005859375,-1.0924072265625,1.226806640625,80.74951171875,-53.16162109375,5.43212890625
1.097412109375,-1.286376953125,0.783935546875,104.91943359375,-119.07958984375,-46.44775390625
1.208984375,-1.3775634765625,0.327392578125,146.17919921875,-207.09228515625,-30.94482421875
1.381103515625,-1.2628173828125,-1.53076171875,-31.67724609375,-204.4677734375,-3.5400390625
1.6419677734375,-0.646240234375,-0.9105224609375,-104.43115234375,-186.8896484375,0.91552734375
1.9483642578125,-0.5089111328125,0.022705078125,-56.82373046875,-189.94140625,-6.77490234375
2.2265625,-0.350830078125,1.5491943359375,-45.5322265625,-186.34033203125,-25.57373046875
2.645751953125,0.010986328125,3.3045654296875,-43.39599609375,-157.40966796875,-24.71923828125
2.8912353515625,0.6534423828125,2.366943359375,-31.005859375,-114.6240234375,-11.5966796875
3.11279296875,-0.5008544921875,-0.514892578125,-1.708984375,-81.48193359375,-0.79345703125
