0.390625,-0.2347412109375,0.9071044921875,-0.3662109375,-0.8544921875,0.06103515625
0.390869140625,-0.234130859375,0.9075927734375,-0.3662109375,-0.54931640625,0.06103515625
0.390869140625,-0.234619140625,0.90771484375,-0.244140625,-0.54931640625,0.1220703125
0.390869140625,-0.23583984375,0.907958984375,-0.18310546875,-0.54931640625,0.06103515625
0.39111328125,-0.235107421875,0.908935546875,-0.30517578125,-0.54931640625,0.06103515625
0.3902587890625,-0.23486328125,0.9088134765625,-0.30517578125,-0.6103515625,0.06103515625
0.3896484375,-0.2353515625,0.908203125,-0.244140625,-0.67138671875,0.06103515625
0.389892578125,-0.235107421875,0.90771484375,-0.244140625,-0.67138671875,0.06103515625
0.388427734375,-0.2354736328125,0.907958984375,-0.244140625,-0.67138671875,0.06103515625
0.3880615234375,-0.234619140625,0.9078369140625,-0.244140625,-0.48828125,0.1220703125
0.390380859375,-0.234619140625,0.9075927734375,-0.244140625,-0.48828125,0.06103515625
0.391357421875,-0.2349853515625,0.907470703125,-0.18310546875,-0.48828125,0.06103515625
0.3912353515625,-0.234619140625,0.9075927734375,-0.244140625,-0.42724609375,0.1220703125
0.3905029296875,-0.236328125,0.907470703125,-0.244140625,-0.42724609375,0.18310546875
0.391357421875,-0.2359619140625,0.9073486328125,-0.18310546875,-0.3662109375,0.18310546875
0.3912353515625,-0.234375,0.906005859375,-0.18310546875,-0.3662109375,0.18310546875
0.3909912109375,-0.234619140625,0.9090576171875,-0.244140625,-0.3662109375,0.1220703125
0.391357421875,-0.2347412109375,0.9083251953125,-0.18310546875,-0.42724609375,0.1220703125
0.3909912109375,-0.23388671875,0.9075927734375,-0.30517578125,-0.48828125,0.06103515625
0.3914794921875,-0.236328125,0.907470703125,-0.244140625,-0.54931640625,0.06103515625
0.3924560546875,-0.2357177734375,0.90673828125,-0.244140625,-0.54931640625,0.18310546875
0.3907470703125,-0.234375,0.9066162109375,-0.30517578125,-0.42724609375,0.18310546875
0.3914794921875,-0.23486328125,0.90673828125,-0.30517578125,-0.6103515625,-0.1220703125
0.39208984375,-0.234375,0.9075927734375,-0.244140625,-1.15966796875,-0.06103515625
0.3924560546875,-0.2353515625,0.9072265625,-0.3662109375,-1.0986328125,0.54931640625
0.3924560546875,-0.2349853515625,0.90673828125,-0.9765625,-0.1220703125,2.01416015625
0.391845703125,-0.234619140625,0.9066162109375,-2.25830078125,1.52587890625,2.62451171875
0.3919677734375,-0.234619140625,0.9075927734375,-3.84521484375,2.5634765625,3.23486328125
0.392578125,-0.2362060546875,0.9072265625,-4.39453125,3.23486328125,4.150390625
0.3916015625,-0.2359619140625,0.9078369140625,-3.96728515625,4.45556640625,5.92041015625
0.391357421875,-0.234375,0.9122314453125,-3.23486328125,7.2021484375,8.36181640625
0.3912353515625,-0.2379150390625,0.9156494140625,-3.5400390625,10.68115234375,10.7421875
0.3919677734375,-0.237060546875,0.9061279296875,-4.2724609375,14.892578125,11.53564453125
0.3951416015625,-0.2294921875,0.90771484375,-4.2724609375,19.4091796875,11.3525390625
0.390625,-0.2301025390625,0.9193115234375,-2.99072265625,22.52197265625,10.7421875
0.3912353515625,-0.233642578125,0.9296875,-2.99072265625,24.169921875,9.033203125
0.404052734375,-0.2371826171875,0.9444580078125,-4.08935546875,24.47509765625,7.99560546875
0.4119873046875,-0.24169921875,0.9544677734375,-5.126953125,22.52197265625,7.080078125
0.405517578125,-0.2379150390625,0.953369140625,-5.9814453125,21.78955078125,6.7138671875
0.4075927734375,-0.227783203125,0.954833984375,-8.056640625,20.32470703125,5.79833984375
0.4227294921875,-0.2293701171875,0.95458984375,-9.21630859375,19.34814453125,4.150390625
0.4569091796875,-0.2601318359375,0.9453125,-9.46044921875,15.13671875,4.08935546875
0.4942626953125,-0.296875,0.913818359375,-9.3994140625,13.73291015625,3.84521484375
0.50830078125,-0.2899169921875,0.91845703125,-8.72802734375,10.3759765625,3.23486328125
0.4854736328125,-0.2762451171875,0.9210205078125,-9.6435546875,5.92041015625,2.0751953125
0.4390869140625,-0.2337646484375,0.9119873046875,-9.82666015625,0.732421875,0.732421875
0.3970947265625,-0.220703125,0.907958984375,-8.056640625,-4.57763671875,-0.6103515625
0.36767578125,-0.231689453125,0.903076171875,-5.79833984375,-9.033203125,-2.25830078125
0.33154296875,-0.243896484375,0.890869140625,-2.38037109375,-13.24462890625,-4.82177734375
0.3314208984375,-0.240478515625,0.8536376953125,1.89208984375,-23.92578125,-5.9814453125
0.3372802734375,-0.235107421875,0.84375,5.92041015625,-27.099609375,-6.8359375
0.332763671875,-0.245849609375,0.834228515625,10.07080078125,-26.55029296875,-7.6904296875
0.32568359375,-0.250732421875,0.8282470703125,14.46533203125,-21.240234375,-8.7890625
0.3062744140625,-0.2762451171875,0.8409423828125,15.44189453125,-22.0947265625,-10.25390625
0.3043212890625,-0.2989501953125,0.829833984375,11.962890625,-28.9306640625,-13.916015625
0.26611328125,-0.30029296875,0.8795166015625,2.8076171875,-33.14208984375,-24.5361328125
0.2391357421875,-0.2935791015625,0.9176025390625,-1.5869140625,-39.6728515625,-41.93115234375
0.2271728515625,-0.27490234375,1.0018310546875,-4.69970703125,-49.37744140625,-63.65966796875
0.2261962890625,-0.260986328125,1.0877685546875,-11.23046875,-49.1943359375,-76.66015625
0.2393798828125,-0.2373046875,1.0257568359375,-18.61572265625,-47.7294921875,-91.97998046875
0.2344970703125,-0.2257080078125,0.9866943359375,-39.1845703125,-44.86083984375,-104.00390625
0.2608642578125,-0.24755859375,1.0762939453125,-50.9033203125,-30.029296875,-103.6376953125
0.2939453125,-0.276123046875,1.1461181640625,-66.95556640625,-23.4375,-93.44482421875
0.3463134765625,-0.298583984375,1.3231201171875,-51.33056640625,-21.6064453125,-81.72607421875
0.4117431640625,-0.3089599609375,1.420166015625,-10.43701171875,-11.1083984375,-67.0166015625
0.3468017578125,-0.1307373046875,1.50634765625,10.43701171875,-4.39453125,-48.7060546875
0.262939453125,-0.036376953125,1.7037353515625,-0.18310546875,2.01416015625,86.60888671875
0.248779296875,-0.1168212890625,1.806884765625,-9.521484375,89.05029296875,104.18701171875
0.158203125,-0.48828125,1.782470703125,-11.90185546875,108.70361328125,117.49267578125
0.112548828125,-1.047119140625,1.5478515625,-9.6435546875,122.1923828125,125.1220703125
0.179443359375,-1.074951171875,1.302001953125,-8.23974609375,127.685546875,127.38037109375
0.1829833984375,-0.748046875,1.1866455078125,0.732421875,124.45068359375,121.09375
0.0406494140625,-0.6007080078125,1.134521484375,7.62939453125,106.99462890625,114.68505859375
-0.11083984375,-0.67822265625,1.7069091796875,14.22119140625,98.876953125,106.75048828125
-0.3541259765625,-0.7398681640625,1.7010498046875,19.95849609375,94.3603515625,97.412109375
-0.6976318359375,-0.6927490234375,1.62451171875,27.83203125,91.36962890625,87.34130859375
-0.9722900390625,-0.52490234375,1.5247802734375,32.470703125,93.32275390625,79.7119140625
-1.1671142578125,-0.4813232421875,1.4403076171875,43.88427734375,103.3935546875,78.125
-1.2613525390625,-0.427001953125,1.3360595703125,52.55126953125,119.68994140625,79.833984375
-0.8052978515625,-0.38720703125,1.34130859375,60.48583984375,134.33837890625,78.43017578125
-0.6722412109375,-0.371337890625,1.3856201171875,63.8427734375,136.5966796875,69.091796875
-0.522216796875,-0.4178466796875,1.41064453125,52.6123046875,112.548828125,54.13818359375
-0.348388671875,-0.4754638671875,1.4820556640625,35.94970703125,80.38330078125,35.400390625
-0.1578369140625,-0.554931640625,1.5743408203125,1.77001953125,45.41015625,16.54052734375
0.2652587890625,-0.5977783203125,1.517333984375,0.54931640625,10.8642578125,-6.53076171875
0.493408203125,-0.5899658203125,1.27197265625,8.056640625,-14.58740234375,-25.57373046875
0.71533203125,-0.5523681640625,0.497802734375,19.04296875,-29.6630859375,-47.9736328125
0.8685302734375,-0.447998046875,0.1290283203125,22.705078125,-69.7021484375,-56.45751953125
1.0313720703125,-0.279541015625,-0.1739501953125,26.55029296875,-86.42578125,-66.46728515625
1.2353515625,-0.04150390625,-0.3873291015625,25.20751953125,-114.19677734375,-69.9462890625
1.379150390625,0.006103515625,-0.5201416015625,7.8125,-117.919921875,-4.0283203125
1.441650390625,0.05419921875,-0.5531005859375,5.126953125,-149.4140625,-10.25390625
1.4464111328125,0.1507568359375,-0.49072265625,-2.197265625,-134.3994140625,-30.70068359375
1.4530029296875,0.218505859375,-0.262451171875,-29.23583984375,-127.197265625,-38.9404296875
1.5140380859375,0.2105712890625,-0.02001953125,-57.12890625,-126.5869140625,-23.193359375
1.637451171875,0.1395263671875,0.4925537109375,-42.8466796875,-115.17333984375,-6.34765625
1.7918701171875,-0.111083984375,1.239990234375,-26.91650390625,-115.41748046875,-5.55419921875
1.936279296875,-0.132568359375,0.7503662109375,-21.1181640625,-92.1630859375,-15.625
2.014892578125,0.264892578125,1.874755859375,-18.85986328125,-46.08154296875,-10.80322265625
1.9833984375,-0.1602783203125,1.703857421875,10.07080078125,-33.75244140625,-1.89208984375
1.6285400390625,-1.047119140625,1.4996337890625,39.24560546875,-29.4189453125,2.01416015625
0.2554931640625,-0.033447265625,1.508056640625,36.7431640625,-4.21142578125,3.96728515625
-0.5611572265625,0.3341064453125,1.308349609375,14.46533203125,-4.5166015625,4.08935546875
0.6551513671875,0.080810546875,1.15087890625,2.86865234375,-3.7841796875,3.7841796875
1.2686767578125,-0.607177734375,1.34423828125,-0.91552734375,-3.41796875,4.69970703125
1.203125,-0.8634033203125,1.255615234375,-2.38037109375,-3.0517578125,5.31005859375
1.0672607421875,-0.411865234375,1.0933837890625,-0.30517578125,-3.11279296875,4.7607421875
0.926513671875,0.089599609375,0.9649658203125,-0.67138671875,-3.41796875,3.72314453125
0.76416015625,-0.0556640625,0.9488525390625,-0.244140625,-2.5634765625,0.732421875
0.70751953125,-0.36962890625,0.9327392578125,-0.3662109375,-1.03759765625,-0.244140625
0.6827392578125,-0.29736328125,0.92626953125,4.0283203125,-0.9765625,-0.54931640625
0.5880126953125,-0.251953125,0.9298095703125,8.056640625,-1.52587890625,-0.30517578125
0.5684814453125,-0.297607421875,0.930419921875,10.55908203125,-2.62451171875,0.244140625
0.4378662109375,-0.265625,0.9332275390625,9.09423828125,-5.126953125,-0.18310546875
0.4078369140625,-0.2540283203125,0.9163818359375,6.40869140625,-6.04248046875,-0.79345703125
0.3748779296875,-0.24951171875,0.895751953125,4.150390625,-6.2255859375,-3.11279296875
0.3782958984375,-0.2467041015625,0.895751953125,1.15966796875,-6.2255859375,-3.90625
0.3743896484375,-0.2691650390625,0.9049072265625,-1.52587890625,-6.591796875,-4.21142578125
0.3658447265625,-0.2576904296875,0.9144287109375,-2.0751953125,-7.080078125,-4.2724609375
0.3707275390625,-0.2437744140625,0.9073486328125,-1.77001953125,-8.544921875,-3.72314453125
0.3668212890625,-0.2315673828125,0.89892578125,-2.5634765625,-10.07080078125,-2.9296875
0.3406982421875,-0.2275390625,0.90478515625,-3.72314453125,-10.68115234375,-2.62451171875
0.3289794921875,-0.234619140625,0.9031982421875,-4.57763671875,-11.474609375,-2.8076171875
0.3304443359375,-0.2486572265625,0.8956298828125,-4.69970703125,-12.26806640625,-3.2958984375
0.3468017578125,-0.2646484375,0.9012451171875,-5.18798828125,-13.18359375,-3.7841796875
0.35400390625,-0.2535400390625,0.91162109375,-5.55419921875,-14.892578125,-4.150390625
0.3411865234375,-0.2769775390625,0.9132080078125,-5.615234375,-16.78466796875,-4.21142578125
0.3466796875,-0.2586669921875,0.9136962890625,-6.04248046875,-17.63916015625,-4.33349609375
0.3450927734375,-0.2528076171875,0.911376953125,-6.65283203125,-15.44189453125,-4.08935546875
0.345703125,-0.252197265625,0.905517578125,-6.9580078125,-15.13671875,-4.57763671875
0.3466796875,-0.247802734375,0.901611328125,-8.36181640625,-16.54052734375,-5.126953125
0.3504638671875,-0.2562255859375,0.901123046875,-9.27734375,-18.73779296875,-5.7373046875
0.36572265625,-0.261474609375,0.8995361328125,-10.498046875,-20.6298828125,-6.8359375
0.371337890625,-0.2584228515625,0.9105224609375,-11.3525390625,-23.37646484375,-7.62939453125
0.3648681640625,-0.262939453125,0.9072265625,-12.14599609375,-25.81787109375,-7.75146484375
0.3594970703125,-0.2666015625,0.9002685546875,-12.87841796875,-36.865234375,-8.6669921875
0.34912109375,-0.2479248046875,0.9100341796875,-13.18359375,-44.677734375,-10.7421875
0.349609375,-0.23779296875,0.9117431640625,-13.18359375,-53.5888671875,-14.22119140625
0.3653564453125,-0.2462158203125,0.9130859375,-13.61083984375,-65.91796875,-18.37158203125
0.4088134765625,-0.2532958984375,0.9130859375,-14.6484375,-79.16259765625,-21.30126953125
0.4146728515625,-0.2520751953125,0.916259765625,-16.6015625,-91.61376953125,-23.01025390625
0.376220703125,-0.2532958984375,0.9334716796875,-20.5078125,-107.97119140625,-20.99609375
0.3677978515625,-0.267578125,0.9305419921875,-26.18408203125,-127.685546875,-17.9443359375
0.3729248046875,-0.267822265625,0.9376220703125,-29.72412109375,-144.34814453125,-18.98193359375
0.37060546875,-0.224609375,0.9332275390625,-30.2734375,-155.70068359375,-16.05224609375
0.3724365234375,-0.256591796875,0.929443359375,-28.9306640625,-164.36767578125,-14.892578125
0.38427734375,-0.2655029296875,0.943115234375,-26.3671875,-176.513671875,-11.962890625
0.3709716796875,-0.2869873046875,0.947265625,-16.29638671875,-201.416015625,-13.916015625
0.3726806640625,-0.2982177734375,0.953369140625,-13.18359375,-250.0,-12.14599609375
0.346923828125,-0.2794189453125,0.9766845703125,-11.3525390625,-281.67724609375,-4.7607421875
0.3426513671875,-0.2364501953125,0.9951171875,-13.24462890625,-308.16650390625,-23.681640625
0.3607177734375,-0.1983642578125,1.018798828125,-14.95361328125,-333.8623046875,-58.77685546875
0.364501953125,-0.2645263671875,1.0501708984375,-21.30126953125,-373.10791015625,-98.2666015625
0.37255859375,-0.29345703125,1.171875,-37.7197265625,-421.875,-125.9765625
0.3980712890625,-0.255615234375,1.17822265625,-65.49072265625,-441.162109375,-140.7470703125
0.439453125,-0.252685546875,1.107177734375,-104.30908203125,-439.453125,-141.66259765625
0.518798828125,-0.2620849609375,1.27294921875,-117.98095703125,-428.77197265625,-150.146484375
0.5638427734375,-0.244873046875,1.7120361328125,-107.72705078125,-379.2724609375,-164.61181640625
0.4671630859375,-0.156494140625,2.0924072265625,-120.05615234375,-246.09375,-140.93017578125
0.4127197265625,-0.3048095703125,1.932861328125,-156.18896484375,-94.23828125,-100.09765625
0.3367919921875,-0.5361328125,1.698486328125,-143.798828125,55.11474609375,-81.84814453125
0.1556396484375,-0.7620849609375,1.765869140625,-119.9951171875,132.26318359375,-59.08203125
0.4296875,-1.144287109375,1.93896484375,-120.17822265625,159.97314453125,-45.0439453125
0.8336181640625,-1.1661376953125,2.204833984375,-33.50830078125,166.68701171875,-32.16552734375
1.09716796875,-0.8096923828125,2.8087158203125,-39.48974609375,176.025390625,-13.97705078125
1.2069091796875,-0.4959716796875,3.5732421875,-15.5029296875,180.419921875,6.65283203125
1.1695556640625,-0.429931640625,3.780029296875,0.79345703125,186.767578125,27.2216796875
0.94921875,-0.399169921875,2.8680419921875,7.87353515625,197.20458984375,44.7998046875
0.6754150390625,-0.921630859375,1.69921875,6.77490234375,206.84814453125,58.53271484375
0.806884765625,-1.3436279296875,1.091552734375,-2.197265625,217.529296875,68.17626953125
1.08349609375,-1.04345703125,0.7890625,-9.765625,230.04150390625,75.62255859375
1.51708984375,-0.84326171875,0.7109375,-10.07080078125,240.966796875,81.54296875
1.1654052734375,-0.6181640625,0.7158203125,-1.03759765625,250.732421875,86.181640625
0.153076171875,-0.4031982421875,0.77978515625,12.63427734375,258.48388671875,88.623046875
-0.367431640625,-0.2725830078125,0.880859375,25.81787109375,265.07568359375,88.68408203125
-0.477783203125,-0.22265625,0.9593505859375,35.0341796875,272.0947265625,87.0361328125
-0.40771484375,-0.264892578125,1.01123046875,37.29248046875,279.96826171875,84.41162109375
-0.3238525390625,-0.339111328125,1.0499267578125,36.80419921875,287.7197265625,81.97021484375
-0.2431640625,-0.3914794921875,1.072509765625,34.7900390625,293.8232421875,91.4306640625
-0.1719970703125,-0.3941650390625,1.0904541015625,32.71484375,305.11474609375,96.74072265625
-0.088623046875,-0.3526611328125,1.1253662109375,30.09033203125,304.443359375,102.6611328125
0.0054931640625,-0.294189453125,1.1759033203125,26.9775390625,302.1240234375,109.55810546875
0.0941162109375,-0.2427978515625,1.2333984375,8.7890625,298.583984375,116.39404296875
0.1815185546875,-0.21484375,1.292724609375,11.04736328125,294.43359375,121.7041015625
0.26513671875,-0.209228515625,1.3514404296875,18.37158203125,288.818359375,124.93896484375
0.3399658203125,-0.222412109375,1.7672119140625,28.564453125,283.87451171875,125.6103515625
0.42041015625,-0.2520751953125,1.8973388671875,39.6728515625,277.7099609375,124.32861328125
0.5093994140625,-0.29345703125,2.0404052734375,51.513671875,267.15087890625,123.10791015625
0.59521484375,-0.6131591796875,2.1336669921875,56.94580078125,251.15966796875,121.27685546875
0.6795654296875,-0.7313232421875,2.130615234375,52.490234375,226.806640625,114.990234375
0.7623291015625,-0.8671875,2.015625,36.9873046875,200.01220703125,104.736328125
1.1185302734375,-1.00048828125,1.8211669921875,12.5732421875,186.5234375,76.66015625
1.2100830078125,-1.099853515625,1.5516357421875,-12.02392578125,141.41845703125,-0.67138671875
1.341064453125,-1.114013671875,1.2164306640625,-25.69580078125,-22.03369140625,-46.08154296875
1.503173828125,-1.0440673828125,0.852783203125,-47.607421875,-99.365234375,-84.53369140625
1.6788330078125,-0.9100341796875,0.47607421875,-49.6826171875,-152.587890625,-129.39453125
1.8526611328125,-0.719482421875,0.0850830078125,-24.169921875,-108.3984375,-42.66357421875
2.018310546875,-0.52685546875,-0.3597412109375,21.8505859375,-242.919921875,8.48388671875
2.1866455078125,-0.338134765625,-0.968505859375,62.255859375,-233.09326171875,-2.685546875
2.355712890625,0.0133056640625,-2.2738037109375,11.23046875,-223.08349609375,-23.62060546875
2.5374755859375,0.34716796875,-2.0859375,-23.8037109375,-235.7177734375,-30.45654296875
2.6943359375,0.4716796875,-1.24267578125,-58.349609375,-236.14501953125,-29.4189453125
2.9422607421875,0.55322265625,2.4317626953125,-55.7861328125,-229.4921875,-6.40869140625
3.3934326171875,0.277099609375,0.317626953125,-95.5810546875,-196.59423828125,-12.02392578125
3.760009765625,-0.078125,2.1390380859375,-105.5908203125,-137.8173828125,-24.169921875
3.1009521484375,-0.7603759765625,2.1756591796875,-94.1162109375,-84.716796875,-17.822265625
2.6292724609375,-0.955810546875,1.548095703125,-35.0341796875,-60.791015625,-3.23486328125
2.5211181640625,-0.6304931640625,1.5968017578125,18.1884765625,-50.9033203125,-5.79833984375
-0.8558349609375,0.2423095703125,1.7486572265625,50.10986328125,-35.7666015625,-3.11279296875
0.8856201171875,0.6845703125,1.593505859375,42.1142578125,-28.564453125,-0.54931640625
1.3260498046875,-0.0946044921875,1.5726318359375,19.83642578125,-14.7705078125,0.8544921875
1.4283447265625,-1.1529541015625,1.66748046875,8.36181640625,-9.521484375,2.50244140625
1.1214599609375,-1.2413330078125,1.3228759765625,4.7607421875,-5.4931640625,3.84521484375
1.03076171875,-0.4124755859375,1.12158203125,0.30517578125,-5.0048828125,5.9814453125
1.2532958984375,0.0797119140625,1.0152587890625,-0.30517578125,-4.7607421875,7.62939453125
1.3004150390625,-0.2413330078125,0.9278564453125,-2.25830078125,-1.64794921875,6.16455078125
1.24853515625,-0.547119140625,0.9232177734375,-4.5166015625,0.1220703125,4.69970703125
1.05419921875,-0.296142578125,0.92138671875,-9.033203125,1.64794921875,3.5400390625
0.593994140625,-0.370849609375,0.9295654296875,-12.5732421875,1.64794921875,2.9296875
0.4771728515625,-0.2781982421875,0.927978515625,-12.6953125,0.244140625,2.5634765625
0.458984375,-0.267578125,0.92578125,-12.939453125,-2.99072265625,2.685546875
0.422119140625,-0.2421875,0.9127197265625,-14.7705078125,-4.0283203125,2.9296875
0.392578125,-0.2464599609375,0.9005126953125,-15.56396484375,-3.72314453125,3.41796875
0.39599609375,-0.245361328125,0.892578125,-15.07568359375,-3.35693359375,3.41796875
0.39306640625,-0.2677001953125,0.89794921875,-15.13671875,-2.86865234375,1.0986328125
0.382568359375,-0.303955078125,0.896484375,-15.625,-2.197265625,-0.9765625
0.389404296875,-0.3187255859375,0.8887939453125,-16.2353515625,-2.62451171875,-2.9296875
0.363037109375,-0.3148193359375,0.8892822265625,-15.5029296875,-4.21142578125,-6.77490234375
0.355224609375,-0.3194580078125,0.8895263671875,-13.24462890625,-6.04248046875,-8.6669921875
0.3292236328125,-0.3189697265625,0.8944091796875,-5.0048828125,-6.77490234375,-10.009765625
0.336181640625,-0.3189697265625,0.8927001953125,-1.77001953125,-7.75146484375,-10.80322265625
0.3446044921875,-0.3203125,0.8785400390625,3.72314453125,-8.6669921875,-11.3525390625
0.3466796875,-0.320556640625,0.8492431640625,6.65283203125,-9.521484375,-11.23046875
0.3592529296875,-0.3331298828125,0.861083984375,9.09423828125,-9.94873046875,-10.498046875
0.363037109375,-0.3515625,0.8499755859375,9.94873046875,-12.0849609375,-9.70458984375
0.3695068359375,-0.3564453125,0.8450927734375,8.48388671875,-13.427734375,-8.6669921875
0.370361328125,-0.3525390625,0.853759765625,6.28662109375,-16.9677734375,-7.38525390625
0.359130859375,-0.357666015625,0.8682861328125,7.38525390625,-22.0947265625,-7.01904296875
0.3154296875,-0.356689453125,0.886474609375,8.23974609375,-23.74267578125,-6.40869140625
0.3157958984375,-0.349609375,0.900146484375,8.11767578125,-22.3388671875,-6.16455078125
0.328369140625,-0.3370361328125,0.8956298828125,8.056640625,-25.390625,-6.77490234375
0.3280029296875,-0.3228759765625,0.89111328125,6.2255859375,-32.1044921875,-5.859375
0.3341064453125,-0.3094482421875,0.89794921875,4.57763671875,-37.41455078125,-2.99072265625
0.33056640625,-0.29931640625,0.9019775390625,2.13623046875,-58.04443359375,-3.173828125
0.330322265625,-0.29541015625,0.9193115234375,-2.62451171875,-72.20458984375,-5.615234375
0.3497314453125,-0.2965087890625,0.917724609375,-7.01904296875,-87.46337890625,-8.72802734375
0.36767578125,-0.2923583984375,0.909423828125,-14.83154296875,-100.341796875,-13.7939453125
0.360595703125,-0.268310546875,0.9273681640625,-19.10400390625,-113.28125,-21.1181640625
0.3447265625,-0.26123046875,0.9434814453125,-24.96337890625,-125.48828125,-22.94921875
0.34228515625,-0.275146484375,0.9359130859375,-27.9541015625,-138.5498046875,-18.6767578125
0.4039306640625,-0.258544921875,0.9190673828125,-27.7099609375,-154.84619140625,-15.7470703125
0.403076171875,-0.2344970703125,0.910888671875,-21.97265625,-169.921875,-12.939453125
0.34912109375,-0.243896484375,0.9227294921875,-16.2353515625,-181.94580078125,-14.16015625
0.3658447265625,-0.2744140625,0.944580078125,-11.04736328125,-202.5146484375,-9.033203125
0.3720703125,-0.3046875,0.9444580078125,-7.568359375,-246.09375,-1.52587890625
0.357421875,-0.32080078125,0.9486083984375,-13.0615234375,-276.0009765625,-2.9296875
0.342041015625,-0.37890625,1.0096435546875,-17.39501953125,-328.30810546875,-37.53662109375
0.342529296875,-0.3780517578125,1.0391845703125,-16.11328125,-384.70458984375,-75.0732421875
0.3328857421875,-0.28173828125,1.012451171875,-9.94873046875,-441.58935546875,-105.8349609375
0.3458251953125,-0.288818359375,1.0887451171875,-66.71142578125,-472.59521484375,-125.8544921875
0.3978271484375,-0.28466796875,1.18896484375,-111.6943359375,-480.52978515625,-132.6904296875
0.424560546875,-0.243408203125,1.1058349609375,-133.056640625,-477.05078125,-139.2822265625
0.4912109375,-0.252685546875,1.8389892578125,-130.7373046875,-449.64599609375,-149.0478515625
0.4967041015625,-0.207763671875,2.15185546875,-120.91064453125,-317.138671875,-140.2587890625
0.4373779296875,-0.18017578125,1.944091796875,-170.22705078125,-120.78857421875,-87.34130859375
0.452392578125,-0.533447265625,1.7840576171875,-213.92822265625,63.232421875,-69.39697265625
0.2781982421875,-0.801025390625,1.76123046875,-186.46240234375,162.353515625,-43.88427734375
0.174072265625,-0.9404296875,2.0140380859375,-194.091796875,207.51953125,-38.87939453125
0.7760009765625,-1.1162109375,2.412109375,-54.443359375,209.1064453125,7.6904296875
1.1123046875,-0.9716796875,3.0999755859375,-9.6435546875,218.93310546875,26.06201171875
1.185302734375,-0.5435791015625,3.6783447265625,61.95068359375,232.60498046875,41.56494140625
1.043212890625,-0.4476318359375,3.8436279296875,74.21875,247.6806640625,54.01611328125
0.89990234375,-0.3724365234375,3.3179931640625,24.90234375,260.986328125,62.56103515625
0.699462890625,-1.0299072265625,1.3631591796875,12.0849609375,271.484375,67.9931640625
0.9569091796875,-1.7921142578125,0.9072265625,18.9208984375,279.541015625,70.86181640625
1.0550537109375,-1.5018310546875,0.6427001953125,37.41455078125,286.43798828125,71.8994140625
1.5885009765625,-0.806640625,0.966552734375,56.82373046875,295.34912109375,70.556640625
1.5181884765625,-0.4326171875,1.0833740234375,66.5283203125,306.884765625,68.7255859375
0.293701171875,-0.1103515625,1.108154296875,66.0400390625,321.1669921875,69.27490234375
-0.4500732421875,-0.359619140625,1.0592041015625,59.9365234375,336.0595703125,71.2890625
-0.4088134765625,-0.5462646484375,1.0103759765625,51.7578125,347.16796875,73.8525390625
-0.25732421875,-0.61962890625,1.0313720703125,42.29736328125,351.37939453125,83.43505859375
0.0843505859375,-0.5640869140625,1.1138916015625,33.87451171875,349.12109375,90.63720703125
0.1748046875,-0.443603515625,1.246826171875,28.99169921875,335.8154296875,99.12109375
0.2017822265625,-0.3507080078125,1.373046875,26.9775390625,324.89013671875,108.154296875
0.22265625,-0.3297119140625,1.4229736328125,25.390625,314.0869140625,116.943359375
0.2825927734375,-0.376220703125,1.398193359375,19.83642578125,305.60302734375,128.2958984375
0.3974609375,-0.45166015625,1.3511962890625,17.02880859375,291.44287109375,128.11279296875
0.5400390625,-0.5321044921875,1.3382568359375,13.5498046875,285.46142578125,122.37548828125
0.6842041015625,-0.61083984375,1.484375,10.6201171875,280.8837890625,123.046875
0.8223876953125,-0.6805419921875,1.62255859375,20.1416015625,278.86962890625,132.75146484375
0.9144287109375,-0.7357177734375,1.7838134765625,25.93994140625,271.240234375,140.68603515625
0.9342041015625,-0.82177734375,1.97509765625,25.93994140625,257.26318359375,144.47021484375
0.920166015625,-0.8760986328125,2.234375,2.38037109375,230.77392578125,135.986328125
0.921630859375,-0.9464111328125,2.173095703125,-37.4755859375,204.16259765625,103.759765625
1.015625,-1.0623779296875,1.9110107421875,-64.453125,155.3955078125,-61.4013671875
1.0770263671875,-1.309326171875,1.5484619140625,-63.04931640625,-128.5400390625,-106.8115234375
1.159912109375,-1.352294921875,1.2132568359375,-56.5185546875,-192.93212890625,-121.09375
1.28466796875,-1.1824951171875,0.9183349609375,-40.71044921875,-209.5947265625,-96.86279296875
1.73779296875,-0.779296875,0.6060791015625,-10.498046875,-147.5830078125,-125.06103515625
1.9866943359375,-0.4923095703125,-0.01708984375,33.75244140625,-103.271484375,-79.65087890625
2.1915283203125,-0.43994140625,-1.2244873046875,51.1474609375,-152.40478515625,-46.38671875
2.3543701171875,-0.21630859375,-2.90771484375,90.02685546875,-261.23046875,2.25830078125
2.5535888671875,0.0953369140625,-1.1038818359375,-34.7900390625,-242.67578125,-3.5400390625
2.7872314453125,0.453369140625,-0.00830078125,-98.57177734375,-227.23388671875,-59.326171875
3.146240234375,1.060546875,2.9044189453125,1.15966796875,-223.93798828125,-69.76318359375
3.6888427734375,-0.1617431640625,2.185791015625,-63.8427734375,-206.0546875,-38.02490234375
3.9888916015625,-0.6170654296875,-0.0782470703125,-38.63525390625,-193.2373046875,-9.21630859375
3.3756103515625,-1.2210693359375,-0.340087890625,-48.4619140625,-194.580078125,-12.939453125
2.6285400390625,-1.4920654296875,1.816650390625,-36.0107421875,-131.4697265625,-30.3955078125
2.728515625,-0.5146484375,2.894775390625,-26.42822265625,-88.9892578125,-8.11767578125
-1.2637939453125,-0.2757568359375,2.263671875,-4.69970703125,-62.98828125,-6.04248046875
-1.0313720703125,0.0958251953125,1.8763427734375,41.80908203125,-22.15576171875,-0.67138671875
-0.36474609375,0.6512451171875,1.6014404296875,45.8984375,-15.0146484375,-0.54931640625
1.066162109375,0.8724365234375,1.1905517578125,31.005859375,-14.7705078125,1.3427734375
1.680908203125,-0.3245849609375,1.649169921875,11.77978515625,-13.0615234375,2.685546875
1.79150390625,-1.7305908203125,1.6593017578125,7.32421875,-13.97705078125,2.99072265625
1.6971435546875,-1.746826171875,1.1693115234375,1.40380859375,-15.9912109375,4.150390625
1.3760986328125,0.501220703125,0.9915771484375,-2.62451171875,-16.4794921875,6.34765625
1.0694580078125,0.3681640625,0.9501953125,-6.8359375,-16.357421875,7.2021484375
0.80908203125,-0.61376953125,0.930908203125,-9.46044921875,-14.404296875,6.4697265625
1.05517578125,-0.2181396484375,0.935302734375,-11.41357421875,-10.80322265625,4.94384765625
0.925537109375,-0.3289794921875,0.9378662109375,-15.19775390625,-6.65283203125,2.50244140625
0.5697021484375,-0.2462158203125,0.930908203125,-16.90673828125,-4.5166015625,0.3662109375
0.4913330078125,-0.2159423828125,0.9232177734375,-15.56396484375,0.06103515625,-0.9765625
0.3907470703125,-0.2066650390625,0.927001953125,-13.61083984375,0.732421875,-0.54931640625
0.36083984375,-0.230712890625,0.9267578125,-12.75634765625,-3.90625,-0.42724609375
0.3658447265625,-0.2115478515625,0.911865234375,-12.87841796875,-7.32421875,0.06103515625
0.350830078125,-0.2159423828125,0.9034423828125,-13.916015625,-10.1318359375,0.8544921875
0.3616943359375,-0.2835693359375,0.8934326171875,-16.54052734375,-11.23046875,1.0986328125
0.3707275390625,-0.3232421875,0.8900146484375,-16.6015625,-11.8408203125,0.42724609375
0.378173828125,-0.332275390625,0.89990234375,-17.39501953125,-12.26806640625,-1.220703125
0.3961181640625,-0.3197021484375,0.90234375,-17.51708984375,-12.8173828125,-3.47900390625
0.4013671875,-0.3011474609375,0.8980712890625,-16.54052734375,-13.3056640625,-5.43212890625
0.3900146484375,-0.2926025390625,0.897705078125,-15.7470703125,-14.2822265625,-6.34765625
0.3739013671875,-0.2841796875,0.8990478515625,-14.22119140625,-15.44189453125,-6.34765625
0.3531494140625,-0.282470703125,0.8939208984375,-12.3291015625,-16.357421875,-5.7373046875
0.335205078125,-0.28173828125,0.889892578125,-10.6201171875,-17.333984375,-4.82177734375
0.342529296875,-0.2880859375,0.8817138671875,-9.58251953125,-17.822265625,-3.96728515625
0.3514404296875,-0.3056640625,0.876953125,-9.21630859375,-17.2119140625,-3.23486328125
0.3603515625,-0.3292236328125,0.8787841796875,-7.8125,-16.41845703125,-2.99072265625
0.3712158203125,-0.34375,0.878662109375,-6.103515625,-16.845703125,-2.685546875
0.3629150390625,-0.3470458984375,0.876220703125,-5.4931640625,-18.310546875,-1.0986328125
0.3558349609375,-0.338623046875,0.8724365234375,-4.69970703125,-20.5078125,0.79345703125
0.35107421875,-0.321533203125,0.871337890625,-3.96728515625,-23.5595703125,1.5869140625
0.34716796875,-0.3140869140625,0.8753662109375,-4.7607421875,-28.25927734375,2.01416015625
0.355224609375,-0.31689453125,0.880859375,-5.7373046875,-34.36279296875,1.89208984375
0.3677978515625,-0.3095703125,0.877685546875,-7.26318359375,-42.1142578125,1.708984375
0.3768310546875,-0.2994384765625,0.8780517578125,-9.94873046875,-51.57470703125,1.220703125
0.3868408203125,-0.2928466796875,0.8826904296875,-13.00048828125,-62.92724609375,-0.42724609375
0.4041748046875,-0.29736328125,0.885498046875,-16.17431640625,-75.5615234375,-3.0517578125
0.4136962890625,-0.2861328125,0.8973388671875,-19.6533203125,-88.37890625,-7.87353515625
0.4093017578125,-0.274169921875,0.90478515625,-22.216796875,-100.4638671875,-14.70947265625
0.396240234375,-0.27734375,0.9080810546875,-23.4375,-112.12158203125,-23.92578125
0.39013671875,-0.278564453125,0.91162109375,-26.4892578125,-124.20654296875,-28.6865234375
0.400390625,-0.2789306640625,0.909423828125,-26.06201171875,-134.58251953125,-26.42822265625
0.3878173828125,-0.2845458984375,0.906982421875,-22.8271484375,-146.78955078125,-14.6484375
0.369384765625,-0.286376953125,0.910400390625,-13.0615234375,-181.884765625,-8.30078125
0.365478515625,-0.3026123046875,0.92822265625,-8.11767578125,-221.00830078125,-2.01416015625
0.3675537109375,-0.310791015625,0.947265625,-8.9111328125,-244.7509765625,12.6953125
0.3651123046875,-0.3416748046875,0.943115234375,-20.6298828125,-271.91162109375,22.8271484375
0.3621826171875,-0.371337890625,0.9449462890625,-26.123046875,-316.89453125,4.08935546875
0.367431640625,-0.4130859375,1.002197265625,-21.240234375,-376.3427734375,-42.1142578125
0.3558349609375,-0.419921875,1.036865234375,-30.6396484375,-430.908203125,-140.13671875
0.3427734375,-0.3421630859375,1.06298828125,-69.15283203125,-502.25830078125,-152.03857421875
0.373046875,-0.2861328125,1.0452880859375,-132.26318359375,-483.7646484375,-161.2548828125
0.400390625,-0.2044677734375,1.181396484375,-180.48095703125,-379.33349609375,-161.1328125
0.4346923828125,-0.213134765625,1.708984375,-173.828125,-172.54638671875,-106.0791015625
0.469482421875,-0.12060546875,2.1812744140625,-212.21923828125,32.53173828125,-82.3974609375
0.381103515625,-0.1041259765625,2.205810546875,-185.11962890625,158.75244140625,-61.09619140625
0.4022216796875,-0.3731689453125,2.2169189453125,-195.73974609375,216.00341796875,-51.33056640625
0.1876220703125,-0.716064453125,2.515869140625,-77.94189453125,226.50146484375,-52.91748046875
0.3297119140625,-0.9884033203125,2.9373779296875,-15.7470703125,225.28076171875,-50.59814453125
0.7066650390625,-0.8011474609375,3.5843505859375,10.68115234375,218.20068359375,-40.10009765625
1.02099609375,-0.5782470703125,3.8890380859375,51.94091796875,214.4775390625,-26.123046875
1.285400390625,-0.395751953125,3.5379638671875,71.6552734375,219.482421875,-11.23046875
0.70947265625,-0.9388427734375,2.432373046875,77.392578125,230.52978515625,1.89208984375
0.89404296875,-1.659423828125,1.4373779296875,64.51416015625,245.78857421875,14.16015625
0.9298095703125,-1.4207763671875,0.852783203125,45.2880859375,264.404296875,24.96337890625
1.6884765625,-1.103515625,0.566162109375,23.193359375,282.28759765625,32.958984375
1.9271240234375,-0.8057861328125,0.534912109375,8.056640625,294.00634765625,38.51318359375
0.70166015625,-0.442138671875,0.6484375,2.86865234375,301.3916015625,42.3583984375
-0.03955078125,-0.1849365234375,0.857177734375,4.638671875,306.21337890625,47.79052734375
-0.349609375,-0.0572509765625,1.052001953125,8.36181640625,312.98828125,51.33056640625
-0.3917236328125,-0.0340576171875,1.13671875,12.02392578125,316.10107421875,57.0068359375
-0.353271484375,-0.104736328125,1.107666015625,14.58740234375,318.54248046875,64.02587890625
-0.26416015625,-0.218017578125,1.0390625,15.9912109375,321.2890625,73.1201171875
-0.1358642578125,-0.301513671875,0.9964599609375,14.70947265625,327.392578125,84.3505859375
-0.000732421875,-0.3289794921875,1.0010986328125,11.90185546875,331.0546875,97.16796875
0.144287109375,-0.31640625,1.1068115234375,10.986328125,334.8388671875,110.7177734375
0.239990234375,-0.3017578125,1.198974609375,7.50732421875,337.646484375,123.4130859375
0.2540283203125,-0.3104248046875,1.29931640625,5.37109375,337.58544921875,136.41357421875
0.256103515625,-0.368896484375,1.408203125,4.150390625,333.251953125,150.87890625
0.30810546875,-0.408935546875,1.5357666015625,2.62451171875,326.59912109375,166.50390625
0.3824462890625,-0.4732666015625,1.6739501953125,5.7373046875,318.78662109375,180.84716796875
0.5238037109375,-0.5477294921875,1.8037109375,15.68603515625,311.46240234375,189.27001953125
0.614501953125,-0.6119384765625,1.9293212890625,28.6865234375,301.33056640625,191.10107421875
0.6993408203125,-0.6708984375,2.046142578125,42.724609375,289.00146484375,186.21826171875
0.78369140625,-0.7266845703125,2.142822265625,52.91748046875,270.56884765625,175.96435546875
0.878662109375,-0.8126220703125,2.2039794921875,53.16162109375,241.943359375,161.2548828125
0.973388671875,-0.953369140625,2.1822509765625,43.701171875,199.3408203125,135.6201171875
1.0718994140625,-1.124755859375,2.0518798828125,31.67724609375,160.5224609375,92.34619140625
1.17822265625,-1.291748046875,1.8009033203125,16.29638671875,126.46484375,38.39111328125
1.307861328125,-1.3809814453125,1.4432373046875,-0.244140625,59.50927734375,-17.578125
1.4757080078125,-1.340576171875,1.018798828125,-22.39990234375,-37.109375,-65.3076171875
1.6768798828125,-1.2032470703125,0.5302734375,-43.64013671875,-117.37060546875,-108.82568359375
1.924072265625,-1.03271484375,-0.040771484375,-44.37255859375,-178.7109375,-126.8310546875
2.1961669921875,-0.8387451171875,-0.6727294921875,-17.51708984375,-195.068359375,-136.23046875
2.455322265625,-0.588623046875,-1.39501953125,19.95849609375,-184.814453125,-141.41845703125
2.72216796875,-0.1993408203125,-1.9580078125,76.171875,-145.81298828125,-114.8681640625
2.99267578125,0.3292236328125,-2.2369384765625,85.87646484375,-52.978515625,-167.1142578125
3.21435546875,0.68359375,-1.9263916015625,64.39208984375,14.892578125,-83.0078125
3.4324951171875,0.71240234375,-1.02294921875,67.19970703125,-122.00927734375,-15.19775390625
3.7650146484375,0.565673828125,-0.134033203125,81.35986328125,-264.58740234375,42.96875
3.9844970703125,0.208984375,0.6263427734375,-152.40478515625,-253.11279296875,-34.423828125
3.970458984375,-0.1329345703125,1.80810546875,-180.419921875,-262.75634765625,-35.2783203125
3.6546630859375,-0.296142578125,3.272216796875,-105.8349609375,-222.2900390625,-43.64013671875
3.2410888671875,-0.3779296875,1.4898681640625,-127.9296875,-176.26953125,-22.0947265625
3.1329345703125,0.4869384765625,-2.2369384765625,-124.93896484375,-149.96337890625,-1.220703125
3.11328125,-0.456787109375,-1.7974853515625,-119.5068359375,-132.9345703125,-7.6904296875
2.93798828125,-1.6448974609375,1.8115234375,-72.32666015625,-108.70361328125,-25.390625
0.6209716796875,-1.2178955078125,1.918212890625,-26.611328125,-78.9794921875,-21.484375
-1.881591796875,-1.320556640625,2.18408203125,-3.96728515625,-73.66943359375,-19.83642578125
-2.0440673828125,-1.0245361328125,2.2298583984375,33.935546875,-50.23193359375,-19.47021484375
-1.153564453125,1.028076171875,1.28076171875,39.36767578125,-47.2412109375,-16.7236328125
0.5908203125,0.19384765625,1.04150390625,41.748046875,-41.44287109375,-11.77978515625
1.50244140625,-1.1524658203125,1.4268798828125,53.3447265625,-32.71484375,-10.31494140625
1.51123046875,-1.496337890625,1.317626953125,46.08154296875,-26.91650390625,-9.09423828125
1.7835693359375,-0.935302734375,1.1536865234375,41.9921875,-21.78955078125,-7.14111328125
1.7952880859375,-0.104248046875,1.09765625,34.0576171875,-16.78466796875,-4.7607421875
0.9615478515625,-0.154296875,1.0999755859375,25.5126953125,-16.9677734375,2.99072265625
0.539306640625,-0.813232421875,1.0316162109375,14.892578125,-13.36669921875,5.9814453125
0.7781982421875,-0.56005859375,0.939697265625,7.01904296875,-8.48388671875,6.2255859375
0.6982421875,-0.1649169921875,0.94677734375,-0.3662109375,2.9296875,3.662109375
0.5771484375,-0.3604736328125,0.9573974609375,-12.87841796875,6.65283203125,2.50244140625
0.57958984375,-0.3631591796875,0.9405517578125,-16.2353515625,3.90625,3.7841796875
0.5140380859375,-0.203369140625,0.92138671875,-16.17431640625,-6.40869140625,2.62451171875
0.455322265625,-0.19580078125,0.9246826171875,-10.92529296875,-3.11279296875,0.732421875
0.3798828125,-0.216796875,0.931396484375,-13.427734375,-2.38037109375,-1.0986328125
0.3466796875,-0.1982421875,0.9263916015625,-16.17431640625,-2.38037109375,-2.38037109375
0.361328125,-0.234619140625,0.894287109375,-12.6953125,-4.8828125,-3.5400390625
0.347900390625,-0.2911376953125,0.9007568359375,-8.6669921875,-7.01904296875,-5.79833984375
0.3349609375,-0.3443603515625,0.89013671875,-5.37109375,-13.00048828125,-5.4931640625
0.4097900390625,-0.3408203125,0.874267578125,-0.244140625,-14.0380859375,-5.06591796875
0.4146728515625,-0.329345703125,0.8782958984375,1.28173828125,-14.22119140625,-4.94384765625
0.444091796875,-0.3228759765625,0.8956298828125,3.90625,-14.6484375,-5.31005859375
0.39306640625,-0.328125,0.8743896484375,3.84521484375,-22.216796875,-5.06591796875
0.3458251953125,-0.3204345703125,0.8656005859375,3.72314453125,-24.658203125,-5.7373046875
0.347900390625,-0.327392578125,0.872802734375,3.84521484375,-24.90234375,-5.79833984375
0.3582763671875,-0.3406982421875,0.8795166015625,8.1787109375,-25.390625,-6.28662109375
0.3594970703125,-0.337646484375,0.8746337890625,7.62939453125,-29.4189453125,-7.4462890625
0.36083984375,-0.308349609375,0.8765869140625,4.7607421875,-37.353515625,-6.591796875
0.326416015625,-0.30810546875,0.8916015625,2.62451171875,-44.5556640625,-6.89697265625
0.3291015625,-0.3092041015625,0.9031982421875,-0.54931640625,-53.77197265625,-8.36181640625
0.3463134765625,-0.3077392578125,0.9171142578125,-5.55419921875,-68.603515625,-11.90185546875
0.3587646484375,-0.2943115234375,0.9197998046875,-9.58251953125,-86.60888671875,-18.310546875
0.36279296875,-0.2855224609375,0.9212646484375,-12.39013671875,-104.3701171875,-24.71923828125
0.3497314453125,-0.2728271484375,0.9307861328125,-16.7236328125,-119.93408203125,-30.517578125
0.3441162109375,-0.26806640625,0.938720703125,-21.78955078125,-137.51220703125,-27.64892578125
0.36279296875,-0.271484375,0.9432373046875,-26.123046875,-186.70654296875,-24.90234375
0.4017333984375,-0.24462890625,0.9500732421875,-28.6865234375,-203.67431640625,-18.6767578125
0.385009765625,-0.228515625,0.933349609375,-24.47509765625,-248.046875,-11.16943359375
0.3677978515625,-0.2408447265625,0.93017578125,-8.97216796875,-283.8134765625,5.92041015625
0.3701171875,-0.244384765625,0.95068359375,-7.50732421875,-316.89453125,-92.10205078125
0.3792724609375,-0.305908203125,0.9698486328125,-7.568359375,-441.7724609375,-129.5166015625
0.3585205078125,-0.34521484375,1.01025390625,10.8642578125,-480.16357421875,-146.6064453125
0.32958984375,-0.36767578125,1.082275390625,10.009765625,-457.3974609375,-155.029296875
0.3353271484375,-0.3216552734375,1.212158203125,-141.845703125,-459.3505859375,-185.4248046875
0.322509765625,-0.3023681640625,1.1640625,-146.42333984375,-277.77099609375,-145.56884765625
0.3253173828125,-0.217529296875,1.162109375,-143.00537109375,-92.59033203125,-93.20068359375
0.3516845703125,-0.2730712890625,2.2623291015625,-191.7724609375,77.69775390625,-75.62255859375
0.459228515625,-0.16552734375,1.893798828125,-156.005859375,162.53662109375,-54.3212890625
0.3997802734375,-0.10546875,2.0084228515625,-152.52685546875,193.115234375,-43.64013671875
0.44287109375,-1.1881103515625,2.317138671875,-19.22607421875,194.091796875,-31.67724609375
0.1143798828125,-1.27197265625,3.1334228515625,3.96728515625,194.76318359375,-15.0146484375
0.1251220703125,-0.9713134765625,3.5411376953125,40.52734375,196.10595703125,4.39453125
1.400634765625,-0.6148681640625,3.6636962890625,73.1201171875,206.11572265625,24.84130859375
1.2919921875,-0.446533203125,3.001220703125,66.40625,218.07861328125,41.1376953125
1.01416015625,-1.0655517578125,1.7646484375,44.37255859375,229.98046875,70.49560546875
0.735595703125,-1.748779296875,0.637451171875,23.193359375,266.845703125,74.76806640625
1.137939453125,-1.3642578125,0.51318359375,8.056640625,280.21240234375,78.43017578125
1.6072998046875,-1.03857421875,0.5399169921875,9.3994140625,296.20361328125,80.9326171875
1.183349609375,-0.3748779296875,0.652099609375,37.41455078125,310.85205078125,81.11572265625
0.0325927734375,-0.206298828125,0.812255859375,36.9873046875,320.98388671875,80.50537109375
-0.430908203125,-0.15234375,0.9273681640625,31.3720703125,325.62255859375,80.13916015625
-0.51806640625,-0.2197265625,1.068603515625,26.2451171875,326.35498046875,80.74951171875
-0.4339599609375,-0.369140625,1.1429443359375,22.52197265625,326.96533203125,84.228515625
-0.3212890625,-0.503173828125,1.216796875,17.333984375,326.96533203125,89.9658203125
-0.196044921875,-0.4595947265625,1.23779296875,14.22119140625,322.998046875,97.71728515625
-0.090087890625,-0.40771484375,1.2130126953125,12.3291015625,315.7958984375,116.2109375
-0.000732421875,-0.40087890625,1.197265625,10.25390625,298.27880859375,123.71826171875
0.29296875,-0.4266357421875,1.2305908203125,8.60595703125,290.4052734375,131.04248046875
0.4415283203125,-0.448486328125,1.3076171875,4.57763671875,288.6962890625,139.46533203125
0.5947265625,-0.4793701171875,1.40673828125,-6.77490234375,294.7998046875,146.78955078125
0.6771240234375,-0.5478515625,1.4931640625,-7.87353515625,305.72509765625,154.1748046875
0.7003173828125,-0.623779296875,1.55859375,-9.033203125,313.53759765625,161.865234375
0.7318115234375,-0.69189453125,1.826904296875,-9.033203125,309.9365234375,162.9638671875
0.790283203125,-0.7406005859375,2.0574951171875,-10.19287109375,290.95458984375,153.99169921875
0.859619140625,-0.7672119140625,2.33056640625,-17.9443359375,258.6669921875,138.0615234375
0.9254150390625,-0.89501953125,2.52685546875,-35.2783203125,218.26171875,100.2197265625
0.9725341796875,-1.0328369140625,2.470947265625,-50.048828125,181.640625,41.1376953125
1.00048828125,-1.158447265625,2.10693359375,-55.908203125,138.427734375,-15.93017578125
1.150634765625,-1.2528076171875,1.59814453125,-55.96923828125,61.34033203125,-49.4384765625
1.340087890625,-1.2275390625,1.0936279296875,-48.828125,-38.6962890625,-39.00146484375
1.6431884765625,-0.964599609375,0.6795654296875,-49.98779296875,-65.673828125,-13.3056640625
2.006591796875,-0.6409912109375,0.284423828125,-69.64111328125,-238.95263671875,0.0
2.286865234375,-0.43994140625,-0.42333984375,-80.62744140625,-228.45458984375,-55.35888671875
2.416748046875,-0.20849609375,-1.481201171875,-80.9326171875,-220.88623046875,-86.5478515625
2.494140625,0.0989990234375,-2.383544921875,-43.64013671875,-204.77294921875,-14.46533203125
2.6328125,0.386474609375,-2.6334228515625,-61.34033203125,-186.58447265625,-1.46484375
2.815673828125,0.8150634765625,0.0601806640625,-32.958984375,-182.31201171875,-7.6904296875
3.2567138671875,1.112548828125,1.013916015625,-47.4853515625,-150.7568359375,-30.8837890625
3.79931640625,0.734375,3.1226806640625,-10.986328125,-97.22900390625,-24.169921875
3.995361328125,-0.1363525390625,2.385009765625,3.0517578125,-76.72119140625,-15.93017578125
3.8836669921875,0.989501953125,1.6270751953125,46.81396484375,-67.5048828125,-16.9677734375
3.38623046875,1.0362548828125,1.2169189453125,49.37744140625,-43.51806640625,-12.02392578125
-1.149169921875,1.190185546875,1.048583984375,43.76220703125,-36.80419921875,-5.55419921875
1.448974609375,0.0322265625,1.5616455078125,42.17529296875,-27.9541015625,-2.99072265625
2.0015869140625,-2.19287109375,1.7183837890625,38.57421875,-20.93505859375,1.64794921875
1.599365234375,-0.8365478515625,1.28076171875,25.57373046875,-13.97705078125,3.662109375
1.0458984375,0.4681396484375,1.1373291015625,16.41845703125,-13.73291015625,5.37109375
0.8992919921875,0.497802734375,1.244873046875,8.48388671875,-14.46533203125,7.26318359375
0.6072998046875,-0.4539794921875,1.0909423828125,-3.7841796875,-13.7939453125,8.1787109375
0.9202880859375,-0.7021484375,0.9305419921875,-7.62939453125,-12.20703125,7.4462890625
1.087158203125,-0.2052001953125,0.9471435546875,-9.3994140625,-8.4228515625,6.34765625
0.58935546875,-0.1456298828125,0.934326171875,-11.53564453125,-0.67138671875,4.82177734375
0.5181884765625,-0.33740234375,0.9412841796875,-13.5498046875,4.45556640625,3.47900390625
0.6357421875,-0.30859375,0.9345703125,-13.73291015625,11.474609375,2.8076171875
0.5299072265625,-0.1861572265625,0.9261474609375,-13.36669921875,9.21630859375,3.72314453125
0.390625,-0.2086181640625,0.930908203125,-11.5966796875,3.11279296875,3.47900390625
0.3447265625,-0.2315673828125,0.93310546875,-10.986328125,1.220703125,3.173828125
0.3699951171875,-0.260498046875,0.916748046875,-9.765625,0.18310546875,2.74658203125
0.369873046875,-0.299560546875,0.8985595703125,-10.6201171875,-1.3427734375,1.5869140625
0.3748779296875,-0.3115234375,0.904541015625,-8.60595703125,-4.33349609375,0.0
0.3902587890625,-0.3056640625,0.9068603515625,-7.4462890625,-6.16455078125,-1.89208984375
0.4014892578125,-0.3094482421875,0.8896484375,-7.87353515625,-6.7138671875,-3.662109375
0.416259765625,-0.3214111328125,0.882080078125,-9.09423828125,-6.77490234375,-5.92041015625
0.4111328125,-0.3118896484375,0.8697509765625,-8.544921875,-7.14111328125,-5.31005859375
0.3924560546875,-0.3062744140625,0.87158203125,-5.92041015625,-13.85498046875,-4.21142578125
0.3782958984375,-0.3116455078125,0.8836669921875,-3.173828125,-15.9912109375,-3.0517578125
0.359130859375,-0.2904052734375,0.8814697265625,-1.89208984375,-17.08984375,-1.953125
0.34814453125,-0.2841796875,0.87939453125,-2.685546875,-17.63916015625,-1.5869140625
0.33740234375,-0.2987060546875,0.8809814453125,-1.77001953125,-19.10400390625,-2.01416015625
0.309326171875,-0.3212890625,0.879638671875,-0.48828125,-21.17919921875,-5.7373046875
0.2763671875,-0.339111328125,0.894775390625,0.9765625,-27.587890625,-6.53076171875
0.27978515625,-0.3380126953125,0.9010009765625,1.77001953125,-33.3251953125,-6.34765625
0.3109130859375,-0.30126953125,0.9031982421875,2.3193359375,-40.8935546875,-5.79833984375
0.3282470703125,-0.2784423828125,0.8983154296875,-0.6103515625,-50.4150390625,-5.06591796875
0.333984375,-0.2784423828125,0.89501953125,-2.50244140625,-61.8896484375,-5.31005859375
0.32568359375,-0.289306640625,0.8936767578125,-5.615234375,-77.7587890625,-14.34326171875
0.3465576171875,-0.2943115234375,0.914794921875,-10.80322265625,-129.0283203125,-16.357421875
0.3599853515625,-0.3031005859375,0.9232177734375,-16.05224609375,-148.01025390625,-23.37646484375
0.3717041015625,-0.3140869140625,0.9461669921875,-23.681640625,-208.740234375,-15.68603515625
0.3671875,-0.2945556640625,0.9619140625,-35.400390625,-254.21142578125,-12.63427734375
0.3525390625,-0.27783203125,0.9498291015625,-26.3671875,-347.65625,-47.54638671875
0.3385009765625,-0.217529296875,0.9390869140625,-15.56396484375,-390.869140625,-101.5625
0.334228515625,-0.196533203125,0.97998046875,-14.892578125,-458.6181640625,-135.55908203125
0.3189697265625,-0.2100830078125,0.9996337890625,-80.99365234375,-467.529296875,-163.57421875
0.318359375,-0.245361328125,1.06298828125,-136.5966796875,-436.767578125,-185.24169921875
0.3372802734375,-0.325439453125,1.2003173828125,-151.55029296875,-232.11669921875,-135.498046875
0.34228515625,-0.2972412109375,1.947021484375,-138.0615234375,-51.025390625,-107.0556640625
0.32861328125,-0.2501220703125,2.401611328125,-151.123046875,105.77392578125,-90.4541015625
0.32080078125,-0.2198486328125,2.141845703125,-151.67236328125,174.4384765625,-69.64111328125
0.3359375,-0.5076904296875,1.8631591796875,-115.966796875,194.88525390625,-62.744140625
0.4759521484375,-0.9637451171875,2.1944580078125,-33.14208984375,205.078125,-6.04248046875
0.330810546875,-1.3138427734375,2.696533203125,-24.0478515625,229.98046875,11.04736328125
0.8953857421875,-1.2559814453125,3.73388671875,10.3759765625,234.9853515625,25.7568359375
1.2469482421875,-0.4779052734375,3.7379150390625,24.7802734375,238.95263671875,38.57421875
1.31591796875,-0.427490234375,2.8204345703125,2.25830078125,242.919921875,50.048828125
1.115478515625,-1.153564453125,1.723876953125,-2.44140625,248.10791015625,68.29833984375
0.565673828125,-1.3663330078125,1.0914306640625,4.45556640625,268.798828125,75.3173828125
0.6197509765625,-1.0694580078125,0.645263671875,14.22119140625,284.5458984375,85.87646484375
1.7635498046875,-0.890625,0.72509765625,19.775390625,322.75390625,89.4775390625
0.8583984375,-0.64208984375,0.7803955078125,16.845703125,326.904296875,95.15380859375
-0.05029296875,-0.25048828125,0.8233642578125,15.5029296875,333.1298828125,104.3701171875
-0.421875,-0.38037109375,0.8770751953125,14.2822265625,339.9658203125,116.8212890625
-0.458740234375,-0.4566650390625,1.1446533203125,8.30078125,343.994140625,129.638671875
-0.1378173828125,-0.45263671875,1.270263671875,0.79345703125,342.4072265625,141.17431640625
-0.1026611328125,-0.3966064453125,1.327880859375,-5.37109375,334.04541015625,151.2451171875
-0.0625,-0.3529052734375,1.450439453125,-9.82666015625,321.59423828125,158.38623046875
-0.00439453125,-0.395263671875,1.629150390625,-10.07080078125,308.9599609375,162.41455078125
0.0797119140625,-0.5042724609375,1.7728271484375,-4.21142578125,302.3681640625,161.19384765625
0.376220703125,-0.563720703125,1.844970703125,5.43212890625,299.4384765625,159.11865234375
0.5260009765625,-0.6500244140625,1.9071044921875,17.02880859375,298.03466796875,168.39599609375
0.7752685546875,-0.742919921875,1.9908447265625,24.2919921875,288.818359375,168.76220703125
0.8770751953125,-0.831298828125,2.1077880859375,20.3857421875,265.44189453125,154.84619140625
1.0142822265625,-0.95166015625,2.2376708984375,-1.5869140625,231.26220703125,9.3994140625
1.1285400390625,-1.1180419921875,2.2777099609375,-54.38232421875,91.24755859375,-45.83740234375
1.1817626953125,-1.294677734375,2.10107421875,-85.87646484375,-10.31494140625,-76.59912109375
1.2225341796875,-1.4420166015625,1.66259765625,-86.0595703125,-103.33251953125,-105.3466796875
1.315185546875,-1.4835205078125,1.153076171875,-41.19873046875,-176.45263671875,-113.34228515625
1.4869384765625,-1.316650390625,0.7803955078125,-57.43408203125,-210.87646484375,-102.9052734375
1.7596435546875,-0.78662109375,0.5604248046875,-57.92236328125,-200.8056640625,-69.64111328125
2.0994873046875,-0.296875,-1.9637451171875,2.25830078125,-150.57373046875,-80.99365234375
2.3941650390625,-0.21728515625,-2.795654296875,57.861328125,-78.55224609375,-72.1435546875
2.5394287109375,-0.1014404296875,-2.5804443359375,85.51025390625,-60.9130859375,-43.45703125
2.64892578125,0.3232421875,-1.51318359375,160.94970703125,-227.23388671875,-27.77099609375
2.85498046875,1.1279296875,-0.375732421875,79.58984375,-243.896484375,13.3056640625
3.1824951171875,0.5411376953125,1.2769775390625,-98.20556640625,-213.68408203125,-22.216796875
3.9874267578125,-0.362060546875,2.88671875,34.423828125,-222.0458984375,-76.35498046875
3.6783447265625,-0.8275146484375,2.9107666015625,-17.7001953125,-219.05517578125,-55.23681640625
3.0323486328125,-0.6494140625,0.5360107421875,-65.12451171875,-204.04052734375,-20.751953125
2.675537109375,-1.027587890625,-1.638916015625,-50.537109375,-204.7119140625,-0.67138671875
2.7017822265625,-1.765869140625,0.416015625,-42.3583984375,-203.857421875,2.0751953125
1.00439453125,-0.5496826171875,2.9737548828125,-49.31640625,-165.34423828125,-25.7568359375
-1.09814453125,0.7362060546875,2.396240234375,-23.74267578125,-107.23876953125,-12.8173828125
-1.6502685546875,0.7342529296875,1.4578857421875,-6.2255859375,-65.36865234375,-13.24462890625
-1.132568359375,0.7315673828125,1.5050048828125,30.2734375,-54.62646484375,-14.5263671875
0.15673828125,1.1309814453125,1.4468994140625,49.98779296875,-34.11865234375,-6.103515625
1.274658203125,0.6488037109375,1.1822509765625,30.45654296875,-27.28271484375,-1.5869140625
1.6827392578125,-1.27490234375,1.6226806640625,31.1279296875,-17.7001953125,-3.173828125
