0.37158203125,-0.7708740234375,1.6300048828125,-43.5791015625,219.6044921875,-77.94189453125
0.4813232421875,-1.3505859375,2.13232421875,8.72802734375,218.44482421875,-62.01171875
0.718505859375,-1.490234375,2.451416015625,31.005859375,219.23828125,-41.50390625
1.2305908203125,-1.5059814453125,2.5731201171875,45.5322265625,223.57177734375,-20.8740234375
1.88037109375,-1.4781494140625,3.0341796875,44.3115234375,230.04150390625,-3.41796875
2.0535888671875,-1.3831787109375,1.141845703125,36.1328125,238.70849609375,21.54541015625
1.8095703125,-1.20654296875,0.7471923828125,25.634765625,252.5634765625,32.53173828125
1.7255859375,-0.9466552734375,0.5869140625,18.73779296875,259.82666015625,44.43359375
1.4520263671875,-0.6837158203125,0.613525390625,16.4794921875,266.29638671875,80.99365234375
1.1207275390625,-0.972900390625,0.6763916015625,18.00537109375,285.400390625,92.34619140625
1.1712646484375,-0.79638671875,0.7266845703125,13.97705078125,290.283203125,116.455078125
1.8919677734375,-0.6693115234375,0.714599609375,7.080078125,294.43359375,129.33349609375
2.52880859375,-0.4576416015625,0.6759033203125,-5.7373046875,295.10498046875,142.578125
-0.012451171875,-0.3709716796875,0.632080078125,-7.38525390625,294.73876953125,154.78515625
-0.1627197265625,-0.3533935546875,0.6541748046875,-14.95361328125,292.66357421875,165.22216796875
-0.1552734375,-0.407470703125,0.702880859375,-21.54541015625,288.75732421875,181.15234375
-0.0269775390625,-0.4970703125,0.85498046875,-28.25927734375,275.87890625,188.04931640625
0.0968017578125,-0.569091796875,0.8897705078125,-34.48486328125,270.93505859375,194.64111328125
0.1768798828125,-0.5703125,0.9814453125,-39.24560546875,265.9912109375,201.171875
0.205078125,-0.5394287109375,1.0548095703125,-37.9638671875,258.6669921875,207.58056640625
0.211181640625,-0.5377197265625,1.125732421875,-33.203125,249.08447265625,211.97509765625
0.271728515625,-0.6624755859375,1.193359375,-26.67236328125,223.32763671875,206.9091796875
0.3653564453125,-0.6851806640625,1.2744140625,-18.49365234375,210.63232421875,198.05908203125
0.47509765625,-0.6707763671875,1.4986572265625,-9.8876953125,203.2470703125,182.373046875
0.6531982421875,-0.67333984375,1.611328125,1.5869140625,181.21337890625,80.322265625
0.7691650390625,-0.6917724609375,1.6707763671875,7.2021484375,96.00830078125,11.3525390625
0.9288330078125,-0.7200927734375,1.638671875,5.79833984375,42.6025390625,-49.072265625
1.0284423828125,-0.752685546875,1.5155029296875,-5.92041015625,-16.54052734375,-172.9736328125
1.119140625,-0.8909912109375,1.12744140625,-31.79931640625,-97.7783203125,-197.57080078125
1.19091796875,-0.9964599609375,0.87060546875,-53.16162109375,-69.15283203125,-186.21826171875
1.2626953125,-1.0849609375,0.5108642578125,-64.51416015625,-58.59375,-140.93017578125
1.5098876953125,-1.0830078125,0.0467529296875,14.16015625,-61.34033203125,-125.48828125
1.693359375,-0.99169921875,-2.12451171875,117.98095703125,-142.4560546875,-70.1904296875
1.8946533203125,-0.785400390625,-3.1431884765625,76.66015625,-232.5439453125,-6.04248046875
2.1015625,-0.6405029296875,-3.490966796875,-54.13818359375,-174.98779296875,-42.1142578125
2.2872314453125,-0.3094482421875,-1.3131103515625,74.8291015625,-220.76416015625,-95.64208984375
2.770263671875,0.1871337890625,1.389892578125,53.40576171875,-195.12939453125,-91.73583984375
3.1368408203125,1.2352294921875,2.343994140625,23.62060546875,-166.259765625,-56.45751953125
3.4188232421875,1.6368408203125,1.208251953125,-3.662109375,-158.447265625,-21.3623046875
3.65869140625,1.1531982421875,-0.3697509765625,-25.634765625,-175.96435546875,-30.33447265625
3.958984375,-0.38671875,0.065185546875,-35.58349609375,-58.7158203125,-12.75634765625
3.5859375,-1.0595703125,2.3118896484375,-22.64404296875,-58.53271484375,-16.357421875
2.7900390625,-2.205322265625,2.6964111328125,-9.33837890625,-37.109375,-2.99072265625
0.8067626953125,-1.927001953125,1.991943359375,54.38232421875,-4.638671875,-3.7841796875
0.0684814453125,-0.33447265625,1.7030029296875,39.36767578125,0.1220703125,-3.47900390625
-0.7176513671875,0.396240234375,0.9898681640625,39.97802734375,-0.6103515625,-3.23486328125
-0.8670654296875,0.630126953125,0.331298828125,2.74658203125,-1.5869140625,-2.5634765625
0.442138671875,1.3792724609375,1.22265625,2.99072265625,-6.40869140625,-3.173828125
1.3021240234375,1.3419189453125,0.7489013671875,0.30517578125,-12.6953125,-4.39453125
2.062255859375,-0.5030517578125,1.0089111328125,-0.06103515625,-11.41357421875,-3.84521484375
2.0577392578125,-2.4302978515625,0.826416015625,-2.50244140625,-8.36181640625,-3.2958984375
1.732666015625,-2.3052978515625,0.8516845703125,-0.8544921875,-4.94384765625,-2.44140625
1.7763671875,0.0,0.865234375,2.0751953125,-0.91552734375,-2.8076171875
1.57080078125,-1.0133056640625,0.8643798828125,-0.1220703125,1.5869140625,-3.41796875
0.693359375,-0.2677001953125,0.8712158203125,-2.86865234375,-0.3662109375,-3.90625
0.8399658203125,-0.3299560546875,0.8626708984375,-6.9580078125,-4.94384765625,-4.8828125
0.5302734375,-0.2982177734375,0.8427734375,-7.62939453125,-8.60595703125,-5.31005859375
0.7215576171875,-0.268310546875,0.8280029296875,-4.08935546875,-11.65771484375,-5.2490234375
0.535400390625,-0.25244140625,0.8160400390625,0.3662109375,-13.18359375,-4.94384765625
0.4832763671875,-0.246826171875,0.8111572265625,6.2255859375,-13.61083984375,-4.33349609375
0.474609375,-0.2850341796875,0.819580078125,9.8876953125,-13.0615234375,-4.33349609375
0.468505859375,-0.3035888671875,0.8302001953125,9.70458984375,-11.5966796875,-4.57763671875
0.45458984375,-0.3114013671875,0.8338623046875,6.34765625,-9.6435546875,-5.126953125
0.463134765625,-0.32763671875,0.837646484375,0.79345703125,-8.056640625,-5.79833984375
0.4873046875,-0.3363037109375,0.837158203125,-4.0283203125,-7.01904296875,-5.859375
0.4951171875,-0.3475341796875,0.836669921875,-7.38525390625,-7.14111328125,-5.615234375
0.498046875,-0.3502197265625,0.8330078125,-8.36181640625,-7.6904296875,-6.04248046875
0.4925537109375,-0.349609375,0.822265625,-7.9345703125,-8.544921875,-5.55419921875
0.4827880859375,-0.3367919921875,0.8155517578125,-7.4462890625,-13.73291015625,-5.9814453125
0.4722900390625,-0.30908203125,0.8170166015625,-7.080078125,-16.66259765625,-6.40869140625
0.463623046875,-0.2960205078125,0.8214111328125,-6.65283203125,-20.08056640625,-6.04248046875
0.463623046875,-0.2955322265625,0.826416015625,-10.07080078125,-24.0478515625,-5.67626953125
0.4600830078125,-0.305419921875,0.8297119140625,-10.986328125,-27.89306640625,-2.25830078125
0.452392578125,-0.314208984375,0.829345703125,-11.65771484375,-39.306640625,0.18310546875
0.4566650390625,-0.3128662109375,0.8336181640625,-13.36669921875,-46.875,1.15966796875
0.4700927734375,-0.313232421875,0.8399658203125,-14.7705078125,-55.0537109375,0.732421875
0.482421875,-0.30517578125,0.84619140625,-21.728515625,-65.73486328125,-0.3662109375
0.4920654296875,-0.2919921875,0.85693359375,-27.40478515625,-78.79638671875,-7.6904296875
0.4947509765625,-0.2962646484375,0.863525390625,-35.21728515625,-117.24853515625,-15.5029296875
0.493408203125,-0.3001708984375,0.8623046875,-42.236328125,-140.7470703125,-41.56494140625
0.4959716796875,-0.3092041015625,0.8648681640625,-51.025390625,-225.7080078125,-47.79052734375
0.4893798828125,-0.318359375,0.8758544921875,-69.15283203125,-258.97216796875,-63.1103515625
0.469482421875,-0.2958984375,0.886962890625,-79.9560546875,-271.8505859375,-78.125
0.4569091796875,-0.2880859375,0.901123046875,-70.00732421875,-291.07666015625,-79.2236328125
0.46142578125,-0.2811279296875,0.9111328125,-55.72509765625,-330.6884765625,-66.0400390625
0.4656982421875,-0.2509765625,0.9296875,-57.67822265625,-406.73828125,-55.7861328125
0.4708251953125,-0.2357177734375,0.91064453125,-72.3876953125,-504.82177734375,-85.63232421875
0.503662109375,-0.266845703125,1.008056640625,-84.89990234375,-531.79931640625,-138.24462890625
0.515869140625,-0.286865234375,0.9669189453125,-122.86376953125,-443.42041015625,-195.61767578125
0.4918212890625,-0.30517578125,0.936279296875,-195.37353515625,-355.46875,-208.6181640625
0.4713134765625,-0.3773193359375,1.0189208984375,-186.09619140625,-325.439453125,-203.4912109375
0.45751953125,-0.4273681640625,1.102294921875,-95.03173828125,-308.59375,-172.79052734375
0.4468994140625,-0.389892578125,1.2711181640625,-4.08935546875,-309.326171875,-146.30126953125
0.3917236328125,-0.358642578125,1.3446044921875,1.52587890625,-204.52880859375,-83.6181640625
0.3717041015625,-0.3096923828125,1.1051025390625,-7.32421875,-68.603515625,-32.1044921875
0.414306640625,-0.2825927734375,0.93505859375,-45.10498046875,91.24755859375,-22.03369140625
0.4923095703125,-0.254150390625,1.2178955078125,-72.6318359375,182.31201171875,-36.07177734375
0.49267578125,-0.20849609375,1.703857421875,-106.38427734375,216.552734375,-63.17138671875
0.3375244140625,-0.630859375,2.2525634765625,-42.48046875,234.55810546875,-77.392578125
0.3624267578125,-1.40185546875,2.50439453125,2.38037109375,240.90576171875,-70.6787109375
0.572021484375,-1.5543212890625,2.406005859375,55.23681640625,244.81201171875,-52.06298828125
1.07568359375,-1.6197509765625,2.85498046875,101.37939453125,248.1689453125,-28.86962890625
1.8157958984375,-1.465087890625,3.194091796875,122.25341796875,252.13623046875,-5.06591796875
2.20703125,-1.0634765625,2.2137451171875,114.31884765625,257.4462890625,13.7939453125
2.0142822265625,-0.6976318359375,1.34033203125,86.0595703125,264.7705078125,27.34375
1.4771728515625,-0.54931640625,0.9288330078125,53.1005859375,270.01953125,37.41455078125
1.107421875,-1.1199951171875,0.7667236328125,25.5126953125,282.40966796875,47.36328125
1.0191650390625,-1.7340087890625,0.7662353515625,10.55908203125,291.68701171875,58.7158203125
1.5068359375,-1.5433349609375,0.7677001953125,7.568359375,299.49951171875,71.35009765625
2.3525390625,-1.2784423828125,0.7548828125,10.009765625,307.12890625,83.740234375
1.8834228515625,-0.9061279296875,0.71875,11.474609375,313.720703125,94.23828125
0.665283203125,-0.440185546875,0.6790771484375,7.38525390625,318.90869140625,102.294921875
0.0909423828125,-0.19873046875,0.645263671875,-1.3427734375,320.9228515625,109.2529296875
-0.087646484375,-0.09326171875,0.64306640625,-10.8642578125,320.37353515625,116.69921875
-0.021240234375,-0.1265869140625,0.6968994140625,-17.88330078125,318.603515625,125.3662109375
0.1104736328125,-0.2779541015625,0.76318359375,-21.66748046875,315.61279296875,134.70458984375
0.212158203125,-0.4674072265625,0.8314208984375,-24.0478515625,311.5234375,143.85986328125
0.2657470703125,-0.60400390625,0.8804931640625,-27.7099609375,305.60302734375,152.89306640625
0.303466796875,-0.6290283203125,0.9010009765625,-33.38623046875,298.095703125,173.88916015625
0.3013916015625,-0.5709228515625,0.9188232421875,-38.63525390625,281.92138671875,183.837890625
0.3037109375,-0.501708984375,0.954833984375,-42.724609375,277.099609375,194.9462890625
0.3648681640625,-0.474609375,1.013427734375,-44.98291015625,273.74267578125,205.810546875
0.4705810546875,-0.502197265625,1.0927734375,-33.8134765625,267.578125,212.7685546875
0.6090087890625,-0.5516357421875,1.181640625,-24.0478515625,256.591796875,121.88720703125
0.7412109375,-0.5858154296875,1.2811279296875,-12.8173828125,114.6240234375,76.904296875
0.82763671875,-0.595703125,1.395263671875,0.42724609375,72.20458984375,4.33349609375
0.8636474609375,-0.5965576171875,1.64111328125,12.451171875,-8.1787109375,-98.5107421875
0.888671875,-0.6063232421875,1.72607421875,-11.71875,-85.0830078125,-130.31005859375
0.9449462890625,-0.638427734375,1.7166748046875,-44.00634765625,-117.49267578125,-135.07080078125
1.0238037109375,-0.70166015625,1.5745849609375,-78.857421875,-136.77978515625,-70.73974609375
1.1046142578125,-0.8006591796875,1.295166015625,-45.7763671875,26.30615234375,-68.05419921875
1.1812744140625,-0.908935546875,-0.7833251953125,41.9921875,-123.779296875,-55.7861328125
1.2646484375,-1.1009521484375,-1.5386962890625,39.306640625,-200.927734375,6.65283203125
1.3839111328125,-1.1015625,-2.656005859375,80.26123046875,-179.74853515625,-28.13720703125
1.5408935546875,-0.999267578125,-2.5863037109375,28.3203125,-221.00830078125,-94.7265625
1.9544677734375,-0.8302001953125,-1.19677734375,-5.67626953125,-197.509765625,-48.9501953125
2.2210693359375,0.6865234375,-0.124267578125,-36.7431640625,-177.67333984375,-24.2919921875
2.4267578125,1.14404296875,2.196533203125,-42.54150390625,-185.4248046875,-27.16064453125
2.548583984375,0.6776123046875,-1.5140380859375,-40.95458984375,-160.7666015625,-35.400390625
3.436279296875,-0.056640625,-0.474365234375,-25.7568359375,-109.0087890625,-23.37646484375
3.6473388671875,-0.421630859375,2.5115966796875,3.35693359375,-69.580078125,-22.64404296875
2.9996337890625,-0.384033203125,2.4317626953125,46.20361328125,-42.41943359375,-7.6904296875
2.4307861328125,-1.9088134765625,1.5667724609375,57.9833984375,-25.57373046875,-4.7607421875
2.3863525390625,0.57763671875,1.261962890625,44.49462890625,-21.91162109375,-2.13623046875
2.0244140625,0.6453857421875,0.8856201171875,56.2744140625,-25.32958984375,-1.220703125
-1.4676513671875,0.3641357421875,1.30615234375,18.798828125,-23.5595703125,-4.5166015625
-0.633544921875,0.7606201171875,1.6322021484375,14.6484375,-23.13232421875,-5.4931640625
0.852783203125,0.7237548828125,0.7518310546875,7.080078125,-20.3857421875,-3.72314453125
2.2867431640625,-2.2110595703125,0.9197998046875,8.48388671875,-7.9345703125,-0.18310546875
1.7554931640625,-1.53857421875,0.8983154296875,16.78466796875,-2.62451171875,3.60107421875
1.1953125,-0.1759033203125,0.8770751953125,18.73779296875,0.244140625,3.72314453125
1.8736572265625,0.4671630859375,0.87939453125,6.9580078125,2.74658203125,0.67138671875
1.153564453125,-1.0413818359375,0.843505859375,-11.8408203125,5.06591796875,-2.99072265625
1.099609375,-0.4320068359375,0.8795166015625,-30.2734375,3.2958984375,-5.92041015625
1.2257080078125,-0.391845703125,0.810791015625,-35.0341796875,-0.244140625,-6.53076171875
0.5220947265625,-0.3438720703125,0.7974853515625,-27.64892578125,-4.57763671875,-6.8359375
0.701904296875,-0.2904052734375,0.7977294921875,-13.97705078125,-10.6201171875,-8.36181640625
0.589111328125,-0.388916015625,0.79150390625,-0.8544921875,-14.7705078125,-9.6435546875
0.5164794921875,-0.3575439453125,0.7938232421875,6.77490234375,-16.6015625,-9.58251953125
0.5523681640625,-0.24462890625,0.805419921875,10.19287109375,-16.357421875,-9.82666015625
0.5267333984375,-0.243408203125,0.8211669921875,15.93017578125,-14.7705078125,-10.43701171875
0.4888916015625,-0.2606201171875,0.8282470703125,18.73779296875,-12.87841796875,-10.68115234375
0.54931640625,-0.3060302734375,0.8348388671875,15.7470703125,-10.55908203125,-9.765625
0.5277099609375,-0.3775634765625,0.8350830078125,12.02392578125,-9.33837890625,-8.6669921875
0.51025390625,-0.4183349609375,0.8260498046875,9.3994140625,-8.7890625,-7.14111328125
0.5018310546875,-0.424560546875,0.8125,7.26318359375,-8.6669921875,-6.28662109375
0.48681640625,-0.3970947265625,0.800048828125,3.5400390625,-9.033203125,-5.9814453125
0.46875,-0.3560791015625,0.80126953125,-0.30517578125,-9.765625,-5.43212890625
0.4630126953125,-0.3597412109375,0.8052978515625,-4.0283203125,-11.3525390625,-5.06591796875
0.474609375,-0.373779296875,0.8065185546875,-5.7373046875,-14.09912109375,-4.21142578125
0.4783935546875,-0.3563232421875,0.8118896484375,-5.43212890625,-18.85986328125,-1.708984375
0.4730224609375,-0.343994140625,0.811767578125,-4.45556640625,-28.3203125,-0.3662109375
0.4769287109375,-0.3446044921875,0.8109130859375,-5.06591796875,-33.5693359375,0.6103515625
0.482177734375,-0.3326416015625,0.8150634765625,-8.056640625,-38.57421875,0.6103515625
0.482666015625,-0.308837890625,0.82080078125,-15.5029296875,-44.49462890625,-0.244140625
0.48876953125,-0.2984619140625,0.8275146484375,-19.71435546875,-52.1240234375,-1.46484375
0.5003662109375,-0.2952880859375,0.8343505859375,-24.47509765625,-61.767578125,-3.5400390625
0.5064697265625,-0.2896728515625,0.848876953125,-28.62548828125,-73.66943359375,-6.7138671875
0.5057373046875,-0.2945556640625,0.851318359375,-31.982421875,-90.14892578125,-9.46044921875
0.5108642578125,-0.30224609375,0.84326171875,-37.59765625,-109.7412109375,-14.70947265625
0.5177001953125,-0.302734375,0.8470458984375,-44.3115234375,-131.9580078125,-23.74267578125
0.5166015625,-0.302001953125,0.8582763671875,-49.31640625,-154.296875,-33.0810546875
0.5155029296875,-0.2811279296875,0.8614501953125,-58.41064453125,-175.23193359375,-38.51318359375
0.503173828125,-0.2650146484375,0.864990234375,-69.9462890625,-201.35498046875,-69.9462890625
0.4942626953125,-0.27392578125,0.880615234375,-77.880859375,-268.5546875,-79.52880859375
0.4715576171875,-0.287109375,0.9041748046875,-79.833984375,-293.27392578125,-74.5849609375
0.4638671875,-0.3067626953125,0.9185791015625,-73.66943359375,-346.74072265625,-61.03515625
0.496826171875,-0.318359375,0.896484375,-67.68798828125,-428.40576171875,-63.96484375
0.51171875,-0.3214111328125,0.8743896484375,-75.5615234375,-502.01416015625,-144.59228515625
0.4996337890625,-0.3468017578125,0.893798828125,-94.6044921875,-394.1650390625,-170.654296875
0.4876708984375,-0.3428955078125,0.960205078125,-147.03369140625,-361.75537109375,-185.60791015625
0.4725341796875,-0.339111328125,0.92236328125,-202.08740234375,-316.83349609375,-192.5048828125
0.4649658203125,-0.39453125,0.97900390625,-87.890625,-286.865234375,-187.43896484375
0.4490966796875,-0.4267578125,1.0931396484375,-54.38232421875,-281.8603515625,-138.916015625
0.41357421875,-0.4249267578125,1.2275390625,-35.2783203125,-81.48193359375,-82.45849609375
0.3922119140625,-0.408203125,1.2591552734375,-39.00146484375,58.89892578125,-68.7255859375
0.3966064453125,-0.3531494140625,0.920166015625,-51.69677734375,179.0771484375,-72.1435546875
0.4112548828125,-0.3267822265625,1.03369140625,-106.26220703125,210.205078125,-80.74951171875
0.4365234375,-0.236572265625,1.3837890625,-98.6328125,222.83935546875,-88.68408203125
0.5179443359375,-0.299560546875,2.0545654296875,-59.14306640625,223.32763671875,-82.763671875
0.382080078125,-0.8907470703125,2.4232177734375,-35.33935546875,214.7216796875,-59.99755859375
0.5010986328125,-1.3824462890625,2.6844482421875,-1.40380859375,208.43505859375,-29.4189453125
0.80908203125,-1.46826171875,2.8941650390625,31.8603515625,204.9560546875,1.0986328125
1.4027099609375,-1.5611572265625,2.611572265625,44.49462890625,205.6884765625,29.11376953125
2.115478515625,-1.2554931640625,1.4581298828125,42.724609375,211.181640625,51.81884765625
1.870361328125,-1.0196533203125,0.89013671875,35.94970703125,218.56689453125,69.03076171875
1.749755859375,-0.6531982421875,0.580810546875,31.06689453125,225.89111328125,81.1767578125
1.5340576171875,-1.292236328125,0.5362548828125,25.7568359375,234.31396484375,89.7216796875
1.4337158203125,-1.3802490234375,0.6092529296875,22.52197265625,243.59130859375,95.39794921875
1.99951171875,-1.0732421875,0.671875,19.8974609375,254.08935546875,98.14453125
2.151123046875,-0.945068359375,0.7091064453125,16.7236328125,265.869140625,99.18212890625
1.1177978515625,-0.66796875,0.712158203125,13.916015625,277.52685546875,99.4873046875
0.148681640625,-0.4681396484375,0.7000732421875,11.23046875,287.7197265625,99.7314453125
-0.187744140625,-0.4195556640625,0.6827392578125,8.85009765625,294.43359375,101.25732421875
-0.3060302734375,-0.4443359375,0.7039794921875,5.4931640625,297.8515625,104.79736328125
-0.2322998046875,-0.493408203125,0.773193359375,-0.06103515625,299.8046875,110.41259765625
-0.0609130859375,-0.51416015625,0.8468017578125,-7.14111328125,300.6591796875,118.34716796875
0.0582275390625,-0.5030517578125,0.8922119140625,-14.95361328125,300.537109375,127.8076171875
0.123046875,-0.46875,0.9141845703125,-21.91162109375,298.64501953125,137.5732421875
0.1673583984375,-0.4344482421875,0.9256591796875,-27.7099609375,294.12841796875,146.484375
0.199951171875,-0.420166015625,0.937255859375,-34.3017578125,290.0390625,156.73828125
0.2366943359375,-0.4205322265625,0.968017578125,-41.32080078125,287.65869140625,169.98291015625
0.3138427734375,-0.41064453125,1.030029296875,-46.56982421875,287.65869140625,185.85205078125
0.448974609375,-0.3890380859375,1.10986328125,-47.42431640625,287.04833984375,213.43994140625
0.5809326171875,-0.376220703125,1.189453125,-43.51806640625,275.5126953125,219.54345703125
0.671142578125,-0.3826904296875,1.2705078125,-34.60693359375,262.8173828125,221.37451171875
0.7432861328125,-0.415283203125,1.3828125,-22.8271484375,236.9384765625,167.8466796875
0.7957763671875,-0.47998046875,1.528564453125,-5.0048828125,130.0048828125,112.060546875
0.8388671875,-0.551025390625,1.66943359375,-2.8076171875,89.84375,48.64501953125
0.9000244140625,-0.596923828125,1.7608642578125,-9.09423828125,28.6865234375,-19.287109375
0.988525390625,-0.63916015625,1.7587890625,-12.02392578125,-22.216796875,-85.87646484375
1.080078125,-0.7349853515625,1.3465576171875,-11.5966796875,-66.7724609375,-133.11767578125
1.1552734375,-0.885986328125,1.0447998046875,-23.4375,-106.93359375,-151.7333984375
1.2332763671875,-1.0699462890625,0.700927734375,-23.49853515625,-106.0791015625,-78.4912109375
1.3487548828125,-1.2252197265625,-0.1826171875,6.591796875,-56.396484375,-85.205078125
1.5294189453125,-1.2586669921875,-1.85302734375,41.8701171875,-194.27490234375,-28.38134765625
1.784423828125,-1.0093994140625,-2.6697998046875,71.47216796875,-175.23193359375,-88.07373046875
2.0784912109375,-0.839111328125,-3.091796875,-28.25927734375,-194.7021484375,-63.29345703125
2.339111328125,-0.642822265625,-2.740478515625,57.0068359375,-164.97802734375,-26.85546875
2.6463623046875,-0.0828857421875,-1.9019775390625,-10.8642578125,-164.36767578125,-17.333984375
2.7886962890625,1.1324462890625,0.2784423828125,-45.654296875,-173.27880859375,-36.31591796875
3.0101318359375,1.48046875,0.3302001953125,-26.30615234375,-138.00048828125,-42.66357421875
3.464111328125,1.1397705078125,-0.6431884765625,-2.13623046875,-79.345703125,-26.79443359375
3.864501953125,0.4512939453125,1.1561279296875,39.48974609375,-73.66943359375,-20.93505859375
3.6134033203125,0.0164794921875,2.10498046875,80.74951171875,-51.33056640625,-18.49365234375
2.9678955078125,-0.235107421875,1.2237548828125,58.89892578125,-32.16552734375,-8.60595703125
2.453857421875,-0.468505859375,0.759033203125,40.46630859375,-29.35791015625,-4.39453125
2.4256591796875,0.558349609375,0.9378662109375,60.6689453125,-20.93505859375,-2.38037109375
0.7197265625,0.76806640625,1.6993408203125,43.51806640625,-23.681640625,-6.53076171875
-0.5306396484375,0.84912109375,1.4578857421875,18.6767578125,-23.37646484375,-7.568359375
0.5899658203125,-2.001953125,0.8790283203125,17.15087890625,-8.72802734375,-5.4931640625
1.5277099609375,-2.18212890625,0.93896484375,10.1318359375,-1.708984375,-0.06103515625
1.6265869140625,-0.6834716796875,1.0390625,22.15576171875,-1.8310546875,4.82177734375
1.689453125,0.54736328125,0.981689453125,22.03369140625,-3.23486328125,5.43212890625
1.2344970703125,0.369140625,0.8763427734375,10.25390625,-2.3193359375,2.8076171875
0.7557373046875,-0.7025146484375,0.87451171875,-9.70458984375,1.15966796875,-1.28173828125
1.2999267578125,-0.695556640625,0.8543701171875,-29.6630859375,1.3427734375,-4.08935546875
1.10791015625,-0.045166015625,0.813232421875,-35.58349609375,-0.732421875,-4.638671875
0.549560546875,-0.1641845703125,0.818603515625,-30.8837890625,-6.4697265625,-4.39453125
0.660400390625,-0.3837890625,0.8287353515625,-19.71435546875,-12.63427734375,-3.7841796875
0.7265625,-0.290283203125,0.83447265625,-9.70458984375,-17.578125,-3.72314453125
0.6407470703125,-0.3106689453125,0.8348388671875,-1.953125,-18.798828125,-3.41796875
0.5028076171875,-0.27001953125,0.8349609375,3.35693359375,-17.88330078125,-3.41796875
0.4771728515625,-0.2164306640625,0.8389892578125,5.126953125,-15.80810546875,-3.84521484375
0.4908447265625,-0.191162109375,0.8448486328125,4.5166015625,-12.8173828125,-5.06591796875
0.5089111328125,-0.2529296875,0.8502197265625,2.13623046875,-9.765625,-5.615234375
0.5067138671875,-0.3358154296875,0.8499755859375,-0.91552734375,-8.60595703125,-5.2490234375
0.49609375,-0.388916015625,0.845703125,-2.50244140625,-9.21630859375,-4.33349609375
0.488037109375,-0.39892578125,0.8328857421875,-3.11279296875,-11.1083984375,-4.33349609375
0.4932861328125,-0.37646484375,0.8212890625,-3.2958984375,-10.7421875,-5.2490234375
0.493896484375,-0.347900390625,0.81396484375,-3.23486328125,-8.30078125,-3.11279296875
0.4810791015625,-0.3192138671875,0.8095703125,-3.662109375,-8.85009765625,-1.46484375
0.4786376953125,-0.316162109375,0.810302734375,-1.64794921875,-11.8408203125,-0.8544921875
0.476806640625,-0.3203125,0.8165283203125,1.03759765625,-15.5029296875,0.3662109375
0.466064453125,-0.3118896484375,0.8170166015625,-4.39453125,-20.01953125,2.62451171875
0.4576416015625,-0.3131103515625,0.8167724609375,-9.033203125,-27.52685546875,3.84521484375
0.4681396484375,-0.3291015625,0.8182373046875,-10.80322265625,-31.79931640625,4.94384765625
0.482666015625,-0.3380126953125,0.8175048828125,-12.20703125,-37.29248046875,4.57763671875
0.4927978515625,-0.3245849609375,0.82763671875,-16.41845703125,-42.17529296875,3.72314453125
0.4998779296875,-0.3050537109375,0.8353271484375,-18.310546875,-49.31640625,2.25830078125
0.498291015625,-0.308349609375,0.8421630859375,-22.0947265625,-58.7158203125,0.54931640625
0.5013427734375,-0.3240966796875,0.8502197265625,-25.57373046875,-70.068359375,-1.708984375
0.502685546875,-0.3160400390625,0.850830078125,-30.6396484375,-83.92333984375,-6.65283203125
0.5010986328125,-0.279541015625,0.855224609375,-36.0107421875,-100.5859375,-13.36669921875
0.5008544921875,-0.2906494140625,0.8585205078125,-42.6025390625,-119.56787109375,-22.03369140625
0.5030517578125,-0.2957763671875,0.855712890625,-51.7578125,-138.85498046875,-29.84619140625
0.4937744140625,-0.2786865234375,0.8739013671875,-59.08203125,-164.4287109375,-33.02001953125
0.481689453125,-0.2652587890625,0.8912353515625,-68.2373046875,-193.2373046875,-35.400390625
0.4766845703125,-0.265625,0.896484375,-74.52392578125,-217.8955078125,-41.6259765625
0.4813232421875,-0.2879638671875,0.8958740234375,-77.33154296875,-246.9482421875,-52.79541015625
0.4852294921875,-0.3082275390625,0.8953857421875,-77.81982421875,-266.845703125,-64.14794921875
0.484375,-0.3145751953125,0.89306640625,-71.10595703125,-288.6962890625,-65.3076171875
0.485107421875,-0.320556640625,0.8782958984375,-64.5751953125,-315.4296875,-59.02099609375
0.47802734375,-0.3170166015625,0.9150390625,-69.2138671875,-386.474609375,-61.6455078125
0.45849609375,-0.3543701171875,0.9559326171875,-79.28466796875,-451.7822265625,-88.7451171875
0.4608154296875,-0.4017333984375,0.9610595703125,-97.83935546875,-457.58056640625,-128.173828125
0.4598388671875,-0.4361572265625,0.9364013671875,-139.95361328125,-416.1376953125,-168.701171875
0.449951171875,-0.441162109375,0.921142578125,-177.18505859375,-383.056640625,-196.47216796875
0.4244384765625,-0.3680419921875,0.9603271484375,-161.68212890625,-346.19140625,-206.4208984375
0.40087890625,-0.33154296875,1.072021484375,-110.3515625,-317.2607421875,-198.974609375
0.4049072265625,-0.3707275390625,1.234130859375,-60.72998046875,-303.40576171875,-169.49462890625
0.41162109375,-0.34619140625,1.246826171875,-9.21630859375,-292.41943359375,-140.80810546875
0.4105224609375,-0.2869873046875,1.2279052734375,-0.30517578125,-159.60693359375,-85.3271484375
0.4278564453125,-0.2445068359375,1.16796875,-13.48876953125,-19.34814453125,-55.0537109375
0.5079345703125,-0.2628173828125,1.1005859375,-45.59326171875,139.16015625,-56.45751953125
0.5087890625,-0.415283203125,1.221435546875,-73.05908203125,209.04541015625,-75.74462890625
0.3692626953125,-0.840087890625,1.8946533203125,-100.7080078125,237.9150390625,-94.6044921875
0.4652099609375,-1.30810546875,2.4307861328125,-42.96875,260.009765625,-95.21484375
0.7222900390625,-1.486572265625,2.602783203125,-24.59716796875,272.52197265625,-79.89501953125
1.141845703125,-1.633056640625,2.46875,8.11767578125,281.494140625,-58.349609375
1.824462890625,-1.6160888671875,2.9752197265625,41.68701171875,283.935546875,-34.7900390625
2.1090087890625,-1.3414306640625,3.19775390625,53.03955078125,277.89306640625,-12.3291015625
1.8997802734375,-0.9547119140625,2.0517578125,44.43359375,268.85986328125,9.21630859375
1.6722412109375,-0.6817626953125,1.3597412109375,29.60205078125,264.0380859375,31.79931640625
1.2669677734375,-0.458740234375,1.04931640625,18.310546875,263.3056640625,54.6875
1.0087890625,-0.987060546875,0.8922119140625,16.11328125,265.9912109375,76.47705078125
1.1671142578125,-1.4642333984375,0.8011474609375,18.1884765625,269.6533203125,95.3369140625
1.4061279296875,-1.1258544921875,0.6923828125,20.8740234375,273.3154296875,109.9853515625
2.092529296875,-0.9805908203125,0.61669921875,18.798828125,277.64892578125,119.873046875
1.7176513671875,-0.69873046875,0.5662841796875,10.43701171875,282.3486328125,126.46484375
0.383544921875,-0.3828125,0.57421875,-0.244140625,287.353515625,130.67626953125
-0.0345458984375,-0.279296875,0.6329345703125,-8.4228515625,292.29736328125,133.7890625
0.02392578125,-0.304443359375,0.6953125,-12.3291015625,296.38671875,137.26806640625
0.1195068359375,-0.4427490234375,0.7647705078125,-12.63427734375,299.86572265625,141.6015625
0.1490478515625,-0.5926513671875,0.8292236328125,-10.3759765625,300.47607421875,146.728515625
0.1180419921875,-0.66552734375,0.8836669921875,-9.09423828125,297.7294921875,152.4658203125
0.0635986328125,-0.6497802734375,0.9332275390625,-10.6201171875,292.6025390625,159.3017578125
0.02734375,-0.5799560546875,0.9884033203125,-15.31982421875,287.41455078125,168.76220703125
0.0946044921875,-0.517333984375,1.047119140625,-21.66748046875,283.203125,180.7861328125
0.2210693359375,-0.510009765625,1.102783203125,-27.83203125,278.80859375,195.068359375
0.3358154296875,-0.548828125,1.162353515625,-30.82275390625,272.5830078125,208.3740234375
0.4539794921875,-0.5948486328125,1.2254638671875,-29.296875,262.14599609375,214.78271484375
0.58544921875,-0.634765625,1.291748046875,-23.86474609375,247.13134765625,213.134765625
0.696533203125,-0.660888671875,1.3795166015625,-18.06640625,231.0791015625,206.23779296875
0.7860107421875,-0.6575927734375,1.48486328125,-12.75634765625,214.84375,199.03564453125
0.8883056640625,-0.635498046875,1.57373046875,-5.37109375,195.6787109375,185.6689453125
0.989013671875,-0.626220703125,1.6015625,4.150390625,168.15185546875,152.16064453125
1.0709228515625,-0.6502685546875,1.5374755859375,11.04736328125,117.00439453125,42.48046875
1.1473388671875,-0.7340087890625,1.4034423828125,0.18310546875,12.451171875,-17.333984375
1.2109375,-0.88427734375,1.2313232421875,-21.05712890625,-34.912109375,-78.9794921875
1.2667236328125,-1.0404052734375,1.013671875,-33.38623046875,-73.05908203125,-126.220703125
1.3572998046875,-1.1231689453125,0.71875,-52.3681640625,-107.84912109375,-144.83642578125
1.520751953125,-1.0953369140625,0.27783203125,-40.22216796875,-111.81640625,-130.7373046875
1.7327880859375,-1.035888671875,-0.2181396484375,-5.859375,-68.29833984375,-102.1728515625
1.9501953125,-1.0184326171875,-0.9368896484375,28.9306640625,-65.97900390625,-65.185546875
2.1339111328125,-0.96435546875,-2.5196533203125,57.80029296875,-59.08203125,-43.27392578125
2.2763671875,-0.740966796875,-2.97119140625,157.3486328125,-175.47607421875,-73.73046875
2.4471435546875,-0.383544921875,-2.7357177734375,4.08935546875,-189.51416015625,-97.7783203125
2.7216796875,0.0633544921875,-1.9732666015625,-43.64013671875,-151.06201171875,-66.162109375
3.04296875,0.5545654296875,0.063720703125,1.953125,-146.91162109375,-26.3671875
3.293701171875,1.15673828125,2.2452392578125,-43.39599609375,-156.3720703125,-10.25390625
3.4150390625,0.78662109375,2.1015625,-43.3349609375,-171.32568359375,-25.81787109375
3.603515625,0.1614990234375,0.6785888671875,-40.4052734375,-146.66748046875,-38.330078125
3.375,-0.232177734375,1.188232421875,-29.11376953125,-85.14404296875,-24.10888671875
2.84521484375,-0.4783935546875,2.203369140625,0.42724609375,-63.90380859375,-15.380859375
2.353515625,-1.5701904296875,1.647705078125,60.1806640625,-53.77197265625,-19.04296875
2.3045654296875,-1.693115234375,1.2996826171875,56.70166015625,-37.78076171875,-8.1787109375
0.657958984375,-0.2620849609375,0.6600341796875,46.56982421875,-24.96337890625,-3.35693359375
-0.663818359375,0.953857421875,0.683349609375,59.6923828125,-22.0947265625,-3.96728515625
-0.6334228515625,0.9072265625,1.5860595703125,61.6455078125,-17.63916015625,-2.685546875
-0.2926025390625,-0.04345703125,1.6517333984375,18.6767578125,-18.12744140625,-5.4931640625
1.720947265625,-1.9140625,0.9970703125,16.05224609375,-22.0947265625,-6.8359375
1.736328125,-2.469970703125,0.844482421875,15.7470703125,-12.39013671875,-6.89697265625
1.527587890625,-1.166259765625,0.953125,12.20703125,-2.3193359375,-3.7841796875
1.6302490234375,0.393310546875,0.908447265625,17.39501953125,1.03759765625,0.8544921875
1.107666015625,0.5946044921875,0.856201171875,19.04296875,1.3427734375,3.5400390625
0.5501708984375,-0.6666259765625,0.874755859375,14.892578125,2.197265625,2.13623046875
1.17333984375,-0.8602294921875,0.8785400390625,1.40380859375,5.4931640625,-0.6103515625
1.2362060546875,-0.0567626953125,0.8765869140625,-15.7470703125,4.82177734375,-3.35693359375
0.623779296875,-0.1036376953125,0.8262939453125,-25.69580078125,1.5869140625,-5.43212890625
0.592529296875,-0.3719482421875,0.817626953125,-21.66748046875,-2.5634765625,-6.28662109375
0.7738037109375,-0.298828125,0.8262939453125,-15.13671875,-9.33837890625,-5.92041015625
0.689208984375,-0.3243408203125,0.8258056640625,-3.173828125,-16.17431640625,-5.0048828125
0.5238037109375,-0.2806396484375,0.8262939453125,4.7607421875,-18.6767578125,-5.06591796875
0.479736328125,-0.2757568359375,0.821533203125,9.70458984375,-15.19775390625,-4.638671875
0.4658203125,-0.25732421875,0.8475341796875,12.0849609375,-10.55908203125,-5.55419921875
0.47900390625,-0.2274169921875,0.8577880859375,11.23046875,-9.1552734375,-6.4697265625
0.5008544921875,-0.240478515625,0.8380126953125,9.3994140625,-8.23974609375,-7.2021484375
0.4971923828125,-0.2943115234375,0.8433837890625,-0.244140625,-7.4462890625,-7.75146484375
0.4898681640625,-0.3623046875,0.8475341796875,-2.3193359375,-6.89697265625,-7.50732421875
0.488525390625,-0.3638916015625,0.8409423828125,-2.5634765625,-7.080078125,-6.65283203125
0.4886474609375,-0.35009765625,0.840576171875,-1.52587890625,-7.75146484375,-6.103515625
0.4869384765625,-0.3570556640625,0.8199462890625,-0.54931640625,-8.9111328125,-5.92041015625
0.4693603515625,-0.3387451171875,0.82470703125,-1.220703125,-11.71875,-4.94384765625
0.447509765625,-0.31298828125,0.8267822265625,-2.99072265625,-18.310546875,-5.37109375
0.43115234375,-0.2923583984375,0.8280029296875,-5.31005859375,-21.17919921875,-5.67626953125
0.4285888671875,-0.2822265625,0.8302001953125,-8.056640625,-25.87890625,-6.103515625
0.449951171875,-0.3131103515625,0.8328857421875,-13.12255859375,-30.3955078125,-4.5166015625
0.470458984375,-0.3157958984375,0.8380126953125,-13.73291015625,-33.99658203125,-3.11279296875
0.470947265625,-0.31103515625,0.841064453125,-15.5029296875,-38.87939453125,-2.685546875
0.4822998046875,-0.302001953125,0.85302734375,-15.625,-44.7998046875,-4.150390625
0.4854736328125,-0.291748046875,0.858154296875,-16.54052734375,-52.734375,-5.4931640625
0.4915771484375,-0.283447265625,0.865234375,-20.93505859375,-64.63623046875,-8.1787109375
0.489013671875,-0.2811279296875,0.8790283203125,-25.08544921875,-79.2236328125,-12.75634765625
0.489501953125,-0.288330078125,0.8662109375,-29.23583984375,-98.0224609375,-18.49365234375
0.4908447265625,-0.289306640625,0.8597412109375,-36.376953125,-118.1640625,-26.06201171875
0.48583984375,-0.285400390625,0.8701171875,-43.212890625,-140.869140625,-35.33935546875
0.4713134765625,-0.2823486328125,0.880859375,-51.1474609375,-164.00146484375,-44.189453125
0.4573974609375,-0.2930908203125,0.901611328125,-58.837890625,-188.720703125,-48.40087890625
0.4569091796875,-0.28759765625,0.92138671875,-68.2373046875,-225.40283203125,-75.3173828125
0.4561767578125,-0.2425537109375,0.930908203125,-73.486328125,-278.076171875,-95.52001953125
0.47021484375,-0.246337890625,0.93798828125,-72.81494140625,-288.87939453125,-99.2431640625
0.5101318359375,-0.2852783203125,0.941162109375,-70.6787109375,-324.15771484375,-96.49658203125
0.51123046875,-0.2774658203125,0.9249267578125,-51.025390625,-376.0986328125,-98.876953125
0.4915771484375,-0.2772216796875,0.9075927734375,-48.03466796875,-459.77783203125,-107.36083984375
0.478515625,-0.3199462890625,0.9627685546875,-59.14306640625,-497.13134765625,-143.00537109375
0.4654541015625,-0.359619140625,1.0155029296875,-80.01708984375,-437.19482421875,-174.74365234375
0.4542236328125,-0.3802490234375,0.9288330078125,-125.06103515625,-389.22119140625,-187.255859375
0.4437255859375,-0.4000244140625,1.0047607421875,-148.681640625,-359.55810546875,-197.08251953125
0.4337158203125,-0.413818359375,1.0399169921875,-99.365234375,-320.9228515625,-194.7021484375
0.3992919921875,-0.3695068359375,1.1431884765625,-44.86083984375,-292.17529296875,-194.4580078125
0.38525390625,-0.3380126953125,1.306640625,-24.47509765625,-296.0205078125,-137.02392578125
0.396240234375,-0.452880859375,1.206787109375,-36.56005859375,-47.4853515625,-74.03564453125
0.381103515625,-0.3582763671875,1.0380859375,-52.6123046875,105.5908203125,-43.0908203125
0.4005126953125,-0.2913818359375,1.0478515625,-62.68310546875,191.5283203125,-28.13720703125
0.452392578125,-0.36572265625,1.16650390625,-73.2421875,216.30859375,-22.15576171875
0.4295654296875,-0.51953125,1.66162109375,-51.20849609375,226.4404296875,-16.17431640625
0.4527587890625,-0.958740234375,2.0240478515625,-34.72900390625,220.3369140625,-1.40380859375
0.722412109375,-1.40185546875,2.2310791015625,-13.5498046875,210.0830078125,22.27783203125
1.0994873046875,-1.487548828125,2.5875244140625,12.02392578125,204.1015625,49.01123046875
1.559326171875,-1.3428955078125,3.24072265625,32.1044921875,202.57568359375,73.1201171875
1.9974365234375,-1.1585693359375,2.2877197265625,37.29248046875,208.6181640625,91.796875
1.9737548828125,-0.893798828125,1.2822265625,31.3720703125,214.05029296875,103.6376953125
1.8194580078125,-0.873291015625,0.7862548828125,21.728515625,223.81591796875,110.107421875
1.62109375,-1.031982421875,0.5576171875,11.8408203125,233.5205078125,112.73193359375
1.1746826171875,-1.50634765625,0.541748046875,7.568359375,244.93408203125,112.6708984375
1.02587890625,-1.32373046875,0.6337890625,6.16455078125,256.4697265625,103.57666015625
1.7403564453125,-1.1142578125,0.7293701171875,5.615234375,293.64013671875,101.07421875
2.081298828125,-0.9150390625,0.801025390625,5.7373046875,305.35888671875,101.01318359375
0.8270263671875,-0.65380859375,0.843017578125,4.45556640625,315.36865234375,103.515625
0.127197265625,-0.476318359375,0.8511962890625,-3.0517578125,322.75390625,108.45947265625
-0.2044677734375,-0.364990234375,0.858154296875,-6.53076171875,328.18603515625,116.27197265625
-0.314453125,-0.3294677734375,0.88427734375,-11.29150390625,330.99365234375,125.48828125
-0.237548828125,-0.3328857421875,0.9254150390625,-17.2119140625,330.322265625,135.986328125
-0.0745849609375,-0.336669921875,1.0855712890625,-24.71923828125,325.68359375,147.705078125
0.056396484375,-0.319580078125,1.1063232421875,-33.8134765625,318.42041015625,161.80419921875
0.1480712890625,-0.2808837890625,1.1395263671875,-41.3818359375,312.01171875,177.978515625
0.2144775390625,-0.2406005859375,1.1759033203125,-48.2177734375,306.5185546875,209.716796875
0.2794189453125,-0.2135009765625,1.220703125,-51.3916015625,293.0908203125,221.13037109375
0.3392333984375,-0.2374267578125,1.2723388671875,-46.630859375,279.60205078125,225.4638671875
0.423583984375,-0.299560546875,1.32568359375,-28.13720703125,261.04736328125,223.7548828125
0.5369873046875,-0.336181640625,1.3914794921875,27.4658203125,236.38916015625,216.00341796875
0.762451171875,-0.37939453125,1.4913330078125,39.9169921875,206.60400390625,146.240234375
0.955810546875,-0.424072265625,1.6087646484375,40.34423828125,80.74951171875,92.71240234375
1.044189453125,-0.4710693359375,1.679443359375,27.28271484375,21.728515625,30.8837890625
1.1279296875,-0.53369140625,1.435546875,-2.13623046875,-24.84130859375,-43.0908203125
1.2073974609375,-0.6319580078125,1.1484375,-48.40087890625,-64.14794921875,-114.07470703125
1.2772216796875,-0.809326171875,0.771484375,-66.89453125,-101.50146484375,-157.89794921875
1.3363037109375,-1.0625,0.2449951171875,-68.7255859375,-122.0703125,-175.35400390625
1.4224853515625,-1.3175048828125,-0.3382568359375,-31.18896484375,-34.97314453125,-130.31005859375
1.598876953125,-1.3212890625,-1.77587890625,30.1513671875,55.23681640625,-98.9990234375
1.8909912109375,-1.0682373046875,-2.532470703125,74.3408203125,-45.7763671875,-144.34814453125
2.2547607421875,-0.801025390625,-3.114013671875,164.85595703125,-123.35205078125,-131.04248046875
2.8359375,-0.48974609375,-3.024169921875,149.658203125,-206.9091796875,-13.36669921875
3.0318603515625,-0.04736328125,-2.3260498046875,-157.40966796875,-208.55712890625,-18.310546875
3.26416015625,1.1280517578125,-1.0753173828125,43.5791015625,-237.4267578125,-85.99853515625
3.48486328125,1.414306640625,1.2412109375,36.4990234375,-220.15380859375,-86.5478515625
3.5948486328125,1.0799560546875,2.4571533203125,-29.35791015625,-205.38330078125,-60.48583984375
3.7900390625,0.4088134765625,0.7274169921875,-35.33935546875,-193.66455078125,-22.216796875
3.8544921875,-0.068115234375,-1.6719970703125,-32.28759765625,-209.228515625,-24.90234375
3.4764404296875,-0.17822265625,0.1434326171875,-30.8837890625,-196.4111328125,-38.63525390625
2.853271484375,-0.412109375,3.0545654296875,-10.80322265625,-106.93359375,-18.85986328125
2.569091796875,-1.6583251953125,2.3038330078125,18.12744140625,-67.138671875,-7.38525390625
2.0673828125,-1.49658203125,1.471923828125,84.04541015625,-57.0068359375,-13.427734375
0.741455078125,0.1551513671875,1.64697265625,83.8623046875,-26.18408203125,-1.77001953125
-1.43505859375,0.5526123046875,1.36572265625,27.28271484375,-20.08056640625,0.1220703125
-1.97607421875,0.2880859375,0.728515625,32.65380859375,-14.892578125,-0.54931640625
-0.6541748046875,0.614501953125,1.2823486328125,37.353515625,-15.2587890625,1.708984375
1.197998046875,0.957763671875,1.8389892578125,3.23486328125,-19.04296875,0.79345703125
2.3614501953125,-0.38232421875,1.1453857421875,2.9296875,-17.9443359375,-0.8544921875
1.7923583984375,-2.187255859375,0.80859375,3.23486328125,-17.578125,-0.30517578125
1.2252197265625,-2.0955810546875,0.9552001953125,-3.2958984375,-27.099609375,0.30517578125
1.560791015625,-0.35302734375,0.8892822265625,1.46484375,-25.390625,-0.91552734375
1.8714599609375,0.841796875,0.84130859375,7.26318359375,-13.916015625,-2.50244140625
1.1241455078125,-0.0689697265625,0.89013671875,9.1552734375,-7.75146484375,-2.0751953125
1.15966796875,-0.9527587890625,0.8653564453125,8.7890625,-4.150390625,-2.197265625
1.48583984375,-0.213623046875,0.8367919921875,2.44140625,-1.708984375,-3.60107421875
0.80322265625,-0.043701171875,0.8665771484375,-7.26318359375,-0.6103515625,-4.94384765625
0.5975341796875,-0.3873291015625,0.893798828125,-19.22607421875,-2.3193359375,-6.16455078125
0.7403564453125,-0.2598876953125,0.848876953125,-21.05712890625,-4.08935546875,-6.103515625
0.631591796875,-0.2833251953125,0.801513671875,-15.7470703125,-7.14111328125,-6.40869140625
0.534912109375,-0.3731689453125,0.794189453125,-8.48388671875,-10.68115234375,-7.4462890625
0.480224609375,-0.3101806640625,0.78955078125,-1.220703125,-13.97705078125,-9.033203125
0.5146484375,-0.2254638671875,0.802978515625,0.9765625,-15.44189453125,-10.07080078125
0.5,-0.243896484375,0.8232421875,2.25830078125,-13.85498046875,-10.25390625
0.4937744140625,-0.3336181640625,0.835693359375,3.11279296875,-12.5732421875,-9.521484375
0.51220703125,-0.3558349609375,0.835693359375,3.60107421875,-11.3525390625,-8.544921875
0.519287109375,-0.345947265625,0.8309326171875,4.5166015625,-10.986328125,-7.62939453125
0.5023193359375,-0.3636474609375,0.8231201171875,4.08935546875,-11.1083984375,-6.40869140625
0.4974365234375,-0.36083984375,0.814453125,1.3427734375,-11.8408203125,-5.615234375
0.51611328125,-0.3460693359375,0.8046875,-1.708984375,-12.63427734375,-5.615234375
0.522216796875,-0.3406982421875,0.80224609375,-5.0048828125,-13.3056640625,-4.33349609375
0.5177001953125,-0.3377685546875,0.802978515625,-8.6669921875,-30.70068359375,-3.41796875
0.50634765625,-0.348388671875,0.8070068359375,-10.7421875,-21.66748046875,-1.953125
0.4996337890625,-0.360595703125,0.816162109375,-10.68115234375,-25.5126953125,0.42724609375
0.48486328125,-0.357666015625,0.8189697265625,-9.82666015625,-31.25,3.47900390625
0.47412109375,-0.343017578125,0.81591796875,-10.68115234375,-38.9404296875,4.2724609375
0.47509765625,-0.31591796875,0.8134765625,-13.24462890625,-43.701171875,4.5166015625
0.4830322265625,-0.2957763671875,0.8157958984375,-17.27294921875,-50.47607421875,3.96728515625
0.499755859375,-0.295166015625,0.8204345703125,-23.49853515625,-58.349609375,2.38037109375
0.5142822265625,-0.290771484375,0.822021484375,-26.611328125,-68.90869140625,0.244140625
0.5185546875,-0.2926025390625,0.82666015625,-30.2734375,-80.810546875,-2.3193359375
0.51025390625,-0.305419921875,0.833740234375,-33.26416015625,-94.1162109375,-6.34765625
0.5093994140625,-0.302490234375,0.8277587890625,-36.9873046875,-108.642578125,-11.1083984375
0.51171875,-0.2918701171875,0.8214111328125,-41.748046875,-125.9765625,-19.34814453125
0.509033203125,-0.291015625,0.830810546875,-47.4853515625,-145.263671875,-28.13720703125
0.5140380859375,-0.2781982421875,0.84521484375,-50.537109375,-166.015625,-54.19921875
0.5211181640625,-0.2618408203125,0.8450927734375,-57.80029296875,-227.6611328125,-73.54736328125
0.523193359375,-0.26708984375,0.8436279296875,-62.43896484375,-254.7607421875,-89.41650390625
0.5264892578125,-0.2916259765625,0.8502197265625,-62.255859375,-280.33447265625,-89.111328125
0.51904296875,-0.3065185546875,0.8475341796875,-51.6357421875,-310.24169921875,-72.1435546875
0.520751953125,-0.3253173828125,0.841796875,-59.38720703125,-392.39501953125,-61.767578125
0.52197265625,-0.34228515625,0.8607177734375,-61.03515625,-487.48779296875,-83.80126953125
0.505615234375,-0.3382568359375,0.8687744140625,-73.73046875,-503.72314453125,-134.521484375
0.4852294921875,-0.363037109375,0.9534912109375,-122.25341796875,-414.00146484375,-164.0625
0.487548828125,-0.3720703125,0.960693359375,-191.83349609375,-369.5068359375,-179.38232421875
0.4835205078125,-0.380615234375,0.923095703125,-187.56103515625,-338.31787109375,-193.90869140625
0.47021484375,-0.444580078125,1.01123046875,-102.5390625,-297.36328125,-188.1103515625
0.4666748046875,-0.4742431640625,1.2293701171875,-59.63134765625,-278.3203125,-174.25537109375
0.458251953125,-0.3662109375,1.2666015625,-40.95458984375,-165.46630859375,-136.71875
0.445556640625,-0.413330078125,1.0081787109375,-32.28759765625,-29.6630859375,-94.78759765625
0.4486083984375,-0.4078369140625,0.8736572265625,-30.3955078125,125.30517578125,-85.5712890625
0.5560302734375,-0.2691650390625,1.0672607421875,-48.583984375,201.0498046875,-84.16748046875
0.4576416015625,-0.1435546875,1.23486328125,-102.11181640625,226.98974609375,-85.75439453125
0.4058837890625,-0.479248046875,1.6812744140625,-78.06396484375,245.66650390625,-80.4443359375
0.4752197265625,-1.259765625,2.5142822265625,-66.7724609375,252.25830078125,-57.7392578125
0.6312255859375,-1.43896484375,2.6363525390625,-45.83740234375,260.498046875,62.3779296875
1.0810546875,-1.295166015625,3.0771484375,-5.615234375,271.728515625,93.6279296875
1.805419921875,-1.5386962890625,3.1705322265625,26.3671875,273.5595703125,115.966796875
2.166259765625,-1.546142578125,2.133544921875,36.80419921875,274.7802734375,129.08935546875
1.9376220703125,-0.865234375,1.3040771484375,14.95361328125,276.2451171875,137.20703125
1.8287353515625,-0.5589599609375,0.9322509765625,7.99560546875,285.21728515625,135.7421875
1.626953125,-0.78857421875,0.803466796875,5.126953125,291.32080078125,130.55419921875
1.2685546875,-1.268310546875,0.802734375,3.90625,299.49951171875,122.61962890625
1.67138671875,-1.1112060546875,0.719482421875,-1.46484375,308.2275390625,105.28564453125
2.2513427734375,-1.0986328125,0.670166015625,-5.37109375,326.2939453125,107.0556640625
1.725341796875,-1.0484619140625,0.6634521484375,-7.568359375,326.23291015625,116.39404296875
0.62744140625,-0.8404541015625,0.6817626953125,-7.38525390625,313.4765625,123.779296875
0.0980224609375,-0.6829833984375,0.80517578125,-13.916015625,302.8564453125,132.9345703125
-0.0390625,-0.52294921875,0.889892578125,-21.05712890625,291.3818359375,144.1650390625
0.017578125,-0.499755859375,0.9876708984375,-30.21240234375,280.45654296875,155.6396484375
0.151123046875,-0.448974609375,1.0595703125,-32.958984375,268.37158203125,165.83251953125
0.214599609375,-0.3734130859375,1.1644287109375,-33.50830078125,256.28662109375,174.86572265625
0.2198486328125,-0.2659912109375,1.208984375,-33.75244140625,248.22998046875,182.4951171875
0.24853515625,-0.254638671875,1.3629150390625,-33.69140625,244.2626953125,187.5
0.3126220703125,-0.3087158203125,1.4482421875,-31.06689453125,242.37060546875,194.4580078125
0.4195556640625,-0.379150390625,1.5362548828125,-28.50341796875,236.328125,195.068359375
0.6817626953125,-0.448486328125,1.594970703125,-27.77099609375,201.2939453125,177.3681640625
0.836669921875,-0.498779296875,1.610595703125,-24.7802734375,145.08056640625,136.65771484375
0.9710693359375,-0.6929931640625,1.5771484375,-35.5224609375,89.41650390625,73.974609375
1.17236328125,-0.8135986328125,1.47802734375,-50.59814453125,24.47509765625,7.26318359375
1.20556640625,-0.95068359375,1.2987060546875,-46.38671875,-20.5078125,-52.1240234375
1.3038330078125,-1.0533447265625,0.9942626953125,-40.22216796875,-66.58935546875,-99.06005859375
1.39306640625,-1.084228515625,0.54931640625,-30.517578125,-112.1826171875,-121.76513671875
1.5570068359375,-1.056884765625,0.015869140625,-18.12744140625,-140.13671875,-121.58203125
1.765869140625,-1.015625,-0.705322265625,4.69970703125,-126.77001953125,-87.58544921875
2.0010986328125,-0.935791015625,-1.58251953125,37.04833984375,-16.78466796875,-89.41650390625
2.306884765625,-0.7132568359375,-2.48828125,60.05859375,-51.33056640625,-126.89208984375
2.6463623046875,-0.352294921875,-3.036865234375,73.2421875,-183.2275390625,-61.5234375
2.927490234375,0.102294921875,-2.8089599609375,-3.84521484375,-198.2421875,-16.54052734375
3.1531982421875,0.567626953125,-2.070556640625,-71.22802734375,-213.0126953125,-62.98828125
3.259033203125,0.9312744140625,-1.14892578125,96.5576171875,-228.515625,-96.37451171875
3.1878662109375,1.2156982421875,0.7655029296875,-5.06591796875,-218.8720703125,-68.2373046875
3.2705078125,1.20703125,1.8734130859375,-9.82666015625,-196.1669921875,-31.982421875
3.534423828125,0.712646484375,-0.0008544921875,-34.85107421875,-189.0869140625,-23.98681640625
3.5533447265625,0.1341552734375,-1.0716552734375,-26.06201171875,-178.16162109375,-39.36767578125
3.1356201171875,-0.1683349609375,0.8929443359375,-22.27783203125,-116.8212890625,-21.97265625
2.555419921875,0.03955078125,2.7772216796875,-2.99072265625,-69.9462890625,-9.70458984375
2.36083984375,-2.1925048828125,1.883056640625,63.65966796875,-61.1572265625,-12.02392578125
2.5953369140625,-0.5435791015625,1.5404052734375,71.47216796875,-38.63525390625,-6.04248046875
0.8350830078125,0.870361328125,1.5263671875,43.02978515625,-21.6064453125,-0.48828125
-0.93798828125,0.7769775390625,1.1632080078125,42.6025390625,-20.56884765625,-1.64794921875
-1.0615234375,0.4200439453125,1.1982421875,52.8564453125,-13.97705078125,-0.3662109375
0.15087890625,0.656982421875,1.7216796875,5.615234375,-15.9912109375,-0.8544921875
1.484130859375,0.05419921875,1.3201904296875,0.67138671875,-15.68603515625,-2.50244140625
2.0889892578125,-1.5567626953125,0.8101806640625,5.4931640625,-16.90673828125,-5.55419921875
1.460205078125,-1.92578125,0.9306640625,2.5634765625,-28.13720703125,-6.53076171875
1.42724609375,-0.41748046875,0.913330078125,11.53564453125,-16.4794921875,-4.39453125
2.0654296875,0.61376953125,0.8470458984375,16.05224609375,-6.591796875,0.244140625
1.693603515625,-0.111083984375,0.8829345703125,21.1181640625,-5.92041015625,4.2724609375
1.1849365234375,-0.881103515625,0.8896484375,23.25439453125,-5.0048828125,5.615234375
1.29052734375,-0.310302734375,0.8616943359375,14.892578125,-3.11279296875,3.7841796875
0.7625732421875,-0.05126953125,0.8826904296875,-5.67626953125,-1.46484375,0.42724609375
0.5540771484375,-0.3966064453125,0.8770751953125,-24.169921875,-0.732421875,-2.5634765625
0.744384765625,-0.3031005859375,0.8153076171875,-32.77587890625,-1.46484375,-4.0283203125
0.6707763671875,-0.278076171875,0.815185546875,-30.029296875,-3.5400390625,-4.08935546875
0.5850830078125,-0.3548583984375,0.8289794921875,-21.91162109375,-8.7890625,-3.5400390625
0.5380859375,-0.328857421875,0.8204345703125,-11.71875,-14.0380859375,-2.86865234375
0.5057373046875,-0.3009033203125,0.8203125,-2.685546875,-15.869140625,-2.44140625
0.501953125,-0.2529296875,0.8255615234375,0.732421875,-14.58740234375,-3.0517578125
0.4700927734375,-0.1982421875,0.82666015625,1.77001953125,-12.3291015625,-3.96728515625
0.47998046875,-0.2098388671875,0.8310546875,1.46484375,-10.07080078125,-4.82177734375
0.50927734375,-0.2701416015625,0.8363037109375,0.54931640625,-9.033203125,-4.69970703125
0.499267578125,-0.3275146484375,0.842041015625,-2.13623046875,-7.4462890625,-3.96728515625
0.4910888671875,-0.3680419921875,0.8388671875,-2.62451171875,-5.126953125,-3.7841796875
0.4947509765625,-0.3916015625,0.8275146484375,-3.5400390625,-4.0283203125,-3.5400390625
0.5010986328125,-0.38623046875,0.809326171875,-1.40380859375,-4.45556640625,-3.173828125
0.49609375,-0.3543701171875,0.804931640625,-0.91552734375,-6.16455078125,-3.662109375
0.4923095703125,-0.3248291015625,0.8087158203125,-1.953125,-12.3291015625,-3.5400390625
0.498779296875,-0.31103515625,0.8087158203125,-3.90625,-16.78466796875,-2.685546875
0.485107421875,-0.3099365234375,0.803955078125,-5.2490234375,-22.27783203125,-1.15966796875
0.4715576171875,-0.3134765625,0.80322265625,-5.31005859375,-28.01513671875,-14.892578125
0.4793701171875,-0.3236083984375,0.8084716796875,-5.79833984375,-36.92626953125,-1.89208984375
0.5030517578125,-0.33447265625,0.8125,-8.30078125,-51.6357421875,-4.08935546875
0.4970703125,-0.3309326171875,0.820068359375,-12.0849609375,-61.09619140625,-5.37109375
0.481689453125,-0.2972412109375,0.8382568359375,-18.73779296875,-73.42529296875,-6.9580078125
0.4857177734375,-0.30810546875,0.8447265625,-27.9541015625,-88.19580078125,-10.92529296875
0.489501953125,-0.3179931640625,0.8511962890625,-31.494140625,-106.689453125,-15.7470703125
0.5269775390625,-0.3128662109375,0.8670654296875,-37.9638671875,-126.89208984375,-26.67236328125
0.5087890625,-0.3099365234375,0.873046875,-45.71533203125,-146.78955078125,-36.4990234375
0.494873046875,-0.312255859375,0.87939453125,-52.91748046875,-174.4384765625,-41.9921875
0.49853515625,-0.2974853515625,0.890380859375,-66.58935546875,-202.63671875,-49.8046875
0.4901123046875,-0.28466796875,0.8966064453125,-71.10595703125,-232.5439453125,-65.673828125
0.4849853515625,-0.2589111328125,0.9150390625,-77.880859375,-262.0849609375,-86.3037109375
0.475341796875,-0.2724609375,0.923095703125,-75.927734375,-283.14208984375,-102.5390625
0.4815673828125,-0.326904296875,0.9083251953125,-68.115234375,-301.025390625,-99.365234375
0.4776611328125,-0.323486328125,0.901123046875,-60.546875,-353.08837890625,-92.8955078125
0.4647216796875,-0.29541015625,0.927734375,-63.90380859375,-427.55126953125,-106.26220703125
0.454833984375,-0.32568359375,0.962158203125,-61.21826171875,-488.28125,-136.53564453125
0.4659423828125,-0.333740234375,0.965576171875,-84.716796875,-455.2001953125,-180.23681640625
0.47265625,-0.4107666015625,0.963623046875,-132.6904296875,-386.8408203125,-194.4580078125
0.45751953125,-0.460205078125,0.9864501953125,-165.52734375,-351.25732421875,-198.486328125
0.42578125,-0.3919677734375,1.0711669921875,-128.47900390625,-317.44384765625,-195.37353515625
0.3988037109375,-0.4114990234375,1.16162109375,-60.85205078125,-279.4189453125,-191.83349609375
0.3897705078125,-0.4580078125,1.2708740234375,-27.52685546875,-198.1201171875,-151.9775390625
0.3837890625,-0.443603515625,1.2967529296875,-39.9169921875,-55.72509765625,-93.26171875
0.39306640625,-0.4228515625,1.1107177734375,-51.57470703125,89.9658203125,-66.10107421875
0.43212890625,-0.3326416015625,0.9390869140625,-20.8740234375,180.60302734375,-51.26953125
0.4700927734375,-0.255126953125,0.9765625,-53.77197265625,203.61328125,-45.41015625
0.4090576171875,-0.494384765625,1.5924072265625,-33.447265625,213.92822265625,-33.69140625
0.3455810546875,-0.9642333984375,2.111572265625,-24.47509765625,205.87158203125,-13.00048828125
0.5147705078125,-1.4610595703125,2.4884033203125,-11.8408203125,199.3408203125,10.498046875
0.930908203125,-1.5758056640625,2.7706298828125,44.12841796875,195.1904296875,32.958984375
1.4681396484375,-1.3106689453125,3.0416259765625,58.2275390625,198.486328125,52.6123046875
2.06005859375,-1.1920166015625,2.3463134765625,60.4248046875,206.97021484375,66.89453125
2.1163330078125,-1.05712890625,1.3155517578125,53.52783203125,217.71240234375,76.171875
1.82958984375,-0.9473876953125,0.6209716796875,43.8232421875,228.94287109375,82.09228515625
1.6708984375,-1.046142578125,0.5675048828125,35.58349609375,239.56298828125,85.87646484375
1.347900390625,-1.3055419921875,0.6038818359375,30.76171875,249.57275390625,88.37890625
1.408447265625,-1.0792236328125,0.6783447265625,27.89306640625,259.1552734375,93.26171875
2.0928955078125,-0.9439697265625,0.7435302734375,25.390625,282.16552734375,96.25244140625
1.956787109375,-0.722900390625,0.781005859375,22.52197265625,292.90771484375,99.9755859375
0.7841796875,-0.55322265625,0.7890625,19.34814453125,299.98779296875,105.77392578125
0.0318603515625,-0.4317626953125,0.773681640625,15.19775390625,302.18505859375,112.97607421875
-0.325439453125,-0.3795166015625,0.774658203125,12.75634765625,303.16162109375,122.314453125
-0.279541015625,-0.3797607421875,0.79736328125,9.27734375,302.79541015625,132.8125
-0.1627197265625,-0.4075927734375,0.8438720703125,3.0517578125,301.025390625,142.63916015625
-0.0372314453125,-0.4337158203125,0.9510498046875,-4.33349609375,297.4853515625,151.7333984375
0.085693359375,-0.4219970703125,0.966064453125,-13.36669921875,291.80908203125,161.80419921875
0.1895751953125,-0.399169921875,0.96826171875,-23.74267578125,285.7666015625,171.38671875
0.257568359375,-0.394775390625,0.9892578125,-31.67724609375,279.78515625,181.21337890625
0.3035888671875,-0.42041015625,1.036865234375,-36.7431640625,272.8271484375,190.3076171875
0.3709716796875,-0.51611328125,1.103515625,-40.4052734375,263.5498046875,197.20458984375
0.470458984375,-0.5474853515625,1.179931640625,-37.29248046875,254.5166015625,204.52880859375
0.5889892578125,-0.5584716796875,1.2696533203125,-28.50341796875,247.13134765625,210.99853515625
0.8306884765625,-0.5716552734375,1.3795166015625,-18.61572265625,232.23876953125,215.14892578125
0.88671875,-0.599365234375,1.511962890625,-9.33837890625,218.68896484375,213.80615234375
0.9208984375,-0.62060546875,1.636474609375,-6.28662109375,198.974609375,193.4814453125
0.97314453125,-0.6502685546875,1.687744140625,-10.498046875,159.97314453125,144.34814453125
1.052978515625,-0.70458984375,1.63818359375,-19.04296875,128.90625,72.021484375
1.140380859375,-0.7646484375,1.490966796875,-26.67236328125,70.98388671875,-2.38037109375
1.2269287109375,-0.87158203125,1.307373046875,-17.51708984375,11.8408203125,-70.25146484375
1.311767578125,-1.0347900390625,1.083251953125,-14.83154296875,-45.59326171875,-134.3994140625
1.4163818359375,-1.1434326171875,0.7396240234375,-26.18408203125,-96.3134765625,-171.08154296875
1.5723876953125,-1.1390380859375,0.3330078125,-45.8984375,-120.4833984375,-168.64013671875
1.7911376953125,-1.02880859375,-0.3583984375,-46.9970703125,-74.21875,-94.90966796875
2.0185546875,-0.8597412109375,-1.39111328125,-7.32421875,-51.8798828125,-93.017578125
2.204345703125,-0.6922607421875,-2.5272216796875,38.02490234375,-160.82763671875,-36.865234375
2.3785400390625,-0.4884033203125,-3.3359375,146.17919921875,-205.50537109375,-0.9765625
2.5748291015625,-0.156982421875,-3.27294921875,-77.1484375,-170.0439453125,-48.03466796875
2.860107421875,0.30517578125,-2.459716796875,63.53759765625,-201.171875,-41.8701171875
3.2010498046875,0.8779296875,-0.3314208984375,19.10400390625,-158.447265625,-13.24462890625
3.4267578125,1.493896484375,2.1331787109375,0.244140625,-182.80029296875,-25.390625
3.7203369140625,1.614990234375,0.846435546875,-19.287109375,-155.09033203125,-11.16943359375
3.9742431640625,0.921142578125,-0.3880615234375,-17.4560546875,-55.11474609375,-15.44189453125
3.8580322265625,0.0679931640625,0.504638671875,0.1220703125,-33.14208984375,-9.09423828125
3.276123046875,-0.2213134765625,2.478759765625,76.904296875,-27.03857421875,-3.96728515625
2.4879150390625,-1.2713623046875,2.3291015625,54.5654296875,-26.4892578125,-3.90625
2.1895751953125,-1.454345703125,0.7882080078125,38.63525390625,-17.02880859375,0.0
0.5537109375,-0.0059814453125,0.6549072265625,13.7939453125,-17.333984375,0.79345703125
-0.2340087890625,0.550537109375,1.591064453125,10.3759765625,-13.36669921875,-0.244140625
-0.340087890625,0.625244140625,0.8402099609375,10.7421875,-17.02880859375,-4.45556640625
0.3524169921875,1.1671142578125,0.9580078125,2.38037109375,-17.08984375,-5.43212890625
1.34423828125,-2.4427490234375,0.9232177734375,4.45556640625,-3.60107421875,-3.23486328125
2.1591796875,-1.6094970703125,0.8592529296875,3.5400390625,-0.6103515625,0.91552734375
1.8292236328125,0.2734375,0.864013671875,12.87841796875,0.8544921875,4.45556640625
1.3626708984375,-0.879150390625,0.8582763671875,14.83154296875,0.91552734375,3.662109375
0.6754150390625,-0.11669921875,0.8370361328125,4.2724609375,3.35693359375,-0.244140625
1.1614990234375,-0.13671875,0.871826171875,-12.14599609375,4.7607421875,-3.84521484375
0.525146484375,-0.4112548828125,0.8514404296875,-26.85546875,2.3193359375,-5.06591796875
0.670654296875,-0.27783203125,0.8197021484375,-28.6865234375,-2.685546875,-5.615234375
0.629638671875,-0.2698974609375,0.828125,-20.69091796875,-9.521484375,-6.04248046875
0.5614013671875,-0.3521728515625,0.83251953125,-9.82666015625,-15.07568359375,-7.568359375
0.5401611328125,-0.35107421875,0.835205078125,-2.3193359375,-14.5263671875,-7.6904296875
0.5335693359375,-0.3369140625,0.8277587890625,5.2490234375,-12.5732421875,-7.62939453125
0.5074462890625,-0.2662353515625,0.8363037109375,10.1318359375,-9.8876953125,-7.99560546875
0.4886474609375,-0.23193359375,0.8466796875,12.939453125,-6.8359375,-8.4228515625
0.5203857421875,-0.2139892578125,0.853271484375,7.6904296875,-4.57763671875,-8.72802734375
0.5198974609375,-0.25,0.85546875,2.50244140625,-4.94384765625,-8.544921875
0.4981689453125,-0.3497314453125,0.84814453125,0.30517578125,-6.34765625,-8.97216796875
0.4930419921875,-0.3902587890625,0.8209228515625,-0.18310546875,-5.37109375,-9.521484375
0.4844970703125,-0.36865234375,0.8121337890625,-0.732421875,-4.150390625,-8.6669921875
0.479736328125,-0.3466796875,0.8121337890625,-1.3427734375,-3.90625,-7.32421875
0.4617919921875,-0.33056640625,0.816650390625,0.42724609375,-4.94384765625,-6.53076171875
0.4620361328125,-0.3175048828125,0.82177734375,1.3427734375,-6.591796875,-6.4697265625
0.4735107421875,-0.3204345703125,0.826171875,-1.0986328125,-8.4228515625,-6.34765625
0.4678955078125,-0.3162841796875,0.827392578125,-4.33349609375,-13.61083984375,-5.79833984375
0.474609375,-0.3135986328125,0.830078125,-6.591796875,-19.83642578125,-8.4228515625
0.4736328125,-0.3150634765625,0.8310546875,-6.28662109375,-38.2080078125,-9.3994140625
0.4791259765625,-0.316162109375,0.830810546875,-7.8125,-45.8984375,-9.94873046875
0.493408203125,-0.30224609375,0.831298828125,-11.5966796875,-55.908203125,-10.986328125
0.495849609375,-0.2877197265625,0.8291015625,-18.798828125,-68.9697265625,-13.12255859375
0.494384765625,-0.290283203125,0.8326416015625,-22.39990234375,-85.205078125,-15.869140625
0.491943359375,-0.2838134765625,0.8485107421875,-29.296875,-107.23876953125,-23.13232421875
0.4954833984375,-0.2706298828125,0.8514404296875,-39.6728515625,-156.55517578125,-29.96826171875
0.5013427734375,-0.2750244140625,0.8861083984375,-47.607421875,-185.546875,-37.353515625
0.4964599609375,-0.294677734375,0.90087890625,-55.908203125,-216.12548828125,-71.2890625
0.492919921875,-0.2989501953125,0.9073486328125,-75.3173828125,-280.70068359375,-80.01708984375
0.4901123046875,-0.2869873046875,0.9228515625,-80.2001953125,-348.81591796875,-82.58056640625
0.4947509765625,-0.2987060546875,0.947265625,-77.45361328125,-414.85595703125,-95.8251953125
0.49853515625,-0.286376953125,0.96240234375,-59.2041015625,-479.30908203125,-127.86865234375
0.4649658203125,-0.294189453125,0.9522705078125,-71.10595703125,-459.89990234375,-166.56494140625
0.46044921875,-0.274169921875,0.9599609375,-105.8349609375,-414.85595703125,-181.2744140625
0.456298828125,-0.2679443359375,0.950927734375,-140.19775390625,-394.47021484375,-195.80078125
0.4510498046875,-0.296142578125,1.0140380859375,-114.501953125,-353.69873046875,-193.9697265625
0.447021484375,-0.2977294921875,1.0809326171875,-59.50927734375,-311.46240234375,-182.373046875
0.4451904296875,-0.3228759765625,1.310302734375,-39.48974609375,-312.8662109375,-161.7431640625
0.4344482421875,-0.3597412109375,1.427490234375,-35.46142578125,-203.43017578125,-122.00927734375
0.42919921875,-0.3875732421875,1.3067626953125,-52.24609375,-52.3681640625,-79.52880859375
0.3731689453125,-0.331787109375,1.255126953125,-79.58984375,97.59521484375,-67.07763671875
0.362060546875,-0.3184814453125,1.3507080078125,-90.51513671875,192.5048828125,-72.32666015625
0.3489990234375,-0.549560546875,1.770751953125,-123.71826171875,214.29443359375,-82.8857421875
0.4598388671875,-0.9444580078125,2.2320556640625,-69.15283203125,220.0927734375,-77.94189453125
0.555419921875,-1.3751220703125,2.4305419921875,-44.0673828125,218.56689453125,-54.38232421875
0.962890625,-1.43603515625,2.527099609375,-9.8876953125,216.97998046875,-19.1650390625
1.4912109375,-1.442138671875,2.9603271484375,25.45166015625,221.6796875,18.4326171875
1.985107421875,-1.48828125,3.2091064453125,43.76220703125,227.783203125,75.927734375
1.9835205078125,-1.06787109375,2.278564453125,47.2412109375,236.14501953125,93.32275390625
1.8433837890625,-0.6392822265625,1.26806640625,43.64013671875,239.80712890625,110.83984375
1.7540283203125,-0.61474609375,0.8543701171875,43.27392578125,248.96240234375,114.013671875
1.4356689453125,-1.094970703125,0.7174072265625,46.5087890625,257.4462890625,114.68505859375
1.1549072265625,-1.5618896484375,0.7423095703125,44.921875,268.310546875,112.4267578125
1.5040283203125,-1.3800048828125,0.80126953125,35.0341796875,281.43310546875,108.2763671875
2.3841552734375,-1.0960693359375,0.8201904296875,29.96826171875,294.5556640625,101.62353515625
2.021240234375,-0.8248291015625,0.697998046875,27.03857421875,309.63134765625,104.79736328125
0.6878662109375,-0.5654296875,0.6534423828125,26.85546875,312.6220703125,109.80224609375
-0.1142578125,-0.5135498046875,0.7042236328125,26.55029296875,309.75341796875,116.455078125
-0.3170166015625,-0.5682373046875,0.7911376953125,17.27294921875,303.5888671875,123.47412109375
-0.18701171875,-0.6322021484375,0.876220703125,0.244140625,294.61669921875,131.65283203125
-0.01806640625,-0.55224609375,0.9368896484375,-8.9111328125,283.3251953125,143.12744140625
0.106201171875,-0.4520263671875,0.9609375,-19.53125,272.4609375,158.50830078125
0.151123046875,-0.350830078125,0.9764404296875,-30.029296875,264.58740234375,178.5888671875
0.108642578125,-0.364501953125,1.0557861328125,-37.109375,261.29150390625,200.0732421875
0.1593017578125,-0.414794921875,1.10888671875,-39.55078125,264.46533203125,218.32275390625
0.3377685546875,-0.467041015625,1.1778564453125,-36.68212890625,272.03369140625,233.154296875
0.489990234375,-0.48876953125,1.281982421875,-32.77587890625,276.0009765625,191.22314453125
0.6492919921875,-0.4913330078125,1.412841796875,-27.03857421875,103.759765625,107.2998046875
0.7779541015625,-0.5794677734375,1.54296875,-20.93505859375,52.1240234375,21.91162109375
0.8502197265625,-0.6217041015625,1.6524658203125,-16.41845703125,9.6435546875,-47.05810546875
0.9447021484375,-0.6627197265625,1.7225341796875,-1.708984375,-49.31640625,-107.84912109375
1.062744140625,-0.7552490234375,1.7052001953125,10.55908203125,-102.5390625,-149.47509765625
1.10888671875,-0.914794921875,1.5303955078125,-0.732421875,-131.9580078125,-166.07666015625
1.1591796875,-1.098876953125,1.12841796875,-11.962890625,-153.99169921875,-164.36767578125
1.268798828125,-1.248291015625,-0.8079833984375,5.37109375,-121.27685546875,-113.4033203125
1.466064453125,-1.3173828125,-2.4931640625,29.60205078125,31.25,-67.0166015625
1.7518310546875,-1.3262939453125,-3.1700439453125,47.42431640625,10.986328125,-50.84228515625
2.1204833984375,-1.2545166015625,-3.1395263671875,33.935546875,-48.40087890625,-90.27099609375
2.5548095703125,-0.9935302734375,-2.6263427734375,137.0849609375,-182.0068359375,-14.83154296875
2.9927978515625,0.2318115234375,-1.71923828125,-95.703125,-152.2216796875,44.61669921875
3.3345947265625,1.37890625,-0.65087890625,-205.50537109375,-198.91357421875,-45.34912109375
3.492919921875,1.814208984375,1.33251953125,-3.662109375,-199.462890625,-35.70556640625
3.5057373046875,1.396728515625,3.413818359375,-57.67822265625,-182.31201171875,-18.49365234375
3.8955078125,0.54150390625,2.1029052734375,-10.25390625,-172.66845703125,-13.18359375
3.5787353515625,-0.0318603515625,-0.851806640625,39.36767578125,-158.38623046875,-18.06640625
2.9215087890625,-0.19775390625,-2.0999755859375,38.9404296875,-119.384765625,-14.58740234375
2.5572509765625,0.101318359375,0.5701904296875,42.17529296875,-81.48193359375,-5.4931640625
2.6885986328125,-1.4439697265625,2.8236083984375,66.71142578125,-62.1337890625,-1.5869140625
2.794189453125,-2.2633056640625,1.6912841796875,68.17626953125,-40.95458984375,0.1220703125
0.304931640625,-0.9365234375,1.5440673828125,42.90771484375,-29.296875,5.4931640625
-1.388427734375,-0.30419921875,1.203125,24.5361328125,-24.4140625,5.615234375
-1.22900390625,-0.5963134765625,1.1871337890625,31.1279296875,-20.69091796875,5.0048828125
-1.3660888671875,-0.9193115234375,1.4432373046875,7.87353515625,-22.8271484375,4.21142578125
0.130126953125,0.306640625,1.28173828125,-7.32421875,-24.84130859375,3.60107421875
2.0908203125,-0.4132080078125,0.9525146484375,-3.84521484375,-33.69140625,3.72314453125
2.3446044921875,-0.802978515625,0.8671875,-0.42724609375,-38.6962890625,3.90625
1.5843505859375,-0.3984375,0.892578125,3.5400390625,-23.01025390625,2.685546875
1.74853515625,0.1688232421875,0.8931884765625,10.55908203125,-12.5732421875,3.2958984375
1.1319580078125,0.1209716796875,0.8837890625,6.2255859375,-5.0048828125,3.35693359375
0.6907958984375,-0.373779296875,0.8985595703125,-1.15966796875,-1.52587890625,1.89208984375
0.9495849609375,-0.4693603515625,0.88623046875,-12.02392578125,-0.3662109375,0.54931640625
0.903076171875,-0.2086181640625,0.88671875,-24.59716796875,-2.99072265625,0.244140625
0.6961669921875,-0.2264404296875,0.8560791015625,-29.541015625,-20.8740234375,0.0
0.640869140625,-0.3358154296875,0.7996826171875,-26.2451171875,-22.0947265625,-0.6103515625
0.6287841796875,-0.3001708984375,0.7813720703125,-18.85986328125,-18.798828125,-1.3427734375
0.5733642578125,-0.3138427734375,0.781982421875,0.732421875,-16.66259765625,-1.953125
0.4713134765625,-0.28271484375,0.8096923828125,0.48828125,-13.7939453125,-2.38037109375
0.4464111328125,-0.255615234375,0.82861328125,-1.15966796875,-12.939453125,-2.62451171875
0.4921875,-0.298828125,0.8468017578125,-1.5869140625,-13.427734375,-2.197265625
0.4595947265625,-0.3609619140625,0.814208984375,-2.8076171875,-13.7939453125,-1.5869140625
0.5042724609375,-0.37109375,0.798828125,-3.7841796875,-13.48876953125,-0.732421875
0.52685546875,-0.3641357421875,0.788330078125,-5.0048828125,-15.13671875,0.18310546875
0.49609375,-0.3759765625,0.7884521484375,-5.2490234375,-18.12744140625,0.54931640625
0.4849853515625,-0.356689453125,0.7945556640625,-5.37109375,-22.03369140625,2.38037109375
0.486083984375,-0.370361328125,0.79931640625,-7.26318359375,-31.6162109375,3.23486328125
0.4874267578125,-0.3671875,0.8031005859375,-9.46044921875,-39.9169921875,3.11279296875
0.493896484375,-0.3660888671875,0.7994384765625,-11.41357421875,-49.13330078125,1.40380859375
0.4940185546875,-0.35498046875,0.799560546875,-15.80810546875,-58.4716796875,-3.0517578125
0.4912109375,-0.3433837890625,0.80322265625,-21.8505859375,-96.923828125,-6.65283203125
0.5064697265625,-0.3353271484375,0.80810546875,-28.62548828125,-112.9150390625,-13.24462890625
0.5068359375,-0.3216552734375,0.8089599609375,-32.958984375,-129.7607421875,-21.728515625
0.50927734375,-0.311767578125,0.8143310546875,-52.3681640625,-149.2919921875,-29.4189453125
0.5048828125,-0.3214111328125,0.8359375,-61.09619140625,-164.0625,-34.912109375
0.5130615234375,-0.3275146484375,0.8486328125,-69.4580078125,-182.92236328125,-39.1845703125
0.527587890625,-0.330810546875,0.8502197265625,-76.416015625,-210.38818359375,-48.03466796875
0.520263671875,-0.3326416015625,0.8455810546875,-73.18115234375,-235.107421875,-57.6171875
0.504638671875,-0.34765625,0.84814453125,-66.71142578125,-259.1552734375,-55.35888671875
0.4971923828125,-0.3402099609375,0.85400390625,-62.744140625,-282.89794921875,-42.41943359375
0.507080078125,-0.345947265625,0.84619140625,-65.24658203125,-345.3369140625,-27.52685546875
0.4892578125,-0.3551025390625,0.850830078125,-78.7353515625,-427.1240234375,-32.8369140625
0.4676513671875,-0.3638916015625,0.9090576171875,-101.318359375,-471.25244140625,-105.04150390625
0.4644775390625,-0.398193359375,0.9630126953125,-141.78466796875,-401.2451171875,-167.90771484375
0.47509765625,-0.438232421875,0.949462890625,-198.8525390625,-328.369140625,-168.8232421875
0.4566650390625,-0.4720458984375,0.9058837890625,-226.4404296875,-304.74853515625,-160.64453125
0.4478759765625,-0.4866943359375,0.9697265625,-128.96728515625,-298.095703125,-134.70458984375
0.4322509765625,-0.4376220703125,1.158203125,-57.7392578125,-108.82568359375,-86.97509765625
0.435302734375,-0.378173828125,1.275146484375,-46.38671875,23.681640625,-65.185546875
0.463623046875,-0.3499755859375,1.1832275390625,-47.607421875,222.22900390625,-82.82470703125
0.499755859375,-0.25634765625,1.0146484375,-64.453125,252.5634765625,-85.51025390625
0.5279541015625,-0.154296875,1.4515380859375,-70.73974609375,252.74658203125,-66.10107421875
0.5283203125,-0.1497802734375,2.091064453125,-32.3486328125,256.7138671875,-47.119140625
0.44091796875,-0.3968505859375,2.3426513671875,-2.5634765625,259.1552734375,-29.1748046875
0.420654296875,-0.896728515625,2.4483642578125,14.46533203125,261.29150390625,-12.8173828125
0.5787353515625,-1.5726318359375,2.993896484375,19.22607421875,263.24462890625,2.74658203125
0.8988037109375,-1.457763671875,1.7354736328125,21.91162109375,264.6484375,35.0341796875
1.3746337890625,-1.2080078125,0.770751953125,24.10888671875,268.49365234375,51.08642578125
1.9014892578125,-1.067138671875,0.6043701171875,25.7568359375,271.3623046875,66.2841796875
1.6300048828125,-0.8692626953125,0.674072265625,25.2685546875,275.390625,80.2001953125
1.5462646484375,-1.1319580078125,0.6787109375,15.80810546875,281.73828125,104.06494140625
1.487060546875,-0.599365234375,0.634033203125,10.25390625,292.3583984375,114.19677734375
1.8292236328125,-0.564453125,0.59326171875,4.94384765625,295.2880859375,123.96240234375
2.2601318359375,-0.472412109375,0.5743408203125,2.197265625,296.44775390625,150.390625
0.4666748046875,-0.4307861328125,0.6422119140625,0.30517578125,292.3583984375,158.3251953125
-0.001708984375,-0.4859619140625,0.7064208984375,-1.52587890625,281.005859375,167.54150390625
0.0009765625,-0.5220947265625,0.7816162109375,-6.53076171875,275.81787109375,193.2373046875
0.197998046875,-0.5247802734375,0.85546875,-21.66748046875,269.53125,233.82568359375
0.216552734375,-0.5146484375,0.954345703125,-30.517578125,250.1220703125,235.53466796875
0.1689453125,-0.5252685546875,1.0018310546875,-25.81787109375,239.8681640625,230.77392578125
0.14697265625,-0.55908203125,1.05712890625,5.43212890625,226.1962890625,217.041015625
0.1683349609375,-0.6038818359375,1.201904296875,53.16162109375,214.66064453125,186.21826171875
0.3536376953125,-0.6614990234375,1.3800048828125,59.14306640625,167.236328125,129.5166015625
0.4560546875,-0.70751953125,1.5030517578125,56.7626953125,117.919921875,66.89453125
0.56494140625,-0.6915283203125,1.628173828125,39.55078125,74.76806640625,5.18798828125
0.6905517578125,-0.678466796875,1.19921875,11.65771484375,30.33447265625,-59.814453125
0.8687744140625,-0.7071533203125,0.9405517578125,-9.3994140625,-14.58740234375,-132.50732421875
0.95654296875,-0.8853759765625,0.5911865234375,-43.3349609375,-58.2275390625,-190.673828125
1.0447998046875,-1.05517578125,0.149658203125,-67.32177734375,-126.77001953125,-118.71337890625
1.21826171875,-1.3416748046875,-0.377685546875,-56.15234375,12.26806640625,-79.7119140625
1.4527587890625,-1.0570068359375,-1.2471923828125,-9.33837890625,34.423828125,-62.92724609375
1.6702880859375,-0.852783203125,-2.3648681640625,53.40576171875,-35.33935546875,15.68603515625
2.24609375,-0.590576171875,-3.161376953125,15.625,-241.943359375,-39.306640625
2.822265625,-0.16845703125,-3.3046875,-45.95947265625,-225.09765625,-39.24560546875
3.0572509765625,0.4769287109375,-2.7862548828125,-206.787109375,-204.7119140625,-27.83203125
3.3214111328125,1.2105712890625,-0.8408203125,-6.103515625,-180.84716796875,-19.47021484375
3.50634765625,1.720947265625,0.8133544921875,21.05712890625,-170.0439453125,-19.8974609375
3.6302490234375,1.54345703125,2.7916259765625,22.94921875,-136.962890625,-17.08984375
3.8236083984375,0.740234375,0.3350830078125,33.203125,-94.29931640625,-10.92529296875
3.89208984375,-0.0006103515625,2.107177734375,64.0869140625,-63.04931640625,-4.82177734375
3.4627685546875,-0.1971435546875,1.78515625,84.228515625,-49.01123046875,-8.48388671875
2.666748046875,0.0906982421875,1.68603515625,70.98388671875,-28.3203125,-6.16455078125
2.1361083984375,-2.5989990234375,1.4456787109375,43.8232421875,-18.85986328125,-3.11279296875
2.4405517578125,-1.7181396484375,1.1151123046875,33.5693359375,-16.7236328125,-2.8076171875
0.51318359375,-0.1873779296875,1.210693359375,33.447265625,-16.90673828125,-2.38037109375
-1.47021484375,0.5831298828125,1.3250732421875,18.85986328125,-19.8974609375,-3.2958984375
-1.5936279296875,0.0352783203125,1.049072265625,14.2822265625,-17.822265625,-3.96728515625
1.5662841796875,-0.83837890625,0.862060546875,21.30126953125,-18.85986328125,-5.2490234375
1.510986328125,-0.857421875,0.8831787109375,7.568359375,-25.2685546875,-6.4697265625
1.8634033203125,-0.2763671875,0.9200439453125,16.66259765625,-20.32470703125,-4.69970703125
1.5804443359375,0.09375,0.8740234375,17.63916015625,-6.591796875,-2.3193359375
0.9210205078125,-0.192138671875,0.8978271484375,16.9677734375,0.54931640625,0.244140625
0.848876953125,-0.5379638671875,0.899658203125,18.06640625,2.62451171875,1.3427734375
0.9189453125,-0.353515625,0.8568115234375,9.765625,4.5166015625,-0.91552734375
0.764892578125,-0.202392578125,0.8695068359375,-3.0517578125,3.72314453125,-3.173828125
0.6322021484375,-0.3377685546875,0.871826171875,-16.66259765625,-5.9814453125,-2.38037109375
0.6558837890625,-0.3072509765625,0.8304443359375,-21.484375,-10.498046875,-1.28173828125
0.647705078125,-0.24658203125,0.810546875,-10.7421875,-13.671875,0.18310546875
0.587158203125,-0.3297119140625,0.8291015625,6.77490234375,-14.95361328125,1.46484375
0.5084228515625,-0.319091796875,0.82958984375,11.3525390625,-14.16015625,0.732421875
0.4769287109375,-0.2901611328125,0.8311767578125,13.0615234375,-9.033203125,0.1220703125
0.4825439453125,-0.2535400390625,0.849365234375,7.99560546875,-6.9580078125,-0.30517578125
0.4677734375,-0.222900390625,0.8531494140625,2.50244140625,-5.55419921875,-0.3662109375
0.4696044921875,-0.238037109375,0.85888671875,-1.953125,-4.45556640625,-1.03759765625
0.5126953125,-0.273681640625,0.84228515625,-2.13623046875,-0.42724609375,0.30517578125
0.5308837890625,-0.3592529296875,0.8258056640625,-1.40380859375,-0.8544921875,0.48828125
0.5189208984375,-0.345458984375,0.8216552734375,-1.40380859375,-2.8076171875,0.6103515625
0.505859375,-0.3140869140625,0.8162841796875,-2.38037109375,-4.8828125,0.79345703125
0.502685546875,-0.2939453125,0.8212890625,-4.2724609375,-5.92041015625,1.0986328125
0.490234375,-0.287841796875,0.820068359375,-3.47900390625,-7.9345703125,1.3427734375
0.4766845703125,-0.2847900390625,0.8189697265625,-2.8076171875,-11.1083984375,2.3193359375
0.48974609375,-0.2999267578125,0.81640625,-2.50244140625,-10.8642578125,2.74658203125
0.47998046875,-0.318359375,0.8297119140625,-2.25830078125,-11.5966796875,3.5400390625
0.4710693359375,-0.310791015625,0.83349609375,-2.3193359375,-14.22119140625,4.45556640625
0.4920654296875,-0.3099365234375,0.8343505859375,-3.96728515625,-18.9208984375,4.150390625
0.495849609375,-0.30712890625,0.8336181640625,-5.9814453125,-20.69091796875,3.173828125
0.5037841796875,-0.3106689453125,0.834716796875,-7.75146484375,-25.20751953125,1.3427734375
0.5040283203125,-0.308349609375,0.8236083984375,-11.1083984375,-29.4189453125,-1.46484375
0.4967041015625,-0.3055419921875,0.8194580078125,-10.43701171875,-34.5458984375,-6.34765625
0.497314453125,-0.3101806640625,0.8221435546875,-10.8642578125,-39.794921875,-11.90185546875
