0.32275390625,-0.1363525390625,0.9542236328125,-0.3662109375,-0.8544921875,-0.1220703125
0.3211669921875,-0.1363525390625,0.9539794921875,-0.3662109375,-0.91552734375,-0.1220703125
0.32080078125,-0.1356201171875,0.9539794921875,-0.30517578125,-1.03759765625,-0.06103515625
0.3211669921875,-0.1361083984375,0.9544677734375,-0.30517578125,-1.0986328125,-0.06103515625
0.3221435546875,-0.135986328125,0.9547119140625,-0.30517578125,-0.91552734375,-0.06103515625
0.3231201171875,-0.135986328125,0.95361328125,-0.30517578125,-0.91552734375,0.0
0.322998046875,-0.1365966796875,0.9542236328125,-0.30517578125,-0.91552734375,-0.06103515625
0.3228759765625,-0.1368408203125,0.9549560546875,-0.3662109375,-0.79345703125,0.06103515625
0.3226318359375,-0.135986328125,0.955322265625,-0.3662109375,-0.79345703125,0.1220703125
0.3226318359375,-0.1356201171875,0.954345703125,-0.3662109375,-0.54931640625,0.06103515625
0.322021484375,-0.13623046875,0.9532470703125,-0.30517578125,-0.48828125,0.06103515625
0.322021484375,-0.1358642578125,0.95458984375,-0.244140625,-0.48828125,0.06103515625
0.3223876953125,-0.1378173828125,0.9544677734375,-0.244140625,-0.48828125,0.1220703125
0.3214111328125,-0.1358642578125,0.9544677734375,-0.30517578125,-0.48828125,0.1220703125
0.3218994140625,-0.1319580078125,0.9541015625,-0.244140625,-0.42724609375,0.06103515625
0.3203125,-0.135986328125,0.9541015625,-0.30517578125,-0.42724609375,0.06103515625
0.3248291015625,-0.1380615234375,0.9547119140625,-0.244140625,-0.42724609375,0.0
0.3271484375,-0.1361083984375,0.9544677734375,-0.30517578125,-0.48828125,0.0
0.3231201171875,-0.1356201171875,0.954345703125,-0.244140625,-0.54931640625,0.06103515625
0.3250732421875,-0.135498046875,0.954345703125,-0.244140625,-0.54931640625,0.06103515625
0.3253173828125,-0.136474609375,0.9544677734375,-0.18310546875,-0.6103515625,0.06103515625
0.3253173828125,-0.135498046875,0.9534912109375,-0.18310546875,-0.54931640625,0.06103515625
0.3258056640625,-0.1363525390625,0.953125,-0.30517578125,-0.48828125,0.06103515625
0.3238525390625,-0.1363525390625,0.9534912109375,-0.244140625,-0.48828125,0.06103515625
0.32421875,-0.1356201171875,0.953857421875,-0.244140625,-0.48828125,0.06103515625
0.32470703125,-0.1356201171875,0.9542236328125,-0.244140625,-0.42724609375,0.1220703125
0.3258056640625,-0.136474609375,0.954345703125,-0.244140625,-0.42724609375,0.06103515625
0.32568359375,-0.136962890625,0.9539794921875,-0.244140625,-0.42724609375,0.1220703125
0.3248291015625,-0.1356201171875,0.953857421875,-0.18310546875,-0.3662109375,0.1220703125
0.3232421875,-0.1346435546875,0.9539794921875,-0.244140625,-0.48828125,0.06103515625
0.322509765625,-0.1357421875,0.9542236328125,-0.18310546875,-0.54931640625,0.0
0.3231201171875,-0.1351318359375,0.953857421875,-0.244140625,-0.6103515625,0.0
0.3243408203125,-0.1356201171875,0.953369140625,-0.244140625,-0.67138671875,0.06103515625
0.325439453125,-0.13623046875,0.9530029296875,-0.3662109375,-0.67138671875,0.06103515625
0.3245849609375,-0.1363525390625,0.9537353515625,-0.30517578125,-0.54931640625,0.06103515625
0.3251953125,-0.1357421875,0.95458984375,-0.30517578125,-0.54931640625,0.06103515625
0.3248291015625,-0.135498046875,0.9541015625,-0.244140625,-0.48828125,0.06103515625
0.3253173828125,-0.1358642578125,0.954833984375,-0.18310546875,-0.54931640625,0.06103515625
0.3270263671875,-0.136474609375,0.9539794921875,-0.244140625,-0.54931640625,0.06103515625
0.3265380859375,-0.1357421875,0.95361328125,-0.244140625,-0.42724609375,0.06103515625
0.3245849609375,-0.1365966796875,0.95361328125,-0.244140625,-0.42724609375,0.1220703125
0.3255615234375,-0.136474609375,0.9537353515625,-0.244140625,-0.42724609375,0.1220703125
0.3243408203125,-0.1365966796875,0.9534912109375,-0.244140625,-0.30517578125,0.1220703125
0.324462890625,-0.13671875,0.953857421875,-0.18310546875,-0.30517578125,0.1220703125
0.3255615234375,-0.1357421875,0.9539794921875,-0.244140625,-0.30517578125,0.18310546875
0.3258056640625,-0.1363525390625,0.9534912109375,-0.244140625,-0.30517578125,0.18310546875
0.325439453125,-0.13671875,0.9532470703125,-0.244140625,-0.30517578125,0.1220703125
0.32470703125,-0.13623046875,0.9534912109375,-0.244140625,-0.30517578125,0.1220703125
0.3265380859375,-0.135986328125,0.9534912109375,-0.244140625,-0.30517578125,0.1220703125
0.3243408203125,-0.1368408203125,0.953125,-0.244140625,-0.244140625,0.1220703125
0.3253173828125,-0.13671875,0.9539794921875,-0.244140625,-0.30517578125,0.1220703125
0.3265380859375,-0.13623046875,0.9542236328125,-0.244140625,-0.3662109375,0.1220703125
0.3267822265625,-0.1353759765625,0.952880859375,-0.244140625,-0.244140625,0.06103515625
0.3258056640625,-0.1351318359375,0.9527587890625,-0.30517578125,-0.3662109375,0.06103515625
0.3253173828125,-0.1358642578125,0.9537353515625,-0.30517578125,-0.54931640625,0.06103515625
0.3258056640625,-0.135009765625,0.9539794921875,-0.244140625,-0.54931640625,0.1220703125
0.3255615234375,-0.135498046875,0.9542236328125,-0.3662109375,-0.48828125,0.06103515625
0.326416015625,-0.13720703125,0.9534912109375,-0.3662109375,-0.48828125,0.06103515625
0.326171875,-0.1373291015625,0.954833984375,-0.30517578125,-0.48828125,0.0
0.3255615234375,-0.13623046875,0.9547119140625,-0.3662109375,-0.54931640625,-0.18310546875
0.3251953125,-0.1353759765625,0.9541015625,-0.3662109375,-0.732421875,-0.3662109375
0.3260498046875,-0.1368408203125,0.9527587890625,-0.30517578125,-1.15966796875,-0.8544921875
0.326171875,-0.13623046875,0.952880859375,-0.30517578125,-2.3193359375,-3.0517578125
0.323974609375,-0.13671875,0.9537353515625,-0.244140625,-2.9296875,-4.45556640625
0.3262939453125,-0.13671875,0.9544677734375,0.0,-4.94384765625,-3.7841796875
0.324462890625,-0.13671875,0.955078125,0.6103515625,-6.40869140625,-4.0283203125
0.3236083984375,-0.1365966796875,0.9560546875,2.01416015625,-3.7841796875,-2.99072265625
0.3233642578125,-0.1358642578125,0.959716796875,1.220703125,-2.3193359375,-1.8310546875
0.326416015625,-0.1358642578125,0.9620361328125,-1.15966796875,-0.3662109375,-1.0986328125
0.3271484375,-0.13671875,0.9716796875,-1.3427734375,1.64794921875,-1.0986328125
0.326904296875,-0.13818359375,0.971435546875,-2.01416015625,3.41796875,-1.46484375
0.3251953125,-0.140380859375,0.946044921875,-2.50244140625,4.08935546875,-1.40380859375
0.322509765625,-0.1456298828125,0.9388427734375,-3.2958984375,4.2724609375,-1.708984375
0.3189697265625,-0.153564453125,0.9571533203125,-3.7841796875,3.72314453125,-1.89208984375
0.31591796875,-0.1668701171875,0.9677734375,-3.90625,3.35693359375,-2.62451171875
0.318115234375,-0.1514892578125,0.971923828125,-3.2958984375,3.84521484375,-3.47900390625
0.3199462890625,-0.1448974609375,0.97607421875,-3.0517578125,4.94384765625,-3.5400390625
0.3157958984375,-0.140869140625,0.9757080078125,-3.0517578125,6.77490234375,-0.1220703125
0.337890625,-0.1190185546875,0.9716796875,-3.11279296875,15.625,2.44140625
0.3482666015625,-0.1162109375,0.96728515625,-4.45556640625,19.10400390625,3.47900390625
0.34814453125,-0.1163330078125,0.966064453125,-6.8359375,17.578125,4.08935546875
0.3720703125,-0.128662109375,0.9627685546875,-7.01904296875,16.29638671875,4.33349609375
0.3753662109375,-0.1494140625,0.9654541015625,-4.69970703125,15.93017578125,4.57763671875
0.3541259765625,-0.14892578125,0.9688720703125,-4.45556640625,15.2587890625,5.55419921875
0.332275390625,-0.1334228515625,0.9642333984375,-4.2724609375,14.0380859375,5.615234375
0.3275146484375,-0.1181640625,0.9559326171875,-4.33349609375,12.51220703125,5.43212890625
0.318359375,-0.1065673828125,0.957275390625,-4.5166015625,11.53564453125,5.43212890625
0.3184814453125,-0.1063232421875,0.9476318359375,-7.50732421875,10.25390625,5.7373046875
0.3406982421875,-0.0784912109375,0.9520263671875,-8.30078125,9.1552734375,6.28662109375
0.3546142578125,-0.200927734375,0.9451904296875,-9.521484375,7.9345703125,6.9580078125
0.3642578125,-0.2066650390625,0.9300537109375,-10.7421875,6.8359375,7.50732421875
0.386474609375,-0.184326171875,0.93994140625,-12.20703125,6.103515625,7.9345703125
0.2943115234375,-0.1658935546875,0.9354248046875,-12.939453125,5.67626953125,8.60595703125
0.2796630859375,-0.151611328125,0.9315185546875,-13.85498046875,4.2724609375,9.09423828125
0.2720947265625,-0.139404296875,0.927001953125,-14.22119140625,2.50244140625,7.8125
0.2781982421875,-0.11865234375,0.921875,-14.0380859375,0.3662109375,8.056640625
0.2718505859375,-0.107421875,0.92236328125,-13.61083984375,-4.08935546875,6.8359375
0.256591796875,-0.103759765625,0.9234619140625,-12.20703125,-10.55908203125,5.4931640625
0.262939453125,-0.1131591796875,0.9119873046875,-6.28662109375,-11.23046875,4.94384765625
0.2613525390625,-0.125732421875,0.9051513671875,-2.3193359375,-11.1083984375,4.150390625
0.2554931640625,-0.1343994140625,0.9007568359375,-3.84521484375,-10.43701171875,2.99072265625
0.249267578125,-0.144775390625,0.901123046875,-4.150390625,-10.7421875,1.77001953125
0.2430419921875,-0.166259765625,0.9432373046875,-3.662109375,-9.94873046875,0.0
0.2476806640625,-0.1937255859375,1.02001953125,-3.60107421875,-10.19287109375,-1.28173828125
0.2578125,-0.2158203125,1.003173828125,-4.08935546875,-12.87841796875,-2.197265625
0.2476806640625,-0.224609375,1.0225830078125,-3.662109375,-13.7939453125,-2.9296875
0.230224609375,-0.265625,1.0152587890625,-2.197265625,-13.48876953125,-3.2958984375
0.22509765625,-0.1627197265625,0.9967041015625,-0.42724609375,-13.7939453125,-3.5400390625
0.2335205078125,-0.096435546875,0.98828125,1.03759765625,-13.5498046875,-1.89208984375
0.2628173828125,-0.13037109375,0.9598388671875,2.38037109375,-13.427734375,-2.3193359375
0.287109375,-0.1492919921875,0.940673828125,3.11279296875,-10.3759765625,-2.5634765625
0.2691650390625,-0.162353515625,0.9466552734375,3.35693359375,-8.6669921875,-2.99072265625
0.29150390625,-0.1766357421875,0.947998046875,1.708984375,-8.056640625,-3.2958984375
0.29736328125,-0.1805419921875,0.9498291015625,1.89208984375,-8.48388671875,-3.47900390625
0.2774658203125,-0.195556640625,0.955078125,2.9296875,-13.0615234375,-3.72314453125
0.2840576171875,-0.200439453125,0.955810546875,4.5166015625,-14.5263671875,-4.150390625
0.2479248046875,-0.19384765625,0.9591064453125,2.38037109375,-15.31982421875,-4.69970703125
0.2274169921875,-0.2022705078125,0.9454345703125,2.38037109375,-16.54052734375,-5.31005859375
0.26904296875,-0.1968994140625,0.9403076171875,2.13623046875,-17.88330078125,-5.9814453125
0.286376953125,-0.1854248046875,0.93798828125,2.13623046875,-20.3857421875,-6.40869140625
0.2852783203125,-0.1907958984375,0.953125,1.89208984375,-22.76611328125,-5.9814453125
0.29296875,-0.203857421875,0.953857421875,1.64794921875,-25.81787109375,-6.65283203125
0.3006591796875,-0.2005615234375,0.9532470703125,0.9765625,-29.35791015625,-8.11767578125
0.3377685546875,-0.1865234375,0.9512939453125,-0.244140625,-40.71044921875,-17.08984375
0.31591796875,-0.167236328125,0.949951171875,-2.25830078125,-46.08154296875,-18.12744140625
0.3050537109375,-0.169921875,0.950927734375,-4.2724609375,-74.3408203125,-17.9443359375
0.2962646484375,-0.1712646484375,0.9569091796875,-4.8828125,-87.82958984375,-19.53125
0.29931640625,-0.1800537109375,0.96435546875,-1.3427734375,-102.96630859375,-20.20263671875
0.307373046875,-0.1922607421875,0.9713134765625,3.0517578125,-114.8681640625,-17.2119140625
0.312255859375,-0.1982421875,0.970947265625,7.50732421875,-130.4931640625,-12.14599609375
0.31298828125,-0.1871337890625,0.9803466796875,4.150390625,-144.95849609375,-7.62939453125
0.2998046875,-0.1607666015625,0.9954833984375,-0.54931640625,-159.423828125,-5.79833984375
0.2882080078125,-0.1510009765625,1.02734375,-5.18798828125,-178.955078125,-6.7138671875
0.30322265625,-0.177734375,1.0733642578125,-14.404296875,-199.21875,-10.986328125
0.314208984375,-0.152587890625,1.092529296875,-22.27783203125,-221.25244140625,-17.9443359375
0.29296875,-0.2222900390625,1.058349609375,-31.3720703125,-245.2392578125,-30.57861328125
0.290283203125,-0.2144775390625,1.0284423828125,-38.63525390625,-269.22607421875,-41.68701171875
0.2596435546875,-0.1717529296875,1.0399169921875,-48.828125,-343.44482421875,-39.36767578125
0.24560546875,-0.113525390625,1.0621337890625,-59.5703125,-452.2705078125,-63.04931640625
0.2469482421875,-0.073486328125,1.0665283203125,-26.85546875,-455.87158203125,-86.3037109375
0.26611328125,0.002197265625,1.0953369140625,-90.33203125,-461.60888671875,-109.7412109375
0.2615966796875,0.04150390625,1.1275634765625,-131.4697265625,-460.14404296875,-123.046875
0.2572021484375,0.0364990234375,1.0313720703125,-134.58251953125,-466.73583984375,-130.37109375
0.3040771484375,-0.0186767578125,1.0810546875,-145.5078125,-455.56640625,-127.0751953125
0.3194580078125,-0.0948486328125,1.218505859375,-156.06689453125,-391.6015625,-115.478515625
0.3017578125,-0.119140625,1.2083740234375,-163.0859375,-314.8193359375,-116.943359375
0.290283203125,-0.2266845703125,1.2689208984375,-156.494140625,-240.72265625,-147.76611328125
0.28466796875,-0.3446044921875,1.18994140625,-158.26416015625,-138.24462890625,-66.2841796875
0.30126953125,-0.0216064453125,0.9898681640625,-176.57470703125,-93.6279296875,-24.47509765625
0.2374267578125,-0.2236328125,1.1708984375,-165.34423828125,152.587890625,2.99072265625
0.6700439453125,-0.567626953125,1.6180419921875,-141.17431640625,236.99951171875,10.31494140625
0.614501953125,-0.6129150390625,1.8681640625,-67.68798828125,300.84228515625,18.85986328125
0.7969970703125,-0.626220703125,1.9156494140625,-5.4931640625,312.98828125,27.83203125
1.181640625,-0.7935791015625,1.6956787109375,83.31298828125,315.3076171875,36.376953125
1.467529296875,-0.866455078125,1.6019287109375,94.42138671875,308.77685546875,47.9736328125
1.605712890625,-0.833251953125,1.99609375,86.12060546875,306.0302734375,79.2236328125
2.2476806640625,-0.80712890625,1.45654296875,70.1904296875,310.85205078125,97.0458984375
2.6417236328125,-0.2677001953125,0.7088623046875,54.6875,342.95654296875,128.23486328125
2.2122802734375,-0.6644287109375,0.54248046875,38.0859375,356.8115234375,145.5078125
1.4625244140625,-1.6512451171875,0.38232421875,22.15576171875,352.6611328125,144.83642578125
0.530029296875,-1.5255126953125,0.30029296875,19.10400390625,325.50048828125,143.00537109375
1.6798095703125,-0.8685302734375,0.3109130859375,10.986328125,322.8759765625,140.869140625
1.2119140625,-0.5550537109375,0.3773193359375,-3.47900390625,322.32666015625,139.58740234375
0.6015625,-0.3375244140625,0.4910888671875,-1.708984375,325.1953125,139.2822265625
0.1478271484375,-0.2271728515625,0.529052734375,3.23486328125,328.857421875,140.625
0.08251953125,-0.2000732421875,0.4571533203125,9.521484375,330.6884765625,140.9912109375
-0.0321044921875,-0.241943359375,0.8013916015625,14.95361328125,328.4912109375,135.07080078125
-0.0914306640625,-0.3369140625,0.9990234375,19.22607421875,319.88525390625,122.6806640625
-0.0299072265625,-0.4188232421875,1.201171875,22.15576171875,309.02099609375,106.14013671875
0.1190185546875,-0.2489013671875,1.3759765625,24.23095703125,302.18505859375,86.5478515625
0.3031005859375,-0.1719970703125,1.515625,25.5126953125,301.94091796875,64.39208984375
0.379150390625,-0.213134765625,1.6279296875,25.390625,305.84716796875,23.0712890625
0.2266845703125,-0.2579345703125,1.69873046875,24.23095703125,307.12890625,6.40869140625
0.5718994140625,-0.2890625,1.7708740234375,21.66748046875,262.87841796875,-3.96728515625
0.7235107421875,-0.3206787109375,1.904296875,18.00537109375,246.03271484375,-3.84521484375
0.8729248046875,-0.3560791015625,2.0555419921875,-15.7470703125,218.20068359375,2.13623046875
1.013427734375,-0.3699951171875,2.1217041015625,-61.09619140625,181.45751953125,-4.0283203125
1.128173828125,-0.377197265625,2.017578125,-115.234375,140.0146484375,-18.4326171875
1.217529296875,-0.4107666015625,1.7457275390625,-152.89306640625,10.92529296875,-31.005859375
1.260498046875,-0.462158203125,1.2366943359375,-148.62060546875,-57.43408203125,-42.3583984375
1.293701171875,-0.51318359375,0.4329833984375,-14.34326171875,-136.77978515625,-26.79443359375
1.4327392578125,-0.5748291015625,0.12939453125,58.837890625,-180.23681640625,-12.87841796875
1.686279296875,-0.6060791015625,-0.3355712890625,98.876953125,-178.955078125,-3.2958984375
1.9576416015625,-0.57470703125,-0.614990234375,112.48779296875,-172.119140625,-6.8359375
2.11767578125,0.258056640625,-0.712158203125,90.6982421875,-213.2568359375,-26.91650390625
1.9539794921875,0.531494140625,-0.4779052734375,54.26025390625,-208.43505859375,-17.7001953125
1.9327392578125,0.4896240234375,-0.026611328125,9.21630859375,-159.85107421875,-4.2724609375
2.1107177734375,0.1348876953125,-0.0255126953125,-5.79833984375,-140.44189453125,1.28173828125
2.319580078125,-0.5234375,1.6123046875,-18.6767578125,-125.06103515625,-2.0751953125
2.547607421875,-0.2357177734375,1.6717529296875,-14.83154296875,-107.60498046875,-6.04248046875
2.8216552734375,-0.06201171875,1.1787109375,-0.06103515625,-93.505859375,-8.30078125
2.4091796875,0.20068359375,1.5552978515625,13.3056640625,-69.3359375,-10.19287109375
1.857177734375,0.1484375,1.585693359375,14.22119140625,-46.5087890625,-6.9580078125
1.9603271484375,0.21142578125,1.4293212890625,24.71923828125,-43.27392578125,-7.080078125
1.4102783203125,0.4144287109375,1.347412109375,31.1279296875,-31.3720703125,-2.3193359375
0.5123291015625,0.464111328125,1.2314453125,20.08056640625,-19.10400390625,0.91552734375
0.213134765625,-0.1436767578125,1.26953125,20.99609375,-13.3056640625,1.5869140625
0.3104248046875,-0.7857666015625,1.3853759765625,15.80810546875,-11.71875,1.220703125
1.0535888671875,-0.9647216796875,1.2327880859375,6.8359375,-11.53564453125,1.03759765625
1.1082763671875,-0.396728515625,1.1123046875,-2.50244140625,-14.34326171875,0.18310546875
0.9359130859375,0.015380859375,1.1539306640625,-5.9814453125,-15.44189453125,-3.47900390625
0.8714599609375,-0.1378173828125,1.122314453125,-4.94384765625,-15.625,-6.7138671875
0.767578125,-0.1014404296875,1.0560302734375,-1.64794921875,-24.0478515625,-7.99560546875
0.7603759765625,-0.093505859375,1.00390625,-1.8310546875,-25.32958984375,-9.27734375
0.9736328125,-0.1090087890625,0.968994140625,-1.708984375,-26.30615234375,-12.02392578125
0.7847900390625,-0.0455322265625,0.94580078125,2.197265625,-28.25927734375,-13.48876953125
0.3974609375,-0.1806640625,0.965087890625,4.150390625,-30.57861328125,-13.61083984375
0.39111328125,-0.1209716796875,0.9627685546875,5.18798828125,-30.3955078125,-11.90185546875
0.4542236328125,-0.177978515625,0.932861328125,5.67626953125,-29.84619140625,-10.6201171875
0.3597412109375,-0.221923828125,0.93896484375,4.08935546875,-31.73828125,-10.68115234375
0.332763671875,-0.2298583984375,0.9378662109375,2.74658203125,-30.21240234375,-10.19287109375
0.2930908203125,-0.1796875,0.9449462890625,3.0517578125,-31.3720703125,-8.60595703125
0.2633056640625,-0.2510986328125,0.9508056640625,1.0986328125,-32.2265625,-8.97216796875
0.3216552734375,-0.2076416015625,0.9488525390625,1.28173828125,-35.5224609375,-7.50732421875
0.3040771484375,-0.2376708984375,0.9393310546875,0.1220703125,-39.85595703125,-6.16455078125
0.28271484375,-0.230712890625,0.92431640625,-5.37109375,-51.33056640625,-7.080078125
0.33154296875,-0.2222900390625,0.92333984375,-5.18798828125,-59.75341796875,-8.7890625
0.3065185546875,-0.177734375,0.9293212890625,-4.82177734375,-85.8154296875,-7.75146484375
0.31298828125,-0.16943359375,0.9210205078125,-3.0517578125,-101.25732421875,-5.4931640625
0.345703125,-0.1541748046875,0.929931640625,-5.126953125,-116.39404296875,-5.126953125
0.3763427734375,-0.16748046875,0.9259033203125,-6.89697265625,-133.056640625,-6.9580078125
0.3582763671875,-0.18359375,0.9315185546875,-10.6201171875,-165.71044921875,-10.68115234375
0.384765625,-0.15869140625,0.9566650390625,-15.44189453125,-182.67822265625,-17.15087890625
0.4071044921875,-0.117431640625,1.039306640625,-25.20751953125,-201.59912109375,-26.2451171875
0.369873046875,-0.1566162109375,1.0361328125,-29.72412109375,-222.83935546875,-40.46630859375
0.39111328125,-0.161376953125,1.0350341796875,-34.66796875,-253.90625,-57.43408203125
0.3843994140625,-0.1473388671875,1.027587890625,-43.45703125,-302.42919921875,-66.34521484375
0.3629150390625,-0.18701171875,1.0357666015625,-42.54150390625,-357.421875,-80.87158203125
0.3389892578125,-0.150146484375,1.043701171875,-35.09521484375,-410.70556640625,-104.248046875
0.2989501953125,-0.0701904296875,1.070556640625,-29.541015625,-459.41162109375,-120.66650390625
0.2607421875,-0.0382080078125,1.0906982421875,-34.3017578125,-491.5771484375,-120.91064453125
0.31005859375,-0.095947265625,1.06494140625,-76.11083984375,-489.6240234375,-142.76123046875
0.357666015625,-0.1314697265625,1.044921875,-122.86376953125,-492.431640625,-201.96533203125
0.3553466796875,-0.1458740234375,1.109619140625,-157.5927734375,-477.05078125,-196.8994140625
0.3245849609375,-0.2392578125,1.352294921875,-195.3125,-398.86474609375,-180.419921875
0.3260498046875,-0.3984375,1.4566650390625,-211.3037109375,-332.8857421875,-169.7998046875
0.32568359375,-0.4210205078125,1.462646484375,-161.62109375,-264.6484375,-124.267578125
0.290771484375,-0.3040771484375,1.3658447265625,-153.076171875,-182.67822265625,-50.6591796875
0.16357421875,-0.1844482421875,1.247314453125,-168.45703125,-122.00927734375,15.869140625
0.0582275390625,-0.3065185546875,1.2642822265625,-150.0244140625,39.6728515625,58.7158203125
0.151123046875,-0.48291015625,1.9437255859375,-148.62060546875,171.56982421875,73.05908203125
0.6826171875,-0.34765625,2.3782958984375,-86.3037109375,253.7841796875,77.5146484375
0.794677734375,-0.49755859375,2.2835693359375,-36.7431640625,287.4755859375,79.16259765625
0.70849609375,-1.0673828125,1.79541015625,32.5927734375,302.30712890625,77.0263671875
1.1832275390625,-1.1075439453125,2.1512451171875,88.5009765625,297.66845703125,68.78662109375
1.7015380859375,-0.9442138671875,2.5172119140625,113.037109375,282.958984375,69.82421875
2.0682373046875,-0.916015625,1.9403076171875,98.9990234375,290.58837890625,81.72607421875
2.587158203125,-0.53564453125,1.4453125,78.2470703125,311.279296875,93.07861328125
2.1268310546875,-1.3819580078125,1.0703125,16.2353515625,348.57177734375,105.16357421875
1.089111328125,-2.1998291015625,0.7628173828125,5.43212890625,358.45947265625,116.27197265625
0.4591064453125,-1.8095703125,0.51416015625,-3.84521484375,361.083984375,125.79345703125
1.96240234375,-1.6143798828125,0.421875,-4.5166015625,359.31396484375,132.2021484375
2.2835693359375,-1.11279296875,0.5726318359375,-3.90625,354.67529296875,136.71875
0.72314453125,-0.4942626953125,0.684326171875,-2.25830078125,351.25732421875,138.61083984375
0.366455078125,-0.0457763671875,0.775390625,-0.732421875,351.07421875,138.00048828125
0.202392578125,0.158447265625,0.739013671875,0.30517578125,353.45458984375,135.986328125
0.0452880859375,0.0142822265625,0.7286376953125,-0.732421875,357.48291015625,134.3994140625
-0.1435546875,-0.08056640625,0.771728515625,-2.50244140625,363.09814453125,134.70458984375
-0.208984375,-0.229248046875,0.8446044921875,-3.60107421875,367.5537109375,137.20703125
0.2401123046875,-0.2283935546875,0.9522705078125,-3.60107421875,368.408203125,140.44189453125
0.346923828125,-0.2330322265625,1.0963134765625,-3.0517578125,361.75537109375,139.34326171875
0.3917236328125,-0.2362060546875,1.27685546875,-2.44140625,328.43017578125,137.26806640625
0.3621826171875,-0.2144775390625,1.48046875,-0.48828125,311.46240234375,129.57763671875
0.3525390625,-0.189208984375,1.6795654296875,10.1318359375,299.37744140625,113.34228515625
0.4044189453125,-0.1553955078125,1.8514404296875,17.7001953125,286.62109375,47.7294921875
0.4925537109375,-0.140380859375,1.9754638671875,19.287109375,268.61572265625,34.36279296875
0.61181640625,-0.173828125,2.062255859375,15.380859375,158.3251953125,10.31494140625
0.7447509765625,-0.234619140625,2.2669677734375,7.568359375,97.2900390625,-18.00537109375
0.872314453125,-0.300048828125,2.32666015625,-157.04345703125,22.76611328125,-39.24560546875
1.0045166015625,-0.361572265625,2.06689453125,-181.15234375,-63.3544921875,-50.23193359375
1.1427001953125,-0.453125,1.3895263671875,-135.31494140625,-137.75634765625,-18.98193359375
1.256591796875,-0.8004150390625,0.6094970703125,-39.12353515625,-203.30810546875,-18.798828125
1.3284912109375,-0.902587890625,-1.4456787109375,43.0908203125,-163.0859375,-6.4697265625
1.420654296875,-0.92529296875,-1.525634765625,78.61328125,-155.45654296875,7.9345703125
1.92041015625,-0.8682861328125,-1.2095947265625,48.7060546875,-190.5517578125,15.07568359375
2.38671875,-0.767822265625,-0.81640625,72.3876953125,-236.87744140625,-52.67333984375
2.81689453125,1.26025390625,-0.3336181640625,93.32275390625,-262.20703125,-28.38134765625
2.9107666015625,0.5550537109375,0.671630859375,65.185546875,-179.13818359375,-12.939453125
2.968505859375,-0.46044921875,1.621826171875,35.7666015625,-157.53173828125,-14.58740234375
3.4732666015625,-0.9432373046875,1.5003662109375,4.08935546875,-139.58740234375,-12.63427734375
3.5272216796875,-0.801513671875,0.761962890625,33.02001953125,-108.3984375,-6.7138671875
3.2591552734375,-0.041259765625,0.7369384765625,45.22705078125,-38.57421875,-2.9296875
2.5904541015625,-0.4698486328125,1.2978515625,61.6455078125,-23.92578125,0.732421875
1.575439453125,-1.3148193359375,1.76318359375,32.1044921875,-18.9208984375,2.3193359375
0.572509765625,-0.29736328125,1.4415283203125,12.0849609375,-16.845703125,2.8076171875
0.4610595703125,0.76318359375,1.3885498046875,4.150390625,-16.66259765625,3.662109375
0.1435546875,1.01025390625,1.5987548828125,-2.13623046875,-18.1884765625,3.90625
-0.25048828125,-0.7154541015625,1.181640625,-6.8359375,-20.751953125,3.7841796875
0.1724853515625,-1.3013916015625,1.0670166015625,-8.544921875,-23.49853515625,2.13623046875
0.76025390625,-0.70556640625,1.0491943359375,-8.85009765625,-25.45166015625,-0.3662109375
1.490478515625,-0.0654296875,1.0213623046875,-9.94873046875,-25.7568359375,-3.90625
1.129638671875,-0.0357666015625,0.99462890625,-10.43701171875,-26.7333984375,-6.591796875
1.03955078125,-0.153564453125,0.9764404296875,-12.5732421875,-28.076171875,-8.7890625
1.2933349609375,-0.1580810546875,0.9677734375,-11.29150390625,-28.9306640625,-11.5966796875
0.4178466796875,-0.13232421875,0.968505859375,-7.568359375,-30.6396484375,-13.48876953125
0.3912353515625,-0.1328125,0.976318359375,-3.2958984375,-31.1279296875,-10.1318359375
0.4241943359375,-0.172607421875,0.973388671875,0.0,-31.73828125,-5.37109375
0.3731689453125,-0.1978759765625,0.955322265625,1.77001953125,-35.0341796875,-6.89697265625
0.308837890625,-0.1884765625,0.9359130859375,0.6103515625,-34.423828125,-9.033203125
0.2923583984375,-0.1492919921875,0.9259033203125,1.64794921875,-34.7900390625,-11.5966796875
0.2767333984375,-0.17236328125,0.932373046875,-4.08935546875,-34.85107421875,-14.2822265625
0.2769775390625,-0.2706298828125,0.9549560546875,-5.859375,-34.912109375,-18.73779296875
0.326171875,-0.3079833984375,0.9583740234375,-5.43212890625,-35.94970703125,-23.98681640625
0.3388671875,-0.27880859375,0.94189453125,-2.62451171875,-36.43798828125,-27.2216796875
0.297119140625,-0.260009765625,0.9285888671875,0.6103515625,-39.00146484375,-27.099609375
0.29638671875,-0.229736328125,0.9254150390625,4.5166015625,-39.4287109375,-25.5126953125
0.3017578125,-0.203125,0.9169921875,10.43701171875,-39.794921875,-21.66748046875
0.3031005859375,-0.1141357421875,0.9013671875,13.24462890625,-42.8466796875,-17.15087890625
0.3275146484375,-0.1748046875,0.8843994140625,14.0380859375,-47.119140625,-12.8173828125
0.322021484375,-0.2178955078125,0.8807373046875,12.14599609375,-53.3447265625,-8.9111328125
0.3822021484375,-0.2530517578125,0.87060546875,8.36181640625,-60.546875,-5.2490234375
0.376953125,-0.254638671875,0.8597412109375,3.7841796875,-69.7021484375,0.67138671875
0.3607177734375,-0.2530517578125,0.87841796875,0.1220703125,-80.01708984375,3.72314453125
0.3721923828125,-0.3125,0.901611328125,-2.3193359375,-104.91943359375,3.47900390625
0.36767578125,-0.324951171875,0.92333984375,-5.18798828125,-120.361328125,-3.35693359375
0.36767578125,-0.2562255859375,0.9373779296875,-12.8173828125,-138.5498046875,-9.6435546875
0.3507080078125,-0.1849365234375,0.9423828125,-17.4560546875,-205.9326171875,-17.15087890625
0.3643798828125,-0.113037109375,0.955078125,-20.263671875,-233.88671875,-29.052734375
0.4163818359375,-0.056640625,0.9713134765625,-46.32568359375,-274.0478515625,-34.0576171875
0.416748046875,-0.0299072265625,0.9896240234375,-46.5087890625,-320.9228515625,-38.26904296875
0.4036865234375,-0.0518798828125,1.0245361328125,-44.25048828125,-370.66650390625,-50.23193359375
0.408447265625,-0.07080078125,1.0150146484375,-38.39111328125,-415.22216796875,-69.88525390625
0.406494140625,-0.0718994140625,1.0240478515625,-40.71044921875,-460.693359375,-94.66552734375
0.3990478515625,-0.0579833984375,0.9927978515625,-81.11572265625,-471.19140625,-103.69873046875
0.3779296875,-0.0135498046875,0.9920654296875,-125.8544921875,-470.76416015625,-142.88330078125
0.365234375,-0.0238037109375,1.06103515625,-148.3154296875,-471.6796875,-180.96923828125
0.37890625,-0.1900634765625,1.2083740234375,-160.09521484375,-465.4541015625,-198.6083984375
0.4110107421875,-0.2474365234375,1.3095703125,-191.22314453125,-451.47705078125,-183.65478515625
0.4027099609375,-0.2918701171875,1.3878173828125,-191.22314453125,-393.9208984375,-157.65380859375
0.322021484375,-0.32421875,1.463134765625,-162.2314453125,-323.54736328125,-152.77099609375
0.224853515625,-0.1982421875,1.339111328125,-134.521484375,-247.4365234375,-101.98974609375
0.1650390625,-0.1175537109375,1.23583984375,-141.29638671875,-151.18408203125,-49.4384765625
0.2421875,-0.306884765625,1.259033203125,-152.28271484375,-72.69287109375,-2.13623046875
0.705322265625,-0.5491943359375,1.4847412109375,-167.17529296875,86.0595703125,27.9541015625
0.7711181640625,-0.53125,2.0355224609375,-176.94091796875,198.8525390625,39.85595703125
0.471923828125,-0.6920166015625,2.426025390625,-116.02783203125,258.72802734375,45.41015625
0.845703125,-1.22998046875,2.26611328125,-63.96484375,281.005859375,53.16162109375
1.396728515625,-1.3480224609375,1.7677001953125,22.39990234375,297.18017578125,61.279296875
1.7679443359375,-1.1116943359375,2.2425537109375,87.0361328125,298.9501953125,72.265625
2.0174560546875,-0.990966796875,2.5546875,118.22509765625,293.9453125,80.6884765625
2.361572265625,-0.6832275390625,1.881103515625,111.99951171875,290.4052734375,89.29443359375
2.638916015625,-0.3203125,1.378662109375,91.064453125,302.30712890625,98.69384765625
2.183349609375,-1.2711181640625,1.021728515625,29.11376953125,321.71630859375,108.0322265625
1.1285400390625,-2.08544921875,0.80224609375,8.85009765625,342.4072265625,117.98095703125
0.820068359375,-1.9486083984375,0.5811767578125,-2.3193359375,359.31396484375,126.5869140625
2.149658203125,-1.80712890625,0.4423828125,-5.859375,369.62890625,133.60595703125
1.998779296875,-1.2623291015625,0.3973388671875,-1.5869140625,374.32861328125,138.3056640625
0.621826171875,-0.71044921875,0.5738525390625,3.2958984375,374.6337890625,140.625
0.2474365234375,-0.2860107421875,0.6927490234375,6.40869140625,372.37548828125,141.29638671875
0.09375,0.011962890625,0.77783203125,6.16455078125,367.5537109375,139.404296875
0.0562744140625,0.1131591796875,0.8028564453125,1.52587890625,364.92919921875,139.892578125
-0.0526123046875,-0.0830078125,0.7978515625,-2.5634765625,365.72265625,143.06640625
-0.1318359375,-0.21044921875,0.8072509765625,-5.0048828125,368.7744140625,147.705078125
-0.13525390625,-0.3074951171875,0.8472900390625,-2.0751953125,371.58203125,150.20751953125
0.195068359375,-0.34423828125,0.9234619140625,0.732421875,369.7509765625,147.76611328125
0.330078125,-0.307861328125,1.050048828125,2.99072265625,361.083984375,141.357421875
0.396728515625,-0.235595703125,1.220703125,5.615234375,346.0693359375,132.62939453125
0.403076171875,-0.1519775390625,1.636962890625,10.1318359375,332.1533203125,119.93408203125
0.398681640625,-0.1002197265625,1.837158203125,18.73779296875,327.08740234375,96.8017578125
0.4183349609375,-0.0982666015625,1.99169921875,26.30615234375,327.08740234375,59.326171875
0.479736328125,-0.1383056640625,2.0797119140625,29.9072265625,311.82861328125,21.54541015625
0.5533447265625,-0.2491455078125,2.1387939453125,24.96337890625,276.67236328125,2.3193359375
0.6478271484375,-0.304443359375,2.2413330078125,15.9912109375,231.201171875,2.01416015625
0.7808837890625,-0.3521728515625,2.377197265625,6.16455078125,195.73974609375,-2.8076171875
1.077392578125,-0.4111328125,2.3323974609375,-44.49462890625,152.4658203125,-17.578125
1.2410888671875,-0.5216064453125,1.8253173828125,-151.30615234375,79.04052734375,-39.306640625
1.393310546875,-0.6732177734375,0.9677734375,-218.93310546875,-10.25390625,-64.51416015625
1.51025390625,-0.7916259765625,0.0838623046875,-192.56591796875,-101.1962890625,-38.75732421875
1.62060546875,-0.81640625,-0.7078857421875,-101.4404296875,-214.53857421875,-32.65380859375
1.8275146484375,-0.8011474609375,-1.3333740234375,20.99609375,-179.0771484375,-15.44189453125
2.2509765625,-0.8231201171875,-1.6610107421875,74.3408203125,-175.35400390625,7.6904296875
2.770263671875,-0.5062255859375,-1.5379638671875,55.35888671875,-216.85791015625,29.1748046875
2.995361328125,0.6041259765625,-1.139892578125,90.576171875,-268.798828125,-4.7607421875
2.968017578125,1.4937744140625,-0.6060791015625,126.953125,-302.55126953125,-54.74853515625
3.1278076171875,1.079345703125,0.18115234375,101.86767578125,-285.33935546875,-62.01171875
3.5028076171875,-0.1485595703125,1.0545654296875,56.0302734375,-220.947265625,-26.55029296875
3.7698974609375,-1.2110595703125,1.366455078125,39.36767578125,-170.95947265625,-36.376953125
3.805908203125,-1.2135009765625,0.8658447265625,19.10400390625,-97.412109375,-21.66748046875
3.6141357421875,-0.1324462890625,0.737548828125,19.22607421875,-66.89453125,-18.9208984375
2.9508056640625,-0.6055908203125,1.423095703125,82.58056640625,-45.83740234375,-13.12255859375
1.5631103515625,-1.7939453125,2.1865234375,71.1669921875,-34.24072265625,-6.89697265625
0.67578125,-0.9090576171875,2.415771484375,63.90380859375,-25.390625,-3.47900390625
0.812255859375,0.6163330078125,1.89111328125,47.91259765625,-22.3388671875,-0.79345703125
0.1817626953125,1.274658203125,1.5606689453125,33.99658203125,-19.10400390625,-0.18310546875
-0.3973388671875,1.4599609375,1.2906494140625,23.25439453125,-17.578125,-0.06103515625
0.2001953125,1.0283203125,1.203369140625,13.0615234375,-17.578125,0.244140625
1.065185546875,-0.5062255859375,1.1593017578125,4.7607421875,-18.61572265625,0.67138671875
1.9281005859375,0.197998046875,1.10400390625,1.953125,-20.6298828125,0.732421875
2.174072265625,0.2318115234375,1.075439453125,1.03759765625,-22.216796875,-1.220703125
1.65576171875,-0.297607421875,1.04296875,0.3662109375,-22.705078125,-5.2490234375
1.297119140625,0.0511474609375,1.015380859375,-0.48828125,-23.86474609375,-9.1552734375
0.7830810546875,-0.0665283203125,1.0009765625,-1.15966796875,-23.62060546875,-11.04736328125
0.427001953125,-0.1143798828125,0.9854736328125,-0.732421875,-24.59716796875,-11.474609375
0.4793701171875,-0.049072265625,0.9693603515625,0.6103515625,-24.658203125,-11.5966796875
0.43408203125,-0.09130859375,0.9637451171875,2.8076171875,-24.59716796875,-12.14599609375
0.403564453125,-0.14990234375,0.971435546875,2.44140625,-23.49853515625,-11.1083984375
0.3759765625,-0.1859130859375,0.9710693359375,0.54931640625,-23.3154296875,-8.1787109375
0.3448486328125,-0.2001953125,0.958740234375,-1.3427734375,-25.08544921875,-8.11767578125
0.325927734375,-0.185791015625,0.9508056640625,-3.72314453125,-29.11376953125,-10.43701171875
0.3221435546875,-0.1849365234375,0.94970703125,-3.90625,-30.33447265625,-13.61083984375
0.30517578125,-0.2052001953125,0.9453125,-3.96728515625,-32.5927734375,-19.59228515625
0.3035888671875,-0.2548828125,0.93798828125,-5.55419921875,-34.11865234375,-23.8037109375
0.300048828125,-0.2589111328125,0.9410400390625,-4.39453125,-34.97314453125,-25.69580078125
0.3084716796875,-0.1959228515625,0.943359375,-3.662109375,-37.41455078125,-25.5126953125
0.2962646484375,-0.1517333984375,0.9439697265625,-4.7607421875,-37.4755859375,-25.7568359375
0.29931640625,-0.1234130859375,0.9442138671875,-0.79345703125,-36.31591796875,-23.86474609375
0.3294677734375,-0.123291015625,0.93017578125,0.244140625,-37.2314453125,-20.6298828125
0.3524169921875,-0.1224365234375,0.9307861328125,1.52587890625,-39.00146484375,-17.51708984375
0.3624267578125,-0.10546875,0.922607421875,3.0517578125,-42.3583984375,-13.97705078125
0.3541259765625,-0.1470947265625,0.8887939453125,3.11279296875,-48.40087890625,-9.3994140625
0.32763671875,-0.1895751953125,0.869384765625,3.0517578125,-56.396484375,-4.638671875
0.3377685546875,-0.2081298828125,0.8673095703125,1.46484375,-64.8193359375,-0.91552734375
0.3565673828125,-0.2587890625,0.8778076171875,-0.1220703125,-74.70703125,0.06103515625
0.3321533203125,-0.229248046875,0.8897705078125,-3.23486328125,-87.09716796875,0.48828125
0.3359375,-0.1744384765625,0.911865234375,-7.01904296875,-102.05078125,2.9296875
0.3382568359375,-0.185791015625,0.9454345703125,-9.27734375,-117.7978515625,3.23486328125
0.3631591796875,-0.1654052734375,0.9571533203125,-11.29150390625,-136.474609375,2.0751953125
0.416748046875,-0.131103515625,0.9698486328125,-14.46533203125,-156.31103515625,-0.6103515625
0.40625,-0.1070556640625,1.0008544921875,-18.49365234375,-171.0205078125,-6.4697265625
0.3753662109375,-0.085205078125,1.02685546875,-21.3623046875,-187.68310546875,-17.08984375
0.3763427734375,-0.060546875,1.036865234375,-28.25927734375,-208.80126953125,-29.47998046875
0.3648681640625,-0.0347900390625,1.042724609375,-35.64453125,-233.3984375,-46.81396484375
0.3546142578125,-0.0347900390625,1.0540771484375,-42.17529296875,-272.52197265625,-61.5234375
0.3592529296875,-0.05810546875,1.037841796875,-46.9970703125,-322.75390625,-68.4814453125
0.3643798828125,-0.07763671875,1.0308837890625,-43.212890625,-376.77001953125,-83.19091796875
0.365478515625,-0.029296875,1.0562744140625,-37.29248046875,-424.31640625,-109.06982421875
0.349853515625,0.01318359375,1.0872802734375,-40.22216796875,-467.6513671875,-129.21142578125
0.3363037109375,-0.0029296875,1.074951171875,-71.2890625,-488.70849609375,-127.0751953125
0.3665771484375,-0.0313720703125,1.0367431640625,-125.1220703125,-483.82568359375,-149.10888671875
0.396484375,-0.1024169921875,1.0084228515625,-164.4287109375,-480.8349609375,-176.69677734375
0.3782958984375,-0.1666259765625,1.2122802734375,-181.884765625,-471.86279296875,-216.49169921875
0.3604736328125,-0.256591796875,1.358154296875,-204.89501953125,-455.26123046875,-192.0166015625
0.338623046875,-0.36181640625,1.3162841796875,-224.12109375,-326.5380859375,-176.57470703125
0.3111572265625,-0.3052978515625,1.387451171875,-206.48193359375,-238.34228515625,-107.7880859375
0.2386474609375,-0.1329345703125,1.3095703125,-147.52197265625,-141.11328125,-28.4423828125
0.12646484375,-0.132568359375,1.18798828125,-126.0986328125,-73.18115234375,28.86962890625
0.0797119140625,-0.3585205078125,1.2625732421875,-86.97509765625,92.59033203125,58.59375
0.617919921875,-0.5098876953125,1.6810302734375,-67.5048828125,204.1015625,69.4580078125
0.802490234375,-0.5648193359375,2.54931640625,-19.47021484375,265.19775390625,75.1953125
0.4324951171875,-0.444091796875,2.471923828125,26.06201171875,291.68701171875,77.33154296875
0.8153076171875,-0.826904296875,1.7874755859375,96.49658203125,297.607421875,76.7822265625
1.43359375,-1.3193359375,2.1954345703125,131.34765625,289.36767578125,76.47705078125
1.849365234375,-1.2889404296875,2.5799560546875,135.31494140625,284.7900390625,76.7822265625
2.0537109375,-1.2061767578125,1.8543701171875,122.314453125,299.74365234375,78.125
2.27978515625,-0.8973388671875,1.3404541015625,61.34033203125,324.5849609375,83.80126953125
2.259033203125,-1.5806884765625,0.9085693359375,38.6962890625,348.08349609375,91.49169921875
1.1783447265625,-2.126708984375,0.654296875,20.32470703125,372.4365234375,100.89111328125
0.6640625,-1.83203125,0.509765625,8.1787109375,376.28173828125,110.83984375
1.986083984375,-1.5697021484375,0.4345703125,1.52587890625,377.0751953125,120.78857421875
1.9676513671875,-0.9478759765625,0.5279541015625,-2.0751953125,375.48828125,130.43212890625
0.6221923828125,-0.3912353515625,0.61962890625,-8.72802734375,373.6572265625,138.61083984375
0.2655029296875,-0.070556640625,0.677001953125,-17.4560546875,371.4599609375,144.287109375
0.0108642578125,0.0517578125,0.6934814453125,-24.47509765625,369.9951171875,149.59716796875
-0.1258544921875,-0.0565185546875,0.656982421875,-27.4658203125,371.4599609375,155.8837890625
-0.18359375,-0.168701171875,0.6998291015625,-25.81787109375,374.1455078125,164.0625
-0.0062255859375,-0.2760009765625,0.801513671875,-21.42333984375,377.99072265625,173.88916015625
0.216796875,-0.3544921875,0.9332275390625,-17.27294921875,379.82177734375,181.884765625
0.38818359375,-0.2930908203125,1.099365234375,-15.5029296875,375.3662109375,184.4482421875
0.4384765625,-0.2325439453125,1.3062744140625,-14.83154296875,364.1357421875,180.23681640625
0.4110107421875,-0.2017822265625,1.5296630859375,-12.8173828125,345.88623046875,167.96875
0.4053955078125,-0.2169189453125,1.7410888671875,-4.150390625,327.0263671875,143.1884765625
0.4398193359375,-0.26025390625,1.925537109375,11.962890625,311.1572265625,107.2998046875
0.51416015625,-0.3056640625,2.0640869140625,30.517578125,288.9404296875,63.3544921875
0.6226806640625,-0.3505859375,2.14990234375,44.73876953125,251.3427734375,20.99609375
0.7359619140625,-0.3873291015625,2.203125,56.396484375,216.49169921875,-12.451171875
0.8663330078125,-0.4151611328125,2.236328125,58.9599609375,190.97900390625,-37.65869140625
1.0262451171875,-0.4532470703125,2.1507568359375,15.0146484375,167.78564453125,-59.87548828125
1.19873046875,-0.5394287109375,1.761474609375,-89.84375,129.57763671875,-83.43505859375
1.3690185546875,-0.68896484375,1.0986328125,-179.3212890625,69.39697265625,-98.20556640625
1.5137939453125,-0.8245849609375,0.4339599609375,-185.546875,-8.85009765625,-83.55712890625
1.6468505859375,-0.8607177734375,-0.118896484375,-133.30078125,-70.73974609375,-65.49072265625
1.7978515625,-0.9119873046875,-0.6322021484375,-36.865234375,-130.0048828125,-10.1318359375
2.0274658203125,-1.0015869140625,-0.949951171875,46.81396484375,-174.1943359375,19.10400390625
2.359375,-0.5738525390625,-0.942138671875,84.8388671875,-193.05419921875,21.240234375
2.58544921875,0.5537109375,-0.794677734375,123.4130859375,-251.15966796875,-6.77490234375
2.5947265625,1.50927734375,-0.6451416015625,77.1484375,-302.55126953125,-52.001953125
2.692626953125,1.3536376953125,-0.25048828125,50.96435546875,-288.63525390625,-51.08642578125
2.96435546875,0.4742431640625,0.49169921875,5.859375,-227.96630859375,-21.1181640625
3.2537841796875,-0.43115234375,0.4483642578125,-27.34375,-176.1474609375,-6.103515625
3.449951171875,-0.86279296875,0.726318359375,-32.28759765625,-150.634765625,-25.45166015625
3.4781494140625,-0.5784912109375,0.9293212890625,-26.9775390625,-134.521484375,-19.53125
3.15966796875,-0.6534423828125,1.1571044921875,15.2587890625,-48.2177734375,-15.07568359375
2.526611328125,-0.4202880859375,1.9833984375,60.05859375,-21.66748046875,-8.85009765625
2.0419921875,-0.0616455078125,2.3291015625,71.59423828125,-13.36669921875,-8.30078125
1.633544921875,0.2149658203125,1.9263916015625,45.34912109375,-10.19287109375,-6.2255859375
0.49609375,0.981201171875,1.44873046875,31.43310546875,-7.6904296875,-5.615234375
-0.239013671875,1.1473388671875,1.458251953125,22.8271484375,-6.77490234375,-4.150390625
-0.2279052734375,0.4798583984375,1.1453857421875,17.9443359375,-11.16943359375,-3.23486328125
0.7994384765625,-1.0318603515625,1.1754150390625,14.09912109375,-14.2822265625,-2.01416015625
1.8533935546875,-1.7469482421875,1.1055908203125,11.71875,-16.845703125,-1.3427734375
2.056640625,-0.840576171875,1.0733642578125,8.544921875,-19.04296875,-5.92041015625
1.714599609375,-0.29345703125,1.0301513671875,5.67626953125,-22.27783203125,-7.9345703125
1.1575927734375,0.0377197265625,0.991943359375,3.47900390625,-24.169921875,-8.056640625
1.07861328125,-0.0487060546875,0.9730224609375,2.62451171875,-24.59716796875,-8.056640625
0.4503173828125,-0.1290283203125,0.9599609375,2.9296875,-25.2685546875,-7.50732421875
0.4398193359375,-0.07958984375,0.9541015625,2.74658203125,-25.634765625,-7.9345703125
0.3896484375,-0.1326904296875,0.94873046875,2.62451171875,-26.55029296875,-10.43701171875
0.36279296875,-0.139892578125,0.9461669921875,0.1220703125,-27.52685546875,-14.70947265625
0.345947265625,-0.1480712890625,0.964111328125,-2.38037109375,-27.89306640625,-16.4794921875
0.313232421875,-0.17333984375,0.96337890625,-4.94384765625,-29.6630859375,-18.1884765625
0.244140625,-0.197265625,0.9595947265625,-7.50732421875,-37.59765625,-17.63916015625
0.238525390625,-0.2093505859375,0.9617919921875,-9.33837890625,-41.68701171875,-15.380859375
0.238525390625,-0.2193603515625,0.9691162109375,-6.28662109375,-42.78564453125,-12.26806640625
0.2540283203125,-0.1968994140625,0.9697265625,-6.34765625,-45.5322265625,-9.27734375
0.274169921875,-0.1629638671875,0.9605712890625,-7.4462890625,-51.08642578125,-6.89697265625
0.2637939453125,-0.1148681640625,0.95263671875,-5.859375,-55.96923828125,-5.31005859375
0.2901611328125,-0.0946044921875,0.9365234375,-4.8828125,-63.232421875,-4.82177734375
0.3101806640625,-0.105712890625,0.923583984375,-7.2021484375,-74.21875,-5.37109375
0.32080078125,-0.150146484375,0.9229736328125,-9.3994140625,-88.19580078125,-3.23486328125
0.3284912109375,-0.19482421875,0.9376220703125,-10.31494140625,-102.35595703125,1.5869140625
0.3311767578125,-0.180419921875,0.946533203125,-10.6201171875,-116.39404296875,-0.54931640625
0.326171875,-0.1806640625,0.958984375,-13.5498046875,-131.34765625,-16.2353515625
0.2977294921875,-0.1190185546875,0.9892578125,-18.37158203125,-166.6259765625,-29.296875
0.3153076171875,-0.129638671875,1.0272216796875,-23.8037109375,-204.7119140625,-48.52294921875
0.3382568359375,-0.0968017578125,1.040283203125,-32.77587890625,-226.1962890625,-67.5048828125
0.3817138671875,-0.0889892578125,1.036376953125,-38.2080078125,-251.77001953125,-85.26611328125
0.3533935546875,-0.111328125,1.043212890625,-42.05322265625,-295.47119140625,-99.365234375
0.3416748046875,-0.1343994140625,1.0511474609375,-49.98779296875,-360.04638671875,-115.90576171875
0.3526611328125,-0.13720703125,1.041748046875,-41.93115234375,-423.27880859375,-130.7373046875
0.323486328125,-0.092041015625,1.053466796875,-38.330078125,-455.810546875,-145.08056640625
0.2908935546875,-0.0191650390625,1.101806640625,-50.96435546875,-489.501953125,-139.2822265625
0.2725830078125,0.0064697265625,1.1087646484375,-100.7080078125,-491.3330078125,-167.1142578125
0.2982177734375,-0.0594482421875,1.0882568359375,-161.865234375,-491.14990234375,-199.0966796875
0.354248046875,-0.1939697265625,1.109375,-197.57080078125,-477.05078125,-226.5625
0.3681640625,-0.256103515625,1.3089599609375,-235.29052734375,-443.2373046875,-245.66650390625
0.348876953125,-0.3685302734375,1.3790283203125,-238.58642578125,-357.48291015625,-216.61376953125
0.2891845703125,-0.42431640625,1.416015625,-214.2333984375,-318.9697265625,-176.1474609375
0.2586669921875,-0.302734375,1.42919921875,-178.89404296875,-221.86279296875,-99.18212890625
0.20947265625,-0.1671142578125,1.3685302734375,-114.3798828125,-120.91064453125,-22.52197265625
0.0313720703125,-0.1400146484375,1.4996337890625,-86.48681640625,-33.99658203125,30.45654296875
-0.080322265625,-0.310546875,2.0079345703125,-77.08740234375,117.85888671875,84.228515625
0.571533203125,-0.430908203125,2.4735107421875,-31.06689453125,194.7021484375,101.74560546875
0.9547119140625,-0.6473388671875,2.5615234375,15.0146484375,235.107421875,112.73193359375
0.8216552734375,-1.326171875,2.5721435546875,67.81005859375,231.5673828125,118.46923828125
1.2269287109375,-1.666748046875,2.1175537109375,125.244140625,230.3466796875,122.9248046875
1.8341064453125,-1.4537353515625,2.1707763671875,128.5400390625,238.70849609375,124.57275390625
2.1834716796875,-1.3560791015625,2.1297607421875,116.39404296875,257.99560546875,124.267578125
2.6400146484375,-1.123046875,1.4681396484375,93.505859375,282.5927734375,122.55859375
2.5111083984375,-1.3408203125,1.116455078125,69.82421875,308.28857421875,117.98095703125
1.653564453125,-1.87451171875,0.568359375,52.8564453125,328.857421875,116.455078125
0.930419921875,-1.850341796875,0.453369140625,39.4287109375,352.783203125,115.72265625
1.428466796875,-1.6634521484375,0.47705078125,32.5927734375,368.65234375,114.990234375
1.7581787109375,-1.27099609375,0.5849609375,28.99169921875,373.4130859375,114.44091796875
0.7166748046875,-0.3470458984375,0.682373046875,17.51708984375,375.8544921875,113.037109375
0.237060546875,-0.079833984375,0.7388916015625,11.1083984375,374.93896484375,110.3515625
0.0806884765625,0.05615234375,0.75048828125,7.080078125,372.37548828125,107.91015625
-0.277099609375,0.0443115234375,0.762451171875,5.18798828125,369.68994140625,107.7880859375
-0.2418212890625,-0.02099609375,0.8720703125,3.7841796875,368.46923828125,110.29052734375
-0.0396728515625,-0.0771484375,0.9569091796875,4.45556640625,369.7509765625,114.3798828125
0.176513671875,-0.1229248046875,1.0377197265625,6.34765625,372.49755859375,119.62890625
0.3145751953125,-0.108642578125,1.1202392578125,7.99560546875,373.71826171875,123.47412109375
0.3934326171875,-0.0166015625,1.24853515625,8.9111328125,370.91064453125,120.17822265625
0.4083251953125,-0.0377197265625,1.431640625,9.09423828125,363.76953125,106.75048828125
0.448974609375,-0.0732421875,1.648681640625,10.25390625,353.94287109375,86.97509765625
0.5841064453125,-0.0889892578125,1.8804931640625,13.671875,343.3837890625,65.12451171875
0.64990234375,-0.11083984375,2.0863037109375,20.8740234375,323.8525390625,42.48046875
0.7078857421875,-0.1705322265625,2.2421875,29.4189453125,290.34423828125,24.7802734375
0.7467041015625,-0.246826171875,2.34765625,34.48486328125,249.81689453125,14.09912109375
0.81005859375,-0.3160400390625,2.3857421875,17.7001953125,217.22412109375,7.87353515625
0.9185791015625,-0.3875732421875,2.2974853515625,-35.94970703125,173.2177734375,-12.939453125
1.05810546875,-0.4749755859375,1.970458984375,-120.849609375,107.0556640625,-45.47119140625
1.220703125,-0.5816650390625,1.3609619140625,-165.8935546875,13.24462890625,-76.171875
1.3785400390625,-0.729736328125,0.61376953125,-146.97265625,-79.89501953125,-44.189453125
1.5255126953125,-0.9288330078125,-0.15966796875,-62.43896484375,-164.36767578125,-46.0205078125
1.714599609375,-1.1422119140625,-0.9246826171875,48.828125,-133.544921875,-8.97216796875
1.9835205078125,-1.089599609375,-1.4007568359375,92.95654296875,-153.3203125,43.51806640625
2.3111572265625,-0.5123291015625,-1.4046630859375,62.01171875,-201.72119140625,4.45556640625
2.5999755859375,0.4542236328125,-1.186767578125,67.44384765625,-260.80322265625,-40.283203125
2.77294921875,1.1087646484375,-0.7802734375,63.17138671875,-253.11279296875,-50.1708984375
2.8826904296875,0.88671875,0.9637451171875,25.87890625,-196.4111328125,-8.6669921875
3.173095703125,0.11279296875,1.693115234375,2.0751953125,-161.1328125,-11.3525390625
3.5625,-0.6514892578125,1.32958984375,-16.05224609375,-142.4560546875,-19.34814453125
3.809814453125,-0.7286376953125,0.5863037109375,-24.35302734375,-126.28173828125,-16.54052734375
3.848388671875,0.3797607421875,0.6168212890625,26.123046875,-45.59326171875,-13.5498046875
3.384765625,-0.40771484375,2.1768798828125,57.7392578125,-31.1279296875,-4.69970703125
2.859130859375,-1.339111328125,2.0865478515625,59.26513671875,-20.56884765625,-4.7607421875
0.6046142578125,-0.566162109375,1.6312255859375,48.2177734375,-20.1416015625,-0.8544921875
-0.0406494140625,0.271484375,1.1544189453125,28.50341796875,-16.357421875,2.01416015625
-0.5185546875,1.1268310546875,1.4581298828125,13.0615234375,-15.2587890625,2.9296875
-0.4468994140625,1.0140380859375,1.1373291015625,8.30078125,-15.869140625,3.47900390625
0.2789306640625,-0.2569580078125,1.1937255859375,-1.0986328125,-16.4794921875,2.8076171875
1.744873046875,-1.154541015625,1.1082763671875,-6.103515625,-20.3857421875,2.3193359375
1.741943359375,-0.278564453125,1.072265625,-8.544921875,-20.44677734375,1.15966796875
1.124267578125,-0.306640625,1.0823974609375,-10.6201171875,-20.69091796875,-0.67138671875
0.684814453125,-0.0101318359375,1.024658203125,-11.29150390625,-21.484375,-3.11279296875
1.0087890625,-0.010498046875,1.0029296875,-13.3056640625,-22.03369140625,-6.103515625
0.321533203125,-0.11328125,0.98974609375,-13.7939453125,-22.4609375,-8.7890625
0.48193359375,-0.0560302734375,0.978759765625,-12.75634765625,-20.99609375,-8.544921875
0.4605712890625,-0.06982421875,0.9639892578125,-10.8642578125,-21.30126953125,-8.36181640625
0.354248046875,-0.1119384765625,0.96240234375,-8.4228515625,-22.64404296875,-8.4228515625
0.3482666015625,-0.1441650390625,0.9766845703125,-5.2490234375,-24.658203125,-7.8125
0.3310546875,-0.197998046875,0.9803466796875,-5.06591796875,-24.90234375,-5.37109375
0.319091796875,-0.197021484375,0.9642333984375,-6.9580078125,-25.69580078125,-4.33349609375
0.2816162109375,-0.1856689453125,0.9473876953125,-8.11767578125,-28.38134765625,-5.31005859375
0.2779541015625,-0.1876220703125,0.9376220703125,-7.8125,-27.03857421875,-7.38525390625
0.3035888671875,-0.2244873046875,0.9456787109375,-5.859375,-27.28271484375,-8.544921875
0.3043212890625,-0.2615966796875,0.9561767578125,-8.60595703125,-27.03857421875,-9.58251953125
0.30078125,-0.2613525390625,0.952392578125,-9.8876953125,-27.28271484375,-11.04736328125
0.289306640625,-0.2178955078125,0.9371337890625,-10.80322265625,-26.9775390625,-11.8408203125
