0.6312255859375,-0.3507080078125,0.7294921875,33.447265625,-61.95068359375,3.0517578125
0.58447265625,-0.413330078125,0.746826171875,29.4189453125,-77.63671875,19.53125
0.5919189453125,-0.34716796875,0.7830810546875,29.72412109375,-118.2861328125,23.13232421875
0.6114501953125,-0.3646240234375,0.7725830078125,23.86474609375,-154.72412109375,18.73779296875
0.6055908203125,-0.414794921875,0.7947998046875,19.59228515625,-173.03466796875,14.09912109375
0.57763671875,-0.418701171875,0.8507080078125,5.7373046875,-216.97998046875,5.9814453125
0.5679931640625,-0.3758544921875,0.864990234375,-9.8876953125,-244.81201171875,-12.75634765625
0.5950927734375,-0.1798095703125,0.880615234375,-18.49365234375,-278.13720703125,-26.91650390625
0.6241455078125,-0.1165771484375,0.9178466796875,-36.376953125,-532.71484375,-65.185546875
0.62353515625,-0.07373046875,0.9163818359375,-40.34423828125,-541.44287109375,-120.17822265625
0.6014404296875,0.0323486328125,0.9801025390625,-45.0439453125,-521.54541015625,-113.22021484375
0.593017578125,0.071533203125,0.9827880859375,-134.46044921875,-502.5634765625,-113.70849609375
0.643310546875,0.082275390625,0.994873046875,-168.45703125,-210.02197265625,-33.75244140625
0.6312255859375,0.0169677734375,1.017333984375,-198.974609375,-114.1357421875,-24.10888671875
0.590087890625,-0.10498046875,1.1260986328125,-207.1533203125,140.80810546875,-20.32470703125
0.611572265625,-0.2413330078125,0.756103515625,-221.98486328125,243.22509765625,-20.56884765625
0.602294921875,-0.3046875,0.7962646484375,-170.7763671875,302.1240234375,-25.81787109375
0.5833740234375,-0.258544921875,0.889404296875,-38.9404296875,322.509765625,-25.634765625
0.566650390625,-0.29833984375,1.4849853515625,48.15673828125,332.58056640625,21.78955078125
0.5372314453125,-0.6153564453125,1.6180419921875,97.900390625,307.43408203125,67.19970703125
0.505859375,-1.111572265625,1.929443359375,123.779296875,325.37841796875,75.68359375
0.3985595703125,-1.0692138671875,1.3695068359375,138.85498046875,363.4033203125,80.810546875
0.281494140625,-0.866455078125,0.94384765625,139.22119140625,374.45068359375,86.12060546875
1.628173828125,-1.5960693359375,0.673583984375,73.30322265625,381.4697265625,91.24755859375
2.05224609375,-1.9755859375,0.4560546875,47.2412109375,385.19287109375,93.8720703125
2.6507568359375,-1.7462158203125,0.361083984375,44.677734375,385.7421875,100.76904296875
3.125244140625,-1.161376953125,0.514892578125,45.0439453125,385.55908203125,129.0283203125
1.7923583984375,-0.7061767578125,0.4393310546875,40.58837890625,386.41357421875,168.51806640625
2.4427490234375,-0.408935546875,0.3817138671875,33.02001953125,397.3388671875,168.39599609375
1.641357421875,-0.182373046875,0.41748046875,26.06201171875,377.9296875,156.79931640625
1.1883544921875,-0.203369140625,0.4478759765625,16.7236328125,362.060546875,130.2490234375
0.620849609375,-0.4893798828125,0.5709228515625,5.06591796875,345.5810546875,92.22412109375
0.137451171875,-0.4522705078125,0.7564697265625,0.1220703125,324.462890625,42.8466796875
-0.153076171875,-0.4140625,0.9368896484375,-6.16455078125,295.5322265625,-1.3427734375
-0.1397705078125,-0.3607177734375,1.399169921875,-9.521484375,264.46533203125,-17.822265625
0.57666015625,-0.360107421875,1.598876953125,-8.48388671875,220.52001953125,-13.00048828125
0.5587158203125,-0.408447265625,1.6436767578125,-11.3525390625,167.3583984375,-34.7900390625
0.556884765625,-0.4656982421875,1.6153564453125,-32.71484375,97.65625,-86.3037109375
0.591552734375,-0.6669921875,1.3507080078125,-80.62744140625,-4.21142578125,-110.29052734375
0.6590576171875,-0.355224609375,0.7874755859375,-152.4658203125,-62.19482421875,-83.3740234375
0.8067626953125,-0.36767578125,-0.029541015625,-193.9697265625,-81.787109375,-20.5078125
1.054443359375,-0.520751953125,-1.0394287109375,-79.1015625,-71.8994140625,9.94873046875
1.3018798828125,-0.666748046875,-1.923828125,43.45703125,-178.89404296875,-27.7099609375
1.7371826171875,-0.5565185546875,-2.3575439453125,115.8447265625,-233.642578125,-29.72412109375
2.1920166015625,-0.0899658203125,-1.926513671875,101.74560546875,-238.525390625,-15.68603515625
2.482421875,0.8251953125,-1.194580078125,89.35546875,-241.27197265625,-34.72900390625
2.8173828125,1.593505859375,0.7559814453125,68.54248046875,-222.59521484375,-27.7099609375
2.9403076171875,1.3062744140625,1.46142578125,35.7666015625,-95.8251953125,-9.521484375
3.0589599609375,-1.087890625,0.6834716796875,21.484375,-34.5458984375,1.220703125
3.234130859375,-0.9088134765625,0.8343505859375,36.7431640625,-9.21630859375,3.23486328125
3.28515625,0.6663818359375,1.779052734375,33.0810546875,-24.2919921875,4.21142578125
3.17138671875,0.03466796875,1.5244140625,26.85546875,-33.3251953125,-5.55419921875
3.16943359375,0.01416015625,1.3779296875,10.19287109375,-37.109375,-7.99560546875
3.0628662109375,0.51611328125,1.0386962890625,-2.99072265625,-29.60205078125,-7.568359375
2.7061767578125,0.73583984375,0.9776611328125,-3.96728515625,-24.71923828125,-5.9814453125
0.5133056640625,0.01318359375,0.933349609375,-4.57763671875,-25.20751953125,-4.638671875
-0.205078125,-0.63720703125,0.9053955078125,4.0283203125,-28.38134765625,-2.01416015625
-0.1549072265625,-0.086181640625,0.90087890625,1.8310546875,-32.04345703125,0.9765625
0.7445068359375,0.084716796875,0.8677978515625,-1.0986328125,-36.43798828125,2.5634765625
2.0333251953125,0.0208740234375,0.8292236328125,-4.0283203125,-41.9921875,-1.52587890625
1.7490234375,-0.1549072265625,0.849365234375,-9.27734375,-44.43359375,-4.8828125
1.719970703125,-0.1705322265625,0.867431640625,-9.765625,-45.95947265625,-7.50732421875
1.572021484375,-0.181884765625,0.8658447265625,-6.7138671875,-49.1943359375,-5.37109375
0.623046875,-0.2122802734375,0.85546875,-11.65771484375,-53.3447265625,-7.14111328125
0.6517333984375,-0.1376953125,0.8525390625,-12.63427734375,-52.91748046875,-8.056640625
0.509033203125,-0.0726318359375,0.83740234375,-14.83154296875,-51.08642578125,-11.474609375
0.5435791015625,-0.025634765625,0.8218994140625,-8.11767578125,-46.5087890625,-11.71875
0.5596923828125,-0.0162353515625,0.8291015625,-12.63427734375,-54.931640625,-11.16943359375
0.5458984375,-0.0546875,0.8253173828125,-11.8408203125,-61.5234375,-8.1787109375
0.5498046875,-0.059326171875,0.7750244140625,-14.0380859375,-70.73974609375,-5.06591796875
0.5714111328125,-0.1241455078125,0.7164306640625,-4.7607421875,-78.55224609375,-4.150390625
0.5762939453125,-0.1759033203125,0.7010498046875,-3.5400390625,-86.36474609375,-4.5166015625
0.590087890625,-0.207275390625,0.712890625,-2.99072265625,-98.93798828125,-2.3193359375
0.5504150390625,-0.1207275390625,0.7991943359375,-3.41796875,-113.8916015625,12.20703125
0.551025390625,-0.0693359375,0.8065185546875,-5.126953125,-128.7841796875,9.82666015625
0.5987548828125,-0.14404296875,0.79443359375,-6.04248046875,-184.4482421875,-9.33837890625
0.5797119140625,-0.1405029296875,0.786865234375,-6.77490234375,-233.21533203125,-25.87890625
0.5716552734375,-0.13720703125,0.83349609375,-7.8125,-301.20849609375,-26.0009765625
0.6182861328125,-0.133056640625,0.8804931640625,-14.6484375,-343.93310546875,-16.05224609375
0.654541015625,-0.0863037109375,0.879150390625,-29.47998046875,-386.16943359375,-39.794921875
0.6409912109375,-0.0484619140625,0.875732421875,-32.958984375,-451.47705078125,-62.07275390625
0.6368408203125,-0.0648193359375,0.9283447265625,-31.67724609375,-497.61962890625,-101.86767578125
0.602294921875,-0.1005859375,0.88427734375,-45.0439453125,-512.8173828125,-113.58642578125
0.6038818359375,-0.0706787109375,0.9935302734375,-81.0546875,-490.29541015625,-122.37548828125
0.6278076171875,0.018798828125,0.9415283203125,-108.88671875,-373.779296875,-63.232421875
0.635498046875,-0.0347900390625,1.091552734375,-167.3583984375,-222.2900390625,-11.29150390625
0.6187744140625,-0.17822265625,1.4176025390625,-206.4208984375,-3.5400390625,11.962890625
0.5992431640625,-0.27099609375,1.2471923828125,-260.92529296875,132.2021484375,10.009765625
0.6011962890625,-0.2010498046875,0.7607421875,-197.75390625,222.59521484375,7.6904296875
0.6275634765625,-0.1505126953125,0.892822265625,-116.0888671875,284.66796875,6.9580078125
0.59130859375,-0.3182373046875,1.693603515625,-71.044921875,302.6123046875,7.8125
0.491455078125,-0.5438232421875,2.03173828125,6.9580078125,300.6591796875,19.83642578125
0.4027099609375,-0.5250244140625,1.8341064453125,78.18603515625,304.5654296875,38.57421875
0.2418212890625,-1.148193359375,1.978271484375,112.548828125,303.5888671875,101.01318359375
0.7972412109375,-0.8851318359375,1.4891357421875,128.23486328125,280.09033203125,105.77392578125
1.308837890625,-1.0821533203125,1.02294921875,128.60107421875,332.45849609375,109.68017578125
1.5120849609375,-2.03759765625,0.744140625,111.02294921875,349.4873046875,111.26708984375
2.4007568359375,-2.132568359375,0.5799560546875,95.458984375,357.11669921875,113.1591796875
2.823486328125,-2.0267333984375,0.4276123046875,53.28369140625,367.98095703125,118.95751953125
3.072021484375,-1.4945068359375,0.4710693359375,51.57470703125,381.53076171875,124.08447265625
2.173828125,-0.8463134765625,0.5906982421875,50.96435546875,387.20703125,132.38525390625
2.84716796875,-0.443359375,0.5965576171875,47.2412109375,390.7470703125,140.9912109375
1.738037109375,-0.197265625,0.55126953125,35.21728515625,395.69091796875,150.08544921875
1.0677490234375,-0.0765380859375,0.5565185546875,18.1884765625,400.390625,155.94482421875
0.5157470703125,-0.1075439453125,0.5943603515625,12.20703125,403.13720703125,154.23583984375
0.0657958984375,-0.35302734375,0.7161865234375,5.31005859375,399.96337890625,96.00830078125
-0.195556640625,-0.339599609375,0.9774169921875,2.0751953125,389.7705078125,13.24462890625
-0.2056884765625,-0.267578125,1.12646484375,-0.06103515625,333.06884765625,-9.21630859375
-0.1016845703125,-0.2232666015625,1.2923583984375,1.708984375,271.728515625,10.25390625
0.1083984375,-0.248779296875,1.44873046875,6.04248046875,178.5888671875,23.01025390625
0.577880859375,-0.30712890625,1.5670166015625,2.01416015625,111.328125,11.41357421875
0.54052734375,-0.328857421875,1.6678466796875,-47.54638671875,44.189453125,-28.3203125
0.5960693359375,-0.3402099609375,1.7467041015625,-111.328125,-14.7705078125,-52.3681640625
0.732177734375,-0.3634033203125,1.154052734375,-209.8388671875,-74.03564453125,-36.56005859375
0.943603515625,-0.3699951171875,-0.34423828125,-161.62109375,-105.95703125,-27.9541015625
1.2901611328125,-0.392333984375,-1.1793212890625,-62.31689453125,-150.2685546875,-5.615234375
1.489990234375,-0.44140625,-1.954345703125,42.236328125,-190.24658203125,-36.62109375
1.6953125,-0.5928955078125,-1.872314453125,85.3271484375,-238.34228515625,-66.40625
1.887939453125,0.110107421875,-1.717041015625,94.54345703125,-274.10888671875,-38.39111328125
2.02734375,1.001953125,-1.4229736328125,101.4404296875,-257.2021484375,-46.0205078125
2.162841796875,0.76611328125,-0.968017578125,69.3359375,-258.7890625,-58.89892578125
2.3731689453125,-0.3909912109375,0.9100341796875,48.88916015625,-201.47705078125,-45.10498046875
2.934814453125,-1.07861328125,0.46630859375,29.96826171875,-121.826171875,-38.87939453125
3.056884765625,-0.5831298828125,0.6859130859375,47.79052734375,-77.57568359375,-31.6162109375
2.927490234375,0.3277587890625,1.4765625,76.72119140625,-33.02001953125,-23.4375
2.853515625,-0.1424560546875,1.8157958984375,79.7119140625,-8.544921875,-16.90673828125
3.17041015625,0.6451416015625,1.36572265625,53.77197265625,1.3427734375,-7.38525390625
3.01025390625,1.127685546875,1.2777099609375,44.86083984375,3.0517578125,4.57763671875
2.5430908203125,1.104736328125,1.228759765625,39.6728515625,-6.65283203125,0.30517578125
2.3841552734375,0.6676025390625,0.960205078125,35.15625,-28.99169921875,-2.8076171875
-0.5814208984375,-1.3370361328125,0.9345703125,28.80859375,-25.2685546875,-3.11279296875
0.0316162109375,-0.5218505859375,0.905029296875,18.00537109375,-23.3154296875,-3.84521484375
0.628173828125,0.281005859375,0.9130859375,-11.90185546875,-25.5126953125,-5.37109375
1.4891357421875,-0.2371826171875,0.9266357421875,-9.3994140625,-30.21240234375,-3.84521484375
2.14404296875,-0.17041015625,0.911376953125,-5.79833984375,-32.5927734375,-6.40869140625
1.8802490234375,0.07861328125,0.8587646484375,-4.5166015625,-34.48486328125,-6.77490234375
1.810546875,0.0068359375,0.8253173828125,-2.685546875,-48.03466796875,-4.39453125
1.8779296875,0.070556640625,0.834716796875,-1.52587890625,-50.537109375,-3.35693359375
0.7916259765625,0.102294921875,0.8568115234375,-3.662109375,-57.31201171875,-0.54931640625
0.810302734375,-0.1507568359375,0.8699951171875,-13.0615234375,-58.4716796875,1.953125
0.87646484375,-0.23193359375,0.852783203125,-13.00048828125,-58.59375,1.953125
0.752685546875,-0.165771484375,0.85986328125,-13.3056640625,-56.57958984375,0.30517578125
0.672119140625,-0.1011962890625,0.8154296875,-14.0380859375,-57.06787109375,0.3662109375
0.60546875,-0.0794677734375,0.777587890625,-16.17431640625,-61.46240234375,2.3193359375
0.559814453125,-0.0587158203125,0.7430419921875,-17.51708984375,-66.58935546875,6.8359375
0.576171875,-0.0999755859375,0.7332763671875,-17.578125,-73.486328125,6.40869140625
0.5709228515625,-0.1063232421875,0.70849609375,-15.625,-103.57666015625,8.23974609375
0.5538330078125,-0.096923828125,0.7197265625,-14.70947265625,-116.88232421875,9.6435546875
0.560791015625,-0.0718994140625,0.773681640625,-13.5498046875,-132.01904296875,9.70458984375
0.581787109375,-0.0889892578125,0.790771484375,-14.95361328125,-147.0947265625,8.1787109375
0.5341796875,-0.06494140625,0.782470703125,-15.44189453125,-164.00146484375,5.37109375
0.5555419921875,-0.0810546875,0.79443359375,-17.51708984375,-185.11962890625,0.9765625
0.60205078125,-0.1319580078125,0.8460693359375,-20.1416015625,-209.1064453125,-5.31005859375
0.5977783203125,-0.1378173828125,0.8555908203125,-24.96337890625,-239.3798828125,-14.0380859375
0.6243896484375,-0.0987548828125,0.8702392578125,-30.2734375,-275.7568359375,-28.86962890625
0.6639404296875,-0.0498046875,0.9063720703125,-35.15625,-322.998046875,-3.47900390625
0.6549072265625,-0.099365234375,0.9217529296875,-41.68701171875,-373.71826171875,-24.5361328125
0.623046875,-0.0733642578125,0.9139404296875,-44.3115234375,-431.82373046875,-54.19921875
0.615966796875,-0.04345703125,0.90625,-43.64013671875,-488.83056640625,-57.92236328125
0.6153564453125,-0.0625,0.9090576171875,-47.2412109375,-523.86474609375,-86.97509765625
0.62744140625,-0.116943359375,0.979736328125,-88.37890625,-523.74267578125,-134.09423828125
0.60986328125,-0.1827392578125,1.0753173828125,-117.73681640625,-500.6103515625,-115.66162109375
0.614013671875,-0.2022705078125,1.0897216796875,-131.89697265625,-483.45947265625,-139.16015625
0.6212158203125,-0.2069091796875,1.271240234375,-174.25537109375,-397.88818359375,-140.380859375
0.616943359375,-0.1949462890625,1.3751220703125,-218.75,-338.43994140625,-135.55908203125
0.58740234375,-0.177734375,0.998779296875,-232.0556640625,-266.4794921875,-104.79736328125
0.552490234375,-0.061767578125,0.7073974609375,-270.81298828125,-166.50390625,13.671875
0.48486328125,-0.2203369140625,0.760009765625,-272.3388671875,-86.669921875,31.43310546875
0.376953125,-0.5362548828125,0.9635009765625,-232.0556640625,178.955078125,34.11865234375
0.2257080078125,-0.453857421875,1.28271484375,-234.86328125,249.93896484375,33.75244140625
0.1455078125,-0.5360107421875,1.84619140625,-203.67431640625,297.7294921875,35.5224609375
0.67431640625,-0.9547119140625,2.0283203125,-80.6884765625,316.22314453125,41.50390625
1.147705078125,-1.1529541015625,1.4998779296875,15.44189453125,336.3037109375,52.1240234375
1.37939453125,-1.0352783203125,1.654296875,85.75439453125,346.5576171875,62.744140625
1.7081298828125,-1.006591796875,1.7039794921875,129.82177734375,333.19091796875,74.3408203125
2.08837890625,-0.8717041015625,1.2535400390625,147.94921875,329.04052734375,104.98046875
2.553466796875,-0.5958251953125,0.9005126953125,145.8740234375,331.35986328125,108.09326171875
3.046630859375,-1.453369140625,0.701904296875,132.62939453125,371.337890625,111.51123046875
2.9339599609375,-2.27294921875,0.487548828125,107.48291015625,381.77490234375,125.3662109375
2.417236328125,-2.1041259765625,0.4180908203125,78.125,388.18359375,135.009765625
1.8621826171875,-1.515380859375,0.443603515625,43.3349609375,396.728515625,146.240234375
1.5206298828125,-0.957275390625,0.458251953125,40.6494140625,402.587890625,158.69140625
2.4383544921875,-0.498779296875,0.4962158203125,36.19384765625,406.79931640625,172.42431640625
1.1923828125,-0.189208984375,0.5716552734375,19.287109375,407.470703125,187.56103515625
0.7811279296875,-0.0679931640625,0.5338134765625,9.521484375,402.28271484375,195.12939453125
0.540771484375,-0.0616455078125,0.56494140625,5.37109375,392.7001953125,195.00732421875
0.3026123046875,-0.134765625,0.61376953125,6.591796875,379.8828125,182.4951171875
0.18603515625,-0.433349609375,0.8631591796875,10.92529296875,368.5302734375,156.18896484375
0.1248779296875,-0.3671875,1.01318359375,8.60595703125,359.7412109375,115.478515625
0.0921630859375,-0.3497314453125,1.17822265625,4.0283203125,343.68896484375,65.91796875
0.18896484375,-0.3204345703125,1.34375,-6.2255859375,306.5185546875,22.5830078125
0.389404296875,-0.423583984375,1.4849853515625,-10.68115234375,266.78466796875,14.0380859375
0.683837890625,-0.5352783203125,1.6099853515625,-5.126953125,233.21533203125,27.34375
0.720458984375,-0.61767578125,1.697265625,1.0986328125,192.0166015625,33.8134765625
0.828125,-0.575439453125,1.63720703125,-12.26806640625,131.04248046875,-4.39453125
1.0194091796875,-0.451904296875,1.27587890625,-60.36376953125,6.2255859375,-43.02978515625
1.4483642578125,-0.359619140625,0.5482177734375,-139.46533203125,-49.4384765625,-58.7158203125
1.59912109375,-0.35595703125,-0.3389892578125,-188.41552734375,-88.43994140625,-7.75146484375
1.7158203125,-0.531982421875,-1.0543212890625,-86.97509765625,-103.08837890625,-6.9580078125
1.82861328125,-0.8092041015625,-1.486328125,13.3056640625,-93.994140625,-36.43798828125
1.992431640625,-0.818359375,-1.635986328125,73.91357421875,-175.72021484375,-85.44921875
2.2845458984375,-0.2728271484375,-1.682373046875,79.9560546875,-270.01953125,-78.55224609375
2.7218017578125,0.7843017578125,-1.366455078125,119.873046875,-258.056640625,-55.48095703125
3.132080078125,1.5428466796875,-0.9560546875,111.6943359375,-237.12158203125,-34.1796875
3.16259765625,1.1602783203125,-0.550537109375,88.19580078125,-209.41162109375,-38.51318359375
2.8621826171875,-0.7889404296875,1.675048828125,74.462890625,-44.12841796875,-24.658203125
2.6812744140625,-0.671630859375,0.333740234375,61.34033203125,-21.240234375,-19.4091796875
2.689453125,0.1190185546875,1.9578857421875,72.75390625,-13.85498046875,-12.20703125
2.6871337890625,0.6563720703125,1.998779296875,40.22216796875,-18.00537109375,-6.8359375
2.7032470703125,-0.5399169921875,1.5908203125,38.02490234375,-20.1416015625,-3.60107421875
2.7490234375,0.2564697265625,1.3505859375,27.83203125,-24.47509765625,-2.38037109375
2.4798583984375,1.4068603515625,0.8968505859375,23.5595703125,-32.40966796875,-0.732421875
2.3426513671875,1.189697265625,0.912841796875,16.78466796875,-37.109375,0.18310546875
2.2117919921875,-0.1435546875,0.942138671875,10.31494140625,-41.32080078125,-1.89208984375
-0.3304443359375,-0.8883056640625,0.92138671875,7.26318359375,-44.00634765625,-2.25830078125
-0.8712158203125,-0.4378662109375,0.8935546875,4.94384765625,-41.015625,-1.8310546875
2.154541015625,-0.071044921875,0.8997802734375,2.44140625,-42.78564453125,-1.40380859375
2.51513671875,-0.077880859375,0.8974609375,-1.15966796875,-45.41015625,5.67626953125
2.3084716796875,0.0572509765625,0.899658203125,-6.8359375,-47.05810546875,6.8359375
2.07568359375,0.050537109375,0.9005126953125,-6.8359375,-50.9033203125,6.103515625
0.5325927734375,0.0050048828125,0.8807373046875,-9.09423828125,-52.978515625,6.40869140625
0.744140625,-0.0126953125,0.8538818359375,-11.77978515625,-58.2275390625,6.4697265625
0.69775390625,-0.0283203125,0.8643798828125,-6.591796875,-62.56103515625,8.36181640625
0.639892578125,-0.0501708984375,0.8582763671875,-10.1318359375,-66.7724609375,7.2021484375
0.644287109375,-0.0908203125,0.845458984375,-10.6201171875,-71.47216796875,6.8359375
0.6015625,-0.1190185546875,0.8394775390625,-12.0849609375,-76.11083984375,6.9580078125
0.5458984375,-0.072021484375,0.852783203125,-7.50732421875,-80.322265625,5.615234375
0.4912109375,-0.017333984375,0.847900390625,-9.8876953125,-81.11572265625,3.23486328125
0.4986572265625,-0.0174560546875,0.822265625,-10.986328125,-78.857421875,-11.04736328125
0.53076171875,0.030517578125,0.8065185546875,-14.46533203125,-74.03564453125,-20.08056640625
0.58154296875,-0.064697265625,0.78857421875,-17.76123046875,-68.54248046875,-20.1416015625
0.594482421875,-0.0660400390625,0.7655029296875,-19.34814453125,-70.00732421875,-19.6533203125
0.604248046875,-0.068359375,0.717041015625,-21.6064453125,-75.0732421875,-17.578125
0.59765625,-0.016845703125,0.6578369140625,-14.7705078125,-83.92333984375,-13.85498046875
0.6378173828125,-0.0115966796875,0.612060546875,-5.4931640625,-93.56689453125,-8.4228515625
0.572265625,-0.0853271484375,0.603271484375,-3.41796875,-106.14013671875,-1.28173828125
0.5731201171875,-0.0850830078125,0.6617431640625,-1.28173828125,-121.03271484375,4.08935546875
0.5968017578125,-0.1033935546875,0.700439453125,-1.52587890625,-136.474609375,5.4931640625
0.6158447265625,-0.1400146484375,0.7366943359375,-1.3427734375,-154.72412109375,1.89208984375
0.636474609375,-0.2064208984375,0.7598876953125,-2.0751953125,-175.9033203125,-3.7841796875
0.6273193359375,-0.253662109375,0.7850341796875,-5.0048828125,-197.75390625,-16.78466796875
0.6536865234375,-0.191162109375,0.81396484375,-8.7890625,-222.71728515625,-34.48486328125
0.6944580078125,-0.1158447265625,0.802001953125,-11.962890625,-256.89697265625,-33.447265625
0.7032470703125,-0.0828857421875,0.8101806640625,-13.5498046875,-300.47607421875,-11.90185546875
0.6925048828125,-0.0172119140625,0.8306884765625,-18.4326171875,-357.23876953125,-8.23974609375
0.6856689453125,0.0577392578125,0.8192138671875,-18.00537109375,-408.5693359375,-3.5400390625
0.7020263671875,0.0963134765625,0.8450927734375,-16.66259765625,-464.90478515625,-7.4462890625
0.6942138671875,0.08154296875,0.908935546875,-25.634765625,-500.67138671875,-17.2119140625
0.674072265625,0.021728515625,0.9681396484375,-49.8046875,-512.3291015625,-51.3916015625
0.655517578125,-0.0625,1.0037841796875,-73.2421875,-501.953125,-82.58056640625
0.6734619140625,-0.12255859375,1.0185546875,-113.76953125,-488.83056640625,-87.09716796875
0.6790771484375,-0.18212890625,1.11572265625,-149.169921875,-425.35400390625,-123.22998046875
0.6541748046875,-0.24658203125,1.0931396484375,-197.265625,-340.14892578125,-112.060546875
0.6202392578125,-0.1844482421875,0.8895263671875,-241.39404296875,-264.22119140625,-106.99462890625
0.5975341796875,-0.0125732421875,0.7320556640625,-272.705078125,-162.4755859375,-30.09033203125
0.5625,-0.06298828125,0.7034912109375,-297.607421875,-43.3349609375,17.63916015625
0.4871826171875,-0.0733642578125,0.8502197265625,-237.9150390625,73.2421875,34.0576171875
0.370849609375,-0.1163330078125,1.05712890625,-191.7724609375,195.6787109375,36.376953125
0.35888671875,-0.19970703125,1.518798828125,-171.93603515625,273.37646484375,41.50390625
0.814697265625,-0.3660888671875,1.861572265625,-111.81640625,319.091796875,43.51806640625
1.06201171875,-0.9449462890625,1.732177734375,-67.3828125,338.68408203125,46.9970703125
1.187744140625,-0.93359375,1.542236328125,-3.7841796875,346.74072265625,56.396484375
1.5576171875,-0.95458984375,1.744873046875,52.06298828125,357.72705078125,65.24658203125
1.905517578125,-1.281982421875,1.7581787109375,85.44921875,337.82958984375,74.70703125
2.264404296875,-0.7694091796875,1.215576171875,110.04638671875,332.6416015625,85.51025390625
2.735107421875,-1.17333984375,0.84619140625,114.92919921875,342.10205078125,102.294921875
3.21435546875,-1.90771484375,0.686767578125,115.41748046875,349.4873046875,101.86767578125
3.193359375,-1.7977294921875,0.4788818359375,106.3232421875,368.5302734375,102.6611328125
2.585205078125,-1.7255859375,0.409423828125,93.994140625,354.91943359375,100.9521484375
1.48828125,-1.340576171875,0.4632568359375,78.43017578125,353.33251953125,101.01318359375
2.129150390625,-0.8636474609375,0.4334716796875,37.04833984375,348.44970703125,103.515625
2.7069091796875,-0.519775390625,0.455078125,33.935546875,351.6845703125,107.97119140625
1.6429443359375,-0.2991943359375,0.466064453125,17.63916015625,359.7412109375,126.52587890625
0.96728515625,-0.2095947265625,0.402587890625,5.859375,367.24853515625,137.0849609375
0.541748046875,-0.219970703125,0.39599609375,-3.662109375,377.13623046875,158.203125
0.26025390625,-0.22607421875,0.4583740234375,-10.19287109375,373.9013671875,164.306640625
0.0789794921875,-0.211181640625,0.666015625,-10.8642578125,348.57177734375,162.7197265625
0.02392578125,-0.14404296875,0.8416748046875,-11.8408203125,325.68359375,154.541015625
0.0614013671875,-0.0880126953125,0.989013671875,-9.94873046875,299.01123046875,140.56396484375
0.2562255859375,-0.0560302734375,1.1263427734375,0.3662109375,268.9208984375,116.69921875
0.4403076171875,-0.114013671875,1.36474609375,4.5166015625,233.0322265625,87.890625
0.5157470703125,-0.1943359375,1.4434814453125,8.48388671875,192.19970703125,69.7021484375
0.332763671875,-0.280517578125,1.516845703125,10.6201171875,158.99658203125,66.34521484375
0.32666015625,-0.343505859375,1.4786376953125,9.1552734375,123.10791015625,55.96923828125
0.44287109375,-0.4039306640625,1.346923828125,7.14111328125,75.5615234375,-26.9775390625
0.7235107421875,-0.424560546875,1.0751953125,-7.99560546875,25.7568359375,-80.322265625
1.036865234375,-0.4200439453125,0.5789794921875,-62.1337890625,-44.73876953125,-98.08349609375
1.2452392578125,-0.40380859375,-0.1185302734375,-128.90625,-86.12060546875,-87.82958984375
1.3990478515625,-0.431884765625,-0.878173828125,-162.04833984375,-99.06005859375,-48.828125
1.6451416015625,-0.4949951171875,-1.555419921875,-77.45361328125,-85.14404296875,-16.845703125
1.7684326171875,-0.596923828125,-1.8890380859375,-3.41796875,-92.4072265625,-19.22607421875
2.1876220703125,-0.414794921875,-1.9429931640625,39.0625,-156.6162109375,-64.27001953125
2.5009765625,0.3990478515625,-1.287353515625,71.1669921875,-230.712890625,-72.08251953125
2.814697265625,1.4205322265625,-0.91357421875,55.7861328125,-224.30419921875,-55.17578125
3.02978515625,1.6612548828125,0.0728759765625,74.951171875,-203.125,-28.74755859375
2.99755859375,0.9473876953125,1.36376953125,52.06298828125,-185.97412109375,-32.16552734375
2.9552001953125,-0.733642578125,1.6517333984375,28.99169921875,-171.5087890625,-46.38671875
3.084716796875,-0.45654296875,0.4814453125,28.99169921875,-132.62939453125,-40.1611328125
3.029052734375,-0.339599609375,0.6763916015625,57.2509765625,-79.4677734375,-41.9921875
2.81494140625,-0.491455078125,1.8250732421875,63.96484375,-55.2978515625,-37.53662109375
2.8402099609375,-0.8116455078125,1.6995849609375,66.34521484375,-19.53125,-34.7900390625
2.522216796875,0.1751708984375,1.20361328125,74.70703125,-3.2958984375,-30.45654296875
2.1439208984375,0.9498291015625,0.8809814453125,59.5703125,4.2724609375,-22.39990234375
1.09130859375,0.7666015625,1.107666015625,58.53271484375,0.67138671875,-12.6953125
0.3568115234375,-0.5224609375,1.0904541015625,50.4150390625,-3.72314453125,-6.89697265625
0.2003173828125,-1.4132080078125,0.9195556640625,44.00634765625,-10.986328125,-1.708984375
-0.12060546875,-0.755126953125,0.9561767578125,41.44287109375,-19.22607421875,-0.67138671875
0.2791748046875,0.0989990234375,0.9246826171875,33.447265625,-23.0712890625,-3.2958984375
2.183837890625,0.3243408203125,0.9383544921875,21.3623046875,-29.35791015625,-6.28662109375
2.4007568359375,-0.06201171875,0.9388427734375,13.671875,-27.40478515625,-7.568359375
1.7236328125,-0.2154541015625,0.92529296875,6.16455078125,-25.0244140625,-8.4228515625
1.150390625,0.0128173828125,0.919677734375,2.13623046875,-23.0712890625,-8.97216796875
1.66650390625,-0.05517578125,0.9100341796875,3.84521484375,-21.484375,-8.23974609375
1.4661865234375,-0.0716552734375,0.8900146484375,5.37109375,-22.15576171875,-7.26318359375
0.6678466796875,0.05859375,0.870361328125,5.615234375,-25.08544921875,-5.615234375
0.6923828125,0.0784912109375,0.841796875,5.67626953125,-29.052734375,-4.08935546875
0.6640625,0.0263671875,0.8221435546875,6.16455078125,-32.16552734375,-3.41796875
0.64501953125,-0.015869140625,0.826171875,6.65283203125,-33.26416015625,-3.72314453125
0.658203125,-0.1796875,0.84130859375,5.615234375,-32.40966796875,-3.7841796875
0.63525390625,-0.26416015625,0.852783203125,2.8076171875,-33.935546875,-6.103515625
0.5987548828125,-0.2569580078125,0.8604736328125,-1.8310546875,-34.36279296875,-8.544921875
0.5780029296875,-0.203125,0.8560791015625,-7.50732421875,-34.423828125,-11.29150390625
0.544921875,-0.1431884765625,0.8338623046875,-7.62939453125,-36.31591796875,-12.939453125
0.5267333984375,-0.09423828125,0.807373046875,-11.23046875,-39.97802734375,-12.51220703125
0.5394287109375,-0.0673828125,0.8074951171875,-11.53564453125,-44.12841796875,-11.962890625
0.5340576171875,-0.0621337890625,0.8082275390625,-13.00048828125,-47.4853515625,-10.986328125
0.5399169921875,-0.061279296875,0.8021240234375,-12.26806640625,-51.20849609375,-8.48388671875
0.537109375,-0.043212890625,0.812744140625,-10.3759765625,-55.72509765625,-4.5166015625
0.536376953125,-0.091552734375,0.8267822265625,-9.09423828125,-61.4013671875,0.732421875
0.533935546875,-0.080078125,0.8204345703125,-7.99560546875,-69.82421875,4.7607421875
0.558349609375,-0.0804443359375,0.8016357421875,-7.6904296875,-79.4677734375,7.080078125
0.5880126953125,-0.1285400390625,0.8013916015625,-6.65283203125,-88.43994140625,7.99560546875
0.5859375,-0.1302490234375,0.814697265625,-4.638671875,-99.12109375,7.75146484375
0.549560546875,-0.1441650390625,0.8214111328125,-5.92041015625,-112.79296875,6.7138671875
0.569580078125,-0.114990234375,0.834228515625,-8.85009765625,-128.0517578125,6.34765625
0.60693359375,-0.0865478515625,0.84375,-13.18359375,-145.93505859375,4.33349609375
0.5853271484375,-0.0689697265625,0.8402099609375,-16.41845703125,-165.10009765625,2.8076171875
0.5614013671875,-0.0604248046875,0.8568115234375,-19.34814453125,-185.11962890625,1.0986328125
0.5628662109375,-0.04541015625,0.882568359375,-22.27783203125,-206.97021484375,-9.1552734375
0.5968017578125,0.011962890625,0.9083251953125,-25.57373046875,-263.427734375,-23.98681640625
0.6015625,0.01611328125,0.927490234375,-27.83203125,-300.72021484375,-33.75244140625
0.5938720703125,-0.01806640625,0.9317626953125,-30.6396484375,-336.36474609375,-6.591796875
0.595458984375,-0.0357666015625,0.9390869140625,-42.48046875,-382.38525390625,5.18798828125
0.586181640625,-0.056884765625,0.952392578125,-36.68212890625,-435.4248046875,-6.40869140625
0.5887451171875,-0.0546875,0.9576416015625,-32.04345703125,-498.71826171875,-20.3857421875
0.5980224609375,-0.048583984375,0.9736328125,-38.0859375,-545.0439453125,-50.35400390625
0.578857421875,-0.0826416015625,1.0140380859375,-61.70654296875,-548.76708984375,-117.37060546875
0.564208984375,-0.1268310546875,0.9952392578125,-102.783203125,-520.5078125,-108.154296875
0.5643310546875,-0.128662109375,0.9193115234375,-140.44189453125,-497.37548828125,-135.68115234375
0.5618896484375,-0.1473388671875,1.1317138671875,-180.72509765625,-388.85498046875,-135.68115234375
0.557861328125,-0.2257080078125,1.314697265625,-236.99951171875,-317.56591796875,-120.66650390625
0.5494384765625,-0.1544189453125,1.0792236328125,-248.046875,-225.40283203125,-68.78662109375
0.5343017578125,-0.031005859375,0.83935546875,-283.87451171875,-98.876953125,-21.05712890625
0.537353515625,-0.0408935546875,0.9068603515625,-261.962890625,26.67236328125,-3.72314453125
0.3739013671875,-0.1376953125,1.1497802734375,-202.94189453125,179.0771484375,-7.6904296875
0.3243408203125,-0.2969970703125,1.38916015625,-171.38671875,269.287109375,-16.2353515625
0.22900390625,-0.501708984375,1.89111328125,-103.759765625,325.01220703125,-6.9580078125
0.63232421875,-1.0374755859375,2.21240234375,-46.142578125,350.09765625,14.0380859375
1.0419921875,-1.29833984375,1.773193359375,19.775390625,337.58544921875,37.109375
1.2237548828125,-1.1131591796875,1.9736328125,81.1767578125,320.12939453125,59.6923828125
1.667724609375,-1.248291015625,2.2554931640625,110.83984375,332.51953125,77.08740234375
2.08935546875,-1.2252197265625,1.6021728515625,99.42626953125,347.22900390625,90.39306640625
2.6402587890625,-1.3267822265625,1.0966796875,73.1201171875,362.548828125,102.783203125
3.318115234375,-1.89501953125,0.6153564453125,45.5322265625,371.9482421875,118.1640625
3.18212890625,-2.1446533203125,0.6114501953125,26.3671875,373.47412109375,117.24853515625
2.811767578125,-1.8662109375,0.575439453125,25.87890625,354.8583984375,120.05615234375
2.2640380859375,-1.284423828125,0.5650634765625,35.46142578125,378.47900390625,124.755859375
1.9013671875,-0.210205078125,0.6064453125,44.677734375,389.58740234375,126.52587890625
2.538330078125,0.0611572265625,0.6177978515625,10.009765625,395.3857421875,124.20654296875
2.2408447265625,0.1072998046875,0.5828857421875,0.244140625,394.6533203125,118.65234375
1.1046142578125,-0.049560546875,0.50146484375,-1.0986328125,388.0615234375,110.41259765625
0.303466796875,-0.2838134765625,0.9788818359375,-4.45556640625,377.5634765625,102.72216796875
-0.2830810546875,-0.515625,1.279541015625,-9.58251953125,367.7978515625,88.2568359375
-0.3021240234375,-0.5902099609375,1.356689453125,-16.90673828125,354.18701171875,68.05419921875
-0.1351318359375,-0.4798583984375,1.4434814453125,-27.2216796875,334.53369140625,42.29736328125
0.113037109375,-0.20703125,1.56298828125,-33.99658203125,304.38232421875,23.13232421875
0.308837890625,-0.3541259765625,1.7027587890625,-44.43359375,259.27734375,27.40478515625
0.4075927734375,-0.33349609375,1.8455810546875,-49.6826171875,202.45361328125,44.5556640625
0.3831787109375,-0.2508544921875,1.92236328125,-52.490234375,133.48388671875,48.88916015625
0.307861328125,-0.1712646484375,1.862060546875,-53.7109375,39.36767578125,16.845703125
1.0924072265625,-0.1231689453125,1.5594482421875,-68.84765625,-8.7890625,-35.09521484375
1.52392578125,-0.1048583984375,0.8748779296875,-110.107421875,-49.9267578125,-68.29833984375
1.590576171875,-0.0955810546875,-0.1632080078125,-133.72802734375,-92.34619140625,-64.453125
1.6396484375,-0.2147216796875,-1.2491455078125,-117.12646484375,-110.65673828125,-51.513671875
1.7509765625,-0.45654296875,-1.9423828125,-42.48046875,-89.84375,-61.46240234375
1.951171875,-0.618408203125,-2.31298828125,37.353515625,-55.5419921875,-49.072265625
2.2672119140625,-0.434814453125,-2.279541015625,73.18115234375,-77.33154296875,0.48828125
2.633056640625,0.432861328125,-1.79150390625,80.078125,-102.23388671875,31.92138671875
2.92578125,1.3125,-1.1912841796875,105.65185546875,-151.55029296875,7.9345703125
3.10400390625,1.1998291015625,-0.4967041015625,87.7685546875,-215.63720703125,-27.4658203125
3.2279052734375,0.1722412109375,0.5472412109375,79.40673828125,-248.71826171875,-32.04345703125
3.315673828125,-0.6204833984375,1.6942138671875,62.255859375,-246.88720703125,-16.54052734375
3.2291259765625,-0.3236083984375,1.6639404296875,37.9638671875,-231.0791015625,-4.8828125
2.950439453125,0.3717041015625,0.7471923828125,19.47021484375,-200.86669921875,1.5869140625
2.8922119140625,0.27880859375,0.36083984375,7.75146484375,-168.5791015625,2.62451171875
3.136474609375,-0.14208984375,0.8023681640625,-11.65771484375,-138.671875,4.5166015625
2.9962158203125,-0.0836181640625,1.5032958984375,-15.13671875,-102.783203125,4.69970703125
2.5941162109375,0.0804443359375,1.767333984375,0.732421875,-70.4345703125,-0.18310546875
2.50927734375,0.12451171875,1.707275390625,-0.18310546875,-56.5185546875,-2.01416015625
1.570068359375,0.3770751953125,1.629638671875,-17.15087890625,-39.61181640625,0.732421875
0.402099609375,0.9169921875,1.4927978515625,-7.75146484375,-24.2919921875,2.8076171875
-0.1219482421875,1.086181640625,1.154052734375,0.244140625,-19.83642578125,6.9580078125
-0.314453125,0.33642578125,0.9461669921875,-3.7841796875,-15.93017578125,11.41357421875
-0.1295166015625,-0.699951171875,0.909912109375,-5.126953125,-14.70947265625,13.61083984375
0.255615234375,-0.701171875,0.85595703125,-3.2958984375,-18.1884765625,15.380859375
1.23681640625,0.0203857421875,0.900390625,-5.615234375,-20.6298828125,16.845703125
2.013916015625,-0.175537109375,0.9219970703125,-12.939453125,-22.88818359375,17.02880859375
2.063232421875,-0.7681884765625,0.9359130859375,-19.04296875,-25.57373046875,15.07568359375
1.9697265625,-0.457763671875,0.9493408203125,-25.08544921875,-28.80859375,12.51220703125
1.881591796875,-0.05859375,0.9298095703125,-33.26416015625,-32.04345703125,8.7890625
1.380615234375,-0.1832275390625,0.9366455078125,-38.26904296875,-32.40966796875,6.89697265625
1.02587890625,-0.2418212890625,0.9422607421875,-35.64453125,-32.40966796875,2.38037109375
0.9052734375,-0.065185546875,0.9219970703125,-30.6396484375,-33.02001953125,-4.39453125
0.654296875,-0.02978515625,0.899169921875,-29.052734375,-35.58349609375,-12.39013671875
0.6815185546875,-0.07080078125,0.8463134765625,-25.7568359375,-39.794921875,-21.05712890625
0.7593994140625,-0.03466796875,0.801025390625,-25.57373046875,-44.5556640625,-28.74755859375
0.712890625,-0.08642578125,0.802978515625,-22.88818359375,-46.56982421875,-35.400390625
0.69384765625,-0.26416015625,0.804443359375,-15.5029296875,-46.38671875,-42.6025390625
0.6065673828125,-0.394775390625,0.791015625,-9.521484375,-48.4619140625,-51.45263671875
0.5032958984375,-0.4027099609375,0.778076171875,-8.97216796875,-49.4384765625,-62.8662109375
0.49365234375,-0.382080078125,0.7623291015625,-5.9814453125,-49.4384765625,-70.86181640625
0.459716796875,-0.3511962890625,0.765625,2.8076171875,-47.66845703125,-76.7822265625
0.4443359375,-0.3388671875,0.7908935546875,7.75146484375,-45.0439453125,-80.26123046875
0.4830322265625,-0.3905029296875,0.780517578125,12.02392578125,-42.90771484375,-77.20947265625
0.453125,-0.4019775390625,0.7410888671875,20.6298828125,-42.78564453125,-71.4111328125
0.458984375,-0.35205078125,0.7152099609375,29.1748046875,-44.73876953125,-61.58447265625
0.5074462890625,-0.324951171875,0.6917724609375,41.44287109375,-52.24609375,-43.3349609375
0.4832763671875,-0.39208984375,0.666748046875,51.81884765625,-60.791015625,-23.4375
0.461669921875,-0.4588623046875,0.6685791015625,49.4384765625,-73.6083984375,-6.77490234375
0.44873046875,-0.4564208984375,0.7093505859375,45.5322265625,-88.7451171875,4.21142578125
0.45849609375,-0.5010986328125,0.7840576171875,42.78564453125,-106.99462890625,10.31494140625
0.5126953125,-0.5040283203125,0.8812255859375,37.17041015625,-127.38037109375,14.09912109375
0.5428466796875,-0.497314453125,0.915771484375,28.01513671875,-148.4375,14.5263671875
0.500732421875,-0.4342041015625,0.8873291015625,19.10400390625,-169.7998046875,14.09912109375
0.4736328125,-0.237060546875,0.8883056640625,11.1083984375,-191.89453125,12.8173828125
0.4764404296875,-0.122314453125,0.9027099609375,0.91552734375,-212.70751953125,8.4228515625
0.51220703125,-0.0411376953125,0.9224853515625,-8.056640625,-269.47021484375,-10.498046875
0.552734375,0.1002197265625,0.9483642578125,-14.95361328125,-309.99755859375,-33.02001953125
0.5372314453125,0.2178955078125,0.953125,-23.5595703125,-350.52490234375,-8.11767578125
0.5943603515625,0.2554931640625,0.958984375,-39.97802734375,-395.69091796875,-10.92529296875
0.6553955078125,0.186767578125,0.9759521484375,-51.08642578125,-464.66064453125,-31.55517578125
0.670166015625,0.0667724609375,1.0008544921875,-50.23193359375,-532.65380859375,-50.35400390625
0.720703125,-0.0201416015625,1.0399169921875,-60.72998046875,-570.068359375,-81.35986328125
0.702392578125,-0.09814453125,1.1270751953125,-96.98486328125,-550.84228515625,-121.2158203125
0.646484375,-0.1275634765625,1.182861328125,-145.56884765625,-516.9677734375,-116.5771484375
0.5986328125,-0.1395263671875,1.1572265625,-181.82373046875,-488.70849609375,-153.9306640625
0.5457763671875,-0.173828125,1.3797607421875,-228.759765625,-374.267578125,-147.5830078125
0.5477294921875,-0.2098388671875,1.4056396484375,-299.25537109375,-304.0771484375,-135.68115234375
0.5751953125,-0.2762451171875,1.0247802734375,-320.98388671875,-192.3828125,-25.69580078125
0.5704345703125,-0.0855712890625,0.7607421875,-344.6044921875,-61.46240234375,-0.79345703125
0.514404296875,-0.039794921875,0.82568359375,-300.1708984375,228.21044921875,16.41845703125
0.3597412109375,-0.2633056640625,1.2210693359375,-251.77001953125,312.01171875,33.0810546875
0.240966796875,-0.416748046875,1.65673828125,-207.70263671875,363.46435546875,66.34521484375
0.182861328125,-0.539306640625,2.1385498046875,-55.5419921875,397.3388671875,77.880859375
0.5545654296875,-0.9345703125,2.2491455078125,34.36279296875,386.71875,88.43994140625
0.95654296875,-1.2181396484375,2.043701171875,100.09765625,370.30029296875,96.86279296875
1.25341796875,-1.26806640625,2.0859375,135.7421875,360.2294921875,102.60009765625
1.8489990234375,-1.4873046875,1.509033203125,165.8935546875,353.94287109375,110.2294921875
2.3099365234375,-1.300537109375,1.0054931640625,157.8369140625,356.201171875,114.92919921875
2.6986083984375,-1.677734375,0.7061767578125,139.7705078125,358.88671875,115.53955078125
3.3382568359375,-2.4122314453125,0.399658203125,124.69482421875,359.9853515625,111.51123046875
3.0699462890625,-2.1551513671875,0.3389892578125,111.328125,357.2998046875,108.33740234375
2.4951171875,-1.5614013671875,0.3494873046875,92.83447265625,347.2900390625,103.08837890625
1.692138671875,-1.0177001953125,0.389404296875,68.7255859375,357.7880859375,99.609375
1.9715576171875,-0.4249267578125,0.3963623046875,44.61669921875,363.22021484375,98.08349609375
1.6798095703125,-0.3211669921875,0.3507080078125,30.57861328125,372.4365234375,102.84423828125
0.9693603515625,-0.3016357421875,0.354736328125,15.68603515625,379.7607421875,110.2294921875
0.508544921875,-0.2940673828125,0.5032958984375,11.962890625,387.20703125,119.07958984375
0.2880859375,-0.2537841796875,0.637939453125,8.48388671875,392.76123046875,127.38037109375
-0.0638427734375,-0.18017578125,0.7530517578125,3.90625,396.17919921875,131.53076171875
-0.0296630859375,-0.080078125,0.8802490234375,-8.9111328125,392.333984375,127.9296875
0.115234375,-0.04833984375,0.9462890625,-15.31982421875,379.33349609375,115.6005859375
0.311279296875,-0.084228515625,1.0189208984375,-20.99609375,361.9384765625,94.7265625
0.423828125,-0.1749267578125,1.3397216796875,-28.62548828125,340.33203125,65.12451171875
0.4034423828125,-0.300048828125,1.514892578125,-39.73388671875,307.0068359375,32.71484375
0.3740234375,-0.3675537109375,1.6416015625,-51.45263671875,267.27294921875,20.1416015625
0.4639892578125,-0.3687744140625,1.667724609375,-52.3681640625,225.40283203125,32.8369140625
0.7584228515625,-0.388671875,1.6170654296875,-40.83251953125,173.828125,40.4052734375
1.0733642578125,-0.392822265625,1.57373046875,-34.0576171875,110.2294921875,39.24560546875
1.215576171875,-0.357666015625,1.4493408203125,-50.10986328125,27.4658203125,3.60107421875
1.2701416015625,-0.2501220703125,1.020751953125,-100.28076171875,-19.34814453125,-36.92626953125
1.3218994140625,-0.1478271484375,0.26708984375,-146.54541015625,-48.76708984375,-45.83740234375
1.63671875,-0.25146484375,-0.5281982421875,-133.36181640625,-84.16748046875,-31.494140625
1.83251953125,-0.5592041015625,-1.154052734375,-84.04541015625,-103.21044921875,-15.31982421875
2.025146484375,-0.7276611328125,-1.530517578125,-2.74658203125,-95.76416015625,-21.78955078125
2.23681640625,-0.502197265625,-1.7303466796875,60.36376953125,-94.6044921875,-15.625
2.413330078125,0.2430419921875,-1.7415771484375,67.44384765625,-124.20654296875,4.94384765625
2.6053466796875,1.1756591796875,-1.420654296875,66.22314453125,-150.57373046875,-0.244140625
2.733642578125,1.290283203125,-0.8616943359375,99.7314453125,-206.35986328125,-35.46142578125
2.6500244140625,0.5340576171875,-0.33203125,92.59033203125,-268.37158203125,-55.11474609375
2.6141357421875,-0.444091796875,0.329833984375,80.9326171875,-287.17041015625,-52.67333984375
2.765869140625,-0.679931640625,1.2677001953125,67.19970703125,-267.76123046875,-44.677734375
2.931396484375,0.011474609375,1.380615234375,41.56494140625,-265.44189453125,-45.71533203125
2.9993896484375,0.4844970703125,0.79345703125,27.52685546875,-246.4599609375,-45.10498046875
3.0767822265625,-0.012451171875,0.6163330078125,21.78955078125,-212.890625,-50.78125
2.99365234375,-0.4354248046875,0.994873046875,16.9677734375,-172.8515625,-47.607421875
2.5279541015625,-0.0767822265625,1.64453125,30.57861328125,-106.50634765625,-47.54638671875
2.24560546875,0.1865234375,1.7794189453125,58.89892578125,-67.44384765625,-46.38671875
2.231689453125,0.462646484375,1.515380859375,56.57958984375,-33.203125,-23.49853515625
1.2747802734375,0.7947998046875,1.3671875,70.98388671875,-16.41845703125,-13.24462890625
0.14697265625,0.82568359375,1.2288818359375,72.20458984375,-13.12255859375,-5.37109375
-0.13623046875,0.481689453125,1.2215576171875,64.27001953125,-18.24951171875,-0.42724609375
-0.116943359375,-0.3197021484375,1.1009521484375,56.09130859375,-22.0947265625,2.38037109375
0.0662841796875,-1.00244140625,0.898681640625,40.95458984375,-25.5126953125,3.11279296875
0.5732421875,-0.5853271484375,0.953369140625,25.69580078125,-29.052734375,2.38037109375
1.6534423828125,-0.0498046875,0.9921875,16.78466796875,-31.494140625,-0.30517578125
2.142578125,-0.174072265625,0.9696044921875,9.033203125,-32.16552734375,-4.94384765625
1.8572998046875,-0.211181640625,0.9364013671875,4.69970703125,-30.94482421875,-8.1787109375
1.87939453125,-0.0712890625,0.903564453125,3.60107421875,-27.9541015625,-7.9345703125
1.853759765625,-0.03271484375,0.898681640625,4.08935546875,-25.2685546875,-7.080078125
1.8648681640625,0.0546875,0.9039306640625,4.94384765625,-24.2919921875,-7.87353515625
1.7525634765625,0.0955810546875,0.9073486328125,5.7373046875,-25.390625,-8.30078125
1.0465087890625,0.0146484375,0.889404296875,7.01904296875,-27.83203125,-8.6669921875
0.6278076171875,-0.0010986328125,0.8619384765625,6.16455078125,-31.1279296875,-8.056640625
0.683837890625,-0.003173828125,0.8453369140625,5.2490234375,-33.14208984375,-7.2021484375
0.67822265625,-0.05859375,0.822509765625,5.126953125,-35.94970703125,-8.544921875
0.689208984375,-0.140625,0.8173828125,2.5634765625,-36.865234375,-8.1787109375
0.666015625,-0.2401123046875,0.8433837890625,0.6103515625,-37.109375,-8.056640625
0.5933837890625,-0.286376953125,0.8486328125,2.685546875,-37.65869140625,-8.6669921875
0.5499267578125,-0.2039794921875,0.8291015625,-2.01416015625,-37.4755859375,-10.498046875
0.5498046875,-0.126220703125,0.8409423828125,-4.0283203125,-36.62109375,-11.41357421875
0.5592041015625,-0.11376953125,0.8258056640625,-5.2490234375,-35.0341796875,-14.09912109375
0.5538330078125,-0.095947265625,0.80224609375,-5.7373046875,-33.38623046875,-17.02880859375
0.5625,-0.071533203125,0.8031005859375,-5.7373046875,-32.470703125,-17.822265625
0.585205078125,-0.119140625,0.771240234375,-5.7373046875,-35.82763671875,-15.44189453125
0.57080078125,-0.0732421875,0.745849609375,-6.591796875,-43.3349609375,-9.82666015625
0.5506591796875,-0.03759765625,0.7318115234375,-5.67626953125,-50.9033203125,-3.35693359375
0.5469970703125,-0.0736083984375,0.7196044921875,-4.7607421875,-60.6689453125,2.685546875
0.5531005859375,-0.04248046875,0.7196044921875,-2.50244140625,-70.37353515625,13.24462890625
0.52294921875,-0.074951171875,0.7685546875,-0.79345703125,-80.6884765625,15.44189453125
0.54638671875,-0.134033203125,0.8232421875,-1.46484375,-137.451171875,14.6484375
0.6026611328125,-0.15234375,0.8311767578125,-3.0517578125,-161.56005859375,11.962890625
0.5863037109375,-0.1583251953125,0.8326416015625,-6.04248046875,-182.6171875,10.009765625
0.610595703125,-0.1727294921875,0.83349609375,-14.0380859375,-205.13916015625,5.9814453125
0.6395263671875,-0.1441650390625,0.8427734375,-22.94921875,-229.55322265625,-6.16455078125
0.6412353515625,-0.0750732421875,0.869873046875,-26.85546875,-258.97216796875,-25.81787109375
0.63916015625,-0.0101318359375,0.9228515625,-31.06689453125,-299.62158203125,-39.306640625
0.6192626953125,0.02685546875,0.9752197265625,-39.306640625,-345.27587890625,-18.24951171875
0.583251953125,0.052001953125,0.982177734375,-50.47607421875,-404.23583984375,-24.71923828125
0.5743408203125,0.028564453125,0.9869384765625,-50.47607421875,-462.34130859375,-56.884765625
0.5870361328125,0.020263671875,0.9815673828125,-46.38671875,-524.23095703125,-83.3740234375
0.576416015625,-0.00146484375,1.0009765625,-46.56982421875,-562.68310546875,-121.7041015625
0.5723876953125,-0.0843505859375,1.0526123046875,-78.79638671875,-539.48974609375,-115.6005859375
0.58642578125,-0.1029052734375,1.082763671875,-120.9716796875,-508.85009765625,-140.7470703125
0.5889892578125,-0.09521484375,1.0511474609375,-172.05810546875,-410.0341796875,-131.8359375
0.569580078125,-0.1768798828125,1.232177734375,-218.68896484375,-337.5244140625,-128.5400390625
0.5526123046875,-0.3057861328125,1.3653564453125,-238.83056640625,-247.55859375,-60.9130859375
0.5413818359375,-0.2900390625,0.7633056640625,-277.28271484375,-127.5634765625,4.0283203125
0.5281982421875,-0.083740234375,0.77880859375,-257.75146484375,-17.88330078125,29.84619140625
0.4879150390625,-0.0994873046875,1.0272216796875,-208.80126953125,130.2490234375,26.4892578125
0.385009765625,-0.38623046875,1.4708251953125,-182.67822265625,232.23876953125,20.32470703125
0.26318359375,-0.43798828125,2.0323486328125,-117.85888671875,289.6728515625,18.98193359375
0.1412353515625,-0.9273681640625,2.1749267578125,-58.2275390625,317.07763671875,24.71923828125
0.5096435546875,-1.15283203125,1.584716796875,16.9677734375,339.84375,40.8935546875
0.974365234375,-1.0552978515625,1.7945556640625,90.2099609375,329.58984375,55.7861328125
1.3133544921875,-1.19384765625,2.12255859375,130.31005859375,313.720703125,81.1767578125
2.1947021484375,-1.084228515625,1.5928955078125,134.8876953125,316.83349609375,90.63720703125
2.6654052734375,-1.2791748046875,1.154541015625,133.056640625,338.7451171875,99.18212890625
3.23193359375,-1.9578857421875,0.7738037109375,108.09326171875,356.26220703125,106.62841796875
3.0830078125,-2.30126953125,0.5927734375,77.20947265625,373.10791015625,110.53466796875
2.43798828125,-2.1893310546875,0.5594482421875,33.63037109375,382.01904296875,117.49267578125
1.955322265625,-1.624755859375,0.4991455078125,31.3720703125,376.46484375,118.0419921875
2.0006103515625,-0.825439453125,0.4952392578125,36.2548828125,376.40380859375,115.78369140625
2.50927734375,-0.2576904296875,0.60107421875,39.1845703125,373.291015625,113.95263671875
1.9866943359375,0.049072265625,0.587890625,46.142578125,375.06103515625,117.49267578125
1.1522216796875,0.1500244140625,0.5521240234375,32.470703125,379.82177734375,123.59619140625
0.6590576171875,0.03564453125,0.505859375,16.17431640625,392.76123046875,131.40869140625
0.3392333984375,-0.349609375,0.507568359375,2.5634765625,397.64404296875,137.51220703125
0.0987548828125,-0.4803466796875,0.55810546875,-8.36181640625,396.484375,141.4794921875
-0.021728515625,-0.4957275390625,0.7125244140625,-21.484375,390.07568359375,141.357421875
0.0345458984375,-0.418212890625,0.884521484375,-25.87890625,378.7841796875,132.8125
0.17822265625,-0.284912109375,1.0499267578125,-28.564453125,363.037109375,112.3046875
0.5548095703125,-0.0682373046875,1.3603515625,-27.9541015625,343.505859375,38.4521484375
0.6998291015625,-0.052490234375,1.5048828125,-27.34375,317.81005859375,21.78955078125
0.7196044921875,-0.1134033203125,1.6324462890625,-27.099609375,249.32861328125,40.46630859375
0.6390380859375,-0.1971435546875,1.726318359375,-26.3671875,207.09228515625,54.13818359375
0.6085205078125,-0.2337646484375,1.7567138671875,-21.54541015625,145.6298828125,49.9267578125
0.7398681640625,-0.240966796875,1.6961669921875,-13.85498046875,61.4013671875,12.14599609375
0.94775390625,-0.2635498046875,1.48779296875,-66.7724609375,-4.2724609375,-47.42431640625
1.208984375,-0.277099609375,1.0020751953125,-137.39013671875,-51.57470703125,-58.65478515625
1.4019775390625,-0.2490234375,-0.6044921875,-152.77099609375,-95.52001953125,-51.025390625
1.7255859375,-0.252197265625,-1.2493896484375,-102.5390625,-99.54833984375,-53.5888671875
1.859130859375,-0.3896484375,-1.7088623046875,-12.39013671875,-92.34619140625,-45.95947265625
1.9822998046875,-0.70654296875,-1.9315185546875,71.2890625,-128.35693359375,-13.48876953125
2.15234375,0.011962890625,-1.923095703125,73.30322265625,-169.25048828125,-4.08935546875
2.4024658203125,1.3489990234375,-1.687255859375,87.0361328125,-237.060546875,-40.1611328125
2.688232421875,1.73974609375,-1.1981201171875,74.8291015625,-298.03466796875,-79.2236328125
2.881103515625,0.8680419921875,0.4271240234375,71.35009765625,-285.94970703125,-71.47216796875
2.865966796875,-0.311279296875,1.3614501953125,54.3212890625,-274.47509765625,-48.15673828125
2.8321533203125,-0.7923583984375,1.26611328125,21.6064453125,-264.22119140625,-43.51806640625
2.8829345703125,-0.134765625,0.7486572265625,10.8642578125,-237.060546875,-66.58935546875
2.8736572265625,0.320068359375,0.451904296875,5.06591796875,-182.2509765625,-53.64990234375
2.992919921875,-0.4906005859375,1.0172119140625,6.16455078125,-93.8720703125,-50.23193359375
3.1307373046875,-0.6357421875,1.8170166015625,54.50439453125,-44.3115234375,-43.9453125
2.775390625,-0.1058349609375,1.7572021484375,95.64208984375,-18.24951171875,-34.72900390625
2.4560546875,0.565185546875,1.481201171875,110.2294921875,2.3193359375,-22.39990234375
1.3642578125,0.865478515625,1.2298583984375,72.3876953125,3.662109375,-14.16015625
-0.0203857421875,0.9044189453125,1.2864990234375,76.59912109375,-5.859375,-3.96728515625
-0.4818115234375,0.408203125,1.3536376953125,69.7021484375,-17.51708984375,4.21142578125
-0.448974609375,-1.1326904296875,1.033935546875,55.48095703125,-23.681640625,9.46044921875
-0.0517578125,-1.6802978515625,0.89794921875,38.2080078125,-29.296875,13.0615234375
1.0439453125,-0.458740234375,0.889404296875,28.13720703125,-32.04345703125,12.26806640625
2.169921875,0.6575927734375,0.950927734375,14.0380859375,-32.71484375,8.7890625
2.286865234375,0.19287109375,0.9677734375,0.91552734375,-33.3251953125,3.96728515625
2.2489013671875,-0.39892578125,0.950927734375,-9.33837890625,-32.77587890625,-1.52587890625
2.1212158203125,0.0074462890625,0.91943359375,-17.51708984375,-29.78515625,-4.82177734375
2.4005126953125,0.125,0.9039306640625,-21.1181640625,-27.7099609375,-6.53076171875
1.9573974609375,0.075927734375,0.8905029296875,-19.775390625,-27.4658203125,-8.97216796875
0.8157958984375,0.136962890625,0.886962890625,-17.15087890625,-28.80859375,-9.033203125
0.708740234375,0.1541748046875,0.888427734375,-11.53564453125,-31.3720703125,-5.92041015625
0.6953125,0.060302734375,0.8642578125,-6.40869140625,-34.5458984375,-3.35693359375
0.65576171875,0.0157470703125,0.8421630859375,-2.9296875,-38.51318359375,-6.16455078125
0.6484375,-0.0604248046875,0.8460693359375,0.3662109375,-38.75732421875,-9.21630859375
0.596435546875,-0.191650390625,0.8485107421875,3.96728515625,-38.330078125,-11.65771484375
0.6060791015625,-0.256591796875,0.8671875,9.09423828125,-40.4052734375,-13.00048828125
0.6004638671875,-0.28173828125,0.8704833984375,3.60107421875,-42.1142578125,-15.07568359375
0.57177734375,-0.25048828125,0.869384765625,0.1220703125,-43.15185546875,-18.24951171875
0.535888671875,-0.1727294921875,0.8406982421875,-3.2958984375,-43.51806640625,-20.81298828125
0.5184326171875,-0.13623046875,0.7955322265625,-2.74658203125,-41.9921875,-23.62060546875
0.532958984375,-0.1053466796875,0.8045654296875,-1.0986328125,-39.4287109375,-25.20751953125
0.5521240234375,-0.130859375,0.8062744140625,-1.15966796875,-32.8369140625,-23.13232421875
0.549560546875,-0.089599609375,0.782958984375,-1.3427734375,-34.97314453125,-19.34814453125
0.5546875,-0.095458984375,0.7467041015625,-0.79345703125,-44.86083984375,-13.671875
0.5604248046875,-0.1805419921875,0.713134765625,1.46484375,-52.978515625,-7.2021484375
0.5760498046875,-0.1666259765625,0.700927734375,5.43212890625,-61.279296875,-1.64794921875
0.5504150390625,-0.138916015625,0.6961669921875,7.568359375,-70.49560546875,3.23486328125
0.5877685546875,-0.1094970703125,0.7418212890625,6.65283203125,-80.87158203125,3.90625
0.614990234375,-0.1500244140625,0.7720947265625,5.9814453125,-93.68896484375,4.0283203125
0.5528564453125,-0.185546875,0.81787109375,4.57763671875,-109.92431640625,9.1552734375
0.5684814453125,-0.1600341796875,0.81982421875,4.39453125,-125.48828125,13.916015625
0.594482421875,-0.1522216796875,0.8270263671875,2.86865234375,-140.869140625,6.8359375
0.603271484375,-0.136474609375,0.834228515625,-0.1220703125,-159.11865234375,-1.46484375
0.612060546875,-0.0496826171875,0.85498046875,-4.5166015625,-200.01220703125,-13.12255859375
0.6156005859375,-0.0067138671875,0.90234375,-7.75146484375,-224.609375,-58.7158203125
0.617919921875,0.034423828125,0.912109375,-11.16943359375,-255.43212890625,-44.189453125
0.6240234375,0.05126953125,0.897216796875,-20.5078125,-405.33447265625,-71.1669921875
0.6190185546875,0.0372314453125,0.9061279296875,-28.74755859375,-459.1064453125,-84.47265625
0.607421875,-0.00927734375,0.9296875,-32.5927734375,-504.7607421875,-69.64111328125
0.61376953125,-0.042724609375,0.9825439453125,-36.9873046875,-532.77587890625,-98.6328125
0.614990234375,0.03857421875,0.982177734375,-76.171875,-522.27783203125,-114.44091796875
0.6326904296875,0.115966796875,1.00341796875,-106.99462890625,-505.9814453125,-135.31494140625
0.6314697265625,0.052734375,1.103515625,-119.07958984375,-458.43505859375,-155.82275390625
0.5924072265625,-0.1741943359375,1.2520751953125,-177.30712890625,-387.5732421875,-140.56396484375
0.5616455078125,-0.2010498046875,1.24951171875,-215.51513671875,-321.8994140625,-131.65283203125
0.5782470703125,-0.2666015625,0.9063720703125,-246.09375,-223.20556640625,-33.0810546875
0.60400390625,-0.05419921875,0.7523193359375,-265.869140625,-111.9384765625,43.8232421875
0.596923828125,-0.2452392578125,0.8409423828125,-239.80712890625,3.47900390625,81.11572265625
0.5478515625,-0.5382080078125,1.1484375,-204.833984375,139.46533203125,76.66015625
0.5069580078125,-0.1844482421875,1.712646484375,-158.447265625,290.71044921875,71.83837890625
0.397705078125,-0.3197021484375,2.102294921875,-90.087890625,307.373046875,72.8759765625
0.6142578125,-1.09326171875,2.0400390625,-37.90283203125,323.05908203125,81.11572265625
1.1368408203125,-1.124755859375,1.668701171875,84.16748046875,302.67333984375,89.7216796875
1.531494140625,-1.0159912109375,1.7696533203125,122.13134765625,295.654296875,96.8017578125
1.860107421875,-1.264892578125,1.912353515625,130.06591796875,298.88916015625,101.9287109375
2.2686767578125,-1.1590576171875,1.44970703125,131.34765625,313.8427734375,103.8818359375
2.74609375,-1.6209716796875,0.792236328125,108.7646484375,329.58984375,101.86767578125
3.0888671875,-2.2286376953125,0.60205078125,80.078125,343.44482421875,100.40283203125
2.9468994140625,-2.2027587890625,0.573974609375,53.7109375,354.06494140625,101.86767578125
2.16455078125,-1.97412109375,0.553955078125,37.109375,354.30908203125,105.5908203125
1.4486083984375,-0.7762451171875,0.587890625,30.57861328125,354.67529296875,110.65673828125
2.2664794921875,-0.276611328125,0.62158203125,30.21240234375,355.52978515625,114.990234375
2.5889892578125,0.031005859375,0.63818359375,31.8603515625,359.19189453125,119.32373046875
1.501953125,0.1705322265625,0.6011962890625,26.85546875,365.72265625,120.30029296875
1.063720703125,0.0977783203125,0.5557861328125,17.02880859375,369.873046875,124.3896484375
0.27001953125,-0.053466796875,0.5269775390625,5.9814453125,370.60546875,143.49365234375
0.0347900390625,-0.198486328125,0.5361328125,-3.47900390625,377.38037109375,149.0478515625
-0.009033203125,-0.2950439453125,0.6156005859375,-9.521484375,379.33349609375,151.30615234375
0.1414794921875,-0.3153076171875,0.731689453125,-4.69970703125,374.0234375,152.7099609375
0.3365478515625,-0.232666015625,0.8759765625,-5.9814453125,356.14013671875,152.89306640625
0.5234375,-0.1104736328125,1.0313720703125,-15.0146484375,342.34619140625,140.68603515625
0.61572265625,-0.049560546875,1.1326904296875,-16.90673828125,318.90869140625,62.5
0.5963134765625,-0.0648193359375,1.231689453125,-14.09912109375,278.6865234375,45.654296875
0.4986572265625,-0.1298828125,1.60693359375,-14.0380859375,181.884765625,10.7421875
0.4287109375,-0.23974609375,1.7076416015625,-17.51708984375,111.4501953125,-32.28759765625
0.4744873046875,-0.3050537109375,1.765869140625,-20.69091796875,-32.8369140625,-80.2001953125
0.617431640625,-0.31298828125,1.5889892578125,-25.57373046875,-61.1572265625,-53.40576171875
0.818359375,-0.315673828125,1.07861328125,-79.65087890625,-108.7646484375,-19.47021484375
1.036376953125,-0.385009765625,0.2620849609375,-105.77392578125,-101.4404296875,-7.99560546875
1.1981201171875,-0.5609130859375,-0.6573486328125,-34.3017578125,-40.8935546875,-27.89306640625
1.31201171875,-0.52783203125,-1.89453125,52.30712890625,-115.17333984375,23.0712890625
1.430908203125,-0.4879150390625,-2.333740234375,110.107421875,-189.27001953125,-34.48486328125
1.8818359375,-0.580810546875,-1.9072265625,121.9482421875,-270.263671875,-73.54736328125
2.097900390625,-0.3345947265625,-1.2794189453125,60.24169921875,-278.62548828125,-55.5419921875
2.7967529296875,1.83642578125,0.8255615234375,75.13427734375,-268.5546875,-27.7099609375
3.123291015625,0.281005859375,2.529052734375,28.13720703125,-255.9814453125,-30.2734375
3.1026611328125,-0.5870361328125,1.68701171875,18.12744140625,-230.04150390625,-52.79541015625
2.9716796875,-0.4320068359375,0.1568603515625,1.953125,-178.52783203125,-44.98291015625
3.082763671875,-0.1051025390625,0.9930419921875,-1.220703125,-93.994140625,-46.44775390625
3.268798828125,-0.78271484375,1.9141845703125,43.3349609375,-54.62646484375,-41.3818359375
3.3966064453125,-0.906005859375,1.8504638671875,71.22802734375,-21.42333984375,-36.0107421875
3.0177001953125,-0.0914306640625,1.5233154296875,77.94189453125,4.638671875,-30.33447265625
2.5997314453125,1.1611328125,1.209228515625,51.20849609375,8.30078125,-20.01953125
0.883056640625,1.2218017578125,1.2509765625,61.82861328125,6.40869140625,-11.5966796875
-0.397216796875,0.654052734375,1.3013916015625,57.861328125,-2.0751953125,-6.8359375
-0.7738037109375,-1.1705322265625,1.0234375,49.4384765625,-15.13671875,-0.8544921875
-0.8944091796875,-1.5516357421875,0.9033203125,42.29736328125,-22.0947265625,4.33349609375
1.2457275390625,-0.0582275390625,0.8631591796875,31.55517578125,-22.88818359375,6.2255859375
2.076904296875,0.7547607421875,0.9234619140625,21.240234375,-23.8037109375,6.34765625
2.3634033203125,-0.0081787109375,0.936767578125,15.0146484375,-25.20751953125,5.79833984375
2.4095458984375,-0.4935302734375,0.9423828125,5.615234375,-25.08544921875,2.01416015625
2.0341796875,-0.122802734375,0.93212890625,-3.23486328125,-22.39990234375,-1.46484375
2.2557373046875,-0.071044921875,0.8922119140625,-8.544921875,-20.3857421875,-2.9296875
1.7562255859375,-0.0335693359375,0.8719482421875,-11.90185546875,-21.30126953125,-4.0283203125
0.6578369140625,0.0537109375,0.8826904296875,-14.46533203125,-23.92578125,-5.43212890625
0.748291015625,0.02490234375,0.8887939453125,-13.85498046875,-28.1982421875,-5.67626953125
0.7647705078125,0.0008544921875,0.8675537109375,-9.82666015625,-31.18896484375,-4.39453125
0.7359619140625,0.016357421875,0.8468017578125,-6.8359375,-32.16552734375,-2.99072265625
0.6944580078125,-0.0284423828125,0.8460693359375,-4.57763671875,-34.11865234375,-3.47900390625
0.6099853515625,-0.0975341796875,0.8531494140625,-1.40380859375,-35.58349609375,-7.14111328125
0.595458984375,-0.1571044921875,0.8656005859375,-2.3193359375,-35.2783203125,-10.3759765625
0.5863037109375,-0.210205078125,0.8748779296875,-1.40380859375,-35.400390625,-11.5966796875
0.558837890625,-0.2440185546875,0.8671875,-3.2958984375,-38.2080078125,-10.55908203125
0.52099609375,-0.2122802734375,0.8463134765625,-6.9580078125,-38.63525390625,-8.85009765625
0.5245361328125,-0.1505126953125,0.83251953125,-9.82666015625,-38.6962890625,-7.38525390625
0.529296875,-0.144287109375,0.8106689453125,-10.009765625,-37.53662109375,-6.04248046875
0.5291748046875,-0.1143798828125,0.80322265625,-7.9345703125,-36.2548828125,-5.4931640625
0.533447265625,-0.0992431640625,0.814208984375,-5.859375,-37.7197265625,-5.06591796875
0.5377197265625,-0.1080322265625,0.753662109375,-4.08935546875,-43.64013671875,-4.8828125
0.537109375,-0.1112060546875,0.730224609375,-2.25830078125,-51.025390625,-2.197265625
0.544189453125,-0.1285400390625,0.720703125,-0.9765625,-59.26513671875,0.732421875
0.5640869140625,-0.1485595703125,0.7308349609375,0.42724609375,-68.4814453125,2.38037109375
0.549072265625,-0.12158203125,0.758056640625,-0.42724609375,-78.369140625,4.2724609375
0.55419921875,-0.1353759765625,0.8060302734375,-0.9765625,-89.90478515625,9.8876953125
0.5777587890625,-0.1090087890625,0.838134765625,-2.25830078125,-102.47802734375,11.962890625
0.584228515625,-0.1112060546875,0.84033203125,-3.84521484375,-132.99560546875,7.568359375
0.5538330078125,-0.104736328125,0.8428955078125,-6.2255859375,-148.62060546875,2.44140625
0.60791015625,-0.08837890625,0.848388671875,-9.033203125,-184.814453125,-4.0283203125
0.613037109375,-0.104248046875,0.8594970703125,-15.19775390625,-205.01708984375,-17.76123046875
0.62060546875,-0.1273193359375,0.8709716796875,-20.32470703125,-232.91015625,-37.109375
0.623046875,-0.1058349609375,0.888916015625,-28.38134765625,-269.6533203125,-63.17138671875
0.6116943359375,-0.0672607421875,0.9124755859375,-33.75244140625,-305.908203125,-77.63671875
0.588134765625,-0.0745849609375,0.9217529296875,-42.66357421875,-351.62353515625,-74.27978515625
0.5655517578125,-0.07568359375,0.98046875,-45.34912109375,-393.6767578125,-93.1396484375
0.5589599609375,-0.0440673828125,0.9884033203125,-46.81396484375,-457.33642578125,-100.52490234375
0.5673828125,0.009033203125,0.9794921875,-39.85595703125,-508.23974609375,-99.9755859375
0.579345703125,-0.0352783203125,0.9874267578125,-57.4951171875,-525.390625,-119.20166015625
0.571533203125,-0.2286376953125,1.0543212890625,-100.09765625,-508.30078125,-144.47021484375
0.5716552734375,-0.243896484375,1.105224609375,-122.0703125,-488.22021484375,-153.6865234375
0.576416015625,-0.28466796875,1.125244140625,-148.01025390625,-384.3994140625,-136.53564453125
0.5946044921875,-0.3616943359375,1.3350830078125,-193.84765625,-298.64501953125,-135.31494140625
0.5809326171875,-0.4130859375,1.201904296875,-234.19189453125,-205.50537109375,-49.37744140625
0.5487060546875,-0.26953125,0.8055419921875,-283.26416015625,-97.65625,20.69091796875
0.5123291015625,-0.0870361328125,0.756591796875,-258.544921875,35.888671875,53.955078125
0.440673828125,-0.336669921875,0.8948974609375,-239.31884765625,167.8466796875,57.92236328125
0.3338623046875,-0.4364013671875,1.1767578125,-204.04052734375,260.009765625,59.2041015625
0.258544921875,-0.291748046875,1.969482421875,-143.49365234375,310.36376953125,60.72998046875
0.2537841796875,-0.4935302734375,1.8160400390625,-83.49609375,310.72998046875,69.3359375
0.8421630859375,-0.9493408203125,1.598876953125,3.84521484375,320.25146484375,83.8623046875
1.378662109375,-1.026123046875,1.756103515625,77.0263671875,285.70556640625,97.412109375
1.5106201171875,-1.0858154296875,1.7984619140625,118.7744140625,277.9541015625,111.81640625
1.9180908203125,-0.7947998046875,1.3414306640625,127.13623046875,281.31103515625,126.64794921875
2.333984375,-1.450927734375,0.8916015625,133.72802734375,294.00634765625,129.7607421875
2.671142578125,-2.3363037109375,0.549072265625,118.7744140625,330.13916015625,132.568359375
2.8485107421875,-2.4063720703125,0.492919921875,101.806640625,348.20556640625,134.33837890625
2.150634765625,-2.19287109375,0.548095703125,82.3974609375,358.0322265625,134.33837890625
1.314453125,-1.5234375,0.52392578125,71.2890625,363.76953125,133.544921875
2.3447265625,-0.7900390625,0.6190185546875,65.97900390625,368.2861328125,129.57763671875
2.66455078125,-0.3072509765625,0.7005615234375,56.57958984375,368.95751953125,124.0234375
1.40966796875,-0.0599365234375,0.7022705078125,45.59326171875,367.67578125,118.95751953125
0.88720703125,-0.0157470703125,0.63037109375,35.82763671875,367.67578125,118.2861328125
0.371337890625,-0.110107421875,0.581787109375,25.634765625,368.408203125,121.58203125
-0.01220703125,-0.2176513671875,0.582275390625,20.8740234375,388.48876953125,125.1220703125
-0.2149658203125,-0.2935791015625,0.6085205078125,19.287109375,395.3857421875,125.91552734375
-0.171142578125,-0.1873779296875,0.6839599609375,17.88330078125,394.22607421875,122.4365234375
0.0601806640625,-0.0555419921875,0.8319091796875,6.34765625,385.68115234375,113.4033203125
0.27001953125,0.0189208984375,1.0142822265625,-2.5634765625,369.32373046875,98.2666015625
0.509521484375,0.029296875,1.2100830078125,-11.04736328125,344.8486328125,63.3544921875
0.6282958984375,-0.0146484375,1.645263671875,-17.9443359375,312.19482421875,58.16650390625
0.60498046875,-0.1077880859375,1.7554931640625,-25.634765625,231.50634765625,65.673828125
0.572265625,-0.16943359375,1.817138671875,-33.50830078125,174.8046875,68.90869140625
0.5865478515625,-0.2049560546875,1.7967529296875,-36.9873046875,102.47802734375,58.16650390625
0.6519775390625,-0.25244140625,1.7049560546875,-46.875,12.26806640625,8.544921875
0.760498046875,-0.274658203125,1.476806640625,-78.7353515625,-48.27880859375,-35.5224609375
0.927001953125,-0.281982421875,1.008544921875,-110.53466796875,-94.3603515625,-46.7529296875
1.12548828125,-0.27587890625,0.2635498046875,-95.3369140625,-129.638671875,-51.1474609375
1.3331298828125,-0.3167724609375,-1.4144287109375,-46.0205078125,-148.193359375,-41.44287109375
1.8201904296875,-0.5096435546875,-1.9168701171875,40.22216796875,-153.25927734375,-34.0576171875
1.9752197265625,-0.7369384765625,-2.213134765625,99.54833984375,-108.45947265625,-37.109375
2.13232421875,-0.586181640625,-2.2515869140625,97.10693359375,-59.87548828125,-14.404296875
2.3226318359375,1.0576171875,-1.8348388671875,56.70166015625,-109.31396484375,37.841796875
2.572998046875,1.2532958984375,-1.1788330078125,61.1572265625,-218.93310546875,54.87060546875
2.8203125,0.67822265625,-0.582763671875,75.25634765625,-293.45703125,15.625
2.9920654296875,-0.1551513671875,0.1363525390625,3.662109375,-319.03076171875,-0.42724609375
3.06689453125,-0.370849609375,1.7213134765625,-14.16015625,-310.1806640625,-21.6064453125
3.0426025390625,0.2415771484375,2.863037109375,-10.986328125,-252.25830078125,-38.14697265625
3.134765625,0.7044677734375,1.7843017578125,-11.16943359375,-175.96435546875,-39.0625
3.2586669921875,0.869140625,0.1563720703125,-2.3193359375,-105.52978515625,-32.5927734375
3.0992431640625,0.0128173828125,0.141357421875,29.052734375,-57.373046875,-25.81787109375
2.7652587890625,-0.8660888671875,1.74755859375,72.021484375,4.08935546875,-16.4794921875
2.622802734375,-0.7503662109375,1.70556640625,75.0732421875,0.732421875,-7.568359375
2.548828125,-0.63720703125,1.580322265625,74.64599609375,-7.75146484375,-0.9765625
1.7691650390625,-0.596923828125,1.20263671875,59.63134765625,-18.4326171875,4.45556640625
-0.2113037109375,0.0340576171875,1.080810546875,46.630859375,-27.77099609375,8.48388671875
-1.038330078125,0.1776123046875,1.0887451171875,31.92138671875,-30.029296875,10.43701171875
-1.2156982421875,-0.3770751953125,0.89208984375,17.578125,-29.1748046875,10.498046875
-1.2138671875,-0.18603515625,0.915771484375,7.4462890625,-26.9775390625,9.6435546875
0.5167236328125,0.19873046875,0.933837890625,-1.52587890625,-23.37646484375,8.6669921875
2.2049560546875,-0.028564453125,0.939697265625,-9.21630859375,-21.1181640625,10.1318359375
2.6815185546875,-0.1676025390625,0.9061279296875,-14.34326171875,-23.98681640625,12.0849609375
3.0911865234375,-0.0615234375,0.873291015625,-18.61572265625,-38.63525390625,13.12255859375
2.402099609375,0.04443359375,0.8673095703125,-21.78955078125,-41.1376953125,13.0615234375
1.244873046875,0.0301513671875,0.867431640625,-20.93505859375,-42.05322265625,11.23046875
0.927001953125,-0.0347900390625,0.8609619140625,-20.99609375,-41.44287109375,8.9111328125
0.6781005859375,-0.0478515625,0.8516845703125,-22.4609375,-40.71044921875,4.21142578125
0.685546875,-0.083740234375,0.84521484375,-23.13232421875,-39.794921875,0.48828125
0.6920166015625,-0.1275634765625,0.8316650390625,-24.10888671875,-39.48974609375,-3.7841796875
0.6417236328125,-0.1688232421875,0.81787109375,-24.169921875,-39.48974609375,-8.85009765625
0.6263427734375,-0.212646484375,0.80029296875,-24.35302734375,-38.9404296875,-21.6064453125
0.616455078125,-0.2237548828125,0.7784423828125,-20.263671875,-36.80419921875,-26.611328125
0.58349609375,-0.1798095703125,0.7664794921875,-16.29638671875,-28.99169921875,-28.1982421875
0.5787353515625,-0.146484375,0.751953125,-10.68115234375,-27.89306640625,-25.93994140625
0.564453125,-0.1781005859375,0.722900390625,-3.96728515625,-28.80859375,-20.99609375
0.5491943359375,-0.2216796875,0.7093505859375,12.14599609375,-32.16552734375,-15.31982421875
0.5435791015625,-0.252197265625,0.68408203125,17.88330078125,-38.330078125,-11.3525390625
0.5592041015625,-0.2435302734375,0.65478515625,21.6064453125,-46.630859375,-9.21630859375
0.5625,-0.2725830078125,0.6986083984375,21.91162109375,-57.06787109375,-6.16455078125
0.5760498046875,-0.3074951171875,0.7174072265625,19.287109375,-71.4111328125,0.1220703125
0.5701904296875,-0.3511962890625,0.7352294921875,15.68603515625,-88.2568359375,7.38525390625
0.5703125,-0.37744140625,0.760986328125,9.70458984375,-104.55322265625,12.51220703125
0.5804443359375,-0.3857421875,0.7835693359375,5.06591796875,-120.4833984375,9.82666015625
0.5899658203125,-0.30908203125,0.8170166015625,1.28173828125,-137.20703125,4.2724609375
0.5936279296875,-0.2142333984375,0.8519287109375,-3.173828125,-196.4111328125,-3.5400390625
0.60498046875,-0.1168212890625,0.884521484375,-7.8125,-219.23828125,-36.56005859375
0.617919921875,-0.0771484375,0.8935546875,-13.18359375,-248.35205078125,-24.84130859375
0.6051025390625,-0.0985107421875,0.8831787109375,-31.67724609375,-366.02783203125,-45.7763671875
0.6165771484375,-0.146484375,0.8912353515625,-35.21728515625,-412.9638671875,-79.77294921875
0.648681640625,-0.1575927734375,0.9097900390625,-36.80419921875,-462.7685546875,-99.853515625
0.6661376953125,-0.08837890625,0.968017578125,-67.9931640625,-488.037109375,-120.1171875
0.645751953125,-0.0228271484375,0.9664306640625,-111.328125,-487.85400390625,-116.27197265625
0.6029052734375,-0.02392578125,0.98583984375,-166.80908203125,-472.71728515625,-139.0380859375
0.5562744140625,-0.0732421875,1.0325927734375,-190.61279296875,-375.6103515625,-95.52001953125
0.5321044921875,-0.27783203125,1.1875,-221.923828125,-266.29638671875,-40.1611328125
0.5626220703125,-0.27978515625,1.1600341796875,-253.35693359375,-83.31298828125,12.5732421875
0.6019287109375,-0.2344970703125,0.7318115234375,-290.46630859375,56.7626953125,44.37255859375
0.6060791015625,-0.2037353515625,0.544921875,-273.25439453125,185.9130859375,41.6259765625
0.5889892578125,-0.2923583984375,0.84228515625,-268.798828125,300.9033203125,39.0625
0.5135498046875,-0.671875,1.3482666015625,-157.28759765625,310.9130859375,43.212890625
0.4686279296875,-0.818115234375,1.5684814453125,-87.0361328125,322.998046875,61.58447265625
0.427490234375,-0.70703125,1.3701171875,69.580078125,302.734375,71.533203125
0.2769775390625,-0.976806640625,1.8125,114.8681640625,271.1181640625,91.24755859375
1.0706787109375,-1.0367431640625,1.7122802734375,134.82666015625,280.3955078125,94.29931640625
1.392333984375,-0.7672119140625,0.9010009765625,137.939453125,305.0537109375,98.2666015625
1.7657470703125,-0.8834228515625,0.6744384765625,115.53955078125,326.2939453125,102.23388671875
2.1396484375,-2.3623046875,0.517578125,101.50146484375,339.4775390625,108.70361328125
2.5888671875,-2.3929443359375,0.47607421875,75.68359375,354.18701171875,113.70849609375
2.7713623046875,-1.461669921875,0.5029296875,71.2890625,371.88720703125,118.0419921875
1.5250244140625,-0.8446044921875,0.61669921875,66.58935546875,383.9111328125,122.00927734375
1.6771240234375,-0.3253173828125,0.707763671875,60.302734375,387.63427734375,127.99072265625
2.365234375,-0.0279541015625,0.6783447265625,51.6357421875,386.29150390625,132.9345703125
1.38037109375,0.0601806640625,0.66650390625,43.3349609375,380.615234375,139.404296875
0.3558349609375,-0.0535888671875,0.6636962890625,36.376953125,384.09423828125,146.05712890625
-0.025146484375,-0.207275390625,0.669189453125,30.57861328125,385.986328125,149.0478515625
-0.21484375,-0.2418212890625,0.6793212890625,23.86474609375,384.521484375,130.31005859375
-0.244140625,-0.232177734375,0.728271484375,17.7001953125,377.685546875,108.0322265625
-0.126708984375,-0.19287109375,0.83544921875,9.09423828125,347.47314453125,54.01611328125
0.3585205078125,-0.167236328125,1.173095703125,-0.48828125,330.26123046875,25.93994140625
0.585205078125,-0.195556640625,1.35498046875,-11.1083984375,274.90234375,18.85986328125
0.61572265625,-0.258544921875,1.506591796875,-33.38623046875,226.6845703125,31.55517578125
0.648681640625,-0.3245849609375,1.5926513671875,-37.59765625,165.58837890625,48.7060546875
0.744873046875,-0.4228515625,1.6165771484375,-46.20361328125,89.41650390625,40.771484375
0.85205078125,-0.41357421875,1.48828125,-69.9462890625,22.5830078125,-3.60107421875
0.8818359375,-0.391357421875,1.1553955078125,-114.2578125,-39.6728515625,-37.353515625
0.93115234375,-0.354736328125,-0.3231201171875,-145.08056640625,-100.40283203125,-43.9453125
1.0921630859375,-0.32421875,-1.093017578125,-132.32421875,-135.80322265625,-25.32958984375
1.535888671875,-0.50439453125,-1.6923828125,-62.98828125,-153.01513671875,-20.3857421875
1.7725830078125,-0.6715087890625,-2.1422119140625,42.6025390625,-138.5498046875,-28.13720703125
1.968017578125,-0.2691650390625,-2.35595703125,110.90087890625,-115.8447265625,-19.04296875
2.150634765625,0.537109375,-2.10546875,103.21044921875,-148.193359375,22.88818359375
2.382568359375,1.26025390625,-1.5284423828125,115.17333984375,-231.99462890625,49.62158203125
3.088623046875,1.237060546875,-0.8848876953125,111.63330078125,-287.109375,15.2587890625
3.4000244140625,0.43701171875,0.0439453125,75.62255859375,-302.490234375,-25.634765625
2.936279296875,-0.608642578125,1.3570556640625,62.01171875,-325.62255859375,-38.6962890625
2.8067626953125,-0.7379150390625,2.2720947265625,39.48974609375,-295.2880859375,-51.69677734375
2.92626953125,0.0960693359375,1.61865234375,27.9541015625,-216.97998046875,-43.27392578125
3.0616455078125,0.7169189453125,0.3194580078125,36.31591796875,-133.60595703125,-40.22216796875
3.0068359375,0.1461181640625,0.3428955078125,63.8427734375,-61.4013671875,-32.470703125
2.6148681640625,-0.577392578125,1.22802734375,108.0322265625,-24.0478515625,-26.06201171875
2.2578125,-0.345458984375,1.718505859375,108.82568359375,2.3193359375,-24.4140625
2.1829833984375,0.147705078125,1.710205078125,86.85302734375,9.6435546875,-11.8408203125
1.523193359375,0.2789306640625,1.378173828125,81.84814453125,7.9345703125,-8.30078125
-0.1072998046875,0.0159912109375,1.1680908203125,63.41552734375,-4.2724609375,-3.11279296875
-0.6600341796875,-0.052001953125,1.1259765625,49.8046875,-16.7236328125,-0.42724609375
-0.611328125,-0.1917724609375,0.9635009765625,42.1142578125,-19.4091796875,2.5634765625
-0.683349609375,-0.0303955078125,0.87255859375,17.63916015625,-19.10400390625,4.7607421875
0.61083984375,0.177734375,0.864501953125,12.39013671875,-15.625,4.08935546875
1.8514404296875,-0.031005859375,0.8409423828125,6.9580078125,-12.02392578125,5.55419921875
