0.3787841796875,-0.0537109375,0.9434814453125,3.35693359375,-2.685546875,-2.01416015625
0.3775634765625,-0.055419921875,0.9454345703125,3.23486328125,-2.5634765625,-2.0751953125
0.3795166015625,-0.053955078125,0.944091796875,3.23486328125,-2.62451171875,-2.0751953125
0.3809814453125,-0.05615234375,0.945068359375,3.23486328125,-2.62451171875,-2.0751953125
0.3809814453125,-0.05419921875,0.9439697265625,3.173828125,-2.685546875,-2.13623046875
0.3797607421875,-0.054931640625,0.9439697265625,3.23486328125,-2.62451171875,-2.25830078125
0.380615234375,-0.05322265625,0.9447021484375,3.23486328125,-2.685546875,-2.3193359375
0.3802490234375,-0.0552978515625,0.9447021484375,3.35693359375,-2.74658203125,-2.25830078125
0.3790283203125,-0.0533447265625,0.9437255859375,3.23486328125,-2.8076171875,-2.13623046875
0.379150390625,-0.0531005859375,0.943359375,3.23486328125,-2.685546875,-2.13623046875
0.3795166015625,-0.0548095703125,0.943359375,3.23486328125,-2.62451171875,-2.0751953125
0.3787841796875,-0.0540771484375,0.9449462890625,3.23486328125,-2.5634765625,-2.13623046875
0.3795166015625,-0.0535888671875,0.94287109375,3.23486328125,-2.62451171875,-2.01416015625
0.3780517578125,-0.0545654296875,0.94384765625,3.173828125,-2.685546875,-2.01416015625
0.377197265625,-0.0545654296875,0.9439697265625,3.23486328125,-2.50244140625,-2.0751953125
0.3790283203125,-0.0535888671875,0.9434814453125,3.11279296875,-2.44140625,-2.13623046875
0.3795166015625,-0.053955078125,0.9447021484375,3.23486328125,-2.5634765625,-2.197265625
0.3782958984375,-0.0538330078125,0.9444580078125,3.173828125,-2.5634765625,-2.13623046875
0.3800048828125,-0.054443359375,0.94189453125,3.23486328125,-2.74658203125,-2.13623046875
0.3798828125,-0.0526123046875,0.9454345703125,3.2958984375,-2.62451171875,-2.3193359375
0.3795166015625,-0.05419921875,0.9453125,3.35693359375,-2.44140625,-2.13623046875
0.3782958984375,-0.0540771484375,0.94580078125,3.23486328125,-2.5634765625,-2.13623046875
0.3790283203125,-0.05419921875,0.9449462890625,3.23486328125,-2.5634765625,-2.0751953125
0.3778076171875,-0.053955078125,0.9454345703125,3.23486328125,-2.44140625,-2.01416015625
0.3795166015625,-0.0533447265625,0.9459228515625,3.173828125,-2.50244140625,-2.0751953125
0.381103515625,-0.0538330078125,0.946044921875,3.2958984375,-2.38037109375,-2.25830078125
0.3787841796875,-0.0535888671875,0.944091796875,3.2958984375,-2.44140625,-2.25830078125
0.3787841796875,-0.0531005859375,0.944091796875,3.173828125,-2.685546875,-2.13623046875
0.3792724609375,-0.0523681640625,0.9454345703125,3.173828125,-2.74658203125,-2.13623046875
0.377685546875,-0.0531005859375,0.9471435546875,3.2958984375,-2.62451171875,-2.13623046875
0.37939453125,-0.05322265625,0.9425048828125,3.23486328125,-2.74658203125,-2.3193359375
0.3797607421875,-0.052490234375,0.94384765625,3.23486328125,-2.74658203125,-2.44140625
0.3797607421875,-0.0543212890625,0.943603515625,3.23486328125,-2.86865234375,-2.3193359375
0.3804931640625,-0.0513916015625,0.946044921875,3.11279296875,-3.0517578125,-2.44140625
0.3779296875,-0.0533447265625,0.9454345703125,3.23486328125,-3.11279296875,-2.25830078125
0.379638671875,-0.05322265625,0.945556640625,3.35693359375,-3.2958984375,-2.13623046875
0.376953125,-0.053466796875,0.9451904296875,2.86865234375,-2.99072265625,-2.25830078125
0.3802490234375,-0.052490234375,0.9432373046875,3.2958984375,-2.99072265625,-2.38037109375
0.3778076171875,-0.052490234375,0.94580078125,3.173828125,-2.99072265625,-2.3193359375
0.3765869140625,-0.052734375,0.94287109375,3.11279296875,-3.173828125,-2.38037109375
0.37744140625,-0.0523681640625,0.9447021484375,3.11279296875,-3.0517578125,-2.197265625
0.378662109375,-0.0528564453125,0.94482421875,3.173828125,-3.11279296875,-2.0751953125
0.3779296875,-0.0517578125,0.94482421875,3.173828125,-2.99072265625,-2.0751953125
0.3782958984375,-0.0528564453125,0.944580078125,3.23486328125,-2.74658203125,-2.197265625
0.3785400390625,-0.054931640625,0.943603515625,3.2958984375,-2.86865234375,-2.01416015625
0.376953125,-0.0511474609375,0.945068359375,3.11279296875,-2.86865234375,-2.13623046875
0.3790283203125,-0.052001953125,0.9442138671875,3.11279296875,-2.74658203125,-2.13623046875
0.3824462890625,-0.052490234375,0.9443359375,3.11279296875,-2.74658203125,-2.0751953125
0.3814697265625,-0.0511474609375,0.945068359375,3.23486328125,-2.685546875,-2.25830078125
0.3787841796875,-0.0517578125,0.9443359375,3.11279296875,-2.685546875,-2.197265625
0.3812255859375,-0.0509033203125,0.944580078125,3.11279296875,-2.8076171875,-2.13623046875
0.38037109375,-0.05078125,0.94384765625,2.99072265625,-2.74658203125,-2.13623046875
0.38037109375,-0.0506591796875,0.9439697265625,3.11279296875,-2.5634765625,-1.953125
0.38134765625,-0.0491943359375,0.9443359375,3.11279296875,-2.685546875,-1.953125
0.38134765625,-0.0501708984375,0.9427490234375,2.99072265625,-2.50244140625,-1.953125
0.38134765625,-0.050048828125,0.9432373046875,2.99072265625,-2.5634765625,-1.953125
0.3792724609375,-0.050048828125,0.9432373046875,2.9296875,-2.50244140625,-1.89208984375
0.3812255859375,-0.0494384765625,0.942626953125,3.0517578125,-2.50244140625,-1.953125
0.380859375,-0.0499267578125,0.942138671875,2.99072265625,-2.44140625,-1.953125
0.38134765625,-0.0498046875,0.9447021484375,2.9296875,-2.3193359375,-1.953125
0.383056640625,-0.0498046875,0.945068359375,2.99072265625,-2.44140625,-2.13623046875
0.382080078125,-0.0501708984375,0.9439697265625,2.99072265625,-2.44140625,-1.953125
0.3828125,-0.04931640625,0.9432373046875,2.99072265625,-2.50244140625,-1.953125
0.3834228515625,-0.0496826171875,0.94287109375,2.99072265625,-2.197265625,-2.01416015625
0.3824462890625,-0.0489501953125,0.944091796875,2.99072265625,-2.38037109375,-2.01416015625
0.382080078125,-0.051513671875,0.9442138671875,3.11279296875,-2.44140625,-2.01416015625
0.3809814453125,-0.0506591796875,0.94384765625,3.0517578125,-2.44140625,-2.13623046875
0.3812255859375,-0.0513916015625,0.943603515625,3.11279296875,-2.25830078125,-2.3193359375
0.3826904296875,-0.051513671875,0.9451904296875,3.11279296875,-2.38037109375,-2.197265625
0.382080078125,-0.0506591796875,0.94287109375,3.173828125,-2.5634765625,-1.89208984375
0.380859375,-0.0504150390625,0.943359375,3.11279296875,-2.44140625,-1.77001953125
0.380859375,-0.0498046875,0.9449462890625,3.23486328125,-2.197265625,-1.8310546875
0.3809814453125,-0.050537109375,0.94384765625,3.11279296875,-2.13623046875,-1.77001953125
0.3807373046875,-0.049560546875,0.944580078125,3.0517578125,-2.0751953125,-1.89208984375
0.381103515625,-0.0509033203125,0.9447021484375,2.9296875,-2.01416015625,-1.89208984375
0.380859375,-0.0487060546875,0.9442138671875,2.9296875,-2.3193359375,-1.89208984375
0.3804931640625,-0.0491943359375,0.9453125,2.86865234375,-2.25830078125,-1.8310546875
0.3814697265625,-0.0498046875,0.946044921875,2.8076171875,-2.3193359375,-1.5869140625
0.38330078125,-0.050048828125,0.94677734375,2.9296875,-2.197265625,-1.64794921875
0.3822021484375,-0.049560546875,0.945556640625,2.9296875,-2.01416015625,-1.52587890625
0.382080078125,-0.05078125,0.9442138671875,2.8076171875,-2.0751953125,-1.40380859375
0.3814697265625,-0.0482177734375,0.9439697265625,2.685546875,-2.13623046875,-1.46484375
0.379638671875,-0.0484619140625,0.94482421875,2.62451171875,-2.197265625,-1.52587890625
0.38232421875,-0.048583984375,0.9451904296875,2.62451171875,-2.197265625,-1.52587890625
0.3819580078125,-0.0506591796875,0.9453125,2.50244140625,-2.0751953125,-1.708984375
0.381103515625,-0.0496826171875,0.94482421875,2.50244140625,-2.0751953125,-1.8310546875
0.381103515625,-0.048095703125,0.94580078125,2.50244140625,-2.3193359375,-1.953125
0.3814697265625,-0.0489501953125,0.9461669921875,2.50244140625,-2.685546875,-1.8310546875
0.379638671875,-0.0494384765625,0.9442138671875,2.50244140625,-3.0517578125,-1.8310546875
0.380126953125,-0.049072265625,0.9434814453125,2.62451171875,-3.173828125,-1.953125
0.3818359375,-0.05078125,0.94189453125,2.74658203125,-3.173828125,-2.0751953125
0.3814697265625,-0.0516357421875,0.9390869140625,2.74658203125,-3.11279296875,-2.5634765625
0.3797607421875,-0.04833984375,0.9404296875,2.74658203125,-3.47900390625,-3.5400390625
0.3798828125,-0.052001953125,0.942626953125,2.8076171875,-4.21142578125,-4.0283203125
0.379638671875,-0.050537109375,0.9444580078125,2.86865234375,-5.67626953125,-3.72314453125
0.38134765625,-0.0523681640625,0.94580078125,2.685546875,-6.77490234375,-3.72314453125
0.3800048828125,-0.054931640625,0.95068359375,2.197265625,-6.16455078125,-3.7841796875
0.3800048828125,-0.0516357421875,0.95654296875,-0.91552734375,-3.90625,-4.21142578125
0.3758544921875,-0.0518798828125,0.9737548828125,-4.7607421875,-2.197265625,-4.45556640625
0.37060546875,-0.052734375,1.005615234375,-5.9814453125,-1.708984375,-4.7607421875
0.3729248046875,-0.0531005859375,0.9822998046875,-5.2490234375,-0.732421875,-4.82177734375
0.37255859375,-0.0499267578125,0.965576171875,-3.35693359375,-0.1220703125,-4.39453125
0.3836669921875,-0.0506591796875,0.93896484375,-1.708984375,0.244140625,-3.23486328125
0.3787841796875,-0.068115234375,0.9326171875,0.1220703125,0.91552734375,-2.685546875
0.384033203125,-0.0467529296875,0.933837890625,1.40380859375,2.5634765625,-1.953125
0.3824462890625,-0.0328369140625,0.93994140625,1.220703125,2.86865234375,-1.8310546875
0.4046630859375,-0.0494384765625,0.9376220703125,0.0,4.33349609375,-1.8310546875
0.4276123046875,-0.0732421875,0.94384765625,-0.42724609375,4.82177734375,-1.220703125
0.4185791015625,-0.0804443359375,0.9794921875,-1.220703125,4.5166015625,-1.220703125
0.4178466796875,-0.091796875,0.9393310546875,-1.46484375,5.126953125,-1.03759765625
0.3856201171875,-0.078369140625,0.9483642578125,-1.708984375,5.31005859375,-0.732421875
0.363525390625,-0.0628662109375,0.92236328125,-1.953125,5.126953125,-0.67138671875
0.3876953125,-0.0556640625,0.957763671875,-1.8310546875,5.06591796875,-0.732421875
0.382568359375,-0.029052734375,0.94140625,-1.52587890625,4.2724609375,-0.3662109375
0.3778076171875,-0.04248046875,0.947509765625,-1.28173828125,4.21142578125,-0.30517578125
0.38232421875,-0.0460205078125,0.94384765625,-0.91552734375,2.13623046875,0.18310546875
0.40576171875,-0.060302734375,0.9405517578125,-1.03759765625,1.953125,0.8544921875
0.386474609375,-0.046142578125,0.9322509765625,-1.40380859375,2.197265625,1.3427734375
0.39453125,-0.0545654296875,0.94189453125,-1.953125,2.25830078125,1.64794921875
0.3670654296875,-0.05419921875,0.937255859375,-2.74658203125,1.46484375,1.77001953125
0.3736572265625,-0.0606689453125,0.9522705078125,-3.11279296875,0.79345703125,1.953125
0.376953125,-0.065185546875,0.9521484375,-3.0517578125,0.18310546875,2.0751953125
0.371826171875,-0.0673828125,0.93798828125,-2.9296875,-0.3662109375,2.25830078125
0.3697509765625,-0.063720703125,0.9241943359375,-2.62451171875,-0.91552734375,2.50244140625
0.3621826171875,-0.063232421875,0.9307861328125,-2.50244140625,-0.732421875,2.99072265625
0.3516845703125,-0.0545654296875,0.931884765625,-2.3193359375,0.0,2.9296875
0.361328125,-0.072509765625,0.9293212890625,-2.13623046875,0.9765625,1.89208984375
0.346923828125,-0.072509765625,0.9383544921875,-2.5634765625,1.5869140625,1.220703125
0.359130859375,-0.0794677734375,0.9405517578125,-2.86865234375,0.6103515625,0.3662109375
0.3599853515625,-0.074462890625,0.94873046875,-1.77001953125,0.06103515625,-0.244140625
0.3607177734375,-0.0750732421875,0.9453125,0.30517578125,-0.48828125,-1.3427734375
0.3353271484375,-0.08154296875,0.9378662109375,1.64794921875,-0.8544921875,-1.8310546875
0.330322265625,-0.083251953125,0.9462890625,2.74658203125,-2.685546875,-2.38037109375
0.33642578125,-0.082275390625,0.9678955078125,3.35693359375,-3.60107421875,-2.685546875
0.3306884765625,-0.0704345703125,0.9676513671875,4.82177734375,-4.82177734375,-3.0517578125
0.3343505859375,-0.06494140625,0.96435546875,5.2490234375,-5.43212890625,-3.41796875
0.3541259765625,-0.080322265625,0.954833984375,5.79833984375,-6.103515625,-3.41796875
0.3629150390625,-0.1019287109375,0.9547119140625,6.103515625,-7.6904296875,-3.41796875
0.3585205078125,-0.1336669921875,0.94287109375,6.4697265625,-7.9345703125,-3.41796875
0.34326171875,-0.114990234375,0.9503173828125,7.32421875,-8.48388671875,-3.60107421875
0.349365234375,-0.1007080078125,0.9443359375,7.38525390625,-8.6669921875,-3.84521484375
0.3514404296875,-0.1109619140625,0.938232421875,7.4462890625,-8.60595703125,-4.150390625
0.34521484375,-0.10205078125,0.9482421875,7.50732421875,-8.60595703125,-4.45556640625
0.3458251953125,-0.1109619140625,0.94189453125,7.50732421875,-8.85009765625,-4.57763671875
0.334228515625,-0.1099853515625,0.94921875,7.4462890625,-10.009765625,-5.06591796875
0.33349609375,-0.1002197265625,0.9462890625,7.6904296875,-10.7421875,-5.79833984375
0.322265625,-0.1068115234375,0.9453125,7.99560546875,-11.41357421875,-6.103515625
0.3392333984375,-0.0902099609375,0.941162109375,8.4228515625,-12.51220703125,-6.2255859375
0.3330078125,-0.0882568359375,0.9212646484375,8.4228515625,-14.46533203125,-6.28662109375
0.325927734375,-0.08349609375,0.941162109375,7.8125,-17.4560546875,-6.40869140625
0.3470458984375,-0.07958984375,0.943603515625,7.4462890625,-20.56884765625,-5.92041015625
0.3358154296875,-0.075927734375,0.94482421875,7.50732421875,-22.88818359375,-6.4697265625
0.34619140625,-0.0828857421875,0.9295654296875,8.1787109375,-23.25439453125,-7.62939453125
0.3453369140625,-0.0865478515625,0.9267578125,8.85009765625,-23.86474609375,-8.48388671875
0.3377685546875,-0.096435546875,0.9229736328125,8.97216796875,-25.634765625,-8.4228515625
0.342041015625,-0.083740234375,0.955322265625,8.60595703125,-28.62548828125,-9.521484375
0.312255859375,-0.0709228515625,0.9642333984375,9.21630859375,-29.541015625,-10.80322265625
0.3358154296875,-0.080078125,0.9647216796875,10.68115234375,-30.029296875,-11.65771484375
0.341064453125,-0.063232421875,0.9542236328125,11.962890625,-30.517578125,-11.962890625
0.3411865234375,-0.0767822265625,0.935302734375,13.3056640625,-30.21240234375,-11.71875
0.3258056640625,-0.06689453125,0.9620361328125,14.892578125,-27.40478515625,-12.51220703125
0.3118896484375,-0.0927734375,0.9686279296875,16.66259765625,-27.16064453125,-13.61083984375
0.3218994140625,-0.054931640625,0.9461669921875,16.17431640625,-28.50341796875,-14.83154296875
0.3448486328125,-0.07470703125,0.948486328125,16.54052734375,-30.517578125,-17.08984375
0.392822265625,-0.0860595703125,0.9913330078125,17.4560546875,-33.38623046875,-19.4091796875
0.366943359375,-0.100830078125,0.9471435546875,18.5546875,-35.400390625,-19.53125
0.357666015625,-0.07373046875,0.9503173828125,18.85986328125,-39.00146484375,-19.34814453125
0.350341796875,-0.0977783203125,0.951171875,19.83642578125,-45.0439453125,-18.798828125
0.4298095703125,-0.1060791015625,0.9588623046875,21.1181640625,-49.9267578125,-18.00537109375
0.4107666015625,-0.0367431640625,0.966552734375,21.97265625,-59.08203125,-17.88330078125
0.3980712890625,-0.0660400390625,0.9652099609375,22.0947265625,-65.36865234375,-17.27294921875
0.4176025390625,-0.07275390625,0.9713134765625,22.39990234375,-70.37353515625,-24.5361328125
0.5015869140625,-0.0892333984375,0.96826171875,21.05712890625,-76.84326171875,-28.62548828125
0.4219970703125,-0.08984375,0.973876953125,21.66748046875,-123.59619140625,-35.7666015625
0.4039306640625,-0.0899658203125,0.9617919921875,20.8740234375,-144.4091796875,-61.767578125
0.4183349609375,-0.0804443359375,0.972900390625,30.57861328125,-169.12841796875,-73.486328125
0.3795166015625,-0.0634765625,0.982421875,34.48486328125,-203.67431640625,-87.09716796875
0.4293212890625,-0.034912109375,0.98486328125,44.25048828125,-210.87646484375,-93.93310546875
0.3792724609375,0.0245361328125,0.9581298828125,64.14794921875,-258.544921875,-91.6748046875
0.35693359375,0.0054931640625,0.9505615234375,74.15771484375,-286.19384765625,-91.36962890625
0.3922119140625,-0.061767578125,1.0301513671875,110.41259765625,-309.326171875,-97.0458984375
0.4512939453125,0.0196533203125,1.1387939453125,130.0048828125,-332.275390625,-102.05078125
0.4185791015625,-0.0513916015625,1.1295166015625,121.03271484375,-347.59521484375,-104.43115234375
0.501708984375,-0.029052734375,1.2384033203125,97.16796875,-346.3134765625,-87.58544921875
0.4429931640625,-0.08740234375,1.4154052734375,87.40234375,-308.04443359375,-46.875
0.4466552734375,-0.0780029296875,1.416259765625,91.30859375,-156.25,-26.06201171875
0.4234619140625,-0.1243896484375,1.240478515625,95.5810546875,18.24951171875,-28.3203125
0.396484375,-0.103759765625,1.4755859375,37.7197265625,70.73974609375,-25.0244140625
0.453857421875,-0.2015380859375,1.1461181640625,-19.1650390625,44.49462890625,-13.00048828125
0.5125732421875,-0.0068359375,3.263916015625,-40.52734375,39.794921875,-3.173828125
0.6151123046875,0.11962890625,3.99951171875,-31.31103515625,74.8291015625,4.7607421875
0.6309814453125,-0.127685546875,2.2181396484375,-30.45654296875,106.201171875,28.4423828125
0.69482421875,-0.166259765625,0.9705810546875,-43.27392578125,127.13623046875,41.3818359375
0.745849609375,-0.4166259765625,1.1580810546875,-53.03955078125,182.55615234375,51.8798828125
0.9066162109375,-0.287109375,1.6182861328125,-58.2275390625,206.6650390625,59.9365234375
1.2154541015625,-0.32666015625,1.505615234375,-71.77734375,223.69384765625,66.0400390625
0.7843017578125,-0.8966064453125,1.37890625,-78.61328125,235.65673828125,70.73974609375
1.1007080078125,-0.8218994140625,1.4656982421875,-83.984375,243.46923828125,74.3408203125
2.1875,-0.5704345703125,1.385986328125,-88.80615234375,248.046875,76.23291015625
-0.3809814453125,-0.461181640625,1.2684326171875,-95.27587890625,251.0986328125,72.44873046875
-1.108642578125,-0.4859619140625,1.1983642578125,-101.74560546875,254.150390625,70.86181640625
-0.4947509765625,-0.4866943359375,1.1651611328125,-106.201171875,260.7421875,90.33203125
0.0548095703125,-0.4210205078125,1.1551513671875,-108.154296875,259.3994140625,98.0224609375
-0.0897216796875,-0.2587890625,1.1865234375,-102.11181640625,227.5390625,101.4404296875
-0.19189453125,-0.189453125,1.23974609375,-98.81591796875,223.44970703125,83.984375
0.015380859375,-0.10498046875,1.29052734375,-89.41650390625,218.994140625,73.73046875
0.22216796875,-0.0081787109375,1.3621826171875,-83.06884765625,213.19580078125,62.8662109375
0.2476806640625,0.049072265625,1.4508056640625,-73.18115234375,207.45849609375,52.001953125
0.3089599609375,0.0926513671875,1.6163330078125,-59.6923828125,191.2841796875,41.80908203125
0.356689453125,0.13916015625,1.5780029296875,-66.71142578125,165.95458984375,33.38623046875
0.3797607421875,0.1741943359375,1.5245361328125,-76.66015625,137.63427734375,25.2685546875
0.41650390625,0.19677734375,0.966552734375,-82.275390625,112.48779296875,15.31982421875
0.4813232421875,0.1702880859375,0.5970458984375,-80.38330078125,89.9658203125,-9.27734375
0.553955078125,0.1175537109375,0.2745361328125,-70.556640625,67.626953125,-21.91162109375
0.6671142578125,0.1470947265625,0.07421875,-52.79541015625,14.34326171875,-48.828125
0.7696533203125,0.2105712890625,-0.02392578125,-28.99169921875,-7.9345703125,-61.70654296875
1.267578125,0.51025390625,-0.115478515625,11.23046875,-107.5439453125,-44.12841796875
1.4227294921875,0.637451171875,-0.2205810546875,20.08056640625,-216.73583984375,-40.0390625
1.618408203125,0.7032470703125,-0.321044921875,62.56103515625,-248.35205078125,-44.5556640625
2.008544921875,0.7291259765625,-0.0816650390625,66.89453125,-223.0224609375,-24.658203125
1.9166259765625,0.764892578125,-0.8992919921875,59.5703125,-219.6044921875,-11.1083984375
1.822021484375,0.781982421875,-2.54541015625,61.4013671875,-222.10693359375,-31.55517578125
1.7872314453125,0.7720947265625,1.07666015625,77.81982421875,-201.66015625,-33.63037109375
1.81640625,0.7801513671875,2.339111328125,77.880859375,-184.6923828125,-1.40380859375
1.825927734375,0.7005615234375,0.9791259765625,61.767578125,-169.12841796875,0.244140625
1.8125,0.254638671875,1.2861328125,67.56591796875,-60.72998046875,-1.5869140625
1.7127685546875,0.1939697265625,1.8408203125,57.4951171875,-13.3056640625,-3.23486328125
1.587646484375,-0.1812744140625,1.531494140625,57.06787109375,-12.20703125,-4.5166015625
0.086181640625,-0.8377685546875,1.7261962890625,11.29150390625,-13.18359375,-5.0048828125
-0.83642578125,-0.4830322265625,1.5428466796875,10.8642578125,-14.46533203125,-4.8828125
0.197998046875,-0.14453125,1.569091796875,11.23046875,-15.5029296875,-5.31005859375
1.179931640625,0.30859375,1.0062255859375,11.77978515625,-17.822265625,-5.37109375
0.8997802734375,0.4677734375,0.9732666015625,11.41357421875,-20.44677734375,-6.04248046875
0.8192138671875,0.4525146484375,0.9691162109375,9.521484375,-22.03369140625,-6.65283203125
1.17333984375,-0.207275390625,0.970947265625,8.48388671875,-25.0244140625,-7.62939453125
0.8773193359375,0.3740234375,0.96533203125,6.77490234375,-26.55029296875,-7.32421875
0.807373046875,-0.0806884765625,0.9581298828125,5.4931640625,-28.9306640625,-7.01904296875
1.056640625,-0.0970458984375,0.9320068359375,5.859375,-28.564453125,-7.75146484375
0.8017578125,-0.0794677734375,0.9267578125,6.77490234375,-28.74755859375,-8.72802734375
0.385986328125,-0.05224609375,0.931640625,6.89697265625,-26.3671875,-6.7138671875
0.3343505859375,-0.0498046875,0.9317626953125,6.8359375,-24.90234375,-11.23046875
0.3370361328125,-0.0714111328125,0.958984375,6.4697265625,-24.0478515625,-10.7421875
0.3426513671875,-0.0343017578125,0.9427490234375,7.6904296875,-26.611328125,-12.6953125
0.340087890625,-0.0428466796875,0.951171875,-2.25830078125,-23.74267578125,-13.36669921875
0.3472900390625,-0.0826416015625,0.9373779296875,9.21630859375,-28.3203125,-13.427734375
0.336181640625,-0.07568359375,0.8916015625,7.87353515625,-33.87451171875,-23.01025390625
0.328125,-0.08837890625,0.905517578125,7.26318359375,-31.92138671875,-24.47509765625
0.348876953125,-0.05224609375,0.9293212890625,5.18798828125,-35.2783203125,-24.169921875
0.3416748046875,-0.029296875,1.033203125,7.50732421875,-37.2314453125,-22.94921875
0.393310546875,-0.0909423828125,0.9169921875,18.12744140625,-41.32080078125,-21.42333984375
0.396728515625,0.0009765625,0.92431640625,19.6533203125,-59.14306640625,-19.59228515625
0.4068603515625,-0.2176513671875,0.93798828125,18.73779296875,-66.71142578125,-19.95849609375
0.442138671875,-0.078125,0.933837890625,14.70947265625,-76.11083984375,-21.1181640625
0.2835693359375,-0.195068359375,0.9385986328125,16.66259765625,-86.0595703125,-22.216796875
0.3680419921875,-0.0391845703125,0.9478759765625,18.06640625,-98.32763671875,-22.94921875
0.4359130859375,-0.036865234375,0.974609375,21.240234375,-113.22021484375,-22.76611328125
0.5078125,-0.0616455078125,0.9569091796875,22.5830078125,-131.04248046875,-26.42822265625
0.3983154296875,-0.0386962890625,0.9937744140625,23.98681640625,-154.11376953125,-35.888671875
0.4097900390625,-0.006591796875,0.9530029296875,25.45166015625,-175.4150390625,-49.01123046875
0.480712890625,0.001708984375,0.9329833984375,27.587890625,-188.1103515625,-66.22314453125
0.4361572265625,0.001708984375,0.9056396484375,37.841796875,-199.0966796875,-81.4208984375
0.4398193359375,0.0098876953125,0.8992919921875,45.654296875,-217.7734375,-91.796875
0.4107666015625,-0.0567626953125,0.99462890625,50.537109375,-244.81201171875,-103.6376953125
0.436279296875,-0.0052490234375,1.0693359375,63.41552734375,-281.06689453125,-107.72705078125
0.416015625,-0.0108642578125,1.1103515625,91.30859375,-322.265625,-99.54833984375
0.4256591796875,0.0247802734375,0.9791259765625,108.58154296875,-352.72216796875,-101.9287109375
0.4403076171875,0.0465087890625,1.0325927734375,127.197265625,-373.046875,-110.77880859375
0.43359375,0.007080078125,1.4129638671875,133.23974609375,-396.240234375,-125.54931640625
0.4453125,-0.0428466796875,1.3486328125,106.50634765625,-423.52294921875,-134.3994140625
0.3626708984375,-0.0738525390625,1.4862060546875,89.7216796875,-408.50830078125,-98.08349609375
0.368408203125,-0.1583251953125,1.9697265625,78.79638671875,-271.97265625,-61.95068359375
0.4547119140625,-0.224853515625,1.528564453125,96.37451171875,-48.4619140625,-1.40380859375
0.5467529296875,-0.18994140625,2.0057373046875,46.630859375,69.76318359375,26.2451171875
0.4630126953125,-0.2152099609375,1.5499267578125,-13.18359375,68.4814453125,41.1376953125
0.5972900390625,-0.2174072265625,2.1796875,-32.2265625,108.5205078125,47.607421875
0.6910400390625,0.203125,3.99951171875,-21.42333984375,142.7001953125,51.3916015625
0.673583984375,-0.12255859375,3.5303955078125,-49.86572265625,169.5556640625,54.3212890625
0.6502685546875,-0.0504150390625,1.427734375,-58.89892578125,196.59423828125,56.57958984375
0.8787841796875,-0.409423828125,1.6468505859375,-56.396484375,222.59521484375,57.6171875
0.9210205078125,-0.306640625,1.4351806640625,-57.92236328125,242.3095703125,57.4951171875
1.343994140625,-0.257568359375,1.308837890625,-68.17626953125,255.0048828125,56.94580078125
0.93115234375,-1.0311279296875,1.3114013671875,-81.84814453125,262.939453125,55.5419921875
0.2135009765625,-1.352294921875,1.27783203125,-94.3603515625,266.2353515625,53.89404296875
3.512451171875,-0.4530029296875,1.1575927734375,-103.515625,268.310546875,48.33984375
1.0303955078125,-0.5093994140625,1.041015625,-108.5205078125,270.1416015625,43.3349609375
-0.74169921875,-0.45166015625,0.9715576171875,-111.9384765625,273.62060546875,38.818359375
0.2203369140625,-0.270263671875,0.9713134765625,-116.51611328125,273.8037109375,37.4755859375
0.0589599609375,-0.0787353515625,1.02685546875,-132.01904296875,274.5361328125,40.71044921875
-0.005859375,0.0352783203125,1.06005859375,-138.671875,275.45166015625,48.40087890625
0.0982666015625,0.074951171875,1.1583251953125,-143.12744140625,273.98681640625,59.2041015625
0.2119140625,0.0869140625,1.2275390625,-144.6533203125,270.01953125,73.73046875
0.2415771484375,0.08203125,1.3917236328125,-142.2119140625,265.68603515625,90.087890625
0.2591552734375,0.14599609375,1.4697265625,-135.8642578125,263.85498046875,117.98095703125
0.3006591796875,0.181640625,1.5152587890625,-127.8076171875,264.7705078125,97.412109375
0.33349609375,0.2305908203125,1.57421875,-119.873046875,264.404296875,91.36962890625
0.413330078125,0.291748046875,1.6556396484375,-112.85400390625,215.27099609375,85.0830078125
0.4678955078125,0.322021484375,1.7664794921875,-96.6796875,183.837890625,78.43017578125
0.5262451171875,0.27099609375,1.8482666015625,-72.20458984375,148.5595703125,59.814453125
0.5928955078125,0.1815185546875,1.8759765625,-69.64111328125,112.6708984375,42.54150390625
0.7427978515625,0.1038818359375,1.654052734375,-62.68310546875,47.18017578125,18.24951171875
0.8172607421875,0.03759765625,0.35400390625,-49.13330078125,32.28759765625,-11.16943359375
0.866943359375,0.0211181640625,0.090576171875,-33.50830078125,17.08984375,-52.91748046875
0.93115234375,0.047119140625,-0.1063232421875,-8.9111328125,-9.1552734375,-36.80419921875
1.0206298828125,0.14990234375,-0.2178955078125,13.5498046875,-250.42724609375,-33.02001953125
1.1705322265625,0.35888671875,-0.1978759765625,34.60693359375,-224.06005859375,-5.92041015625
1.347412109375,0.748046875,-0.14501953125,65.00244140625,-231.4453125,-30.33447265625
1.535888671875,0.78466796875,-0.1270751953125,64.94140625,-232.72705078125,-32.65380859375
1.91015625,0.811767578125,-1.41748046875,89.17236328125,-187.3779296875,-16.66259765625
2.02197265625,0.90869140625,2.256591796875,90.51513671875,-167.3583984375,-3.41796875
1.9779052734375,1.12548828125,0.805908203125,76.66015625,-141.66259765625,-0.91552734375
1.9381103515625,1.0185546875,1.3956298828125,59.63134765625,-112.3046875,1.8310546875
1.8988037109375,0.8878173828125,1.956787109375,46.7529296875,-76.59912109375,-3.90625
1.9100341796875,1.02001953125,1.9053955078125,48.76708984375,-58.2275390625,-1.89208984375
1.9700927734375,-1.21435546875,1.6832275390625,61.95068359375,-43.39599609375,0.06103515625
1.78564453125,-0.845458984375,1.6573486328125,58.4716796875,-37.59765625,-1.89208984375
0.8497314453125,-0.186767578125,1.793701171875,42.3583984375,-32.89794921875,-3.47900390625
1.3497314453125,0.4940185546875,1.2984619140625,31.06689453125,-26.7333984375,-4.5166015625
0.79345703125,0.6419677734375,1.4486083984375,27.2216796875,-19.775390625,-5.31005859375
0.9716796875,-0.0594482421875,1.095703125,21.78955078125,-20.3857421875,-6.591796875
1.2254638671875,-0.060546875,1.0733642578125,15.0146484375,-21.97265625,-7.9345703125
0.85400390625,-0.2301025390625,1.11328125,13.12255859375,-23.49853515625,-7.99560546875
1.2440185546875,-0.1829833984375,1.1461181640625,13.00048828125,-27.40478515625,-7.26318359375
1.1849365234375,0.3782958984375,0.952392578125,12.939453125,-28.86962890625,-9.1552734375
1.306396484375,0.1082763671875,0.9749755859375,11.962890625,-30.94482421875,-10.55908203125
0.8870849609375,-0.0908203125,0.976806640625,9.8876953125,-31.494140625,-10.68115234375
0.67138671875,-0.0025634765625,0.9635009765625,10.80322265625,-29.11376953125,-10.80322265625
0.460205078125,0.011474609375,0.9669189453125,13.5498046875,-29.11376953125,-10.43701171875
0.4482421875,-0.081787109375,0.957763671875,15.625,-27.2216796875,-10.7421875
0.4423828125,-0.068359375,0.9476318359375,13.671875,-27.64892578125,-12.14599609375
0.5145263671875,-0.0589599609375,0.9630126953125,9.521484375,-27.77099609375,-14.09912109375
0.2974853515625,-0.0667724609375,0.939697265625,9.09423828125,-28.3203125,-13.12255859375
0.3360595703125,-0.014404296875,0.9677734375,10.009765625,-28.86962890625,-21.97265625
0.33251953125,-0.0421142578125,0.9495849609375,11.5966796875,-32.53173828125,-17.27294921875
0.3040771484375,-0.087158203125,0.94140625,12.87841796875,-30.3955078125,-16.17431640625
0.3280029296875,-0.1473388671875,0.947509765625,0.244140625,-30.70068359375,-18.37158203125
0.3521728515625,-0.0263671875,0.942138671875,17.7001953125,-28.25927734375,-18.1884765625
0.3671875,0.0040283203125,0.712158203125,16.2353515625,-26.3671875,-19.22607421875
0.4105224609375,-0.031005859375,0.806396484375,18.73779296875,-32.71484375,-23.86474609375
0.3997802734375,-0.060791015625,0.878662109375,19.1650390625,-31.73828125,-24.90234375
0.4273681640625,-0.0775146484375,0.9332275390625,11.53564453125,-34.60693359375,-26.9775390625
0.3865966796875,-0.1007080078125,0.9359130859375,13.97705078125,-37.65869140625,-26.79443359375
0.4068603515625,0.1396484375,0.9075927734375,18.73779296875,-46.38671875,-25.08544921875
0.3968505859375,-0.0924072265625,0.9041748046875,18.5546875,-51.3916015625,-22.39990234375
0.42236328125,0.0662841796875,0.9246826171875,16.66259765625,-57.7392578125,-20.93505859375
0.167724609375,-0.0423583984375,0.9285888671875,16.90673828125,-67.56591796875,-20.81298828125
0.35986328125,-0.0245361328125,0.9317626953125,20.751953125,-78.43017578125,-21.728515625
0.32177734375,0.0225830078125,0.9422607421875,23.4375,-89.7216796875,-24.35302734375
0.4532470703125,-0.02587890625,0.99658203125,25.2685546875,-103.1494140625,-35.15625
0.4814453125,-0.0318603515625,0.9737548828125,25.93994140625,-118.5302734375,-43.701171875
0.4178466796875,-0.0009765625,0.9564208984375,27.2216796875,-158.69140625,-89.41650390625
0.4281005859375,-0.001708984375,0.9466552734375,31.6162109375,-178.40576171875,-103.759765625
0.45263671875,-0.00732421875,0.9232177734375,45.34912109375,-231.75048828125,-111.81640625
0.436767578125,-0.003662109375,0.939453125,52.6123046875,-259.27734375,-122.13134765625
0.4327392578125,0.0413818359375,0.8924560546875,61.6455078125,-296.2646484375,-121.76513671875
0.471435546875,0.033447265625,1.0150146484375,102.783203125,-329.833984375,-119.32373046875
0.4290771484375,0.0362548828125,1.0806884765625,121.52099609375,-354.18701171875,-128.662109375
0.4071044921875,0.0159912109375,1.1324462890625,132.26318359375,-368.71337890625,-134.6435546875
0.4178466796875,0.0015869140625,1.616455078125,118.2861328125,-386.65771484375,-139.70947265625
0.4298095703125,-0.0274658203125,1.299072265625,98.7548828125,-382.8125,-103.759765625
0.4456787109375,0.0208740234375,1.682861328125,85.0830078125,-289.61181640625,7.62939453125
0.4417724609375,-0.03955078125,1.7568359375,107.91015625,-104.55322265625,62.68310546875
0.41357421875,-0.142333984375,1.5093994140625,82.09228515625,18.37158203125,72.20458984375
0.4166259765625,-0.155517578125,1.8455810546875,11.1083984375,70.49560546875,72.021484375
0.453369140625,-0.2506103515625,1.640625,10.68115234375,103.02734375,68.603515625
0.510986328125,-0.0189208984375,3.9954833984375,-39.55078125,132.2021484375,65.85693359375
0.7108154296875,-0.034423828125,3.3883056640625,-50.59814453125,163.0859375,64.63623046875
0.5614013671875,-0.1300048828125,1.390625,-56.640625,194.03076171875,64.14794921875
0.9185791015625,-0.2523193359375,1.5567626953125,-62.68310546875,219.66552734375,63.17138671875
1.0452880859375,-0.5902099609375,1.332763671875,-73.73046875,237.3046875,61.46240234375
1.2191162109375,-0.1868896484375,1.3468017578125,-87.5244140625,248.1689453125,60.36376953125
1.2059326171875,-1.015625,1.343994140625,-99.54833984375,253.0517578125,60.05859375
0.7283935546875,-0.7200927734375,1.2425537109375,-107.48291015625,253.23486328125,59.4482421875
3.2952880859375,-0.495361328125,1.107421875,-112.36572265625,251.0986328125,57.6171875
1.2259521484375,-0.3206787109375,0.9810791015625,-116.3330078125,249.8779296875,56.0302734375
-0.013671875,-0.1912841796875,0.8985595703125,-120.361328125,251.8310546875,53.03955078125
0.1717529296875,-0.034912109375,0.896240234375,-123.84033203125,255.43212890625,49.560546875
0.01318359375,0.0687255859375,0.9522705078125,-126.5869140625,260.07080078125,47.42431640625
0.10546875,0.11181640625,1.080322265625,-127.62451171875,264.95361328125,46.93603515625
0.1925048828125,0.1236572265625,1.1654052734375,-126.28173828125,267.02880859375,48.15673828125
0.2158203125,0.14306640625,1.2569580078125,-124.8779296875,265.5029296875,51.57470703125
0.2314453125,0.1715087890625,1.3487548828125,-124.81689453125,262.75634765625,57.67822265625
0.2662353515625,0.2247314453125,1.4200439453125,-123.84033203125,258.6669921875,65.97900390625
0.2913818359375,0.2132568359375,1.47021484375,-121.4599609375,254.2724609375,75.62255859375
0.3099365234375,0.252685546875,1.52587890625,-119.2626953125,250.9765625,83.8623046875
0.3468017578125,0.2706298828125,1.5908203125,-118.59130859375,251.03759765625,87.70751953125
0.3760986328125,0.2786865234375,1.672119140625,-118.22509765625,253.47900390625,85.99853515625
0.488037109375,0.2918701171875,1.75244140625,-116.39404296875,255.9814453125,80.2001953125
0.563232421875,0.299560546875,1.8385009765625,-112.4267578125,254.638671875,72.75390625
0.636474609375,0.2403564453125,1.91650390625,-107.72705078125,243.95751953125,66.2841796875
0.6865234375,0.181396484375,1.94775390625,-103.1494140625,221.8017578125,61.58447265625
0.717529296875,0.14697265625,1.8822021484375,-101.318359375,192.0166015625,58.837890625
0.7542724609375,0.1385498046875,1.6754150390625,-105.224609375,160.09521484375,55.0537109375
0.813720703125,0.1317138671875,1.346435546875,-113.1591796875,128.72314453125,28.4423828125
0.890625,0.1405029296875,0.9896240234375,-116.51611328125,102.11181640625,-14.70947265625
0.9976806640625,0.1715087890625,0.6837158203125,-114.56298828125,57.9833984375,-21.728515625
1.1591796875,0.2235107421875,0.4468994140625,-107.72705078125,-30.3955078125,-25.146484375
1.3690185546875,0.2913818359375,0.2734375,-46.44775390625,-45.71533203125,-54.6875
1.578125,0.38916015625,0.1259765625,38.818359375,-53.89404296875,-82.51953125
1.752197265625,0.5294189453125,-0.0706787109375,53.7109375,-106.75048828125,-81.11572265625
1.854736328125,0.6624755859375,-0.50927734375,62.6220703125,-178.955078125,-51.69677734375
1.844970703125,0.704345703125,0.125244140625,110.9619140625,-212.34130859375,-42.29736328125
1.7757568359375,0.8526611328125,0.41064453125,140.44189453125,-235.29052734375,-15.380859375
1.728515625,0.9954833984375,0.2413330078125,153.3203125,-183.04443359375,-1.708984375
1.712890625,0.95068359375,-0.7142333984375,140.68603515625,-159.912109375,-0.67138671875
1.6240234375,0.98095703125,0.8775634765625,55.72509765625,-118.22509765625,-0.79345703125
1.6923828125,0.601806640625,1.1826171875,42.3583984375,-72.08251953125,-4.33349609375
1.857666015625,0.4110107421875,1.37109375,55.908203125,-53.5888671875,1.3427734375
1.7147216796875,-0.335205078125,1.7486572265625,65.4296875,-44.00634765625,0.0
1.412353515625,-0.23779296875,1.91796875,52.91748046875,-37.9638671875,1.28173828125
1.3133544921875,-0.57080078125,1.9168701171875,39.97802734375,-23.37646484375,-2.74658203125
0.248291015625,-0.5072021484375,1.476318359375,37.109375,-14.0380859375,-3.84521484375
-1.3377685546875,-0.3326416015625,1.18408203125,29.6630859375,-10.07080078125,-3.90625
-0.4058837890625,-0.27587890625,1.092529296875,12.5732421875,-9.8876953125,-3.96728515625
0.6011962890625,-0.180908203125,1.221923828125,12.14599609375,-11.04736328125,-3.90625
1.3695068359375,-0.1192626953125,1.118896484375,11.8408203125,-13.24462890625,-3.47900390625
1.3648681640625,0.1771240234375,0.990234375,10.986328125,-15.13671875,-3.41796875
1.477294921875,0.3358154296875,0.9725341796875,9.6435546875,-15.56396484375,-4.150390625
1.6468505859375,-0.2255859375,0.9735107421875,9.70458984375,-15.56396484375,-5.67626953125
0.9228515625,0.044677734375,0.9716796875,9.09423828125,-16.54052734375,-7.01904296875
0.4588623046875,0.1573486328125,0.96875,7.99560546875,-17.4560546875,-8.11767578125
0.5689697265625,-0.1029052734375,0.9609375,3.7841796875,-18.24951171875,-8.7890625
0.6195068359375,-0.0711669921875,0.948486328125,4.21142578125,-18.798828125,-9.3994140625
0.4866943359375,-0.051025390625,0.9432373046875,6.34765625,-20.8740234375,13.97705078125
0.3970947265625,-0.043701171875,0.928955078125,8.4228515625,-20.81298828125,-92.041015625
0.36376953125,-0.055419921875,0.937255859375,10.7421875,-42.6025390625,-26.91650390625
0.33642578125,-0.0384521484375,0.9306640625,12.20703125,-43.51806640625,2.197265625
0.3189697265625,-0.033935546875,0.930419921875,-26.611328125,-15.19775390625,-6.8359375
0.325927734375,-0.025634765625,0.948486328125,85.51025390625,-5.31005859375,-6.8359375
0.3428955078125,-0.0770263671875,0.9488525390625,17.2119140625,-15.07568359375,-5.2490234375
0.3431396484375,-0.118896484375,1.5565185546875,-3.7841796875,-18.310546875,-9.82666015625
0.3388671875,-0.09814453125,0.7706298828125,7.6904296875,-16.05224609375,-14.5263671875
0.330078125,-0.0863037109375,0.9019775390625,5.43212890625,-17.578125,-22.4609375
0.3446044921875,-0.1387939453125,0.943603515625,13.00048828125,-20.8740234375,-22.52197265625
0.3577880859375,-0.077880859375,0.9053955078125,20.1416015625,-37.59765625,-24.7802734375
0.3544921875,-0.384765625,0.9573974609375,24.84130859375,-45.654296875,-27.099609375
0.054931640625,0.5556640625,0.9385986328125,28.38134765625,-55.23681640625,-26.7333984375
0.3681640625,0.014892578125,0.9503173828125,25.146484375,-63.78173828125,-26.2451171875
1.0986328125,-0.132568359375,0.9547119140625,22.94921875,-72.69287109375,-25.69580078125
0.2806396484375,-0.0247802734375,0.98046875,19.83642578125,-83.55712890625,-23.5595703125
0.4486083984375,-0.0450439453125,0.9677734375,20.81298828125,-92.46826171875,-21.54541015625
0.4097900390625,-0.083251953125,0.97119140625,20.6298828125,-105.95703125,-24.169921875
0.3992919921875,-0.0877685546875,0.9747314453125,26.611328125,-122.98583984375,-32.53173828125
0.4703369140625,-0.05615234375,0.977783203125,29.4189453125,-175.78125,-86.3037109375
0.3856201171875,0.0037841796875,1.05029296875,28.80859375,-207.1533203125,-115.1123046875
0.4019775390625,-0.018310546875,1.0001220703125,42.17529296875,-246.15478515625,-123.9013671875
0.4014892578125,0.0091552734375,0.97900390625,58.53271484375,-312.68310546875,-104.98046875
0.3502197265625,-0.0020751953125,0.942138671875,96.37451171875,-349.609375,-109.0087890625
0.364990234375,-0.02734375,0.9932861328125,144.4091796875,-389.34326171875,-123.59619140625
0.405029296875,-0.015380859375,1.0635986328125,161.7431640625,-409.85107421875,-138.427734375
0.3612060546875,0.0087890625,1.1221923828125,121.27685546875,-421.142578125,-124.755859375
0.4288330078125,0.062744140625,1.2574462890625,109.68017578125,-366.51611328125,-58.837890625
0.431884765625,0.0089111328125,1.6593017578125,119.2626953125,-194.9462890625,-14.0380859375
0.3770751953125,-0.0137939453125,1.5164794921875,134.1552734375,3.2958984375,4.94384765625
0.38427734375,-0.0758056640625,1.85400390625,72.998046875,85.87646484375,22.705078125
0.4110107421875,-0.2783203125,1.4671630859375,-2.3193359375,76.47705078125,45.0439453125
0.2855224609375,-0.1602783203125,2.5694580078125,-23.8037109375,58.77685546875,57.373046875
0.409912109375,0.015625,3.99951171875,0.79345703125,79.9560546875,57.0068359375
0.4532470703125,-0.114013671875,2.7315673828125,4.21142578125,117.37060546875,52.42919921875
0.65576171875,-0.208740234375,1.1927490234375,-24.71923828125,148.86474609375,50.10986328125
0.7529296875,-0.7401123046875,0.9765625,-53.40576171875,177.3681640625,52.001953125
1.1619873046875,-0.005126953125,1.3865966796875,-66.34521484375,207.03125,56.45751953125
1.384765625,-0.3431396484375,1.4796142578125,-71.8994140625,234.80224609375,60.97412109375
0.6417236328125,-1.3916015625,1.325439453125,-80.62744140625,255.7373046875,65.36865234375
1.767578125,-1.421630859375,1.279541015625,-94.3603515625,267.822265625,73.30322265625
2.8558349609375,-0.873291015625,1.3026123046875,-107.97119140625,274.23095703125,74.21875
0.41845703125,-0.425537109375,1.265869140625,-115.90576171875,278.38134765625,73.8525390625
-0.7286376953125,-0.3001708984375,1.1395263671875,-118.71337890625,279.4189453125,69.9462890625
-0.5257568359375,-0.29248046875,0.9984130859375,-119.81201171875,280.33447265625,65.97900390625
0.04248046875,-0.2332763671875,0.9329833984375,-121.15478515625,281.8603515625,62.56103515625
0.1937255859375,-0.11279296875,0.921630859375,-125.30517578125,281.8603515625,61.95068359375
0.0633544921875,0.0089111328125,1.0477294921875,-129.0283203125,283.50830078125,64.51416015625
0.0947265625,0.0618896484375,1.1461181640625,-130.79833984375,284.60693359375,69.27490234375
0.21044921875,0.0540771484375,1.232177734375,-132.50732421875,283.5693359375,76.0498046875
0.308349609375,0.053955078125,1.316162109375,-134.70458984375,280.029296875,84.77783203125
0.360595703125,0.068115234375,1.4139404296875,-135.3759765625,274.90234375,94.42138671875
0.375244140625,0.1497802734375,1.481689453125,-132.9345703125,268.98193359375,100.40283203125
0.4176025390625,0.229248046875,1.5418701171875,-127.99072265625,262.26806640625,91.73583984375
0.4530029296875,0.237548828125,1.583984375,-121.64306640625,242.7978515625,82.275390625
0.560302734375,0.2327880859375,1.634765625,-115.3564453125,238.28125,74.40185546875
0.6400146484375,0.2352294921875,1.69140625,-100.2197265625,228.82080078125,67.68798828125
0.7060546875,0.2186279296875,1.736083984375,-92.4072265625,210.75439453125,60.97412109375
0.7799072265625,0.180908203125,1.7618408203125,-87.5244140625,184.63134765625,52.42919921875
0.8743896484375,0.1246337890625,1.5228271484375,-88.56201171875,152.64892578125,37.9638671875
0.9466552734375,0.0848388671875,1.231201171875,-91.552734375,119.81201171875,19.53125
1.0076904296875,0.076904296875,0.8822021484375,-93.1396484375,90.39306640625,1.220703125
1.0595703125,0.1202392578125,0.562744140625,-90.63720703125,61.4013671875,-14.5263671875
1.1165771484375,0.225341796875,0.2490234375,-72.1435546875,28.80859375,-28.13720703125
1.2071533203125,0.415771484375,-0.00634765625,-40.22216796875,-2.5634765625,-50.72021484375
1.3094482421875,0.509033203125,-0.2401123046875,-5.79833984375,-26.3671875,-64.8193359375
1.4339599609375,0.65380859375,-0.4427490234375,23.62060546875,-58.2275390625,-68.78662109375
1.97119140625,0.784912109375,-0.537353515625,46.69189453125,-103.515625,-59.02099609375
2.00048828125,0.962646484375,-0.4417724609375,69.2138671875,-141.66259765625,-35.2783203125
1.94287109375,1.1436767578125,-0.1851806640625,81.60400390625,-205.2001953125,-6.53076171875
1.8819580078125,1.146484375,0.13134765625,80.6884765625,-236.9384765625,14.892578125
1.782958984375,1.1407470703125,0.76904296875,103.8818359375,-204.16259765625,-13.3056640625
1.797607421875,1.148681640625,0.286376953125,106.50634765625,-192.7490234375,-48.76708984375
1.9189453125,1.0885009765625,-0.0733642578125,88.7451171875,-190.5517578125,-41.8701171875
1.933349609375,0.9454345703125,0.3790283203125,72.81494140625,-175.47607421875,-16.29638671875
1.81787109375,0.752685546875,1.9249267578125,57.80029296875,-169.0673828125,-4.45556640625
1.7158203125,-0.6160888671875,1.4271240234375,49.560546875,-155.09033203125,-4.0283203125
1.638916015625,-0.8714599609375,1.3397216796875,30.8837890625,-126.708984375,2.197265625
1.55029296875,-0.9793701171875,1.6309814453125,30.82275390625,-98.14453125,7.01904296875
-2.622314453125,-1.132568359375,1.5810546875,29.296875,-71.71630859375,0.67138671875
-1.1226806640625,-0.4444580078125,1.5811767578125,27.89306640625,-62.744140625,1.15966796875
-0.925048828125,0.318359375,1.6636962890625,39.1845703125,-49.8046875,2.9296875
0.50830078125,1.21435546875,1.7384033203125,46.875,-39.73388671875,0.06103515625
1.53271484375,1.0560302734375,1.4796142578125,36.43798828125,-26.123046875,-0.42724609375
0.6844482421875,0.37255859375,1.1405029296875,24.10888671875,-16.05224609375,-0.6103515625
0.2813720703125,-0.5484619140625,1.2674560546875,17.88330078125,-15.13671875,-0.8544921875
0.5318603515625,-0.2476806640625,1.1856689453125,8.60595703125,-15.56396484375,-1.220703125
0.6658935546875,0.230224609375,1.1199951171875,5.4931640625,-16.4794921875,-0.732421875
1.256591796875,-0.2608642578125,1.1107177734375,4.94384765625,-17.333984375,-0.6103515625
1.232177734375,-0.401611328125,1.02001953125,4.8828125,-18.12744140625,-0.91552734375
1.021484375,0.2623291015625,0.991455078125,3.47900390625,-18.798828125,-2.13623046875
1.0916748046875,0.14990234375,0.9794921875,-2.01416015625,-19.83642578125,-3.662109375
0.7276611328125,-0.096923828125,0.96435546875,-4.7607421875,-20.20263671875,-6.77490234375
0.5809326171875,-0.076416015625,0.9527587890625,-6.16455078125,-19.53125,-6.591796875
0.5819091796875,-0.054443359375,0.9459228515625,-5.2490234375,-18.4326171875,-4.638671875
0.5352783203125,-0.0672607421875,0.937744140625,-3.11279296875,-18.49365234375,-11.474609375
0.5081787109375,-0.0843505859375,0.929443359375,1.03759765625,-25.2685546875,-8.23974609375
0.3944091796875,-0.0540771484375,0.9158935546875,2.44140625,-23.13232421875,-9.58251953125
0.3619384765625,-0.0555419921875,0.9066162109375,-1.0986328125,-21.66748046875,-12.02392578125
0.3499755859375,-0.0499267578125,0.9188232421875,10.498046875,-20.08056640625,-13.5498046875
0.333984375,-0.07958984375,0.859375,13.85498046875,-18.5546875,-16.41845703125
0.353271484375,-0.1103515625,0.90283203125,16.11328125,-18.5546875,-16.78466796875
0.3284912109375,-0.1265869140625,0.929443359375,18.98193359375,-19.10400390625,-17.578125
0.33154296875,-0.1260986328125,0.9259033203125,20.93505859375,-19.4091796875,-17.9443359375
0.3426513671875,-0.096435546875,0.8896484375,22.27783203125,-21.17919921875,-18.12744140625
0.3590087890625,-0.03125,0.919921875,21.30126953125,-24.0478515625,-20.263671875
0.3580322265625,-0.1346435546875,0.919677734375,21.91162109375,-27.34375,-21.54541015625
0.3759765625,-0.0302734375,0.918212890625,22.03369140625,-31.1279296875,-21.3623046875
-0.184326171875,-0.11181640625,0.9188232421875,22.52197265625,-36.43798828125,-22.88818359375
0.3536376953125,-0.065673828125,0.9371337890625,25.69580078125,-43.8232421875,-24.5361328125
0.3184814453125,-0.0953369140625,0.936767578125,29.72412109375,-51.45263671875,-22.4609375
0.3896484375,-0.0948486328125,0.949462890625,29.78515625,-57.861328125,-19.83642578125
0.364013671875,-0.0667724609375,0.968505859375,29.6630859375,-66.162109375,-18.798828125
0.4127197265625,-0.1031494140625,0.9818115234375,27.52685546875,-77.0263671875,-19.287109375
0.4351806640625,-0.054931640625,0.9840087890625,25.634765625,-89.05029296875,-21.6064453125
0.4205322265625,-0.0618896484375,1.0401611328125,24.59716796875,-102.5390625,-29.11376953125
0.4100341796875,-0.101318359375,0.997802734375,25.81787109375,-118.408203125,-38.39111328125
0.41162109375,-0.093017578125,0.9937744140625,28.4423828125,-167.05322265625,-57.18994140625
0.4122314453125,-0.0233154296875,0.9964599609375,31.982421875,-205.56640625,-92.83447265625
0.39404296875,-0.0428466796875,1.0341796875,49.25537109375,-231.4453125,-106.14013671875
0.370361328125,0.0279541015625,1.01953125,58.59375,-256.34765625,-112.79296875
0.366943359375,0.0140380859375,1.076416015625,78.125,-286.0107421875,-120.361328125
0.3729248046875,0.0184326171875,0.9532470703125,99.2431640625,-320.98388671875,-109.92431640625
0.4715576171875,-0.00927734375,1.074951171875,118.7744140625,-358.642578125,-105.28564453125
0.4190673828125,-0.0189208984375,1.1473388671875,142.333984375,-388.5498046875,-108.33740234375
0.3919677734375,-0.0567626953125,1.11669921875,161.68212890625,-418.51806640625,-120.78857421875
0.408935546875,-0.0887451171875,1.6353759765625,143.9208984375,-442.81005859375,-138.00048828125
0.371337890625,-0.099609375,1.281005859375,122.4365234375,-462.58544921875,-140.0146484375
0.4322509765625,-0.2476806640625,1.853515625,110.107421875,-439.27001953125,-14.83154296875
0.3963623046875,-0.0623779296875,1.569580078125,112.24365234375,-303.03955078125,3.96728515625
0.2294921875,-0.1741943359375,1.6556396484375,119.07958984375,120.1171875,19.775390625
0.299072265625,-0.115966796875,1.7216796875,62.255859375,77.0263671875,44.00634765625
0.484375,-0.19580078125,1.29931640625,-21.3623046875,83.55712890625,39.9169921875
0.454345703125,0.17236328125,2.265625,0.244140625,189.94140625,64.0869140625
0.8055419921875,0.05908203125,3.99951171875,-28.9306640625,255.4931640625,72.3876953125
0.6221923828125,-0.021484375,1.5477294921875,-59.6923828125,290.283203125,77.0263671875
0.694091796875,-0.16162109375,1.39111328125,-80.13916015625,299.560546875,78.7353515625
0.80419921875,-0.6466064453125,1.7041015625,-94.1162109375,305.84716796875,77.81982421875
1.0411376953125,-0.2891845703125,1.4442138671875,-93.81103515625,309.4482421875,72.20458984375
1.0975341796875,-0.4085693359375,1.1610107421875,-98.08349609375,309.75341796875,65.0634765625
0.280517578125,-1.3740234375,1.0048828125,-104.43115234375,310.302734375,56.57958984375
1.1461181640625,-0.2996826171875,1.002685546875,-113.22021484375,307.2509765625,50.048828125
3.9776611328125,-0.29052734375,0.98681640625,-120.78857421875,304.6875,49.31640625
-0.8677978515625,-0.228759765625,1.031982421875,-127.99072265625,303.22265625,54.0771484375
-0.146240234375,-0.1060791015625,1.098388671875,-134.82666015625,302.6123046875,63.53759765625
0.3438720703125,-0.0390625,1.137939453125,-141.357421875,301.26953125,76.96533203125
0.331787109375,0.0535888671875,1.2315673828125,-146.240234375,297.7294921875,91.24755859375
0.5361328125,0.112060546875,1.3349609375,-148.4375,290.83251953125,103.21044921875
0.6529541015625,0.1998291015625,1.41552734375,-147.03369140625,282.16552734375,110.41259765625
0.680908203125,0.2203369140625,1.4473876953125,-144.95849609375,272.27783203125,108.09326171875
0.6883544921875,0.2467041015625,1.4383544921875,-143.49365234375,262.451171875,94.1162109375
0.698486328125,0.26318359375,1.441650390625,-142.822265625,241.0888671875,85.693359375
0.7889404296875,0.234619140625,1.48193359375,-141.17431640625,211.60888671875,75.01220703125
0.82470703125,0.1746826171875,1.5203857421875,-128.47900390625,192.0166015625,62.07275390625
0.9149169921875,0.1148681640625,1.5123291015625,-106.0791015625,167.48046875,45.7763671875
1.03125,0.06201171875,1.4522705078125,-93.6279296875,136.71875,21.728515625
1.173095703125,0.075927734375,1.1356201171875,-82.94677734375,104.3701171875,-6.591796875
1.2784423828125,0.135009765625,0.7369384765625,-75.98876953125,74.951171875,-73.05908203125
1.3729248046875,0.2318115234375,0.4931640625,-74.70703125,44.677734375,-109.2529296875
1.437255859375,0.3248291015625,0.2178955078125,-59.814453125,-52.67333984375,-97.10693359375
1.5213623046875,0.416748046875,-0.03466796875,-29.35791015625,-179.19921875,-77.69775390625
1.61767578125,0.559814453125,-0.303955078125,72.998046875,-275.32958984375,-42.3583984375
1.7152099609375,0.609130859375,-0.5115966796875,140.80810546875,-238.1591796875,-8.544921875
1.814697265625,0.8203125,-0.5511474609375,112.97607421875,-236.38916015625,-10.43701171875
1.9295654296875,1.0869140625,-1.3250732421875,98.6328125,-242.0654296875,-20.1416015625
1.914306640625,1.4183349609375,-0.9793701171875,101.86767578125,-220.3369140625,-15.44189453125
1.8790283203125,1.455078125,1.9224853515625,89.41650390625,-202.2705078125,-1.52587890625
1.770751953125,1.431396484375,1.0350341796875,86.42578125,-170.654296875,4.69970703125
1.81787109375,1.374755859375,1.771728515625,69.88525390625,-140.19775390625,2.38037109375
1.951171875,0.9013671875,2.033447265625,51.45263671875,-101.4404296875,-0.6103515625
1.956787109375,0.16748046875,1.6939697265625,44.921875,-69.51904296875,-0.91552734375
1.8704833984375,-0.744873046875,1.989990234375,64.63623046875,-41.748046875,-0.91552734375
0.8778076171875,-0.38720703125,1.563720703125,59.87548828125,-23.01025390625,0.1220703125
-1.3521728515625,-0.28759765625,1.8765869140625,41.19873046875,-13.48876953125,-2.685546875
1.889404296875,0.269287109375,1.4371337890625,31.982421875,-11.23046875,-3.662109375
