0.5343017578125,-0.3243408203125,0.7965087890625,2.62451171875,-2.50244140625,-1.28173828125
0.53515625,-0.324462890625,0.796630859375,2.5634765625,-2.44140625,-1.3427734375
0.535400390625,-0.3231201171875,0.797119140625,2.5634765625,-2.44140625,-1.220703125
0.5355224609375,-0.3231201171875,0.7960205078125,2.5634765625,-2.50244140625,-1.220703125
0.5360107421875,-0.3233642578125,0.7962646484375,2.5634765625,-2.50244140625,-1.28173828125
0.535400390625,-0.322509765625,0.79541015625,2.50244140625,-2.5634765625,-1.3427734375
0.5350341796875,-0.324462890625,0.796875,2.44140625,-2.62451171875,-1.3427734375
0.5357666015625,-0.323486328125,0.796142578125,2.44140625,-2.62451171875,-1.220703125
0.5345458984375,-0.3238525390625,0.7952880859375,2.50244140625,-2.44140625,-1.40380859375
0.5360107421875,-0.32421875,0.7958984375,2.3193359375,-2.38037109375,-1.3427734375
0.535400390625,-0.3240966796875,0.7955322265625,2.50244140625,-2.50244140625,-1.28173828125
0.535400390625,-0.3238525390625,0.7960205078125,2.62451171875,-2.50244140625,-1.220703125
0.5357666015625,-0.3245849609375,0.7952880859375,2.50244140625,-2.50244140625,-1.15966796875
0.53564453125,-0.32421875,0.7947998046875,2.5634765625,-2.44140625,-1.3427734375
0.5355224609375,-0.32568359375,0.794677734375,2.685546875,-2.38037109375,-1.40380859375
0.535400390625,-0.3245849609375,0.79541015625,2.685546875,-2.50244140625,-1.3427734375
0.535888671875,-0.324951171875,0.796142578125,2.685546875,-2.44140625,-1.40380859375
0.5362548828125,-0.3253173828125,0.79638671875,2.8076171875,-2.44140625,-1.46484375
0.53515625,-0.3248291015625,0.7947998046875,2.74658203125,-2.38037109375,-1.46484375
0.53662109375,-0.3270263671875,0.7945556640625,2.8076171875,-2.50244140625,-1.46484375
0.5360107421875,-0.3243408203125,0.794921875,2.8076171875,-2.44140625,-1.46484375
0.5357666015625,-0.3245849609375,0.7955322265625,2.9296875,-2.50244140625,-1.40380859375
0.535400390625,-0.32568359375,0.795654296875,2.9296875,-2.50244140625,-1.3427734375
0.53466796875,-0.3240966796875,0.7962646484375,2.86865234375,-2.50244140625,-1.28173828125
0.5355224609375,-0.3245849609375,0.795654296875,2.99072265625,-2.44140625,-1.28173828125
0.5374755859375,-0.324951171875,0.7947998046875,2.99072265625,-2.5634765625,-1.40380859375
0.537353515625,-0.32421875,0.795166015625,2.99072265625,-2.62451171875,-1.46484375
0.5355224609375,-0.3253173828125,0.7974853515625,2.9296875,-2.74658203125,-1.46484375
0.5367431640625,-0.3251953125,0.796875,2.99072265625,-2.74658203125,-1.3427734375
0.534912109375,-0.3258056640625,0.7952880859375,2.99072265625,-2.62451171875,-1.40380859375
0.5361328125,-0.3240966796875,0.7958984375,2.99072265625,-2.50244140625,-1.40380859375
0.536376953125,-0.324462890625,0.7962646484375,2.9296875,-2.50244140625,-1.3427734375
0.536376953125,-0.32470703125,0.79736328125,2.8076171875,-2.44140625,-1.28173828125
0.535888671875,-0.324462890625,0.7974853515625,2.86865234375,-2.44140625,-1.28173828125
0.5361328125,-0.3238525390625,0.79736328125,2.99072265625,-2.38037109375,-1.3427734375
0.535888671875,-0.324462890625,0.798095703125,2.99072265625,-2.38037109375,-1.40380859375
0.536865234375,-0.3253173828125,0.7965087890625,2.99072265625,-2.38037109375,-1.40380859375
0.536376953125,-0.324462890625,0.7965087890625,3.0517578125,-2.38037109375,-1.3427734375
0.53466796875,-0.3248291015625,0.7960205078125,2.9296875,-2.38037109375,-1.28173828125
0.5361328125,-0.3243408203125,0.7965087890625,2.9296875,-2.50244140625,-1.3427734375
0.5345458984375,-0.3245849609375,0.7955322265625,2.99072265625,-2.50244140625,-1.46484375
0.535888671875,-0.324951171875,0.7962646484375,2.99072265625,-2.685546875,-1.46484375
0.53564453125,-0.323974609375,0.796875,2.99072265625,-2.74658203125,-1.40380859375
0.5362548828125,-0.3245849609375,0.79736328125,3.173828125,-2.5634765625,-1.46484375
0.5362548828125,-0.323486328125,0.79638671875,3.0517578125,-2.44140625,-1.40380859375
0.5367431640625,-0.3240966796875,0.7969970703125,3.0517578125,-2.44140625,-1.46484375
0.53564453125,-0.324462890625,0.7977294921875,3.11279296875,-2.44140625,-1.46484375
0.5367431640625,-0.324462890625,0.7969970703125,3.0517578125,-2.38037109375,-1.40380859375
0.536865234375,-0.3243408203125,0.798583984375,3.11279296875,-2.38037109375,-1.52587890625
0.5350341796875,-0.323486328125,0.7979736328125,3.11279296875,-2.44140625,-1.40380859375
0.536376953125,-0.3240966796875,0.79736328125,3.23486328125,-2.5634765625,-1.46484375
0.536376953125,-0.3231201171875,0.7984619140625,3.173828125,-2.44140625,-1.46484375
0.53515625,-0.3221435546875,0.7991943359375,3.173828125,-2.5634765625,-1.40380859375
0.5360107421875,-0.32421875,0.7984619140625,3.173828125,-2.50244140625,-1.220703125
0.5364990234375,-0.323974609375,0.798095703125,3.11279296875,-2.44140625,-1.40380859375
0.5357666015625,-0.3223876953125,0.7978515625,3.23486328125,-2.197265625,-1.46484375
0.537109375,-0.3240966796875,0.79833984375,3.23486328125,-2.50244140625,-1.46484375
0.535888671875,-0.3238525390625,0.798828125,3.2958984375,-2.25830078125,-1.52587890625
0.5362548828125,-0.323974609375,0.800048828125,3.2958984375,-2.50244140625,-1.46484375
0.5361328125,-0.3240966796875,0.798828125,3.35693359375,-2.38037109375,-1.40380859375
0.5361328125,-0.32275390625,0.7991943359375,3.35693359375,-2.44140625,-1.40380859375
0.5360107421875,-0.322509765625,0.80126953125,3.2958984375,-2.44140625,-1.3427734375
0.53662109375,-0.3243408203125,0.8004150390625,3.41796875,-2.5634765625,-1.220703125
0.53515625,-0.3236083984375,0.800048828125,3.41796875,-2.5634765625,-1.28173828125
0.5372314453125,-0.3236083984375,0.801025390625,3.2958984375,-2.38037109375,-1.220703125
0.537109375,-0.322265625,0.7952880859375,3.41796875,-2.5634765625,-1.28173828125
0.5367431640625,-0.3250732421875,0.8031005859375,3.41796875,-2.50244140625,-1.3427734375
0.5362548828125,-0.3214111328125,0.797607421875,3.47900390625,-2.5634765625,-1.46484375
0.5357666015625,-0.31884765625,0.8011474609375,3.2958984375,-2.50244140625,-1.3427734375
0.53662109375,-0.3236083984375,0.800048828125,3.2958984375,-2.62451171875,-1.40380859375
0.53515625,-0.3253173828125,0.802490234375,3.173828125,-2.62451171875,-1.46484375
0.536865234375,-0.3204345703125,0.7996826171875,3.173828125,-2.62451171875,-1.40380859375
0.529052734375,-0.3226318359375,0.8018798828125,2.99072265625,-2.685546875,-1.40380859375
0.5323486328125,-0.3203125,0.80029296875,3.0517578125,-2.86865234375,-1.40380859375
0.5362548828125,-0.3214111328125,0.7994384765625,2.99072265625,-2.86865234375,-1.52587890625
0.5357666015625,-0.3189697265625,0.7989501953125,3.173828125,-2.8076171875,-1.40380859375
0.5361328125,-0.3209228515625,0.79931640625,3.11279296875,-2.9296875,-1.3427734375
0.5355224609375,-0.3211669921875,0.80078125,3.0517578125,-2.8076171875,-1.28173828125
0.535888671875,-0.32177734375,0.7994384765625,3.0517578125,-2.86865234375,-1.220703125
0.5352783203125,-0.3223876953125,0.8016357421875,2.86865234375,-3.173828125,-1.220703125
0.5352783203125,-0.3228759765625,0.800048828125,2.8076171875,-3.0517578125,-1.0986328125
0.53564453125,-0.322265625,0.8001708984375,2.9296875,-2.9296875,-1.8310546875
0.53564453125,-0.3221435546875,0.7996826171875,2.86865234375,-2.8076171875,-2.0751953125
0.5361328125,-0.321044921875,0.80078125,2.86865234375,-2.01416015625,-2.13623046875
0.5362548828125,-0.3209228515625,0.799560546875,2.86865234375,-1.953125,-2.13623046875
0.5347900390625,-0.321044921875,0.7996826171875,2.74658203125,-1.8310546875,-2.13623046875
0.5352783203125,-0.3193359375,0.7989501953125,2.8076171875,-2.01416015625,-1.8310546875
0.534912109375,-0.31982421875,0.8021240234375,2.685546875,-2.0751953125,-1.77001953125
0.535888671875,-0.3197021484375,0.7974853515625,2.685546875,-2.50244140625,-2.0751953125
0.5367431640625,-0.32470703125,0.8031005859375,2.74658203125,-3.0517578125,-1.953125
0.5345458984375,-0.3197021484375,0.7989501953125,2.74658203125,-3.23486328125,-1.0986328125
0.536865234375,-0.3201904296875,0.7962646484375,2.8076171875,-3.0517578125,-0.732421875
0.53515625,-0.31982421875,0.78662109375,2.5634765625,-2.62451171875,-0.30517578125
0.5369873046875,-0.322509765625,0.8082275390625,2.44140625,-2.38037109375,1.15966796875
0.536865234375,-0.3231201171875,0.7960205078125,2.01416015625,-1.953125,1.28173828125
0.537353515625,-0.322021484375,0.796630859375,1.953125,-0.8544921875,1.15966796875
0.5380859375,-0.3240966796875,0.8021240234375,1.64794921875,-1.0986328125,0.9765625
0.538818359375,-0.320068359375,0.7960205078125,1.708984375,-1.28173828125,0.67138671875
0.5379638671875,-0.3270263671875,0.7994384765625,2.13623046875,-1.3427734375,0.30517578125
0.5570068359375,-0.321533203125,0.800048828125,2.38037109375,-1.5869140625,-0.18310546875
0.5460205078125,-0.322998046875,0.798095703125,2.0751953125,-1.89208984375,-0.48828125
0.536865234375,-0.3160400390625,0.7958984375,1.708984375,-2.197265625,-0.1220703125
0.535888671875,-0.318359375,0.79443359375,1.52587890625,-2.62451171875,0.67138671875
0.53955078125,-0.324951171875,0.7957763671875,0.6103515625,-3.47900390625,0.732421875
0.5391845703125,-0.3236083984375,0.7935791015625,0.67138671875,-3.41796875,0.48828125
0.5322265625,-0.320068359375,0.7926025390625,0.91552734375,-3.2958984375,0.1220703125
0.5338134765625,-0.3155517578125,0.798095703125,0.8544921875,-2.99072265625,-0.1220703125
0.532958984375,-0.31005859375,0.797119140625,0.79345703125,-2.8076171875,0.1220703125
0.5335693359375,-0.3131103515625,0.7955322265625,0.79345703125,-2.62451171875,-0.06103515625
0.533203125,-0.3221435546875,0.7982177734375,0.732421875,-2.13623046875,-0.1220703125
0.5460205078125,-0.3272705078125,0.7958984375,0.6103515625,-2.197265625,-0.18310546875
0.54736328125,-0.33251953125,0.801513671875,-0.1220703125,-1.953125,-0.30517578125
0.5369873046875,-0.3289794921875,0.802978515625,-0.244140625,-1.8310546875,-0.244140625
0.530517578125,-0.32958984375,0.80810546875,0.0,-1.5869140625,-0.06103515625
0.5343017578125,-0.330810546875,0.7938232421875,0.1220703125,-1.64794921875,0.06103515625
0.528564453125,-0.3231201171875,0.7896728515625,0.1220703125,-1.40380859375,0.30517578125
0.52392578125,-0.32080078125,0.7921142578125,0.244140625,-1.46484375,0.48828125
0.52294921875,-0.319580078125,0.79345703125,0.42724609375,-1.40380859375,0.54931640625
0.519287109375,-0.33544921875,0.7940673828125,0.48828125,-1.3427734375,0.6103515625
0.5164794921875,-0.3336181640625,0.790283203125,0.732421875,-1.40380859375,1.0986328125
0.540283203125,-0.340576171875,0.7984619140625,1.220703125,-1.40380859375,1.3427734375
0.5484619140625,-0.3377685546875,0.79638671875,1.52587890625,-1.0986328125,1.5869140625
0.5335693359375,-0.3353271484375,0.7930908203125,1.46484375,-0.732421875,1.64794921875
0.53173828125,-0.3343505859375,0.7921142578125,1.3427734375,-0.244140625,1.708984375
0.5311279296875,-0.336181640625,0.7940673828125,0.9765625,0.06103515625,1.708984375
0.5361328125,-0.3404541015625,0.7947998046875,1.03759765625,0.54931640625,1.8310546875
0.549560546875,-0.3416748046875,0.7987060546875,1.15966796875,0.48828125,1.953125
0.5296630859375,-0.33349609375,0.795654296875,1.3427734375,0.6103515625,1.89208984375
0.5322265625,-0.3331298828125,0.7962646484375,1.46484375,0.67138671875,1.77001953125
0.535888671875,-0.33251953125,0.7945556640625,1.220703125,0.67138671875,1.89208984375
0.5372314453125,-0.335205078125,0.7972412109375,0.8544921875,0.8544921875,2.13623046875
0.533447265625,-0.3380126953125,0.795166015625,0.732421875,1.3427734375,2.38037109375
0.5369873046875,-0.339111328125,0.792236328125,0.79345703125,1.5869140625,2.685546875
0.5347900390625,-0.3392333984375,0.7933349609375,0.91552734375,1.77001953125,2.685546875
0.5347900390625,-0.3382568359375,0.79296875,0.79345703125,2.3193359375,2.8076171875
0.5330810546875,-0.337646484375,0.793212890625,0.6103515625,2.5634765625,2.74658203125
0.534423828125,-0.338623046875,0.7978515625,0.54931640625,2.50244140625,2.62451171875
0.5340576171875,-0.3377685546875,0.7978515625,0.732421875,2.74658203125,2.50244140625
0.53369140625,-0.3397216796875,0.7978515625,0.9765625,2.9296875,2.44140625
0.5380859375,-0.333984375,0.7958984375,1.15966796875,3.2958984375,2.685546875
0.5362548828125,-0.3348388671875,0.793701171875,0.67138671875,3.11279296875,2.74658203125
0.5347900390625,-0.338134765625,0.7930908203125,0.1220703125,3.0517578125,2.86865234375
0.534423828125,-0.343017578125,0.797119140625,-0.79345703125,2.197265625,2.99072265625
0.5286865234375,-0.3426513671875,0.798828125,-1.03759765625,1.52587890625,2.99072265625
0.529052734375,-0.345703125,0.80029296875,-1.52587890625,0.30517578125,2.685546875
0.5263671875,-0.341064453125,0.801513671875,-1.708984375,-0.42724609375,2.01416015625
0.5264892578125,-0.334716796875,0.7998046875,-1.708984375,-1.28173828125,0.79345703125
0.528564453125,-0.3280029296875,0.8004150390625,-1.46484375,-1.8310546875,-0.3662109375
0.53076171875,-0.337158203125,0.79833984375,-1.220703125,-2.50244140625,-1.15966796875
0.5245361328125,-0.341796875,0.7987060546875,-1.03759765625,-3.2958984375,-2.0751953125
0.5283203125,-0.3497314453125,0.8016357421875,-0.8544921875,-4.0283203125,-2.62451171875
0.524658203125,-0.3516845703125,0.8004150390625,-0.9765625,-4.82177734375,-2.8076171875
0.5203857421875,-0.3492431640625,0.80322265625,-1.15966796875,-5.92041015625,-2.8076171875
0.521484375,-0.35400390625,0.80615234375,-1.15966796875,-6.8359375,-3.11279296875
0.5181884765625,-0.3533935546875,0.80810546875,-1.03759765625,-7.6904296875,-2.9296875
0.520751953125,-0.3565673828125,0.8040771484375,-0.6103515625,-7.99560546875,-2.99072265625
0.5184326171875,-0.3519287109375,0.8074951171875,0.3662109375,-8.30078125,-3.173828125
0.5126953125,-0.3653564453125,0.8028564453125,1.220703125,-9.27734375,-3.41796875
0.5108642578125,-0.3641357421875,0.804443359375,1.708984375,-10.07080078125,-4.39453125
0.5068359375,-0.36767578125,0.8040771484375,2.74658203125,-10.986328125,-4.7607421875
0.50439453125,-0.379150390625,0.805908203125,3.2958984375,-12.20703125,-4.7607421875
0.501220703125,-0.3818359375,0.801025390625,3.47900390625,-13.12255859375,-5.126953125
0.4971923828125,-0.3818359375,0.8065185546875,3.23486328125,-14.0380859375,-5.18798828125
0.4971923828125,-0.379638671875,0.8006591796875,3.11279296875,-17.27294921875,-5.55419921875
0.4952392578125,-0.3797607421875,0.806640625,2.38037109375,-18.98193359375,-6.103515625
0.4906005859375,-0.3753662109375,0.800537109375,2.25830078125,-19.8974609375,-6.65283203125
0.4915771484375,-0.3668212890625,0.7982177734375,2.50244140625,-21.8505859375,-7.50732421875
0.4930419921875,-0.3656005859375,0.7999267578125,2.5634765625,-23.3154296875,-8.7890625
0.4970703125,-0.3642578125,0.8011474609375,3.23486328125,-24.96337890625,-10.25390625
0.4952392578125,-0.3681640625,0.7945556640625,2.99072265625,-26.18408203125,-11.16943359375
0.5035400390625,-0.367431640625,0.7991943359375,2.25830078125,-27.89306640625,-13.24462890625
0.50146484375,-0.36474609375,0.801025390625,1.52587890625,-30.3955078125,-17.2119140625
0.508056640625,-0.365478515625,0.79931640625,1.708984375,-39.24560546875,-19.10400390625
0.514404296875,-0.38037109375,0.81005859375,1.64794921875,-60.60791015625,-20.99609375
0.503173828125,-0.359375,0.8087158203125,1.28173828125,-66.58935546875,-23.13232421875
0.505859375,-0.3497314453125,0.80224609375,1.0986328125,-70.98388671875,-25.87890625
0.5008544921875,-0.36181640625,0.8009033203125,1.0986328125,-74.52392578125,-28.9306640625
0.4935302734375,-0.3572998046875,0.793701171875,1.953125,-78.4912109375,-31.79931640625
0.498779296875,-0.356201171875,0.7984619140625,1.64794921875,-82.6416015625,-38.26904296875
0.5052490234375,-0.361328125,0.79638671875,-0.42724609375,-87.82958984375,-42.6025390625
0.502197265625,-0.357666015625,0.795166015625,-5.92041015625,-100.76904296875,-56.70166015625
0.5240478515625,-0.3575439453125,0.8065185546875,-8.36181640625,-108.58154296875,-58.65478515625
0.5245361328125,-0.374755859375,0.8167724609375,-8.30078125,-148.37646484375,-59.38720703125
0.513671875,-0.3697509765625,0.8258056640625,-9.09423828125,-157.04345703125,-62.8662109375
0.5262451171875,-0.3575439453125,0.798828125,-9.6435546875,-167.17529296875,-63.78173828125
0.5028076171875,-0.3494873046875,0.7744140625,-10.43701171875,-177.734375,-67.68798828125
0.5360107421875,-0.3427734375,0.7728271484375,-10.1318359375,-186.09619140625,-70.73974609375
0.541015625,-0.3797607421875,0.7503662109375,-11.71875,-192.07763671875,-75.5615234375
0.5360107421875,-0.376220703125,0.764404296875,-12.3291015625,-198.3642578125,-86.42578125
0.5255126953125,-0.375732421875,0.7252197265625,-13.12255859375,-197.75390625,-91.6748046875
0.5146484375,-0.3729248046875,0.7352294921875,-19.287109375,-192.87109375,-97.59521484375
0.5540771484375,-0.4039306640625,0.7318115234375,-21.42333984375,-191.83349609375,-99.18212890625
0.59814453125,-0.349853515625,0.7342529296875,-20.1416015625,-191.650390625,-102.4169921875
0.6014404296875,-0.3763427734375,0.7156982421875,-17.08984375,-192.9931640625,-103.94287109375
0.61669921875,-0.364990234375,0.733642578125,-15.0146484375,-198.79150390625,-105.1025390625
0.5911865234375,-0.36865234375,0.699462890625,-11.474609375,-214.66064453125,-105.46875
0.624267578125,-0.3250732421875,0.65380859375,-6.591796875,-217.8955078125,-97.96142578125
0.6207275390625,-0.355712890625,0.6287841796875,-6.8359375,-217.34619140625,-85.3271484375
0.6185302734375,-0.3480224609375,0.5936279296875,-2.25830078125,-209.04541015625,-82.8857421875
0.6170654296875,-0.337890625,0.549560546875,-3.2958984375,-188.1103515625,-105.1025390625
0.67138671875,-0.37646484375,0.53076171875,-5.55419921875,-158.38623046875,-113.1591796875
0.6966552734375,-0.43798828125,0.5379638671875,-12.26806640625,-119.68994140625,-80.13916015625
0.7279052734375,-0.375732421875,0.4776611328125,-20.20263671875,-105.28564453125,-40.4052734375
0.7451171875,-0.48583984375,0.5382080078125,-36.92626953125,-82.09228515625,-10.7421875
0.7647705078125,-0.4273681640625,0.5574951171875,-42.05322265625,-23.49853515625,20.08056640625
0.8201904296875,-0.44384765625,0.527099609375,-57.31201171875,33.3251953125,33.203125
0.741943359375,-0.41845703125,0.65625,-69.3359375,65.5517578125,42.17529296875
0.9200439453125,-0.425537109375,0.71044921875,-80.74951171875,77.0263671875,48.15673828125
1.00830078125,-0.400634765625,0.7774658203125,-85.99853515625,88.0126953125,51.94091796875
1.051025390625,-0.5057373046875,0.9559326171875,-73.1201171875,100.76904296875,52.6123046875
1.14306640625,-0.4384765625,1.052978515625,-57.861328125,118.34716796875,56.5185546875
1.1944580078125,-0.4542236328125,1.0732421875,-68.05419921875,162.65869140625,61.6455078125
1.228759765625,-0.6243896484375,1.20703125,-55.2978515625,187.5,68.84765625
1.4512939453125,-0.6688232421875,1.478271484375,-18.5546875,210.9375,77.0263671875
1.428955078125,-0.62060546875,1.38330078125,37.53662109375,230.16357421875,95.88623046875
1.5811767578125,-0.9794921875,1.291748046875,54.01611328125,243.7744140625,108.21533203125
1.5877685546875,-0.87841796875,1.1658935546875,64.39208984375,253.0517578125,122.25341796875
1.2142333984375,-1.029296875,1.1373291015625,67.5048828125,253.11279296875,135.3759765625
0.6688232421875,-1.23193359375,1.0794677734375,64.0869140625,253.41796875,144.287109375
1.3443603515625,-1.151611328125,1.007080078125,47.18017578125,257.080078125,146.78955078125
2.4139404296875,-0.940185546875,0.9317626953125,34.60693359375,262.5732421875,143.12744140625
1.5511474609375,-0.666015625,0.91552734375,22.39990234375,267.88330078125,136.53564453125
0.5279541015625,-0.5162353515625,0.8546142578125,15.56396484375,271.97265625,131.2255859375
0.3887939453125,-0.407958984375,0.8162841796875,13.916015625,276.85546875,129.0283203125
0.2366943359375,-0.4168701171875,0.7889404296875,17.51708984375,284.0576171875,128.90625
0.1417236328125,-0.2669677734375,0.736328125,19.53125,292.6025390625,131.591796875
0.2117919921875,-0.286865234375,0.6864013671875,21.1181640625,298.88916015625,137.14599609375
0.2310791015625,-0.3468017578125,0.6868896484375,23.681640625,301.1474609375,144.287109375
0.320068359375,-0.39794921875,0.7547607421875,28.38134765625,297.119140625,151.4892578125
0.41845703125,-0.404296875,0.8094482421875,36.376953125,284.5458984375,160.21728515625
0.42041015625,-0.39111328125,0.8690185546875,46.0205078125,260.07080078125,151.9775390625
0.4237060546875,-0.400634765625,0.9273681640625,54.19921875,226.50146484375,153.4423828125
0.397705078125,-0.440673828125,1.0069580078125,57.4951171875,193.42041015625,141.90673828125
0.3585205078125,-0.46533203125,1.0828857421875,54.443359375,183.16650390625,125.244140625
0.4388427734375,-0.4635009765625,1.1961669921875,47.9736328125,164.794921875,108.154296875
0.55419921875,-0.47021484375,1.2479248046875,42.17529296875,136.1083984375,69.03076171875
0.720458984375,-0.4932861328125,1.238037109375,41.1376953125,98.5107421875,17.7001953125
0.841064453125,-0.5018310546875,1.1864013671875,45.34912109375,15.80810546875,-11.3525390625
0.9371337890625,-0.447265625,1.0980224609375,47.2412109375,-78.43017578125,-36.4990234375
1.02001953125,-0.4404296875,0.978759765625,40.283203125,-144.59228515625,-85.14404296875
1.143798828125,-0.4742431640625,0.832763671875,60.60791015625,-113.46435546875,-89.7216796875
1.32177734375,-0.5648193359375,0.7730712890625,47.9736328125,-108.5205078125,-78.2470703125
1.5181884765625,-0.66259765625,-0.143798828125,34.912109375,-174.072265625,-52.91748046875
1.6583251953125,-0.69091796875,0.2530517578125,13.18359375,-121.4599609375,-40.10009765625
1.8046875,-0.0045166015625,-0.4102783203125,-3.5400390625,-129.8828125,-29.052734375
1.9263916015625,-0.6771240234375,-0.651611328125,11.04736328125,-107.23876953125,-11.90185546875
2.0186767578125,-0.48193359375,-0.9051513671875,27.2216796875,-71.1669921875,-0.42724609375
2.1475830078125,-0.333984375,-1.0614013671875,11.29150390625,-57.92236328125,-5.9814453125
2.3712158203125,-0.06591796875,-1.5240478515625,21.240234375,-43.8232421875,-3.90625
2.5928955078125,0.1600341796875,-1.6563720703125,-11.8408203125,-33.69140625,0.3662109375
2.94140625,0.235107421875,-0.302734375,-13.12255859375,-29.541015625,-0.6103515625
2.81689453125,0.4642333984375,3.5765380859375,27.03857421875,-28.9306640625,-1.64794921875
2.5372314453125,0.7266845703125,1.1494140625,27.83203125,-26.9775390625,-2.99072265625
2.55810546875,-0.2708740234375,0.94677734375,26.2451171875,-26.42822265625,-3.7841796875
2.62158203125,-0.8961181640625,1.6541748046875,16.90673828125,-24.0478515625,-2.9296875
2.499267578125,-0.3426513671875,1.2777099609375,-6.34765625,-25.0244140625,-1.52587890625
2.498779296875,-0.835693359375,1.224853515625,-10.55908203125,-26.85546875,1.03759765625
0.835205078125,-0.460693359375,1.0772705078125,-0.9765625,-25.81787109375,-0.54931640625
0.3944091796875,-0.1058349609375,0.8543701171875,-3.662109375,-26.123046875,-1.52587890625
0.419677734375,-0.0882568359375,0.82568359375,-6.103515625,-24.658203125,-3.173828125
1.5634765625,0.055908203125,0.8641357421875,-2.62451171875,-22.4609375,-3.96728515625
1.6746826171875,-0.510498046875,0.86181640625,-1.03759765625,-20.99609375,-3.47900390625
1.683837890625,-0.7706298828125,0.8431396484375,-0.6103515625,-20.3857421875,-2.8076171875
1.2437744140625,-0.3104248046875,0.8336181640625,-3.35693359375,-23.8037109375,0.79345703125
1.265380859375,-0.3004150390625,0.8193359375,-7.8125,-25.2685546875,0.30517578125
0.7060546875,-0.40185546875,0.8529052734375,-12.87841796875,-35.46142578125,-2.3193359375
0.6146240234375,-0.36572265625,0.8521728515625,-16.41845703125,-36.9873046875,-10.009765625
0.6505126953125,-0.3250732421875,0.864013671875,-15.07568359375,-34.60693359375,-13.18359375
0.5609130859375,-0.302978515625,0.8265380859375,-14.5263671875,-33.87451171875,-16.2353515625
0.5611572265625,-0.2760009765625,0.8118896484375,-13.5498046875,-35.5224609375,-18.4326171875
0.519287109375,-0.2493896484375,0.808349609375,-15.56396484375,-36.80419921875,-20.56884765625
0.4715576171875,-0.3372802734375,0.814697265625,-15.2587890625,-39.00146484375,-22.88818359375
0.435791015625,-0.3782958984375,0.811767578125,-14.83154296875,-42.236328125,-24.7802734375
0.460205078125,-0.3665771484375,0.825927734375,-14.2822265625,-46.44775390625,-26.2451171875
0.5416259765625,-0.372314453125,0.8095703125,-12.02392578125,-53.03955078125,-27.099609375
0.5052490234375,-0.374755859375,0.807373046875,-8.7890625,-60.05859375,-27.9541015625
0.5174560546875,-0.34716796875,0.7926025390625,-8.48388671875,-67.0166015625,-29.72412109375
0.50537109375,-0.3349609375,0.768798828125,-8.11767578125,-73.73046875,-33.3251953125
0.50244140625,-0.322509765625,0.7669677734375,-7.75146484375,-81.35986328125,-36.2548828125
0.5081787109375,-0.3756103515625,0.758056640625,-8.23974609375,-91.1865234375,-37.7197265625
0.50244140625,-0.3873291015625,0.7427978515625,-9.21630859375,-102.35595703125,-39.00146484375
0.5133056640625,-0.39794921875,0.76708984375,-11.23046875,-114.44091796875,-39.6728515625
0.5045166015625,-0.43310546875,0.7584228515625,-13.97705078125,-128.47900390625,-41.748046875
0.5404052734375,-0.4273681640625,0.7763671875,-15.7470703125,-143.61572265625,-46.20361328125
0.556884765625,-0.4134521484375,0.792724609375,-18.1884765625,-160.21728515625,-54.443359375
0.5421142578125,-0.40234375,0.7955322265625,-20.263671875,-178.89404296875,-60.05859375
0.52685546875,-0.3883056640625,0.779541015625,-21.728515625,-201.171875,-71.533203125
0.5595703125,-0.3677978515625,0.772216796875,-23.86474609375,-226.86767578125,-87.0361328125
0.5394287109375,-0.3741455078125,0.76611328125,-25.81787109375,-255.37109375,-105.5908203125
0.562255859375,-0.351806640625,0.783447265625,-27.28271484375,-283.50830078125,-127.8076171875
0.555908203125,-0.3653564453125,0.781982421875,-28.076171875,-310.4248046875,-144.47021484375
0.5628662109375,-0.3843994140625,0.780517578125,-29.78515625,-327.5146484375,-156.31103515625
0.56982421875,-0.3939208984375,0.785400390625,-33.935546875,-331.787109375,-152.2216796875
0.57666015625,-0.3782958984375,0.7784423828125,-37.4755859375,-331.1767578125,-142.9443359375
0.5745849609375,-0.3507080078125,0.78271484375,-39.97802734375,-338.31787109375,-148.49853515625
0.57666015625,-0.3485107421875,0.8148193359375,-44.12841796875,-350.40283203125,-163.51318359375
0.5562744140625,-0.333251953125,0.828857421875,-43.76220703125,-332.70263671875,-145.751953125
0.5855712890625,-0.3470458984375,0.8284912109375,-40.34423828125,-298.095703125,-125.06103515625
0.610595703125,-0.420654296875,0.93017578125,-44.00634765625,-264.16015625,-152.64892578125
0.600830078125,-0.42822265625,1.0244140625,-51.69677734375,-209.04541015625,-149.96337890625
0.61376953125,-0.4403076171875,1.0316162109375,-67.3828125,-146.17919921875,-95.03173828125
0.61181640625,-0.4776611328125,1.0567626953125,-82.03125,-136.1083984375,-16.66259765625
0.619140625,-0.542724609375,1.03125,-107.36083984375,-82.6416015625,15.31982421875
0.604736328125,-0.6202392578125,1.039306640625,-136.16943359375,3.96728515625,26.9775390625
0.607177734375,-0.8218994140625,1.0123291015625,-144.775390625,72.81494140625,50.4150390625
0.58740234375,-0.7640380859375,0.8211669921875,-149.7802734375,105.65185546875,58.04443359375
0.599853515625,-0.8017578125,1.1685791015625,-177.1240234375,114.8681640625,63.17138671875
0.4661865234375,-0.7327880859375,1.18701171875,-187.31689453125,131.53076171875,67.93212890625
0.730224609375,-0.5186767578125,1.3934326171875,-157.8369140625,133.11767578125,76.5380859375
0.9163818359375,-1.246337890625,1.799560546875,-122.37548828125,147.0947265625,84.1064453125
1.5152587890625,-1.1492919921875,1.935302734375,-129.39453125,163.57421875,89.111328125
1.7694091796875,-0.97412109375,1.8668212890625,-104.18701171875,191.650390625,92.59033203125
1.662841796875,-1.0455322265625,1.7542724609375,-27.28271484375,215.9423828125,95.3369140625
2.2254638671875,-0.93408203125,1.687255859375,14.404296875,234.619140625,99.30419921875
2.2100830078125,-1.735595703125,1.283203125,17.63916015625,242.98095703125,106.26220703125
1.94140625,-1.3536376953125,1.3851318359375,25.81787109375,246.2158203125,117.0654296875
1.6002197265625,-1.3426513671875,1.3817138671875,21.484375,248.84033203125,135.68115234375
0.343017578125,-1.937255859375,1.0960693359375,22.76611328125,253.72314453125,140.9912109375
1.506103515625,-1.18896484375,0.99462890625,18.5546875,269.775390625,143.12744140625
2.986572265625,-0.63916015625,0.8658447265625,12.14599609375,278.38134765625,141.11328125
0.9332275390625,-0.551025390625,0.8553466796875,9.94873046875,287.04833984375,132.9345703125
-0.056396484375,-0.374755859375,0.777587890625,9.6435546875,297.7294921875,122.00927734375
0.2591552734375,-0.2674560546875,0.8106689453125,12.14599609375,310.97412109375,112.9150390625
-0.1644287109375,-0.23193359375,0.7806396484375,17.02880859375,323.8525390625,107.2998046875
-0.3104248046875,-0.232666015625,0.7738037109375,21.240234375,334.8388671875,106.99462890625
-0.12548828125,-0.2080078125,0.7537841796875,22.15576171875,342.10205078125,112.4267578125
0.064453125,-0.14990234375,0.7608642578125,30.029296875,343.8720703125,122.55859375
0.255859375,-0.12548828125,0.7957763671875,34.97314453125,339.41650390625,130.18798828125
0.44091796875,-0.12109375,0.8453369140625,36.9873046875,329.77294921875,116.14990234375
0.4273681640625,-0.1173095703125,0.8846435546875,34.36279296875,307.2509765625,143.1884765625
0.3973388671875,-0.1124267578125,1.0025634765625,31.005859375,270.6298828125,141.6015625
0.3392333984375,-0.1595458984375,1.0738525390625,28.3203125,242.61474609375,150.32958984375
0.369873046875,-0.1761474609375,1.12255859375,25.69580078125,200.98876953125,135.3759765625
0.4473876953125,-0.1124267578125,1.1810302734375,25.08544921875,163.26904296875,109.86328125
0.560791015625,-0.069091796875,1.2479248046875,27.89306640625,67.7490234375,71.35009765625
0.6832275390625,-0.0819091796875,1.2532958984375,33.3251953125,18.4326171875,27.587890625
0.760986328125,-0.119384765625,1.2047119140625,41.259765625,-31.67724609375,-43.0908203125
0.9415283203125,-0.125,1.09423828125,52.42919921875,-84.16748046875,-87.95166015625
1.099609375,-0.2452392578125,0.9566650390625,67.93212890625,-128.662109375,-96.61865234375
1.266845703125,-0.3909912109375,0.771240234375,46.20361328125,-91.73583984375,-73.1201171875
1.3946533203125,-0.5313720703125,0.9263916015625,61.279296875,-189.697265625,26.9775390625
1.5635986328125,-0.6636962890625,-0.314697265625,69.88525390625,-140.07568359375,-9.33837890625
1.744140625,-0.7308349609375,-0.2110595703125,75.8056640625,-71.8994140625,0.54931640625
1.91015625,-1.6260986328125,-0.760498046875,65.3076171875,-48.9501953125,1.28173828125
2.0833740234375,0.2733154296875,-1.0989990234375,51.025390625,-37.2314453125,-4.21142578125
2.3082275390625,-0.852294921875,-1.561279296875,39.97802734375,-41.50390625,-1.8310546875
2.56982421875,-0.2559814453125,-1.782470703125,31.18896484375,-24.47509765625,-1.5869140625
3.2432861328125,-0.1575927734375,-1.7744140625,1.220703125,-17.88330078125,-4.2724609375
3.1998291015625,0.3524169921875,-1.7979736328125,-20.1416015625,-20.93505859375,-3.662109375
3.3582763671875,0.5498046875,3.18017578125,43.39599609375,-17.27294921875,-1.220703125
3.0662841796875,0.6822509765625,1.66552734375,-16.29638671875,-16.845703125,1.3427734375
2.81640625,0.6148681640625,0.669189453125,8.544921875,-17.02880859375,1.0986328125
3.0859375,-0.9217529296875,1.560791015625,-7.01904296875,-16.7236328125,0.48828125
2.973876953125,-0.2401123046875,0.78564453125,-9.70458984375,-20.32470703125,0.3662109375
2.73779296875,-1.0169677734375,0.822509765625,-4.39453125,-23.3154296875,0.0
2.7066650390625,-0.0552978515625,0.908935546875,-9.765625,-24.90234375,0.244140625
0.434326171875,-1.0552978515625,0.7442626953125,-10.92529296875,-25.87890625,1.46484375
-0.056396484375,-0.0233154296875,0.836669921875,-10.92529296875,-26.55029296875,1.953125
1.298583984375,-0.44140625,0.844482421875,-13.0615234375,-27.52685546875,1.953125
1.6302490234375,-0.40869140625,0.8017578125,-17.4560546875,-27.03857421875,2.3193359375
1.11083984375,-0.2366943359375,0.8319091796875,-20.93505859375,-28.25927734375,1.89208984375
0.649169921875,-0.40478515625,0.8177490234375,-20.44677734375,-31.3720703125,1.5869140625
0.52978515625,-0.3756103515625,0.8133544921875,-19.83642578125,-32.53173828125,-0.3662109375
0.6768798828125,-0.338623046875,0.8482666015625,-20.6298828125,-32.40966796875,-1.953125
0.5845947265625,-0.29638671875,0.83154296875,-21.54541015625,-35.21728515625,-3.23486328125
0.4945068359375,-0.3009033203125,0.8326416015625,-23.3154296875,-36.1328125,-8.23974609375
0.5126953125,-0.3516845703125,0.8304443359375,-24.658203125,-36.68212890625,-10.68115234375
0.5047607421875,-0.337646484375,0.8233642578125,-23.49853515625,-32.470703125,-11.5966796875
0.513427734375,-0.3294677734375,0.806884765625,-21.05712890625,-32.5927734375,-16.7236328125
0.4945068359375,-0.3350830078125,0.7801513671875,-20.08056640625,-33.14208984375,-20.99609375
0.4788818359375,-0.3409423828125,0.7960205078125,-18.6767578125,-42.96875,-23.37646484375
0.4913330078125,-0.3409423828125,0.8001708984375,-17.76123046875,-49.13330078125,-26.3671875
0.4945068359375,-0.3668212890625,0.78173828125,-14.58740234375,-57.18994140625,-30.6396484375
0.5081787109375,-0.3681640625,0.7685546875,-13.0615234375,-64.39208984375,-33.14208984375
0.5108642578125,-0.35302734375,0.768310546875,-12.5732421875,-71.6552734375,-34.11865234375
0.521240234375,-0.3831787109375,0.760498046875,-16.4794921875,-81.11572265625,-34.1796875
0.5308837890625,-0.3897705078125,0.7486572265625,-17.88330078125,-92.041015625,-32.89794921875
0.5167236328125,-0.4075927734375,0.7235107421875,-20.3857421875,-105.16357421875,-32.3486328125
0.5157470703125,-0.406494140625,0.717041015625,-16.17431640625,-121.2158203125,-33.26416015625
0.5242919921875,-0.4039306640625,0.7127685546875,-14.34326171875,-140.07568359375,-38.87939453125
0.5361328125,-0.40283203125,0.74560546875,-15.625,-162.65869140625,-50.47607421875
0.5328369140625,-0.4075927734375,0.740234375,-18.12744140625,-188.8427734375,-67.07763671875
0.533203125,-0.4046630859375,0.764892578125,-21.17919921875,-217.46826171875,-86.48681640625
0.548095703125,-0.4146728515625,0.7674560546875,-24.2919921875,-248.6572265625,-115.234375
0.563232421875,-0.45654296875,0.768310546875,-27.64892578125,-282.65380859375,-142.578125
0.560791015625,-0.4171142578125,0.78515625,-31.67724609375,-313.53759765625,-159.3017578125
0.562255859375,-0.447021484375,0.7947998046875,-35.70556640625,-330.322265625,-170.83740234375
0.5340576171875,-0.4468994140625,0.80517578125,-39.36767578125,-335.38818359375,-167.8466796875
0.546630859375,-0.409423828125,0.8240966796875,-42.236328125,-334.77783203125,-164.00146484375
0.5440673828125,-0.385009765625,0.8524169921875,-42.90771484375,-341.9189453125,-175.35400390625
0.5482177734375,-0.34521484375,0.8494873046875,-46.2646484375,-341.36962890625,-163.2080078125
0.5517578125,-0.332763671875,0.9053955078125,-46.2646484375,-314.3310546875,-172.36328125
0.564208984375,-0.3350830078125,0.9266357421875,-50.4150390625,-247.98583984375,-205.56640625
0.5672607421875,-0.3720703125,1.036376953125,-57.7392578125,-197.6318359375,-176.3916015625
0.5921630859375,-0.4951171875,1.124267578125,-71.77734375,-152.83203125,-100.15869140625
0.6065673828125,-0.5350341796875,1.1759033203125,-89.78271484375,-118.34716796875,-11.41357421875
0.59765625,-0.6729736328125,1.2518310546875,-111.6943359375,-46.142578125,7.080078125
0.6007080078125,-0.6446533203125,1.2591552734375,-142.51708984375,30.82275390625,32.470703125
0.586181640625,-0.83837890625,1.26318359375,-165.6494140625,94.8486328125,39.794921875
0.603759765625,-0.8485107421875,1.104248046875,-177.91748046875,93.3837890625,43.15185546875
0.515869140625,-0.92919921875,1.0362548828125,-219.78759765625,99.30419921875,61.1572265625
0.477294921875,-0.9698486328125,1.2840576171875,-214.05029296875,94.1162109375,74.5849609375
0.5369873046875,-0.8360595703125,1.2412109375,-159.0576171875,116.5771484375,83.0078125
0.4521484375,-0.93017578125,1.89208984375,-128.7841796875,140.625,87.09716796875
0.963623046875,-1.2017822265625,1.7823486328125,-128.23486328125,167.29736328125,89.2333984375
1.6297607421875,-1.09228515625,1.9993896484375,-67.81005859375,191.0400390625,91.12548828125
1.7864990234375,-1.18994140625,1.4691162109375,13.12255859375,207.275390625,94.05517578125
1.7020263671875,-0.879638671875,1.11572265625,20.6298828125,216.1865234375,98.0224609375
2.033447265625,-2.025634765625,1.3702392578125,26.7333984375,219.78759765625,103.3935546875
1.733154296875,-1.2542724609375,1.24609375,23.8037109375,223.9990234375,106.38427734375
0.8280029296875,-1.5003662109375,0.97412109375,11.23046875,231.3232421875,106.0791015625
-0.4246826171875,-1.8846435546875,0.8204345703125,5.126953125,239.68505859375,104.4921875
3.4132080078125,-0.6832275390625,0.7166748046875,7.080078125,248.84033203125,104.30908203125
2.2147216796875,-0.5640869140625,0.7349853515625,14.09912109375,260.19287109375,104.4921875
-0.0684814453125,-0.294677734375,0.7874755859375,20.99609375,272.94921875,105.52978515625
0.1239013671875,-0.2027587890625,0.80322265625,27.587890625,286.865234375,107.11669921875
-0.3648681640625,-0.218994140625,0.782958984375,34.48486328125,300.96435546875,107.60498046875
-0.4691162109375,-0.26904296875,0.74462890625,42.41943359375,313.96484375,109.80224609375
-0.37109375,-0.2315673828125,0.7286376953125,52.001953125,326.0498046875,118.1640625
-0.02392578125,-0.1319580078125,0.757080078125,65.85693359375,334.9609375,132.62939453125
0.4268798828125,-0.0859375,0.7987060546875,79.833984375,338.7451171875,149.0478515625
0.4630126953125,-0.057373046875,0.8475341796875,85.693359375,336.12060546875,161.92626953125
0.456787109375,-0.1004638671875,0.8919677734375,81.97021484375,325.74462890625,166.748046875
0.4339599609375,-0.1490478515625,0.9144287109375,72.57080078125,309.08203125,171.875
0.3953857421875,-0.194580078125,0.970458984375,60.48583984375,284.48486328125,159.24072265625
0.3829345703125,-0.1934814453125,1.0242919921875,51.1474609375,242.61474609375,167.3583984375
0.4498291015625,-0.097900390625,1.0582275390625,50.1708984375,206.23779296875,141.2353515625
0.581298828125,0.0076904296875,1.0931396484375,52.734375,175.59814453125,111.02294921875
0.69775390625,0.028564453125,1.14990234375,54.01611328125,104.67529296875,78.61328125
0.789306640625,-0.0352783203125,1.198974609375,55.17578125,62.98828125,44.98291015625
0.87841796875,-0.1805419921875,1.1929931640625,55.5419921875,15.44189453125,21.05712890625
0.9813232421875,-0.36279296875,1.076171875,53.52783203125,-46.9970703125,8.4228515625
1.100341796875,-0.514892578125,0.8897705078125,43.51806640625,-96.37451171875,-30.94482421875
1.2132568359375,-0.6868896484375,0.6727294921875,31.55517578125,-137.75634765625,-77.7587890625
1.33447265625,-0.8681640625,0.388916015625,45.5322265625,-84.16748046875,-94.1162109375
1.485595703125,-0.991943359375,0.3135986328125,35.0341796875,-125.30517578125,-90.27099609375
1.66845703125,-1.05908203125,-0.5653076171875,38.87939453125,-179.931640625,-53.89404296875
1.8504638671875,-0.972412109375,-0.4517822265625,39.55078125,-121.15478515625,-32.53173828125
2.0484619140625,-0.8468017578125,-0.913330078125,31.73828125,-141.17431640625,-39.9169921875
2.2261962890625,-0.6058349609375,-1.5291748046875,27.4658203125,-130.06591796875,26.3671875
2.4915771484375,-0.2467041015625,-1.69580078125,27.64892578125,-95.0927734375,-0.8544921875
2.7618408203125,-0.1358642578125,-1.7369384765625,35.46142578125,-74.15771484375,-1.46484375
3.153076171875,0.16357421875,-1.51904296875,29.47998046875,-51.81884765625,6.53076171875
3.1988525390625,0.4312744140625,-1.46923828125,-27.2216796875,-30.45654296875,-0.79345703125
2.9453125,0.6448974609375,0.9935302734375,-34.72900390625,-38.818359375,-1.64794921875
2.8751220703125,0.5870361328125,3.1177978515625,5.0048828125,-18.00537109375,-3.90625
2.8751220703125,0.4154052734375,1.24658203125,12.75634765625,-21.42333984375,0.18310546875
2.856201171875,-0.378662109375,0.978759765625,17.4560546875,-15.80810546875,1.15966796875
2.537353515625,0.2034912109375,1.4407958984375,10.43701171875,-16.6015625,0.732421875
2.4818115234375,-0.1597900390625,1.1671142578125,-28.564453125,-19.1650390625,1.28173828125
2.36328125,-1.03466796875,1.392333984375,1.64794921875,-18.6767578125,0.244140625
1.426513671875,-0.8468017578125,1.0947265625,-7.26318359375,-17.15087890625,-1.03759765625
-0.0361328125,-0.41015625,0.6611328125,-13.48876953125,-17.63916015625,-1.03759765625
0.4298095703125,0.2066650390625,0.86181640625,-6.2255859375,-18.310546875,-1.3427734375
1.81201171875,0.7281494140625,0.888916015625,-5.79833984375,-18.6767578125,-0.8544921875
1.4962158203125,-1.34228515625,0.7109375,-6.7138671875,-21.6064453125,0.18310546875
1.2789306640625,0.1458740234375,0.85595703125,-15.5029296875,-22.52197265625,0.9765625
1.3424072265625,-0.4794921875,0.7869873046875,-17.27294921875,-24.90234375,1.64794921875
1.693115234375,-0.5084228515625,0.830810546875,-16.66259765625,-26.7333984375,1.3427734375
0.921630859375,-0.2572021484375,0.8349609375,-17.08984375,-26.4892578125,0.42724609375
0.615478515625,-0.3743896484375,0.8314208984375,-17.51708984375,-26.2451171875,-0.54931640625
0.552490234375,-0.2801513671875,0.7996826171875,-17.333984375,-26.42822265625,-3.2958984375
0.680908203125,-0.3311767578125,0.8197021484375,-18.06640625,-26.4892578125,-4.39453125
0.489013671875,-0.3704833984375,0.809326171875,-17.578125,-23.3154296875,-5.9814453125
0.497802734375,-0.3516845703125,0.81005859375,-17.88330078125,-20.01953125,-8.544921875
0.4901123046875,-0.3800048828125,0.81689453125,-17.76123046875,-16.9677734375,-11.04736328125
0.4769287109375,-0.39599609375,0.7979736328125,-17.4560546875,-15.13671875,-12.14599609375
0.5184326171875,-0.36181640625,0.8043212890625,-16.66259765625,-14.6484375,-12.39013671875
0.503173828125,-0.3721923828125,0.790283203125,-15.7470703125,-14.7705078125,-12.02392578125
0.47802734375,-0.375,0.7720947265625,-13.61083984375,-17.333984375,-10.25390625
0.491943359375,-0.3707275390625,0.7652587890625,-11.41357421875,-23.13232421875,-8.4228515625
0.4979248046875,-0.3685302734375,0.7672119140625,-6.8359375,-30.33447265625,-7.99560546875
0.5006103515625,-0.3863525390625,0.75146484375,-5.126953125,-38.4521484375,-8.11767578125
0.5020751953125,-0.410888671875,0.736572265625,-3.35693359375,-47.30224609375,-9.6435546875
0.501708984375,-0.4276123046875,0.7044677734375,-2.62451171875,-54.6875,-12.0849609375
0.5185546875,-0.427490234375,0.6988525390625,-3.23486328125,-61.6455078125,-14.2822265625
0.5284423828125,-0.4339599609375,0.720458984375,-4.638671875,-72.69287109375,-17.2119140625
0.5159912109375,-0.427490234375,0.744140625,-6.77490234375,-82.70263671875,-19.8974609375
0.5213623046875,-0.442138671875,0.7491455078125,-8.36181640625,-92.34619140625,-25.32958984375
0.525634765625,-0.461181640625,0.7784423828125,-10.43701171875,-105.28564453125,-30.029296875
0.5294189453125,-0.4539794921875,0.8040771484375,-13.73291015625,-116.8212890625,-34.912109375
0.5499267578125,-0.4215087890625,0.8115234375,-16.90673828125,-131.103515625,-40.95458984375
0.54150390625,-0.400146484375,0.817138671875,-20.44677734375,-146.66748046875,-48.9501953125
0.5107421875,-0.3756103515625,0.8226318359375,-21.728515625,-164.794921875,-60.4248046875
0.5145263671875,-0.3438720703125,0.7838134765625,-24.658203125,-186.46240234375,-73.8525390625
0.5316162109375,-0.3385009765625,0.79638671875,-27.9541015625,-208.80126953125,-87.21923828125
0.5191650390625,-0.3631591796875,0.8175048828125,-29.84619140625,-236.14501953125,-103.515625
0.524658203125,-0.3878173828125,0.783935546875,-33.203125,-263.61083984375,-124.0234375
0.5330810546875,-0.4188232421875,0.8145751953125,-34.97314453125,-291.3818359375,-134.33837890625
0.519287109375,-0.4005126953125,0.8004150390625,-37.2314453125,-316.2841796875,-141.4794921875
0.5106201171875,-0.435791015625,0.7803955078125,-41.748046875,-330.99365234375,-146.3623046875
0.5404052734375,-0.4359130859375,0.80810546875,-46.44775390625,-331.35986328125,-151.30615234375
0.5201416015625,-0.4537353515625,0.793701171875,-51.33056640625,-331.11572265625,-150.08544921875
0.4720458984375,-0.480224609375,0.8319091796875,-53.16162109375,-336.24267578125,-156.92138671875
0.5450439453125,-0.45654296875,0.860107421875,-56.7626953125,-325.13427734375,-154.23583984375
0.5169677734375,-0.4573974609375,0.9112548828125,-55.23681640625,-299.74365234375,-172.119140625
0.531982421875,-0.474365234375,0.955078125,-60.36376953125,-281.6162109375,-208.43505859375
0.571533203125,-0.5050048828125,1.02685546875,-66.0400390625,-201.0498046875,-188.4765625
0.5526123046875,-0.564208984375,1.049560546875,-82.6416015625,-162.17041015625,-120.1171875
0.5850830078125,-0.555419921875,1.14697265625,-101.86767578125,-121.39892578125,-30.70068359375
0.5843505859375,-0.540771484375,1.1829833984375,-123.1689453125,-39.97802734375,-0.18310546875
0.5926513671875,-0.5467529296875,1.1080322265625,-140.68603515625,41.32080078125,15.13671875
0.5018310546875,-0.6927490234375,1.13330078125,-161.0107421875,114.80712890625,27.9541015625
0.5819091796875,-0.6563720703125,1.017578125,-176.57470703125,127.0751953125,31.06689453125
0.4825439453125,-0.7708740234375,1.11083984375,-191.83349609375,137.02392578125,35.2783203125
0.508544921875,-0.9617919921875,1.11962890625,-186.46240234375,140.07568359375,42.90771484375
0.4893798828125,-0.9205322265625,1.2078857421875,-135.498046875,139.83154296875,51.45263671875
0.637451171875,-0.890869140625,1.579345703125,-100.4638671875,147.76611328125,57.0068359375
1.260986328125,-1.039794921875,1.743896484375,-98.14453125,163.57421875,61.6455078125
1.5948486328125,-0.975341796875,2.040771484375,-51.26953125,187.01171875,65.185546875
1.7005615234375,-1.086669921875,1.716064453125,32.8369140625,209.41162109375,68.54248046875
1.8646240234375,-0.935791015625,1.235107421875,62.01171875,229.736328125,74.21875
1.8988037109375,-1.9349365234375,1.19482421875,66.95556640625,243.22509765625,83.740234375
1.5740966796875,-1.2509765625,1.264892578125,67.19970703125,250.91552734375,96.5576171875
1.3482666015625,-1.0819091796875,1.0848388671875,59.14306640625,253.11279296875,110.90087890625
-0.0806884765625,-1.88037109375,0.82080078125,46.875,253.11279296875,125.30517578125
3.5145263671875,-0.9840087890625,0.6719970703125,36.62109375,254.39453125,137.451171875
2.755126953125,-0.67041015625,0.585205078125,33.14208984375,258.056640625,146.97265625
0.1429443359375,-0.368408203125,0.580078125,32.3486328125,263.7939453125,152.83203125
-0.0458984375,-0.2301025390625,0.598388671875,36.80419921875,270.93505859375,154.35791015625
-0.076416015625,-0.0975341796875,0.62841796875,42.3583984375,278.50341796875,151.67236328125
-0.232666015625,-0.20556640625,0.63720703125,45.0439453125,284.60693359375,147.52197265625
-0.3828125,-0.3309326171875,0.596435546875,43.701171875,290.71044921875,146.6064453125
-0.1441650390625,-0.39208984375,0.5550537109375,41.80908203125,297.66845703125,151.2451171875
0.05029296875,-0.4112548828125,0.5662841796875,42.54150390625,302.490234375,159.912109375
0.287109375,-0.3858642578125,0.6102294921875,47.54638671875,303.5888671875,170.5322265625
0.3951416015625,-0.3028564453125,0.6644287109375,58.28857421875,299.98779296875,181.7626953125
0.4154052734375,-0.2618408203125,0.7227783203125,69.2138671875,291.015625,198.6083984375
0.459716796875,-0.2872314453125,0.7998046875,75.13427734375,276.123046875,199.70703125
0.4344482421875,-0.3643798828125,0.8695068359375,74.64599609375,224.2431640625,194.4580078125
0.365234375,-0.453857421875,0.9090576171875,71.2890625,184.4482421875,181.09130859375
0.3692626953125,-0.510009765625,0.95361328125,70.37353515625,135.986328125,114.56298828125
0.4322509765625,-0.5162353515625,1.0142822265625,73.66943359375,89.7216796875,87.0361328125
0.5362548828125,-0.49365234375,1.082275390625,78.43017578125,-29.84619140625,59.326171875
0.662841796875,-0.435302734375,1.1055908203125,85.205078125,-77.7587890625,42.41943359375
0.8046875,-0.44580078125,1.030517578125,92.46826171875,-125.732421875,28.80859375
0.950439453125,-0.592529296875,0.893310546875,98.32763671875,-134.94873046875,16.78466796875
1.0572509765625,-0.802978515625,0.7216796875,99.42626953125,-92.28515625,-40.52734375
1.14892578125,-0.97119140625,0.4923095703125,93.017578125,-108.21533203125,-86.9140625
1.301513671875,-1.1416015625,0.179443359375,89.78271484375,-182.92236328125,-93.8720703125
1.5234375,-1.271240234375,-0.1710205078125,84.65576171875,-171.44775390625,-61.1572265625
1.727294921875,-1.32763671875,-0.802978515625,47.79052734375,-153.1982421875,-20.1416015625
1.9439697265625,-1.2064208984375,-1.139404296875,43.8232421875,-139.34326171875,67.19970703125
2.1397705078125,-0.9913330078125,-1.455322265625,53.7109375,-65.673828125,-3.90625
2.3743896484375,-0.6805419921875,-1.788818359375,80.01708984375,-64.5751953125,10.7421875
2.6558837890625,-0.46240234375,-1.5311279296875,64.8193359375,-48.583984375,0.6103515625
2.8690185546875,-0.1968994140625,-0.8460693359375,8.1787109375,-49.31640625,-0.91552734375
2.9915771484375,0.299560546875,0.5506591796875,-31.18896484375,-23.01025390625,-1.52587890625
2.8795166015625,0.4837646484375,2.52685546875,-23.193359375,-12.75634765625,0.67138671875
2.8365478515625,-0.1854248046875,1.3419189453125,-8.60595703125,-10.1318359375,-0.91552734375
2.9114990234375,0.1002197265625,0.9127197265625,-6.65283203125,-12.51220703125,3.173828125
2.54931640625,0.0689697265625,1.6658935546875,-37.353515625,-17.51708984375,4.94384765625
2.0906982421875,0.64013671875,1.6568603515625,-25.45166015625,-26.30615234375,7.26318359375
1.3997802734375,0.2239990234375,1.6531982421875,16.2353515625,-27.7099609375,8.056640625
1.665771484375,-0.67724609375,0.631103515625,-13.18359375,-30.517578125,8.7890625
-0.220947265625,-0.7076416015625,0.9661865234375,-12.63427734375,-32.16552734375,9.765625
-0.6082763671875,0.7471923828125,0.9244384765625,-8.97216796875,-35.21728515625,8.9111328125
0.37744140625,-0.904296875,0.7215576171875,-11.77978515625,-37.2314453125,8.72802734375
1.457763671875,-1.4271240234375,0.7569580078125,-17.333984375,-39.36767578125,6.7138671875
2.16552734375,0.5706787109375,0.8258056640625,-14.5263671875,-36.4990234375,-0.8544921875
3.923095703125,-0.17333984375,0.813232421875,-15.07568359375,-33.3251953125,-14.83154296875
0.8990478515625,-0.3519287109375,0.845947265625,-17.15087890625,-28.9306640625,-14.0380859375
0.256103515625,-0.3822021484375,0.8602294921875,-24.10888671875,-17.27294921875,-12.75634765625
0.9132080078125,-0.331298828125,0.8486328125,-26.0009765625,-19.83642578125,-10.80322265625
0.599853515625,-0.4127197265625,0.8477783203125,-26.7333984375,-24.0478515625,-7.99560546875
0.6190185546875,-0.2877197265625,0.8387451171875,-25.69580078125,-30.6396484375,-5.67626953125
0.4884033203125,-0.2938232421875,0.84326171875,-23.4375,-39.0625,-4.57763671875
0.4329833984375,-0.2977294921875,0.8206787109375,-25.146484375,-47.2412109375,-2.685546875
0.465576171875,-0.3248291015625,0.7999267578125,-25.08544921875,-55.72509765625,-1.0986328125
0.4957275390625,-0.3304443359375,0.7237548828125,-17.76123046875,-65.5517578125,-3.5400390625
0.5120849609375,-0.3359375,0.71533203125,-10.498046875,-80.26123046875,-8.4228515625
0.5057373046875,-0.376708984375,0.7105712890625,-12.39013671875,-86.0595703125,-13.12255859375
0.5050048828125,-0.3897705078125,0.678955078125,-14.95361328125,-96.25244140625,-21.91162109375
0.50244140625,-0.43896484375,0.7823486328125,-17.4560546875,-103.69873046875,-28.38134765625
0.5081787109375,-0.4833984375,0.78515625,-19.775390625,-109.68017578125,-32.958984375
0.496337890625,-0.4923095703125,0.7969970703125,-22.39990234375,-115.05126953125,-36.865234375
0.5130615234375,-0.3743896484375,0.802978515625,-23.49853515625,-121.7041015625,-40.283203125
0.4893798828125,-0.3604736328125,0.7918701171875,-26.85546875,-130.4931640625,-43.8232421875
0.4744873046875,-0.348876953125,0.809814453125,-32.40966796875,-142.7001953125,-47.119140625
0.529296875,-0.329345703125,0.792236328125,-34.11865234375,-156.06689453125,-53.28369140625
0.55029296875,-0.33935546875,0.7689208984375,-38.57421875,-171.7529296875,-73.6083984375
0.5616455078125,-0.3577880859375,0.74609375,-40.10009765625,-189.39208984375,-88.2568359375
0.5416259765625,-0.341552734375,0.7271728515625,-38.57421875,-235.107421875,-109.9853515625
0.5355224609375,-0.3758544921875,0.716796875,-37.109375,-258.85009765625,-118.896484375
0.5423583984375,-0.4476318359375,0.7003173828125,-36.865234375,-290.4052734375,-126.52587890625
0.55078125,-0.449951171875,0.6805419921875,-39.00146484375,-294.37255859375,-132.6904296875
0.5426025390625,-0.5068359375,0.67138671875,-42.724609375,-296.81396484375,-130.4931640625
0.5673828125,-0.54736328125,0.6834716796875,-44.86083984375,-304.38232421875,-122.1923828125
0.5904541015625,-0.514892578125,0.715576171875,-46.2646484375,-298.33984375,-123.71826171875
0.5894775390625,-0.4896240234375,0.6954345703125,-47.2412109375,-278.9306640625,-140.56396484375
0.569091796875,-0.486328125,0.736328125,-45.95947265625,-260.80322265625,-169.921875
0.5745849609375,-0.4669189453125,0.760009765625,-51.1474609375,-192.2607421875,-174.31640625
0.5908203125,-0.45458984375,0.8372802734375,-86.5478515625,-151.3671875,-137.02392578125
0.62744140625,-0.4400634765625,0.984130859375,-108.70361328125,-124.8779296875,-16.17431640625
0.6419677734375,-0.487548828125,0.9696044921875,-127.86865234375,-68.84765625,-14.7705078125
0.647216796875,-0.567626953125,0.9803466796875,-145.1416015625,82.51953125,-3.41796875
0.6656494140625,-0.5943603515625,1.04833984375,-170.654296875,113.4033203125,2.44140625
0.6451416015625,-0.654296875,0.925048828125,-204.4677734375,116.5771484375,11.16943359375
0.6236572265625,-0.8192138671875,0.9735107421875,-221.13037109375,128.0517578125,27.03857421875
0.6397705078125,-0.97412109375,1.0255126953125,-223.93798828125,129.94384765625,46.81396484375
0.64111328125,-0.876220703125,0.9342041015625,-185.791015625,140.31982421875,64.63623046875
0.68701171875,-0.5953369140625,1.4146728515625,-139.892578125,155.70068359375,76.0498046875
1.2677001953125,-0.6798095703125,1.6529541015625,-129.82177734375,178.16162109375,83.1298828125
1.4423828125,-0.9151611328125,1.6649169921875,-42.66357421875,210.99853515625,85.87646484375
1.5013427734375,-0.9906005859375,1.7099609375,10.07080078125,237.48779296875,87.09716796875
1.7227783203125,-1.154541015625,1.4942626953125,20.69091796875,256.2255859375,90.88134765625
1.8642578125,-1.5057373046875,1.1173095703125,32.470703125,266.66259765625,98.08349609375
1.5771484375,-1.3336181640625,1.0340576171875,33.75244140625,271.91162109375,109.55810546875
1.4580078125,-1.0648193359375,0.9591064453125,27.40478515625,276.611328125,120.54443359375
0.39306640625,-1.439208984375,0.80419921875,21.8505859375,281.8603515625,128.60107421875
1.4820556640625,-0.72265625,0.6868896484375,24.84130859375,289.12353515625,135.6201171875
3.02001953125,-0.56640625,0.6641845703125,38.6962890625,292.3583984375,142.76123046875
1.300048828125,-0.3397216796875,0.72607421875,51.08642578125,290.71044921875,147.5830078125
-0.05810546875,-0.1922607421875,0.7547607421875,58.04443359375,288.330078125,146.91162109375
-0.1260986328125,-0.25048828125,0.7247314453125,57.4951171875,289.48974609375,123.53515625
-0.1258544921875,-0.42919921875,0.646240234375,50.1708984375,295.5322265625,116.3330078125
-0.0601806640625,-0.53759765625,0.6014404296875,41.1376953125,316.650390625,112.73193359375
0.106201171875,-0.48583984375,0.5946044921875,34.48486328125,316.7724609375,106.8115234375
0.2774658203125,-0.3475341796875,0.61865234375,38.2080078125,310.72998046875,105.8349609375
0.4940185546875,-0.223876953125,0.6844482421875,50.96435546875,291.93115234375,135.009765625
0.637451171875,-0.1707763671875,0.7105712890625,63.53759765625,243.83544921875,139.09912109375
0.61865234375,-0.1683349609375,0.7337646484375,71.2890625,208.67919921875,160.09521484375
0.52685546875,-0.21630859375,0.758056640625,74.27978515625,160.70556640625,165.771484375
0.4744873046875,-0.3126220703125,0.8314208984375,72.44873046875,121.58203125,154.1748046875
0.5126953125,-0.385986328125,0.9466552734375,53.22265625,75.5615234375,132.38525390625
0.5902099609375,-0.3822021484375,1.0098876953125,49.8046875,37.353515625,96.435546875
0.7127685546875,-0.352783203125,1.047119140625,48.095703125,-0.91552734375,59.5703125
0.83251953125,-0.3614501953125,0.9276123046875,51.8798828125,-47.7294921875,31.73828125
0.85009765625,-0.38623046875,0.7685546875,42.17529296875,-111.572265625,-10.92529296875
0.8360595703125,-0.4083251953125,0.8248291015625,26.42822265625,-206.298828125,-108.94775390625
0.89404296875,-0.844482421875,0.07421875,37.4755859375,-189.27001953125,-86.36474609375
1.07763671875,-1.03955078125,-0.008056640625,38.02490234375,-52.734375,-43.51806640625
1.2691650390625,-1.428466796875,-0.6834716796875,51.513671875,-132.38525390625,-48.03466796875
1.447265625,-0.177734375,-0.5230712890625,65.91796875,-80.6884765625,-17.15087890625
1.8404541015625,-1.0745849609375,-0.6925048828125,69.091796875,-68.42041015625,-24.658203125
1.960693359375,-0.7125244140625,-0.87646484375,66.83349609375,-36.7431640625,-10.80322265625
3.284423828125,-0.32568359375,-1.114501953125,54.5654296875,-26.30615234375,-11.23046875
2.007080078125,-0.162109375,-1.511962890625,49.25537109375,-35.15625,-8.30078125
2.605224609375,0.0855712890625,-1.8006591796875,67.626953125,-34.24072265625,-3.11279296875
3.0567626953125,0.229736328125,-2.1339111328125,65.0634765625,-10.986328125,-3.23486328125
3.0211181640625,0.31640625,-1.604248046875,-12.5732421875,-16.90673828125,-2.74658203125
2.7216796875,0.599365234375,3.9874267578125,26.18408203125,-10.498046875,-1.28173828125
2.7139892578125,0.7200927734375,1.789306640625,-3.35693359375,-7.38525390625,0.91552734375
2.8348388671875,0.371826171875,0.4873046875,-12.451171875,-10.1318359375,0.1220703125
2.6983642578125,-0.6162109375,1.62646484375,32.53173828125,-12.26806640625,-1.15966796875
2.670654296875,1.4002685546875,1.0802001953125,9.94873046875,-14.09912109375,-1.708984375
3.0064697265625,-0.5584716796875,0.479736328125,12.63427734375,-14.46533203125,-1.953125
0.8804931640625,0.4847412109375,0.9774169921875,8.48388671875,-16.78466796875,-2.74658203125
2.6220703125,0.2843017578125,0.8175048828125,1.220703125,-18.6767578125,-1.953125
1.037109375,-1.458740234375,0.719482421875,-0.732421875,-19.95849609375,-0.8544921875
0.8619384765625,0.1446533203125,0.8919677734375,-6.77490234375,-20.93505859375,0.18310546875
1.3468017578125,-0.691650390625,0.7686767578125,-10.55908203125,-24.4140625,0.67138671875
1.5162353515625,-0.13671875,0.8033447265625,-13.36669921875,-26.4892578125,0.732421875
0.4080810546875,-0.316650390625,0.845947265625,-13.48876953125,-28.076171875,0.732421875
0.4312744140625,-0.346923828125,0.833740234375,-12.8173828125,-31.494140625,0.6103515625
0.7034912109375,-0.3055419921875,0.8367919921875,-13.73291015625,-33.38623046875,-0.48828125
